9.999999999999998890e-01 1.750001002480571465e-03
9.894579380484205267e-01 3.682551958010653933e-03
9.789170477221889044e-01 5.536873541320614517e-03
9.683785005164411430e-01 7.324087412265390187e-03
9.578434676659028923e-01 9.055566453841435923e-03
9.473131200147204556e-01 1.074263554489530287e-02
9.367886278863364335e-01 1.239634874492227812e-02
9.262711609534211021e-01 1.402788954252503877e-02
9.157618881078770645e-01 1.564883312058688858e-02
9.052619773309316109e-01 1.727025439550205349e-02
8.947725955633289985e-01 1.890207842451513062e-02
8.842949085756387495e-01 2.054768008774182642e-02
8.738300808386934015e-01 2.220024087383402206e-02
8.633792753941731402e-01 2.385253759837869733e-02
8.529436537253458628e-01 2.549801304634302310e-02
8.425243756279822138e-01 2.713006931682821268e-02
8.321225990814590245e-01 2.874200984749047255e-02
8.217394801200630372e-01 3.032712424068855633e-02
8.113761727045106786e-01 3.187873204372100588e-02
8.010338285937002034e-01 3.339075950516268848e-02
7.907135972167069760e-01 3.485803648322708531e-02
7.804166255450371015e-01 3.628056929426688726e-02
7.701440579651563922e-01 3.766179317502751228e-02
7.598970361513051053e-01 3.900462757036655265e-02
7.496766989386134394e-01 4.031168736859858798e-02
7.394841821965345563e-01 4.158578485147920029e-02
7.293206187026060050e-01 4.282980879581518158e-02
7.191871380165538730e-01 4.404652608172205525e-02
7.090848663547572039e-01 4.523862975109949752e-02
6.990149264650814542e-01 4.640867913160810071e-02
6.889784375020977514e-01 4.755830272511757384e-02
6.789765149027036095e-01 4.868529316550202629e-02
6.690102702621547603e-01 4.978650061767233431e-02
6.590808112105230876e-01 5.085911030332004173e-02
6.491892412895989839e-01 5.190035293621138995e-02
6.393366598302444581e-01 5.290737437800621668e-02
6.295241618302156450e-01 5.387744904506423793e-02
6.197528378324663745e-01 5.480820127993296653e-02
6.100237738039482327e-01 5.569713139959955872e-02
6.003380510149177729e-01 5.654140256734949826e-02
5.906967459187653091e-01 5.733979939852010960e-02
5.811009300323815019e-01 5.809394570666701757e-02
5.715516698170692855e-01 5.880608934373272173e-02
5.620500265600203438e-01 5.947897172518239184e-02
5.525970562563653488e-01 6.011521666265885744e-02
5.431938094918128401e-01 6.071725692157577819e-02
5.338413313258880688e-01 6.128743978746420407e-02
5.245406611757882365e-01 6.182804553661461200e-02
5.152928327008634568e-01 6.234150272733722520e-02
5.060988736877365390e-01 6.283030979090085955e-02
4.969598059360780251e-01 6.329614524857150870e-02
4.878766451450451402e-01 6.373990703770796018e-02
4.788504008003974244e-01 6.416049953935437644e-02
4.698820760623064752e-01 6.455569234752071839e-02
4.609726676538650203e-01 6.492384764897819738e-02
4.521231657503131940e-01 6.526361198609206826e-02
4.433345538689928977e-01 6.557344763309573554e-02
4.346078087600411255e-01 6.585180411560444258e-02
4.259439002978354649e-01 6.609751102847348514e-02
4.173437913732044313e-01 6.630947740438791760e-02
4.088084377864137364e-01 6.648635511373299223e-02
4.003387881409395943e-01 6.662701197612047599e-02
3.919357837380436083e-01 6.673143584658175476e-02
3.836003584721576765e-01 6.680028664156205387e-02
3.753334387270930161e-01 6.683550104975466422e-02
3.671359432730831873e-01 6.683911993172683697e-02
3.590087831646743277e-01 6.681279514008763021e-02
3.509528616394713696e-01 6.675815896818165784e-02
3.429690740177547825e-01 6.667693804176451355e-02
3.350583076029753915e-01 6.657080753457256250e-02
3.272214415831418144e-01 6.644132549180785385e-02
3.194593469331089564e-01 6.629001736415023049e-02
3.117728863177794407e-01 6.611837727785287167e-02
3.041629139962280792e-01 6.592788043971850587e-02
2.966302757267624823e-01 6.571993977987888869e-02
2.891758086729252497e-01 6.549485632535448354e-02
2.818003413104546162e-01 6.525172516247884635e-02
2.745046933352085494e-01 6.498963517879056961e-02
2.672896755720651774e-01 6.470773406048220544e-02
2.601560898848094272e-01 6.440530014643458534e-02
2.531047290870154232e-01 6.408172063934897134e-02
2.461363768539343022e-01 6.373649216487656255e-02
2.392518076353984391e-01 6.336919250718507646e-02
2.324517865697500740e-01 6.297950818415382068e-02
2.257370693988056676e-01 6.256720280007896373e-02
2.191084023838638650e-01 6.213217823649347382e-02
2.125665222227673956e-01 6.167440775789940349e-02
2.061121559680280102e-01 6.119391628191869770e-02
1.997460209460230063e-01 6.069082039124497341e-02
1.934688246772731102e-01 6.016560138199673891e-02
1.872812647978095990e-01 5.961896183025671564e-02
1.811840289816407656e-01 5.905204627905298598e-02
1.751777948643248317e-01 5.846603647716228092e-02
1.692632299676588570e-01 5.786184839937315999e-02
1.634409916254914164e-01 5.724049476577248302e-02
1.577117269106679265e-01 5.660342139315313603e-02
1.520760725631161714e-01 5.595175932865545376e-02
1.465346549190801317e-01 5.528570591748598051e-02
1.410880898415101115e-01 5.460340438799716339e-02
1.357369826516168221e-01 5.389924204075626640e-02
1.304819280615971966e-01 5.316795830521289096e-02
1.253235101085391490e-01 5.240559973497351670e-02
1.202623020895129402e-01 5.160878535062170952e-02
1.152988664978553679e-01 5.077477109990924387e-02
1.104337549606562163e-01 4.990124604951252235e-02
1.056675081774507419e-01 4.898639779435236263e-02
1.010006558601274085e-01 4.802949350838865705e-02
9.643371667405697956e-02 4.703120712900862171e-02
9.196719818044885031e-02 4.599847682121924880e-02
8.760159677994161509e-02 4.494328746970021465e-02
8.333739765743386485e-02 4.387628653056190042e-02
7.917507472816209813e-02 4.280691189501024951e-02
7.511509058502996439e-02 4.174288429738038514e-02
7.115789644719716645e-02 4.068899086667485815e-02
6.730393210993146358e-02 3.963403216553713915e-02
6.355362589573076981e-02 3.855996913553227240e-02
5.990739460672012129e-02 3.745557133402450944e-02
5.636564347832906385e-02 3.631214321874554063e-02
5.292876613425423482e-02 3.511945245264844195e-02
4.959714454271368922e-02 3.387060526368345509e-02
4.637114897399441382e-02 3.257608440245944592e-02
4.325113795930202176e-02 3.125350066867779719e-02
4.023745825091396000e-02 2.992877500010109049e-02
3.733044478364233587e-02 2.862688565954551317e-02
3.453042063760936031e-02 2.736406666718995892e-02
3.183769700234129196e-02 2.615402415355064583e-02
2.925257314218321358e-02 2.500826397147321717e-02
2.677533636303963682e-02 2.393623861053919069e-02
2.440626198044326678e-02 2.294353535666253038e-02
2.214561328895736647e-02 2.201267706090501847e-02
1.999364153291383062e-02 2.108658081472674847e-02
1.795058587848985532e-02 2.011613756992028379e-02
1.601667338712764455e-02 1.907034511288226153e-02
1.419211899029970692e-02 1.793041997356165443e-02
1.247712546562085301e-02 1.669134880046275332e-02
1.087188341431266636e-02 1.535720814268389488e-02
9.376571240020115106e-03 1.394106371217781332e-02
7.991355128984078959e-03 1.246226889982681232e-02
6.716389031571567969e-03 1.094561499940560796e-02
5.551814645166519568e-03 9.419237044161941907e-03
4.497761398421062928e-03 7.913696926634232465e-03
3.554346436871580472e-03 6.460269228757547014e-03
2.721674609919344512e-03 5.090442515829207183e-03
1.999838459177394334e-03 3.833920525925553751e-03
1.388918208186096237e-03 2.718947170718351986e-03
8.889817534969424173e-04 1.770032298411341369e-03
5.000846571264760954e-04 1.009115439293801087e-03
2.222701403818971855e-04 4.526470816002022674e-04
5.556907905679420168e-05 1.138458827779212433e-04
0.000000000000000000e+00 -2.532745236505792491e-09
0.000000000000000000e+00 2.494106623930395852e-09
5.556907905679420168e-05 -8.274972222695531408e-05
2.222701403818971855e-04 -3.283776899367872029e-04
5.000846571264760954e-04 -7.299195659302626024e-04
8.889817534969424173e-04 -1.274705907926224329e-03
1.388918208186096237e-03 -1.946950219600074479e-03
1.999838459177394334e-03 -2.725563347889773270e-03
2.721674609919344512e-03 -3.586906984313665246e-03
3.554346436871580472e-03 -4.503584787643817068e-03
4.497761398421062928e-03 -5.446662346814245409e-03
5.551814645166519568e-03 -6.385273447986867558e-03
6.716389031571567969e-03 -7.288425540658689979e-03
7.991355128984078959e-03 -8.125314395665708331e-03
9.376571240020115106e-03 -8.867121943780439594e-03
1.087188341431266636e-02 -9.487809552040329941e-03
1.247712546562085301e-02 -9.965677079938162902e-03
1.419211899029970692e-02 -1.028407919600292202e-02
1.601667338712764455e-02 -1.043453264605200687e-02
1.795058587848985532e-02 -1.041674685677372245e-02
1.999364153291383062e-02 -1.024143655231807976e-02
2.214561328895736647e-02 -9.929361065537297207e-03
2.440626198044326678e-02 -9.519574560191911353e-03
2.677533636303963682e-02 -9.060466787396149677e-03
2.925257314218321358e-02 -8.572544697627278512e-03
3.183769700234129196e-02 -8.060312136714367290e-03
3.453042063760936031e-02 -7.527719397005368240e-03
3.733044478364233587e-02 -6.978778199584025239e-03
4.023745825091396000e-02 -6.419024522999101229e-03
4.325113795930202176e-02 -5.855109502281474927e-03
4.637114897399441382e-02 -5.296378446078350496e-03
4.959714454271368922e-02 -4.752437630412996092e-03
5.292876613425423482e-02 -4.230206576135857148e-03
5.636564347832906385e-02 -3.733635174334364558e-03
5.990739460672012129e-02 -3.258688007336248398e-03
6.355362589573076981e-02 -2.799722107394494054e-03
6.730393210993146358e-02 -2.351584706990385385e-03
7.115789644719716645e-02 -1.907728826426275531e-03
7.511509058502996439e-02 -1.458016769605350498e-03
7.917507472816209813e-02 -9.955166060322249467e-04
8.333739765743386485e-02 -5.209141498235892245e-04
8.760159677994161509e-02 -3.655208498265764166e-05
9.196719818044885031e-02 4.539720383490210309e-04
9.643371667405697956e-02 9.466650346718512906e-04
1.010006558601274085e-01 1.437170233602372239e-03
1.056675081774507419e-01 1.922040056493738366e-03
1.104337549606562163e-01 2.398967510247825008e-03
1.152988664978553679e-01 2.865918455548151569e-03
1.202623020895129402e-01 3.321050345393768578e-03
1.253235101085391490e-01 3.762221732983478222e-03
1.304819280615971966e-01 4.187033342676045253e-03
1.357369826516168221e-01 4.593170290404175252e-03
1.410880898415101115e-01 4.978335716531053640e-03
1.465346549190801317e-01 5.339704190114422273e-03
1.520760725631161714e-01 5.674419371549133465e-03
1.577117269106679265e-01 5.982132805149130775e-03
1.634409916254914164e-01 6.263951852023681884e-03
1.692632299676588570e-01 6.522205218300707041e-03
1.751777948643248317e-01 6.759721713962047254e-03
1.811840289816407656e-01 6.979243017988408931e-03
1.872812647978095990e-01 7.183748104598384858e-03
1.934688246772731102e-01 7.377472614523901753e-03
1.997460209460230063e-01 7.564598737921320905e-03
2.061121559680280102e-01 7.747690891579783745e-03
2.125665222227673956e-01 7.928185011771072752e-03
2.191084023838638650e-01 8.105172678212499079e-03
2.257370693988056676e-01 8.277502119420429225e-03
2.324517865697500740e-01 8.444598767644971235e-03
2.392518076353984391e-01 8.605829187372293632e-03
2.461363768539343022e-01 8.760227521124628464e-03
2.531047290870154232e-01 8.906837108096721592e-03
2.601560898848094272e-01 9.044796954374035441e-03
2.672896755720651774e-01 9.173180362110526856e-03
2.745046933352085494e-01 9.290944028104103011e-03
2.818003413104546162e-01 9.397030123122330700e-03
2.891758086729252497e-01 9.490372888057502926e-03
2.966302757267624823e-01 9.569854619792978259e-03
3.041629139962280792e-01 9.634332527039390220e-03
3.117728863177794407e-01 9.683276316958222898e-03
3.194593469331089564e-01 9.716722664794417985e-03
3.272214415831418144e-01 9.734753839984991788e-03
3.350583076029753915e-01 9.737475479207157239e-03
3.429690740177547825e-01 9.725044516793348096e-03
3.509528616394713696e-01 9.697653936585299422e-03
3.590087831646743277e-01 9.655524491523318972e-03
3.671359432730831873e-01 9.598901431439967047e-03
3.753334387270930161e-01 9.528102867134749521e-03
3.836003584721576765e-01 9.443478358161569788e-03
3.919357837380436083e-01 9.345366172203417240e-03
4.003387881409395943e-01 9.234153472830628970e-03
4.088084377864137364e-01 9.110496805440250132e-03
4.173437913732044313e-01 8.975204548047153313e-03
4.259439002978354649e-01 8.829363204176335356e-03
4.346078087600411255e-01 8.674129509886538414e-03
4.433345538689928977e-01 8.510653236209652500e-03
4.521231657503131940e-01 8.340137412045025775e-03
4.609726676538650203e-01 8.163939901717770162e-03
4.698820760623064752e-01 7.983429174461856639e-03
4.788504008003974244e-01 7.799935886773371775e-03
4.878766451450451402e-01 7.614928422523528292e-03
4.969598059360780251e-01 7.430149025688560262e-03
5.060988736877365390e-01 7.246880875880841628e-03
5.152928327008634568e-01 7.065593151701783300e-03
5.245406611757882365e-01 6.886393392049318558e-03
5.338413313258880688e-01 6.708996512774222445e-03
5.431938094918128401e-01 6.533190111186575055e-03
5.525970562563653488e-01 6.358877168100186307e-03
5.620500265600203438e-01 6.185899467356700127e-03
5.715516698170692855e-01 6.014033837249296160e-03
5.811009300323815019e-01 5.843084177536254920e-03
5.906967459187653091e-01 5.672876034365182014e-03
6.003380510149177729e-01 5.503194726478384709e-03
6.100237738039482327e-01 5.333788357415198030e-03
6.197528378324663745e-01 5.164316491725293688e-03
6.295241618302156450e-01 4.994387009389784395e-03
6.393366598302444581e-01 4.823607296234521009e-03
6.491892412895989839e-01 4.651580579023109618e-03
6.590808112105230876e-01 4.477881695891852351e-03
6.690102702621547603e-01 4.302076979611143236e-03
6.789765149027036095e-01 4.123749954060730062e-03
6.889784375020977514e-01 3.942473138290065321e-03
6.990149264650814542e-01 3.757743211349594097e-03
7.090848663547572039e-01 3.569300485232548229e-03
7.191871380165538730e-01 3.377865664793430235e-03
7.293206187026060050e-01 3.184403517926577640e-03
7.394841821965345563e-01 2.989931809480741477e-03
7.496766989386134394e-01 2.795502496312584403e-03
7.598970361513051053e-01 2.602228280117406100e-03
7.701440579651563922e-01 2.411188642617410980e-03
7.804166255450371015e-01 2.223374865836788734e-03
7.907135972167069760e-01 2.039917499174231062e-03
8.010338285937002034e-01 1.862186133217277753e-03
8.113761727045106786e-01 1.690175855959465123e-03
8.217394801200630372e-01 1.521801796550625299e-03
8.321225990814590245e-01 1.354613899393719827e-03
8.425243756279822138e-01 1.185914768147354470e-03
8.529436537253458628e-01 1.012971288250134579e-03
8.633792753941731402e-01 8.330352701780780258e-04
8.738300808386934015e-01 6.434740919383276098e-04
8.842949085756387495e-01 4.417271694757049483e-04
8.947725955633289985e-01 2.247850542612138728e-04
9.052619773309316109e-01 -1.012699904719420286e-05
9.157618881078770645e-01 -2.593289651537305043e-04
9.262711609534211021e-01 -5.149855230230695460e-04
9.367886278863364335e-01 -7.684685465098535550e-04
9.473131200147204556e-01 -1.010800818939194736e-03
9.578434676659028923e-01 -1.233266618696150091e-03
9.683785005164411430e-01 -1.427235380281413136e-03
9.789170477221889044e-01 -1.583887965127608009e-03
9.894579380484205267e-01 -1.694370843974059857e-03
9.999999999999998890e-01 -1.750000683522147773e-03
