9.999999999999998890e-01 2.796277225827846881e-04
9.894579380484205267e-01 7.056748340105568548e-03
9.789170477221889044e-01 1.249795899264665063e-02
9.683785005164411430e-01 1.700197527842790476e-02
9.578434676659028923e-01 2.120933823651170030e-02
9.473131200147204556e-01 2.555647138547766095e-02
9.367886278863364335e-01 2.978875783715059788e-02
9.262711609534211021e-01 3.369080919652193973e-02
9.157618881078770645e-01 3.739957508062859148e-02
9.052619773309316109e-01 4.103009051314850109e-02
8.947725955633289985e-01 4.456435925538346915e-02
8.842949085756387495e-01 4.798481880155174017e-02
8.738300808386934015e-01 5.129808250833779032e-02
8.633792753941731402e-01 5.451201573288964874e-02
8.529436537253458628e-01 5.763388465223425600e-02
8.425243756279822138e-01 6.068803289411182911e-02
8.321225990814590245e-01 6.371674374079504266e-02
8.217394801200630372e-01 6.673425704004103121e-02
8.113761727045106786e-01 6.972786894724938844e-02
8.010338285937002034e-01 7.269476721279866105e-02
7.907135972167069760e-01 7.564019063624401185e-02
7.804166255450371015e-01 7.856021720408502829e-02
7.701440579651563922e-01 8.144538544361817900e-02
7.598970361513051053e-01 8.429414472045750062e-02
7.496766989386134394e-01 8.710915704603398868e-02
7.394841821965345563e-01 8.989040695760686095e-02
7.293206187026060050e-01 9.263671077652477215e-02
7.191871380165538730e-01 9.534770168629271014e-02
7.090848663547572039e-01 9.802350664100754896e-02
6.990149264650814542e-01 1.006651349142052843e-01
6.889784375020977514e-01 1.032727959203686846e-01
6.789765149027036095e-01 1.058419913243099086e-01
6.690102702621547603e-01 1.083677646082593371e-01
6.590808112105230876e-01 1.108480573917747652e-01
6.491892412895989839e-01 1.132818922604512668e-01
6.393366598302444581e-01 1.156695742010871442e-01
6.295241618302156450e-01 1.180116747367848662e-01
6.197528378324663745e-01 1.203088394746597428e-01
6.100237738039482327e-01 1.225610798642694510e-01
6.003380510149177729e-01 1.247671168228037114e-01
5.906967459187653091e-01 1.269271764156802429e-01
5.811009300323815019e-01 1.290442105075774726e-01
5.715516698170692855e-01 1.311163276523905630e-01
5.620500265600203438e-01 1.331344136921695509e-01
5.525970562563653488e-01 1.350919910981285832e-01
5.431938094918128401e-01 1.369865011430188573e-01
5.338413313258880688e-01 1.388171051803896716e-01
5.245406611757882365e-01 1.405845521570019685e-01
5.152928327008634568e-01 1.422909289243935449e-01
5.060988736877365390e-01 1.439389987189066966e-01
4.969598059360780251e-01 1.455259068780699327e-01
4.878766451450451402e-01 1.470444207864740893e-01
4.788504008003974244e-01 1.484841379612653889e-01
4.698820760623064752e-01 1.498341381587788845e-01
4.609726676538650203e-01 1.510951543274011433e-01
4.521231657503131940e-01 1.522730936244923450e-01
4.433345538689928977e-01 1.533684279368588144e-01
4.346078087600411255e-01 1.543800713718730122e-01
4.259439002978354649e-01 1.553113555910411447e-01
4.173437913732044313e-01 1.561647764012102368e-01
4.088084377864137364e-01 1.569316066514584718e-01
4.003387881409395943e-01 1.576028554840875895e-01
3.919357837380436083e-01 1.581811272310095218e-01
3.836003584721576765e-01 1.586694734409471452e-01
3.753334387270930161e-01 1.590635253340692556e-01
3.671359432730831873e-01 1.593586196906072450e-01
3.590087831646743277e-01 1.595531801769725089e-01
3.509528616394713696e-01 1.596477439867592107e-01
3.429690740177547825e-01 1.596463609333362565e-01
3.350583076029753915e-01 1.595523502634024204e-01
3.272214415831418144e-01 1.593668773399095073e-01
3.194593469331089564e-01 1.590925263804228995e-01
3.117728863177794407e-01 1.587342370985933282e-01
3.041629139962280792e-01 1.582904902825269244e-01
2.966302757267624823e-01 1.577514006246290290e-01
2.891758086729252497e-01 1.571130704553506119e-01
2.818003413104546162e-01 1.563787387015895258e-01
2.745046933352085494e-01 1.555519981812427122e-01
2.672896755720651774e-01 1.546364127158864343e-01
2.601560898848094272e-01 1.536351887217084766e-01
2.531047290870154232e-01 1.525513333366403657e-01
2.461363768539343022e-01 1.513887627101954680e-01
2.392518076353984391e-01 1.501513834965842731e-01
2.324517865697500740e-01 1.488374043551046466e-01
2.257370693988056676e-01 1.474428224736325788e-01
2.191084023838638650e-01 1.459705459765360536e-01
2.125665222227673956e-01 1.444259975605257929e-01
2.061121559680280102e-01 1.428105070193838033e-01
1.997460209460230063e-01 1.411238316208359156e-01
1.934688246772731102e-01 1.393656929811399880e-01
1.872812647978095990e-01 1.375369016514448040e-01
1.811840289816407656e-01 1.356428396076622966e-01
1.751777948643248317e-01 1.336892221805820180e-01
1.692632299676588570e-01 1.316788385139454620e-01
1.634409916254914164e-01 1.296150013220599972e-01
1.577117269106679265e-01 1.275042661983839809e-01
1.520760725631161714e-01 1.253512960199362203e-01
1.465346549190801317e-01 1.231549573303399453e-01
1.410880898415101115e-01 1.209119165782144151e-01
1.357369826516168221e-01 1.186162333356222259e-01
1.304819280615971966e-01 1.162672090298210170e-01
1.253235101085391490e-01 1.138732105447498588e-01
1.202623020895129402e-01 1.114409027690464737e-01
1.152988664978553679e-01 1.089734823004136904e-01
1.104337549606562163e-01 1.064755783451668825e-01
1.056675081774507419e-01 1.039537145961201697e-01
1.010006558601274085e-01 1.014128580797357820e-01
9.643371667405697956e-02 9.885569592646983872e-02
9.196719818044885031e-02 9.627409277847848168e-02
8.760159677994161509e-02 9.365227106814626168e-02
8.333739765743386485e-02 9.099083430519565308e-02
7.917507472816209813e-02 8.830150365527891787e-02
7.511509058502996439e-02 8.559082376481561005e-02
7.115789644719716645e-02 8.286206352634560568e-02
6.730393210993146358e-02 8.011769148581912581e-02
6.355362589573076981e-02 7.736092937315713902e-02
5.990739460672012129e-02 7.460254117148856778e-02
5.636564347832906385e-02 7.185264221119112837e-02
5.292876613425423482e-02 6.910085609074001489e-02
4.959714454271368922e-02 6.633331951453147468e-02
4.637114897399441382e-02 6.355186372470576772e-02
4.325113795930202176e-02 6.076397976307977566e-02
4.023745825091396000e-02 5.798177829490513968e-02
3.733044478364233587e-02 5.521493502594217173e-02
3.453042063760936031e-02 5.246244740388504579e-02
3.183769700234129196e-02 4.972678886370476142e-02
2.925257314218321358e-02 4.702431516943394313e-02
2.677533636303963682e-02 4.436638693148189233e-02
2.440626198044326678e-02 4.174922207783514361e-02
2.214561328895736647e-02 3.916161842698900192e-02
1.999364153291383062e-02 3.658308212409551452e-02
1.795058587848985532e-02 3.401446678853056738e-02
1.601667338712764455e-02 3.148912445619069661e-02
1.419211899029970692e-02 2.902313946444183904e-02
1.247712546562085301e-02 2.660799988207459069e-02
1.087188341431266636e-02 2.424026917150891997e-02
9.376571240020115106e-03 2.192443259810138156e-02
7.991355128984078959e-03 1.968292058211528611e-02
6.716389031571567969e-03 1.755094920891167587e-02
5.551814645166519568e-03 1.552324184504826413e-02
4.497761398421062928e-03 1.356412063194730420e-02
3.554346436871580472e-03 1.164095121658268069e-02
2.721674609919344512e-03 9.738661778242304820e-03
1.999838459177394334e-03 7.978682830922059419e-03
1.388918208186096237e-03 6.503185082498008293e-03
8.889817534969424173e-04 5.081199043330953194e-03
5.000846571264760954e-04 3.408314253668899649e-03
2.222701403818971855e-04 1.722818371661261104e-03
5.556907905679420168e-05 4.568244469861898038e-04
0.000000000000000000e+00 1.521352462306144225e-05
0.000000000000000000e+00 -9.659111849808260013e-05
5.556907905679420168e-05 -4.504700478854455699e-04
2.222701403818971855e-04 -1.455698953354594549e-03
5.000846571264760954e-04 -2.722962550529097348e-03
8.889817534969424173e-04 -3.837163463270693714e-03
1.388918208186096237e-03 -4.568037752969983725e-03
1.999838459177394334e-03 -5.202737602947822559e-03
2.721674609919344512e-03 -5.958232692321961850e-03
3.554346436871580472e-03 -6.695348911005299247e-03
4.497761398421062928e-03 -7.292688402595381807e-03
5.551814645166519568e-03 -7.755399414266799310e-03
6.716389031571567969e-03 -8.110368675795837437e-03
7.991355128984078959e-03 -8.395660104902110538e-03
9.376571240020115106e-03 -8.608859018922675882e-03
1.087188341431266636e-02 -8.693495925759433390e-03
1.247712546562085301e-02 -8.630389565663511287e-03
1.419211899029970692e-02 -8.447472456720204331e-03
1.601667338712764455e-02 -8.191524786003025194e-03
1.795058587848985532e-02 -7.922002694547881918e-03
1.999364153291383062e-02 -7.652974987650132573e-03
2.214561328895736647e-02 -7.363238886406879569e-03
2.440626198044326678e-02 -7.050653176151184393e-03
2.677533636303963682e-02 -6.725566353289706180e-03
2.925257314218321358e-02 -6.387868620438561310e-03
3.183769700234129196e-02 -6.032095004768914769e-03
3.453042063760936031e-02 -5.658448311075561094e-03
3.733044478364233587e-02 -5.269516510826030044e-03
4.023745825091396000e-02 -4.865719332586144509e-03
4.325113795930202176e-02 -4.446802738725465047e-03
4.637114897399441382e-02 -4.013512282718697741e-03
4.959714454271368922e-02 -3.566695392199084776e-03
5.292876613425423482e-02 -3.106220730254679024e-03
5.636564347832906385e-02 -2.631844275605488889e-03
5.990739460672012129e-02 -2.143862510724708903e-03
6.355362589573076981e-02 -1.642597134636759404e-03
6.730393210993146358e-02 -1.128090930552619114e-03
7.115789644719716645e-02 -6.003995193481113327e-04
7.511509058502996439e-02 -5.973375373166552027e-05
7.917507472816209813e-02 4.937120221612184903e-04
8.333739765743386485e-02 1.059823731356669338e-03
8.760159677994161509e-02 1.638462066715862036e-03
9.196719818044885031e-02 2.229428826065015315e-03
9.643371667405697956e-02 2.832552587412837889e-03
1.010006558601274085e-01 3.447706857923900359e-03
1.056675081774507419e-01 4.074714122107259313e-03
1.104337549606562163e-01 4.713334910692448115e-03
1.152988664978553679e-01 5.363417239015521448e-03
1.202623020895129402e-01 6.024891486211223293e-03
1.253235101085391490e-01 6.697504214610058848e-03
1.304819280615971966e-01 7.380869363842921908e-03
1.357369826516168221e-01 8.074988439811699170e-03
1.410880898415101115e-01 8.780041630521862733e-03
1.465346549190801317e-01 9.495079247310510631e-03
1.520760725631161714e-01 1.021849896603339684e-02
1.577117269106679265e-01 1.094902535861103088e-02
1.634409916254914164e-01 1.168565081456138591e-02
1.692632299676588570e-01 1.242803853304892681e-02
1.751777948643248317e-01 1.317608059732602171e-02
1.811840289816407656e-01 1.392935009392712656e-02
1.872812647978095990e-01 1.468734125552091305e-02
1.934688246772731102e-01 1.544970853429665156e-02
1.997460209460230063e-01 1.621612995481143751e-02
2.061121559680280102e-01 1.698619408686034143e-02
2.125665222227673956e-01 1.775948138431529544e-02
2.191084023838638650e-01 1.853561475377284509e-02
2.257370693988056676e-01 1.931421574018971424e-02
2.324517865697500740e-01 2.009488030409478307e-02
2.392518076353984391e-01 2.087720494431731175e-02
2.461363768539343022e-01 2.166079635356116598e-02
2.531047290870154232e-01 2.244525867309807993e-02
2.601560898848094272e-01 2.323018894322095504e-02
2.672896755720651774e-01 2.401518462772609178e-02
2.745046933352085494e-01 2.479984498149530314e-02
2.818003413104546162e-01 2.558376868524367062e-02
2.891758086729252497e-01 2.636655344905093623e-02
2.966302757267624823e-01 2.714779605657833064e-02
3.041629139962280792e-01 2.792709251102611437e-02
3.117728863177794407e-01 2.870404194839002582e-02
3.194593469331089564e-01 2.947824606467056019e-02
3.272214415831418144e-01 3.024930119366456976e-02
3.350583076029753915e-01 3.101680060252877749e-02
3.429690740177547825e-01 3.178035130738710023e-02
3.509528616394713696e-01 3.253956688589090124e-02
3.590087831646743277e-01 3.329403772885190099e-02
3.671359432730831873e-01 3.404334817674125463e-02
3.753334387270930161e-01 3.478713351112698582e-02
3.836003584721576765e-01 3.552503748705721637e-02
3.919357837380436083e-01 3.625661189402207274e-02
4.003387881409395943e-01 3.698141010841409643e-02
4.088084377864137364e-01 3.769917095247756617e-02
4.173437913732044313e-01 3.840960904810909043e-02
4.259439002978354649e-01 3.911209506870947511e-02
4.346078087600411255e-01 3.980610322224122782e-02
4.433345538689928977e-01 4.049176792825184834e-02
4.521231657503131940e-01 4.116892901184836251e-02
4.609726676538650203e-01 4.183619711153380161e-02
4.698820760623064752e-01 4.249299581089353156e-02
4.788504008003974244e-01 4.314114201027294260e-02
4.878766451450451402e-01 4.377979364374026683e-02
4.969598059360780251e-01 4.440223038245735832e-02
5.060988736877365390e-01 4.500184954566020107e-02
5.152928327008634568e-01 4.557342256053253243e-02
5.245406611757882365e-01 4.611441213317257759e-02
5.338413313258880688e-01 4.662578987687909793e-02
5.431938094918128401e-01 4.710754566284775652e-02
5.525970562563653488e-01 4.755825343980784464e-02
5.620500265600203438e-01 4.797708225469145271e-02
5.715516698170692855e-01 4.836384958183443522e-02
5.811009300323815019e-01 4.871811779291006228e-02
5.906967459187653091e-01 4.903921478725107447e-02
6.003380510149177729e-01 4.932646758792176567e-02
6.100237738039482327e-01 4.957924370556781452e-02
6.197528378324663745e-01 4.979728201153227340e-02
6.295241618302156450e-01 4.998043341944840429e-02
6.393366598302444581e-01 5.012767553248799468e-02
6.491892412895989839e-01 5.023783827854295947e-02
6.590808112105230876e-01 5.031164744404217903e-02
6.690102702621547603e-01 5.034987672572031892e-02
6.789765149027036095e-01 5.034929830669676587e-02
6.889784375020977514e-01 5.030361745037442017e-02
6.990149264650814542e-01 5.019887650914647836e-02
7.090848663547572039e-01 5.002264067546260268e-02
7.191871380165538730e-01 4.977607427211478558e-02
7.293206187026060050e-01 4.946178618169840002e-02
7.394841821965345563e-01 4.907719959361616507e-02
7.496766989386134394e-01 4.862022964358821142e-02
7.598970361513051053e-01 4.809251738182526020e-02
7.701440579651563922e-01 4.749438569100444818e-02
7.804166255450371015e-01 4.682219645921668200e-02
7.907135972167069760e-01 4.607518623128915858e-02
8.010338285937002034e-01 4.525842123353126384e-02
8.113761727045106786e-01 4.437084959850769866e-02
8.217394801200630372e-01 4.340189073425251842e-02
8.321225990814590245e-01 4.235522354126904088e-02
8.425243756279822138e-01 4.125140136251956996e-02
8.529436537253458628e-01 4.006398925078662882e-02
8.633792753941731402e-01 3.871724305159102153e-02
8.738300808386934015e-01 3.715868393055848234e-02
8.842949085756387495e-01 3.536021434905477906e-02
8.947725955633289985e-01 3.331719856128646795e-02
9.052619773309316109e-01 3.104094641748243039e-02
9.157618881078770645e-01 2.853152650563446982e-02
9.262711609534211021e-01 2.578240375091883294e-02
9.367886278863364335e-01 2.279359602946503041e-02
9.473131200147204556e-01 1.956814776477485557e-02
9.578434676659028923e-01 1.610550400603133828e-02
9.683785005164411430e-01 1.240392622869851413e-02
9.789170477221889044e-01 8.464161432756375433e-03
9.894579380484205267e-01 4.287456662772960031e-03
9.999999999999998890e-01 -1.269574869397397483e-04
