9.999999999999998890e-01 -1.456812604660303579e-09
9.894579380484205267e-01 3.477594771003774364e-03
9.789170477221889044e-01 7.098299374005242329e-03
9.683785005164411430e-01 1.082955805180245597e-02
9.578434676659028923e-01 1.463846812376328257e-02
9.473131200147204556e-01 1.849222251874913653e-02
9.367886278863364335e-01 2.235846899064445822e-02
9.262711609534211021e-01 2.620472003242485179e-02
9.157618881078770645e-01 2.999801583459338339e-02
9.052619773309316109e-01 3.370620766457669421e-02
8.947725955633289985e-01 3.729902156034167054e-02
8.842949085756387495e-01 4.076018035940968953e-02
8.738300808386934015e-01 4.409529827353349252e-02
8.633792753941731402e-01 4.731113808493216805e-02
8.529436537253458628e-01 5.041341286378351466e-02
8.425243756279822138e-01 5.340813843943951339e-02
8.321225990814590245e-01 5.630174322326107761e-02
8.217394801200630372e-01 5.910043378168653577e-02
8.113761727045106786e-01 6.181019184249463005e-02
8.010338285937002034e-01 6.443710972662836101e-02
7.907135972167069760e-01 6.698740888968122975e-02
7.804166255450371015e-01 6.946772301181129705e-02
7.701440579651563922e-01 7.188495215463674981e-02
7.598970361513051053e-01 7.424590037962223998e-02
7.496766989386134394e-01 7.655730552197206884e-02
7.394841821965345563e-01 7.882583533458963065e-02
7.293206187026060050e-01 8.105809355259892268e-02
7.191871380165538730e-01 8.326048421508099040e-02
7.090848663547572039e-01 8.543933921949360688e-02
6.990149264650814542e-01 8.760102587743028024e-02
6.889784375020977514e-01 8.974946979754101772e-02
6.789765149027036095e-01 9.187798752008166647e-02
6.690102702621547603e-01 9.397714187577367595e-02
6.590808112105230876e-01 9.603789897797737618e-02
6.491892412895989839e-01 9.805126643900076433e-02
6.393366598302444581e-01 1.000081117223384775e-01
6.295241618302156450e-01 1.018997610584495145e-01
6.197528378324663745e-01 1.037187159051511931e-01
6.100237738039482327e-01 1.054568674422824565e-01
6.003380510149177729e-01 1.071045805635472969e-01
5.906967459187653091e-01 1.086576130554310210e-01
5.811009300323815019e-01 1.101212656521491778e-01
5.715516698170692855e-01 1.115037138851320830e-01
5.620500265600203438e-01 1.128158933350340010e-01
5.525970562563653488e-01 1.140680126739074679e-01
5.431938094918128401e-01 1.152691429340371998e-01
5.338413313258880688e-01 1.164282129316132341e-01
5.245406611757882365e-01 1.175540826791228732e-01
5.152928327008634568e-01 1.186557355178965156e-01
5.060988736877365390e-01 1.197421122211791006e-01
4.969598059360780251e-01 1.208200893680357602e-01
4.878766451450451402e-01 1.218943196420843589e-01
4.788504008003974244e-01 1.229615985630871933e-01
4.698820760623064752e-01 1.240141635676461906e-01
4.609726676538650203e-01 1.250459506337088245e-01
4.521231657503131940e-01 1.260517335878577616e-01
4.433345538689928977e-01 1.270258512163752462e-01
4.346078087600411255e-01 1.279625972524449651e-01
4.259439002978354649e-01 1.288570807937425011e-01
4.173437913732044313e-01 1.297046675129842341e-01
4.088084377864137364e-01 1.305005741263058072e-01
4.003387881409395943e-01 1.312402977624326228e-01
3.919357837380436083e-01 1.319205822944927164e-01
3.836003584721576765e-01 1.325390653823623754e-01
3.753334387270930161e-01 1.330952680405783350e-01
3.671359432730831873e-01 1.335889996411744329e-01
3.590087831646743277e-01 1.340198496462549071e-01
3.509528616394713696e-01 1.343875001721143991e-01
3.429690740177547825e-01 1.346919138319037368e-01
3.350583076029753915e-01 1.349331103822950517e-01
3.272214415831418144e-01 1.351111481228788325e-01
3.194593469331089564e-01 1.352261912023832169e-01
3.117728863177794407e-01 1.352785612097245904e-01
3.041629139962280792e-01 1.352686411253754273e-01
2.966302757267624823e-01 1.351968821239587226e-01
2.891758086729252497e-01 1.350639024017673828e-01
2.818003413104546162e-01 1.348705003906549016e-01
2.745046933352085494e-01 1.346175414007382831e-01
2.672896755720651774e-01 1.343059526118693670e-01
2.601560898848094272e-01 1.339367937361830019e-01
2.531047290870154232e-01 1.335112236200052538e-01
2.461363768539343022e-01 1.330303794655638139e-01
2.392518076353984391e-01 1.324954131217819797e-01
2.324517865697500740e-01 1.319077627387936491e-01
2.257370693988056676e-01 1.312689791849259158e-01
2.191084023838638650e-01 1.305802792244573907e-01
2.125665222227673956e-01 1.298428795059485275e-01
2.061121559680280102e-01 1.290589442147206667e-01
1.997460209460230063e-01 1.282304984482624810e-01
1.934688246772731102e-01 1.273570367474313181e-01
1.872812647978095990e-01 1.264363410993217252e-01
1.811840289816407656e-01 1.254623912111441086e-01
1.751777948643248317e-01 1.244287905136346184e-01
1.692632299676588570e-01 1.233312382304763838e-01
1.634409916254914164e-01 1.221660161075428519e-01
1.577117269106679265e-01 1.209297875558888319e-01
1.520760725631161714e-01 1.196197463654449511e-01
1.465346549190801317e-01 1.182341803388673174e-01
1.410880898415101115e-01 1.167721823161670114e-01
1.357369826516168221e-01 1.152341216384904499e-01
1.304819280615971966e-01 1.136208627300712426e-01
1.253235101085391490e-01 1.119338471412582581e-01
1.202623020895129402e-01 1.101748612444717890e-01
1.152988664978553679e-01 1.083461056545446666e-01
1.104337549606562163e-01 1.064501528018001048e-01
1.056675081774507419e-01 1.044899864152741414e-01
1.010006558601274085e-01 1.024688929370112661e-01
9.643371667405697956e-02 1.003904275725819861e-01
9.196719818044885031e-02 9.825804363354211091e-02
8.760159677994161509e-02 9.607511206334955201e-02
8.333739765743386485e-02 9.384515464598068568e-02
7.917507472816209813e-02 9.157188516137884648e-02
7.511509058502996439e-02 8.925988814656356241e-02
7.115789644719716645e-02 8.691358275526819832e-02
6.730393210993146358e-02 8.453181919513409748e-02
6.355362589573076981e-02 8.211102842388597056e-02
5.990739460672012129e-02 7.964980395185954076e-02
5.636564347832906385e-02 7.714778410522556140e-02
5.292876613425423482e-02 7.460542711058572307e-02
4.959714454271368922e-02 7.202454033610344863e-02
4.637114897399441382e-02 6.941174694792680289e-02
4.325113795930202176e-02 6.677595174143005630e-02
4.023745825091396000e-02 6.412949618393912199e-02
3.733044478364233587e-02 6.148538849012091800e-02
3.453042063760936031e-02 5.885624276092606827e-02
3.183769700234129196e-02 5.625317130408429012e-02
2.925257314218321358e-02 5.368369555138036153e-02
2.677533636303963682e-02 5.115777629985789055e-02
2.440626198044326678e-02 4.869137268712829536e-02
2.214561328895736647e-02 4.627336385454688950e-02
1.999364153291383062e-02 4.384370118825305779e-02
1.795058587848985532e-02 4.134749190041231426e-02
1.601667338712764455e-02 3.874538615262333036e-02
1.419211899029970692e-02 3.601741514573326974e-02
1.247712546562085301e-02 3.316666026177106374e-02
1.087188341431266636e-02 3.020764646086106578e-02
9.376571240020115106e-03 2.716592071705972375e-02
7.991355128984078959e-03 2.407649676762245797e-02
6.716389031571567969e-03 2.098259814350040067e-02
5.551814645166519568e-03 1.793128090030210453e-02
4.497761398421062928e-03 1.497232451642607244e-02
3.554346436871580472e-03 1.215624979804818227e-02
2.721674609919344512e-03 9.533626755837791567e-03
1.999838459177394334e-03 7.151637054629064044e-03
1.388918208186096237e-03 5.054845901110402960e-03
8.889817534969424173e-04 3.281834121067657602e-03
5.000846571264760954e-04 1.867074018832658557e-03
2.222701403818971855e-04 8.362982689133063039e-04
5.556907905679420168e-05 2.101384373799353156e-04
0.000000000000000000e+00 -3.719240075324237526e-09
0.000000000000000000e+00 2.805799659174359706e-09
5.556907905679420168e-05 -1.180510418793124893e-04
2.222701403818971855e-04 -4.693219626487479617e-04
5.000846571264760954e-04 -1.046173411135491605e-03
8.889817534969424173e-04 -1.834683327171727140e-03
1.388918208186096237e-03 -2.817505466255698209e-03
1.999838459177394334e-03 -3.971477050942136960e-03
2.721674609919344512e-03 -5.270614174338351769e-03
3.554346436871580472e-03 -6.684754224215952445e-03
4.497761398421062928e-03 -8.182041139705217153e-03
5.551814645166519568e-03 -9.728501142671404714e-03
6.716389031571567969e-03 -1.128993003422287290e-02
7.991355128984078959e-03 -1.283218514789601604e-02
9.376571240020115106e-03 -1.432333629760195425e-02
1.087188341431266636e-02 -1.573455371695556965e-02
1.247712546562085301e-02 -1.704145813687596087e-02
1.419211899029970692e-02 -1.822487829529181175e-02
1.601667338712764455e-02 -1.927490371080451889e-02
1.795058587848985532e-02 -2.019085043134977858e-02
1.999364153291383062e-02 -2.098299688985189385e-02
2.214561328895736647e-02 -2.167191455960431126e-02
2.440626198044326678e-02 -2.230038033389712682e-02
2.677533636303963682e-02 -2.292275231408007555e-02
2.925257314218321358e-02 -2.356164786432950881e-02
3.183769700234129196e-02 -2.422077976319454359e-02
3.453042063760936031e-02 -2.489787889871276222e-02
3.733044478364233587e-02 -2.558825186483919961e-02
4.023745825091396000e-02 -2.628923097166732670e-02
4.325113795930202176e-02 -2.699858093683108612e-02
4.637114897399441382e-02 -2.771209334012221179e-02
4.959714454271368922e-02 -2.842508473033490690e-02
5.292876613425423482e-02 -2.913361597572146355e-02
5.636564347832906385e-02 -2.983409601289523441e-02
5.990739460672012129e-02 -3.052345640436841118e-02
6.355362589573076981e-02 -3.119876645616960487e-02
6.730393210993146358e-02 -3.185715804069518681e-02
7.115789644719716645e-02 -3.249556384985982649e-02
7.511509058502996439e-02 -3.311041143298172618e-02
7.917507472816209813e-02 -3.369923198293061500e-02
8.333739765743386485e-02 -3.426195961684058017e-02
8.760159677994161509e-02 -3.479926142975269671e-02
9.196719818044885031e-02 -3.531257344473787835e-02
9.643371667405697956e-02 -3.580421018486946994e-02
1.010006558601274085e-01 -3.627755568866746633e-02
1.056675081774507419e-01 -3.673337350111158250e-02
1.104337549606562163e-01 -3.716912168714820580e-02
1.152988664978553679e-01 -3.758109991505318576e-02
1.202623020895129402e-01 -3.796461876652483525e-02
1.253235101085391490e-01 -3.831479251429199123e-02
1.304819280615971966e-01 -3.862659208967074431e-02
1.357369826516168221e-01 -3.889481288613796245e-02
1.410880898415101115e-01 -3.911401923989053092e-02
1.465346549190801317e-01 -3.927762084466036169e-02
1.520760725631161714e-01 -3.937882876505584967e-02
1.577117269106679265e-01 -3.941517193507033945e-02
1.634409916254914164e-01 -3.938674450930543941e-02
1.692632299676588570e-01 -3.929614558317244544e-02
1.751777948643248317e-01 -3.914699963633781754e-02
1.811840289816407656e-01 -3.894274249495494056e-02
1.872812647978095990e-01 -3.868707322467451054e-02
1.934688246772731102e-01 -3.838523996172205077e-02
1.997460209460230063e-01 -3.804273286798185577e-02
2.061121559680280102e-01 -3.766423262066610073e-02
2.125665222227673956e-01 -3.725372203242445501e-02
2.191084023838638650e-01 -3.681358891379700460e-02
2.257370693988056676e-01 -3.634621816656632975e-02
2.324517865697500740e-01 -3.585481531085598500e-02
2.392518076353984391e-01 -3.534279425627590010e-02
2.461363768539343022e-01 -3.481373620169079391e-02
2.531047290870154232e-01 -3.427148981233592989e-02
2.601560898848094272e-01 -3.372035588748511364e-02
2.672896755720651774e-01 -3.316489585500880660e-02
2.745046933352085494e-01 -3.261000376097442782e-02
2.818003413104546162e-01 -3.206084681332595221e-02
2.891758086729252497e-01 -3.152292291073398312e-02
2.966302757267624823e-01 -3.100212512620984656e-02
3.041629139962280792e-01 -3.050462754993017028e-02
3.117728863177794407e-01 -3.003411929898762087e-02
3.194593469331089564e-01 -2.959198203621688991e-02
3.272214415831418144e-01 -2.917942904528461265e-02
3.350583076029753915e-01 -2.879761003541993908e-02
3.429690740177547825e-01 -2.844768095088381910e-02
3.509528616394713696e-01 -2.813080979535891382e-02
3.590087831646743277e-01 -2.784822944879504839e-02
3.671359432730831873e-01 -2.760118651450272145e-02
3.753334387270930161e-01 -2.739076294460240230e-02
3.836003584721576765e-01 -2.721802724456063791e-02
3.919357837380436083e-01 -2.708443103625084863e-02
4.003387881409395943e-01 -2.699129809263676669e-02
4.088084377864137364e-01 -2.693856669666933740e-02
4.173437913732044313e-01 -2.692537802931407181e-02
4.259439002978354649e-01 -2.694937578857619156e-02
4.346078087600411255e-01 -2.700787318385937039e-02
4.433345538689928977e-01 -2.709838430828058475e-02
4.521231657503131940e-01 -2.721832615335346636e-02
4.609726676538650203e-01 -2.736471934218526192e-02
4.698820760623064752e-01 -2.753449230254809144e-02
4.788504008003974244e-01 -2.772451909314494617e-02
4.878766451450451402e-01 -2.793150937532098282e-02
4.969598059360780251e-01 -2.815186734692927059e-02
5.060988736877365390e-01 -2.838208551241588884e-02
5.152928327008634568e-01 -2.861886088373737091e-02
5.245406611757882365e-01 -2.885894755498169886e-02
5.338413313258880688e-01 -2.909914749687663935e-02
5.431938094918128401e-01 -2.933611771796408585e-02
5.525970562563653488e-01 -2.956633948944609874e-02
5.620500265600203438e-01 -2.978623117543028470e-02
5.715516698170692855e-01 -2.999214920400785842e-02
5.811009300323815019e-01 -3.018028492512204314e-02
5.906967459187653091e-01 -3.034669695240305512e-02
6.003380510149177729e-01 -3.048747117806438131e-02
6.100237738039482327e-01 -3.059878205979711663e-02
6.197528378324663745e-01 -3.067748923176690651e-02
6.295241618302156450e-01 -3.072084261148603015e-02
6.393366598302444581e-01 -3.072599618483722733e-02
6.491892412895989839e-01 -3.069003829553898846e-02
6.590808112105230876e-01 -3.060995069191264906e-02
6.690102702621547603e-01 -3.048269382691489934e-02
6.789765149027036095e-01 -3.030535016183962677e-02
6.889784375020977514e-01 -3.007493668481759849e-02
6.990149264650814542e-01 -2.978798909957852334e-02
7.090848663547572039e-01 -2.944235648007737308e-02
7.191871380165538730e-01 -2.904124835094400864e-02
7.293206187026060050e-01 -2.858929311977541701e-02
7.394841821965345563e-01 -2.809166648585256429e-02
7.496766989386134394e-01 -2.755371513182406501e-02
7.598970361513051053e-01 -2.698095447010436312e-02
7.701440579651563922e-01 -2.637882351937829994e-02
7.804166255450371015e-01 -2.575255146119726987e-02
7.907135972167069760e-01 -2.510790546654716529e-02
8.010338285937002034e-01 -2.445155833043147209e-02
8.113761727045106786e-01 -2.378547728739702563e-02
8.217394801200630372e-01 -2.310448539648651128e-02
8.321225990814590245e-01 -2.240178729001843574e-02
8.425243756279822138e-01 -2.166930389775735891e-02
8.529436537253458628e-01 -2.089933238182405117e-02
8.633792753941731402e-01 -2.008462433475989226e-02
8.738300808386934015e-01 -1.921744031405404549e-02
8.842949085756387495e-01 -1.828963323861990120e-02
8.947725955633289985e-01 -1.729374132443727008e-02
9.052619773309316109e-01 -1.622215970810289565e-02
9.157618881078770645e-01 -1.505976672249228349e-02
9.262711609534211021e-01 -1.378659163005761454e-02
9.367886278863364335e-01 -1.238166761058337104e-02
9.473131200147204556e-01 -1.082358907150117282e-02
9.578434676659028923e-01 -9.091300060150348319e-03
9.683785005164411430e-01 -7.163871701742897773e-03
9.789170477221889044e-01 -5.020202002825453064e-03
9.894579380484205267e-01 -2.639184468519385329e-03
9.999999999999998890e-01 -8.713150934258859585e-10
