9.999999999999998890e-01 -8.472706709483543758e-11
9.894579380484205267e-01 1.174559305304789412e-03
9.789170477221889044e-01 2.407756005383497079e-03
9.683785005164411430e-01 3.695077681718480448e-03
9.578434676659028923e-01 5.031972285408555304e-03
9.473131200147204556e-01 6.413882403043733027e-03
9.367886278863364335e-01 7.836258193941151792e-03
9.262711609534211021e-01 9.294536325968175139e-03
9.157618881078770645e-01 1.078412045353725063e-02
9.052619773309316109e-01 1.230045880212687209e-02
8.947725955633289985e-01 1.383910097574185018e-02
8.842949085756387495e-01 1.539614323486940620e-02
8.738300808386934015e-01 1.696853068303610240e-02
8.633792753941731402e-01 1.855320457217269833e-02
8.529436537253458628e-01 2.014700909739811432e-02
8.425243756279822138e-01 2.174703693174915436e-02
8.321225990814590245e-01 2.335067757070225306e-02
8.217394801200630372e-01 2.495551959063482816e-02
8.113761727045106786e-01 2.655931932450798436e-02
8.010338285937002034e-01 2.815973088508749028e-02
7.907135972167069760e-01 2.975430412939042424e-02
7.804166255450371015e-01 3.134037920580011460e-02
7.701440579651563922e-01 3.291514746742740805e-02
7.598970361513051053e-01 3.447571142860792609e-02
7.496766989386134394e-01 3.601922417227370471e-02
7.394841821965345563e-01 3.754362468703880545e-02
7.293206187026060050e-01 3.904730182750243417e-02
7.191871380165538730e-01 4.052913716967496138e-02
7.090848663547572039e-01 4.198817736352705027e-02
6.990149264650814542e-01 4.342331736239821854e-02
6.889784375020977514e-01 4.483337056088805561e-02
6.789765149027036095e-01 4.621701328276354992e-02
6.690102702621547603e-01 4.757288608413313274e-02
6.590808112105230876e-01 4.889963407609190099e-02
6.491892412895989839e-01 5.019595801262830698e-02
6.393366598302444581e-01 5.146071932371536206e-02
6.295241618302156450e-01 5.269286129143208736e-02
6.197528378324663745e-01 5.389145529993034922e-02
6.100237738039482327e-01 5.505561086998791986e-02
6.003380510149177729e-01 5.618447653203754999e-02
5.906967459187653091e-01 5.727723554229865316e-02
5.811009300323815019e-01 5.833312358110247925e-02
5.715516698170692855e-01 5.935144567243098163e-02
5.620500265600203438e-01 6.033159759412042716e-02
5.525970562563653488e-01 6.127293948072151664e-02
5.431938094918128401e-01 6.217477067210635394e-02
5.338413313258880688e-01 6.303616669477209167e-02
5.245406611757882365e-01 6.385597646572073460e-02
5.152928327008634568e-01 6.463300177399465551e-02
5.060988736877365390e-01 6.536604377592658555e-02
4.969598059360780251e-01 6.605432863168758661e-02
4.878766451450451402e-01 6.669740783427098585e-02
4.788504008003974244e-01 6.729502235156688272e-02
4.698820760623064752e-01 6.784709662287781440e-02
4.609726676538650203e-01 6.835417920902109312e-02
4.521231657503131940e-01 6.881685550818589236e-02
4.433345538689928977e-01 6.923375476155732566e-02
4.346078087600411255e-01 6.960241992979919468e-02
4.259439002978354649e-01 6.991895457828015137e-02
4.173437913732044313e-01 7.017889537843255421e-02
4.088084377864137364e-01 7.037750203401989257e-02
4.003387881409395943e-01 7.051095511091987067e-02
3.919357837380436083e-01 7.057928895232057354e-02
3.836003584721576765e-01 7.058490206932456490e-02
3.753334387270930161e-01 7.053475028947034375e-02
3.671359432730831873e-01 7.043622831598636558e-02
3.590087831646743277e-01 7.029551529757033235e-02
3.509528616394713696e-01 7.011816787376248805e-02
3.429690740177547825e-01 6.990879306986062802e-02
3.350583076029753915e-01 6.966993478766286829e-02
3.272214415831418144e-01 6.940060545033181760e-02
3.194593469331089564e-01 6.910002497360742679e-02
3.117728863177794407e-01 6.876830237210188046e-02
3.041629139962280792e-01 6.840538125126878477e-02
2.966302757267624823e-01 6.801092461408443646e-02
2.891758086729252497e-01 6.758539959775476669e-02
2.818003413104546162e-01 6.713016655108830499e-02
2.745046933352085494e-01 6.664654321474096366e-02
2.672896755720651774e-01 6.613577193233846629e-02
2.601560898848094272e-01 6.559917247524624240e-02
2.531047290870154232e-01 6.503811086516951556e-02
2.461363768539343022e-01 6.445376478597490688e-02
2.392518076353984391e-01 6.384716370975754285e-02
2.324517865697500740e-01 6.321910731404516148e-02
2.257370693988056676e-01 6.257027932973469042e-02
2.191084023838638650e-01 6.190142884343607932e-02
2.125665222227673956e-01 6.121334776926194710e-02
2.061121559680280102e-01 6.050690411029131799e-02
1.997460209460230063e-01 5.978295796944712442e-02
1.934688246772731102e-01 5.904218320297464906e-02
1.872812647978095990e-01 5.828514700424321932e-02
1.811840289816407656e-01 5.751221732675172726e-02
1.751777948643248317e-01 5.672375726390223999e-02
1.692632299676588570e-01 5.592029061728538003e-02
1.634409916254914164e-01 5.510239858252939660e-02
1.577117269106679265e-01 5.427072755194067150e-02
1.520760725631161714e-01 5.342595088385772295e-02
1.465346549190801317e-01 5.256877663290811936e-02
1.410880898415101115e-01 5.169969674731007131e-02
1.357369826516168221e-01 5.081877118655751813e-02
1.304819280615971966e-01 4.992613158354157477e-02
1.253235101085391490e-01 4.902211178041335216e-02
1.202623020895129402e-01 4.810714233059124045e-02
1.152988664978553679e-01 4.718176508546060438e-02
1.104337549606562163e-01 4.624663531739228034e-02
1.056675081774507419e-01 4.530253486522221873e-02
1.010006558601274085e-01 4.435033382192403451e-02
9.643371667405697956e-02 4.339097348293417811e-02
9.196719818044885031e-02 4.242525147119929896e-02
8.760159677994161509e-02 4.145385121287973457e-02
8.333739765743386485e-02 4.047755406359623137e-02
7.917507472816209813e-02 3.949723609047174622e-02
7.511509058502996439e-02 3.851401780490426585e-02
7.115789644719716645e-02 3.752892290615664206e-02
6.730393210993146358e-02 3.654100024040472100e-02
6.355362589573076981e-02 3.554843531747359925e-02
5.990739460672012129e-02 3.455014260904068490e-02
5.636564347832906385e-02 3.354544143992365529e-02
5.292876613425423482e-02 3.253421500714481079e-02
4.959714454271368922e-02 3.151675854516549496e-02
4.637114897399441382e-02 3.049435849609846358e-02
4.325113795930202176e-02 2.946874893257396544e-02
4.023745825091396000e-02 2.844229014471345157e-02
3.733044478364233587e-02 2.741763245101089957e-02
3.453042063760936031e-02 2.639786875489583476e-02
3.183769700234129196e-02 2.538592401262303525e-02
2.925257314218321358e-02 2.438409093533427247e-02
2.677533636303963682e-02 2.339544294645518052e-02
2.440626198044326678e-02 2.242483481420530847e-02
2.214561328895736647e-02 2.147114599146903238e-02
1.999364153291383062e-02 2.052232385398414932e-02
1.795058587848985532e-02 1.956564785948421842e-02
1.601667338712764455e-02 1.858926911118493827e-02
1.419211899029970692e-02 1.758891966287114139e-02
1.247712546562085301e-02 1.656972418718475476e-02
1.087188341431266636e-02 1.553755514403192331e-02
9.376571240020115106e-03 1.449978900435211319e-02
7.991355128984078959e-03 1.348887830780616526e-02
6.716389031571567969e-03 1.255238041088131522e-02
5.551814645166519568e-03 1.163579755425190113e-02
4.497761398421062928e-03 1.061247224320941568e-02
3.554346436871580472e-03 9.408662243288453547e-03
2.721674609919344512e-03 7.994973618063120485e-03
1.999838459177394334e-03 6.430832799539511896e-03
1.388918208186096237e-03 4.823443743247072570e-03
8.889817534969424173e-04 3.288376045000589599e-03
5.000846571264760954e-04 1.942740521226877289e-03
2.222701403818971855e-04 8.920048456948027676e-04
5.556907905679420168e-05 2.283276710148773002e-04
0.000000000000000000e+00 -4.439427507076193180e-08
0.000000000000000000e+00 -2.729730278474603521e-09
5.556907905679420168e-05 -1.448111031737460831e-04
2.222701403818971855e-04 -5.710998018359019716e-04
5.000846571264760954e-04 -1.254388005650350357e-03
8.889817534969424173e-04 -2.155079160443444403e-03
1.388918208186096237e-03 -3.225162231231557073e-03
1.999838459177394334e-03 -4.402178692796990429e-03
2.721674609919344512e-03 -5.623700599831215653e-03
3.554346436871580472e-03 -6.832933127221212100e-03
4.497761398421062928e-03 -7.978504576926703437e-03
5.551814645166519568e-03 -9.018352503626913055e-03
6.716389031571567969e-03 -9.943910831581413354e-03
7.991355128984078959e-03 -1.079804099780490821e-02
9.376571240020115106e-03 -1.162174747826510458e-02
1.087188341431266636e-02 -1.244660221734164574e-02
1.247712546562085301e-02 -1.327937999912413847e-02
1.419211899029970692e-02 -1.410018941519701301e-02
1.601667338712764455e-02 -1.489990729343287912e-02
1.795058587848985532e-02 -1.568084642782449287e-02
1.999364153291383062e-02 -1.644290987153242123e-02
2.214561328895736647e-02 -1.718442960905753811e-02
2.440626198044326678e-02 -1.791272119315111613e-02
2.677533636303963682e-02 -1.864044309666226112e-02
2.925257314218321358e-02 -1.937280027975884014e-02
3.183769700234129196e-02 -2.011039126822664405e-02
3.453042063760936031e-02 -2.085131007069735559e-02
3.733044478364233587e-02 -2.159266652545792364e-02
4.023745825091396000e-02 -2.233273276060706095e-02
4.325113795930202176e-02 -2.307023979378752462e-02
4.637114897399441382e-02 -2.380390060859469484e-02
4.959714454271368922e-02 -2.453254956893784894e-02
5.292876613425423482e-02 -2.525557309570371917e-02
5.636564347832906385e-02 -2.597250588440815425e-02
5.990739460672012129e-02 -2.668287949265140888e-02
6.355362589573076981e-02 -2.738636862668637761e-02
6.730393210993146358e-02 -2.808307164296751368e-02
7.115789644719716645e-02 -2.877348922190505615e-02
7.511509058502996439e-02 -2.945891065633165357e-02
7.917507472816209813e-02 -3.014025190957438788e-02
8.333739765743386485e-02 -3.081742675000425508e-02
8.760159677994161509e-02 -3.148994363233678651e-02
9.196719818044885031e-02 -3.215683210257311297e-02
9.643371667405697956e-02 -3.281729872215258942e-02
1.010006558601274085e-01 -3.347086831629800252e-02
1.056675081774507419e-01 -3.411701982224037144e-02
1.104337549606562163e-01 -3.475515066500813044e-02
1.152988664978553679e-01 -3.538473587945725057e-02
1.202623020895129402e-01 -3.600534113040469025e-02
1.253235101085391490e-01 -3.661665196290569968e-02
1.304819280615971966e-01 -3.721845887574646433e-02
1.357369826516168221e-01 -3.781062766902402311e-02
1.410880898415101115e-01 -3.839310071625536697e-02
1.465346549190801317e-01 -3.896608418254706580e-02
1.520760725631161714e-01 -3.952989172918263544e-02
1.577117269106679265e-01 -4.008438816343143363e-02
1.634409916254914164e-01 -4.062917262612548985e-02
1.692632299676588570e-01 -4.116359518695279079e-02
1.751777948643248317e-01 -4.168692339015825366e-02
1.811840289816407656e-01 -4.219855400187798311e-02
1.872812647978095990e-01 -4.269792885953658385e-02
1.934688246772731102e-01 -4.318448634485575616e-02
1.997460209460230063e-01 -4.365767454537278214e-02
2.061121559680280102e-01 -4.411698283325404119e-02
2.125665222227673956e-01 -4.456191824898559500e-02
2.191084023838638650e-01 -4.499201238699907651e-02
2.257370693988056676e-01 -4.540680504663729272e-02
2.324517865697500740e-01 -4.580584512222319465e-02
2.392518076353984391e-01 -4.618874086385479222e-02
2.461363768539343022e-01 -4.655522544604009938e-02
2.531047290870154232e-01 -4.690489850047904752e-02
2.601560898848094272e-01 -4.723708104689307297e-02
2.672896755720651774e-01 -4.755080752712260994e-02
2.745046933352085494e-01 -4.784472080003678712e-02
2.818003413104546162e-01 -4.811753753800992323e-02
2.891758086729252497e-01 -4.836810575533355416e-02
2.966302757267624823e-01 -4.859509473081836256e-02
3.041629139962280792e-01 -4.879701884010609336e-02
3.117728863177794407e-01 -4.897336605897199824e-02
3.194593469331089564e-01 -4.912451030219636139e-02
3.272214415831418144e-01 -4.925058629684982842e-02
3.350583076029753915e-01 -4.935159332740932797e-02
3.429690740177547825e-01 -4.942842230775877643e-02
3.509528616394713696e-01 -4.948220925893000860e-02
3.590087831646743277e-01 -4.951090144512107494e-02
3.671359432730831873e-01 -4.951052185961819785e-02
3.753334387270930161e-01 -4.947577508788204848e-02
3.836003584721576765e-01 -4.940059238007384751e-02
3.919357837380436083e-01 -4.927780576348806535e-02
4.003387881409395943e-01 -4.910064057726575004e-02
4.088084377864137364e-01 -4.886642320466392381e-02
4.173437913732044313e-01 -4.857481083378611258e-02
4.259439002978354649e-01 -4.822977424013596970e-02
4.346078087600411255e-01 -4.783629379419794547e-02
4.433345538689928977e-01 -4.739896749667057985e-02
4.521231657503131940e-01 -4.692186370131826850e-02
4.609726676538650203e-01 -4.640778042090729777e-02
4.698820760623064752e-01 -4.585842993053912409e-02
4.788504008003974244e-01 -4.527349997748144478e-02
4.878766451450451402e-01 -4.465271762366137404e-02
4.969598059360780251e-01 -4.399645765916645329e-02
5.060988736877365390e-01 -4.330524683819891169e-02
5.152928327008634568e-01 -4.257974474802236203e-02
5.245406611757882365e-01 -4.182091791802041575e-02
5.338413313258880688e-01 -4.103013939909878199e-02
5.431938094918128401e-01 -4.020877071775181416e-02
5.525970562563653488e-01 -3.935812047334191072e-02
5.620500265600203438e-01 -3.847938915241355673e-02
5.715516698170692855e-01 -3.757367372446090981e-02
5.811009300323815019e-01 -3.664206859161592278e-02
5.906967459187653091e-01 -3.568567187286175724e-02
6.003380510149177729e-01 -3.470561062115417456e-02
6.100237738039482327e-01 -3.370301867532995294e-02
6.197528378324663745e-01 -3.267889240635892673e-02
6.295241618302156450e-01 -3.163414753619873954e-02
6.393366598302444581e-01 -3.056970212879315738e-02
6.491892412895989839e-01 -2.948652259196933231e-02
6.590808112105230876e-01 -2.838588779707587606e-02
6.690102702621547603e-01 -2.726926319949489128e-02
6.789765149027036095e-01 -2.613843394328433170e-02
6.889784375020977514e-01 -2.499528507495877433e-02
6.990149264650814542e-01 -2.384166222202092553e-02
7.090848663547572039e-01 -2.267942151713580115e-02
7.191871380165538730e-01 -2.151049903461836263e-02
7.293206187026060050e-01 -2.033684033159078794e-02
7.394841821965345563e-01 -1.916036367965028367e-02
7.496766989386134394e-01 -1.798306089476186739e-02
7.598970361513051053e-01 -1.680712362496684584e-02
7.701440579651563922e-01 -1.563488935238206354e-02
7.804166255450371015e-01 -1.446893712271974525e-02
7.907135972167069760e-01 -1.331185609350627776e-02
8.010338285937002034e-01 -1.216621455888684637e-02
8.113761727045106786e-01 -1.103538587860144506e-02
8.217394801200630372e-01 -9.923952977813741208e-03
8.321225990814590245e-01 -8.837041194125169405e-03
8.425243756279822138e-01 -7.780294308038219163e-03
8.529436537253458628e-01 -6.758446649598411071e-03
8.633792753941731402e-01 -5.775182658082273802e-03
8.738300808386934015e-01 -4.833084071795015757e-03
8.842949085756387495e-01 -3.933774173048353549e-03
8.947725955633289985e-01 -3.078540655857423761e-03
9.052619773309316109e-01 -2.269361861143898498e-03
9.157618881078770645e-01 -1.518549470135524158e-03
9.262711609534211021e-01 -8.450532669977738401e-04
9.367886278863364335e-01 -2.690090995204214843e-04
9.473131200147204556e-01 1.889332138342909742e-04
9.578434676659028923e-01 5.085498806461667340e-04
9.683785005164411430e-01 6.697656810552497482e-04
9.789170477221889044e-01 6.522577892074106314e-04
9.894579380484205267e-01 4.356783431961847399e-04
9.999999999999998890e-01 1.085409591761040549e-09
