9.999999999999998890e-01 1.707379927418204079e-10
9.894579380484205267e-01 2.650498533505561607e-03
9.789170477221889044e-01 5.244528630846820132e-03
9.683785005164411430e-01 7.785121138239446681e-03
9.578434676659028923e-01 1.027536761489473982e-02
9.473131200147204556e-01 1.271836251969198257e-02
9.367886278863364335e-01 1.511717424526078275e-02
9.262711609534211021e-01 1.747490098451629642e-02
9.157618881078770645e-01 1.979471761375489400e-02
9.052619773309316109e-01 2.207972229758480009e-02
8.947725955633289985e-01 2.433282970973914272e-02
8.842949085756387495e-01 2.655576808562276625e-02
8.738300808386934015e-01 2.874841560740701990e-02
8.633792753941731402e-01 3.091060419024069597e-02
8.529436537253458628e-01 3.304232112438744429e-02
8.425243756279822138e-01 3.514349535343042064e-02
8.321225990814590245e-01 3.721398314991662681e-02
8.217394801200630372e-01 3.925375003530195278e-02
8.113761727045106786e-01 4.126285610584208563e-02
8.010338285937002034e-01 4.324115519619210063e-02
7.907135972167069760e-01 4.518819071780041940e-02
7.804166255450371015e-01 4.710174755620628179e-02
7.701440579651563922e-01 4.897845020796313259e-02
7.598970361513051053e-01 5.081514166331478621e-02
7.496766989386134394e-01 5.260880451134369168e-02
7.394841821965345563e-01 5.435644607214406426e-02
7.293206187026060050e-01 5.605509666116983980e-02
7.191871380165538730e-01 5.770186373644347472e-02
7.090848663547572039e-01 5.929392769452430240e-02
6.990149264650814542e-01 6.082869234410603204e-02
6.889784375020977514e-01 6.230453262453573143e-02
6.789765149027036095e-01 6.372370648230826773e-02
6.690102702621547603e-01 6.508945003984890898e-02
6.590808112105230876e-01 6.640474613865823827e-02
6.491892412895989839e-01 6.767255609969427543e-02
6.393366598302444581e-01 6.889594319907449416e-02
6.295241618302156450e-01 7.007788009072356272e-02
6.197528378324663745e-01 7.122107425061555142e-02
6.100237738039482327e-01 7.232835541663992784e-02
6.003380510149177729e-01 7.340286447702100425e-02
5.906967459187653091e-01 7.444637724152487757e-02
5.811009300323815019e-01 7.545827292594953217e-02
5.715516698170692855e-01 7.643737210513300295e-02
5.620500265600203438e-01 7.738203580081698396e-02
5.525970562563653488e-01 7.829081172691829127e-02
5.431938094918128401e-01 7.916251342095802224e-02
5.338413313258880688e-01 7.999591377259439307e-02
5.245406611757882365e-01 8.078973884664743255e-02
5.152928327008634568e-01 8.154290291163629467e-02
5.060988736877365390e-01 8.225447041992041408e-02
4.969598059360780251e-01 8.292332538094032701e-02
4.878766451450451402e-01 8.354817005254921991e-02
4.788504008003974244e-01 8.412719487160993936e-02
4.698820760623064752e-01 8.465831688522443277e-02
4.609726676538650203e-01 8.513976203811923771e-02
4.521231657503131940e-01 8.556991629297096280e-02
4.433345538689928977e-01 8.594716786786102403e-02
4.346078087600411255e-01 8.626996665487590699e-02
4.259439002978354649e-01 8.653711145373789437e-02
4.173437913732044313e-01 8.674747915339862947e-02
4.088084377864137364e-01 8.689973516104625151e-02
4.003387881409395943e-01 8.699280525538206910e-02
3.919357837380436083e-01 8.702685484198179056e-02
3.836003584721576765e-01 8.700281745991532423e-02
3.753334387270930161e-01 8.692311684259874938e-02
3.671359432730831873e-01 8.679030749966858138e-02
3.590087831646743277e-01 8.660651409258274258e-02
3.509528616394713696e-01 8.637385353274697197e-02
3.429690740177547825e-01 8.609457726383271114e-02
3.350583076029753915e-01 8.577088470993871061e-02
3.272214415831418144e-01 8.540484780098513140e-02
3.194593469331089564e-01 8.499852602741329866e-02
3.117728863177794407e-01 8.455397952834962927e-02
3.041629139962280792e-01 8.407322708747720641e-02
2.966302757267624823e-01 8.355822408462437734e-02
2.891758086729252497e-01 8.301065691303693983e-02
2.818003413104546162e-01 8.243192130668716699e-02
2.745046933352085494e-01 8.182336381903672351e-02
2.672896755720651774e-01 8.118630122042419517e-02
2.601560898848094272e-01 8.052207967691799029e-02
2.531047290870154232e-01 7.983206373775053599e-02
2.461363768539343022e-01 7.911755578678122958e-02
2.392518076353984391e-01 7.837982757316219740e-02
2.324517865697500740e-01 7.762024732150915596e-02
2.257370693988056676e-01 7.684020818255846152e-02
2.191084023838638650e-01 7.604088923420704305e-02
2.125665222227673956e-01 7.522344050241989988e-02
2.061121559680280102e-01 7.438943893432842236e-02
1.997460209460230063e-01 7.354033050765780566e-02
1.934688246772731102e-01 7.267607530395148174e-02
1.872812647978095990e-01 7.179590772723404291e-02
1.811840289816407656e-01 7.089799350141021139e-02
1.751777948643248317e-01 6.998040945020508885e-02
1.692632299676588570e-01 6.904187920008594825e-02
1.634409916254914164e-01 6.808139746893994426e-02
1.577117269106679265e-01 6.709833421154189070e-02
1.520760725631161714e-01 6.609202336455398397e-02
1.465346549190801317e-01 6.506154928163514206e-02
1.410880898415101115e-01 6.400469450321392972e-02
1.357369826516168221e-01 6.291676797209132255e-02
1.304819280615971966e-01 6.179350242094440449e-02
1.253235101085391490e-01 6.063181050936030519e-02
1.202623020895129402e-01 5.942916269606985519e-02
1.152988664978553679e-01 5.818366366018495883e-02
1.104337549606562163e-01 5.689388878766628299e-02
1.056675081774507419e-01 5.555894805252881152e-02
1.010006558601274085e-01 5.417885363044848412e-02
9.643371667405697956e-02 5.275474569746161496e-02
9.196719818044885031e-02 5.129230928023244263e-02
8.760159677994161509e-02 4.980089806329397045e-02
8.333739765743386485e-02 4.828903707236643916e-02
7.917507472816209813e-02 4.676449782055021320e-02
7.511509058502996439e-02 4.523406387994033384e-02
7.115789644719716645e-02 4.370297543130200607e-02
6.730393210993146358e-02 4.216846040524275391e-02
6.355362589573076981e-02 4.062426901240155652e-02
5.990739460672012129e-02 3.906722746854742606e-02
5.636564347832906385e-02 3.749536278910731851e-02
5.292876613425423482e-02 3.590630581413074840e-02
4.959714454271368922e-02 3.429907265982673481e-02
4.637114897399441382e-02 3.267952044780859933e-02
4.325113795930202176e-02 3.105630845340061688e-02
4.023745825091396000e-02 2.944135251206066173e-02
3.733044478364233587e-02 2.784628180128680131e-02
3.453042063760936031e-02 2.627955154675495897e-02
3.183769700234129196e-02 2.474873542018569614e-02
2.925257314218321358e-02 2.326069918054450222e-02
2.677533636303963682e-02 2.182152047411772475e-02
2.440626198044326678e-02 2.043575048118569798e-02
2.214561328895736647e-02 1.909924357884954307e-02
1.999364153291383062e-02 1.779293664167526032e-02
1.795058587848985532e-02 1.650083085406156558e-02
1.601667338712764455e-02 1.521383534856231810e-02
1.419211899029970692e-02 1.392738408496812900e-02
1.247712546562085301e-02 1.264198977034014862e-02
1.087188341431266636e-02 1.136152652591416838e-02
9.376571240020115106e-03 1.009318941443315340e-02
7.991355128984078959e-03 8.846421709978062597e-03
6.716389031571567969e-03 7.632601805876635531e-03
5.551814645166519568e-03 6.464235646032325325e-03
4.497761398421062928e-03 5.354632429716254562e-03
3.554346436871580472e-03 4.317201168665144896e-03
2.721674609919344512e-03 3.365305847614590354e-03
1.999838459177394334e-03 2.511449612212109366e-03
1.388918208186096237e-03 1.767458162010135305e-03
8.889817534969424173e-04 1.143540953345780972e-03
5.000846571264760954e-04 6.488083146704636895e-04
2.222701403818971855e-04 2.900730758722071300e-04
5.556907905679420168e-05 7.280067719906557636e-05
0.000000000000000000e+00 -1.050174459566544867e-09
0.000000000000000000e+00 5.670899709951387300e-10
5.556907905679420168e-05 -2.898340792630735389e-05
2.222701403818971855e-04 -1.153360576445540555e-04
5.000846571264760954e-04 -2.574682863350576697e-04
8.889817534969424173e-04 -4.524827967292137268e-04
1.388918208186096237e-03 -6.967589213255447316e-04
1.999838459177394334e-03 -9.854361512928991231e-04
2.721674609919344512e-03 -1.313038747919377785e-03
3.554346436871580472e-03 -1.673168290673990571e-03
4.497761398421062928e-03 -2.059005657015324561e-03
5.551814645166519568e-03 -2.463174224282563708e-03
6.716389031571567969e-03 -2.878151788779796921e-03
7.991355128984078959e-03 -3.296289983323673345e-03
9.376571240020115106e-03 -3.710204104582823237e-03
1.087188341431266636e-02 -4.112901608654931547e-03
1.247712546562085301e-02 -4.498117812765435077e-03
1.419211899029970692e-02 -4.860446570137976798e-03
1.601667338712764455e-02 -5.195949650247936279e-03
1.795058587848985532e-02 -5.502169105487533969e-03
1.999364153291383062e-02 -5.778694724706357443e-03
2.214561328895736647e-02 -6.026987982555844989e-03
2.440626198044326678e-02 -6.251930562595324654e-03
2.677533636303963682e-02 -6.460199665881577111e-03
2.925257314218321358e-02 -6.653752172243029492e-03
3.183769700234129196e-02 -6.831915398109613888e-03
3.453042063760936031e-02 -6.994570510732750664e-03
3.733044478364233587e-02 -7.141951989214244921e-03
4.023745825091396000e-02 -7.274781260938617197e-03
4.325113795930202176e-02 -7.394330147131647317e-03
4.637114897399441382e-02 -7.503756741808327753e-03
4.959714454271368922e-02 -7.606401889039340024e-03
5.292876613425423482e-02 -7.703724718919937806e-03
5.636564347832906385e-02 -7.795203521761784500e-03
5.990739460672012129e-02 -7.875076294779502842e-03
6.355362589573076981e-02 -7.936528644901639021e-03
6.730393210993146358e-02 -7.973075174759510289e-03
7.115789644719716645e-02 -7.977254662001094163e-03
7.511509058502996439e-02 -7.939102055205810374e-03
7.917507472816209813e-02 -7.851336655779857926e-03
8.333739765743386485e-02 -7.712906291990874463e-03
8.760159677994161509e-02 -7.524326230422143623e-03
9.196719818044885031e-02 -7.287504181889590399e-03
9.643371667405697956e-02 -7.004902090577014122e-03
1.010006558601274085e-01 -6.679570430263343309e-03
1.056675081774507419e-01 -6.314227741490180401e-03
1.104337549606562163e-01 -5.911143442986988884e-03
1.152988664978553679e-01 -5.472714402150641831e-03
1.202623020895129402e-01 -5.001537529302322801e-03
1.253235101085391490e-01 -4.500976272599252481e-03
1.304819280615971966e-01 -3.975066275217107106e-03
1.357369826516168221e-01 -3.428140239407152616e-03
1.410880898415101115e-01 -2.864857092316725612e-03
1.465346549190801317e-01 -2.291241447358722400e-03
1.520760725631161714e-01 -1.713715798419020771e-03
1.577117269106679265e-01 -1.135004725621386332e-03
1.634409916254914164e-01 -5.557556456405743231e-04
1.692632299676588570e-01 2.468271411380218157e-05
1.751777948643248317e-01 6.074318788060123009e-04
1.811840289816407656e-01 1.193180593566516966e-03
1.872812647978095990e-01 1.782604387012087441e-03
1.934688246772731102e-01 2.377035544567057679e-03
1.997460209460230063e-01 2.977760915842928274e-03
2.061121559680280102e-01 3.585154373595072531e-03
2.125665222227673956e-01 4.199011042974903039e-03
2.191084023838638650e-01 4.817987129085910501e-03
2.257370693988056676e-01 5.440571823474437893e-03
2.324517865697500740e-01 6.065406480294413365e-03
2.392518076353984391e-01 6.691049532901249298e-03
2.461363768539343022e-01 7.315824079185766736e-03
2.531047290870154232e-01 7.937993320791493154e-03
2.601560898848094272e-01 8.555766181928782174e-03
2.672896755720651774e-01 9.167254940946259825e-03
2.745046933352085494e-01 9.770430565947009829e-03
2.818003413104546162e-01 1.036318232220273181e-02
2.891758086729252497e-01 1.094330578068043736e-02
2.966302757267624823e-01 1.150849574466583994e-02
3.041629139962280792e-01 1.205639036593086390e-02
3.117728863177794407e-01 1.258554579261172632e-02
3.194593469331089564e-01 1.309536660518204575e-02
3.272214415831418144e-01 1.358529235998066215e-02
3.350583076029753915e-01 1.405476830785390083e-02
3.429690740177547825e-01 1.450327521203339208e-02
3.509528616394713696e-01 1.493031641912303045e-02
3.590087831646743277e-01 1.533539052201983791e-02
3.671359432730831873e-01 1.571800308133853782e-02
3.753334387270930161e-01 1.607773382262758788e-02
3.836003584721576765e-01 1.641418274932722118e-02
3.919357837380436083e-01 1.672686543830702657e-02
4.003387881409395943e-01 1.701535154427355478e-02
4.088084377864137364e-01 1.727964722367329384e-02
4.173437913732044313e-01 1.751999773769565699e-02
4.259439002978354649e-01 1.773707016224664035e-02
4.346078087600411255e-01 1.793162988377784012e-02
4.433345538689928977e-01 1.810440359552785775e-02
4.521231657503131940e-01 1.825616638885448756e-02
4.609726676538650203e-01 1.838785368953402971e-02
4.698820760623064752e-01 1.850042594728893569e-02
4.788504008003974244e-01 1.859483712952510193e-02
4.878766451450451402e-01 1.867214813394024731e-02
4.969598059360780251e-01 1.873362730689358616e-02
5.060988736877365390e-01 1.878027477566126743e-02
5.152928327008634568e-01 1.881260611526522353e-02
5.245406611757882365e-01 1.883092977626206477e-02
5.338413313258880688e-01 1.883533291903236040e-02
5.431938094918128401e-01 1.882598203459955044e-02
5.525970562563653488e-01 1.880315314526937592e-02
5.620500265600203438e-01 1.876708363969036009e-02
5.715516698170692855e-01 1.871797256084528280e-02
5.811009300323815019e-01 1.865611490258838392e-02
5.906967459187653091e-01 1.858187484028920450e-02
6.003380510149177729e-01 1.849546322183527602e-02
6.100237738039482327e-01 1.839689964331179400e-02
6.197528378324663745e-01 1.828535560129457629e-02
6.295241618302156450e-01 1.815951577984970672e-02
6.393366598302444581e-01 1.801814474416031306e-02
6.491892412895989839e-01 1.786003980165605173e-02
6.590808112105230876e-01 1.768393349459981140e-02
6.690102702621547603e-01 1.748852756798770919e-02
6.789765149027036095e-01 1.727250128843076799e-02
6.889784375020977514e-01 1.703453206412748958e-02
6.990149264650814542e-01 1.677332321832212397e-02
7.090848663547572039e-01 1.648740904622108053e-02
7.191871380165538730e-01 1.617467143336552213e-02
7.293206187026060050e-01 1.583285301319424868e-02
7.394841821965345563e-01 1.545973167253015916e-02
7.496766989386134394e-01 1.505300784693353044e-02
7.598970361513051053e-01 1.461017013065227417e-02
7.701440579651563922e-01 1.412884029624749023e-02
7.804166255450371015e-01 1.360698489991251509e-02
7.907135972167069760e-01 1.304214877527524671e-02
8.010338285937002034e-01 1.243114301879627744e-02
8.113761727045106786e-01 1.177533564571710788e-02
8.217394801200630372e-01 1.108298268491068710e-02
8.321225990814590245e-01 1.036359101304209010e-02
8.425243756279822138e-01 9.627535919948301130e-03
8.529436537253458628e-01 8.885249970702445085e-03
8.633792753941731402e-01 8.147159512460993083e-03
8.738300808386934015e-01 7.423520087706708508e-03
8.842949085756387495e-01 6.724506627187046108e-03
8.947725955633289985e-01 6.061311599287437166e-03
9.052619773309316109e-01 5.444583656242019294e-03
9.157618881078770645e-01 4.870230751987321936e-03
9.262711609534211021e-01 4.324676038493147426e-03
9.367886278863364335e-01 3.792572504874202038e-03
9.473131200147204556e-01 3.257797073885516839e-03
9.578434676659028923e-01 2.704822630218423410e-03
9.683785005164411430e-01 2.118315892383314768e-03
9.789170477221889044e-01 1.482512841945508820e-03
9.894579380484205267e-01 7.815669870613772179e-04
9.999999999999998890e-01 1.536599734451170633e-09
