9.999999999999998890e-01 1.495104625741233697e-06
9.894579380484205267e-01 1.365858605580690588e-03
9.789170477221889044e-01 2.762759116479432484e-03
9.683785005164411430e-01 4.174886586105885228e-03
9.578434676659028923e-01 5.637392807800753990e-03
9.473131200147204556e-01 7.178187152584729509e-03
9.367886278863364335e-01 8.776047086069887690e-03
9.262711609534211021e-01 1.040202884474015349e-02
9.157618881078770645e-01 1.202851556313220584e-02
9.052619773309316109e-01 1.363276551534800540e-02
8.947725955633289985e-01 1.520116032555358584e-02
8.842949085756387495e-01 1.673632505144317592e-02
8.738300808386934015e-01 1.826474996191604708e-02
8.633792753941731402e-01 1.980123205986662055e-02
8.529436537253458628e-01 2.134261865948548081e-02
8.425243756279822138e-01 2.289969268457633933e-02
8.321225990814590245e-01 2.449859683224989149e-02
8.217394801200630372e-01 2.612896619285232785e-02
8.113761727045106786e-01 2.774685785704109411e-02
8.010338285937002034e-01 2.933860741934248700e-02
7.907135972167069760e-01 3.091507563308653825e-02
7.804166255450371015e-01 3.247684597099419201e-02
7.701440579651563922e-01 3.401760527026011921e-02
7.598970361513051053e-01 3.553611078308611254e-02
7.496766989386134394e-01 3.703384366022043073e-02
7.394841821965345563e-01 3.851047465428950739e-02
7.293206187026060050e-01 3.996499968557379323e-02
7.191871380165538730e-01 4.139770208100815307e-02
7.090848663547572039e-01 4.280920922794825140e-02
6.990149264650814542e-01 4.419926977754199543e-02
6.889784375020977514e-01 4.556638245804017773e-02
6.789765149027036095e-01 4.690488789149829113e-02
6.690102702621547603e-01 4.820958017311630789e-02
6.590808112105230876e-01 4.948086671776255607e-02
6.491892412895989839e-01 5.071986021700424646e-02
6.393366598302444581e-01 5.192607918900209174e-02
6.295241618302156450e-01 5.309929717993464027e-02
6.197528378324663745e-01 5.424061348201320021e-02
6.100237738039482327e-01 5.535048362673193612e-02
6.003380510149177729e-01 5.642760681282564528e-02
5.906967459187653091e-01 5.746697158012471079e-02
5.811009300323815019e-01 5.845772894341806636e-02
5.715516698170692855e-01 5.939436640517167798e-02
5.620500265600203438e-01 6.027977465652479411e-02
5.525970562563653488e-01 6.111561731111100210e-02
5.431938094918128401e-01 6.190133657018644792e-02
5.338413313258880688e-01 6.263722449345182630e-02
5.245406611757882365e-01 6.332454920927567399e-02
5.152928327008634568e-01 6.396417446171231980e-02
5.060988736877365390e-01 6.455652272643210010e-02
4.969598059360780251e-01 6.510124454936092042e-02
4.878766451450451402e-01 6.559738989659225084e-02
4.788504008003974244e-01 6.604344856318142276e-02
4.698820760623064752e-01 6.643899738622514872e-02
4.609726676538650203e-01 6.679584007173436366e-02
4.521231657503131940e-01 6.713027330285531447e-02
4.433345538689928977e-01 6.744644594130692894e-02
4.346078087600411255e-01 6.774355158739205074e-02
4.259439002978354649e-01 6.802212650305375363e-02
4.173437913732044313e-01 6.828300176552787315e-02
4.088084377864137364e-01 6.852613630625263574e-02
4.003387881409395943e-01 6.874979553966474588e-02
3.919357837380436083e-01 6.894671088922896263e-02
3.836003584721576765e-01 6.911049358637003093e-02
3.753334387270930161e-01 6.924175716380215340e-02
3.671359432730831873e-01 6.933912900716236727e-02
3.590087831646743277e-01 6.939241219008154826e-02
3.509528616394713696e-01 6.939456159716581030e-02
3.429690740177547825e-01 6.934852748431818981e-02
3.350583076029753915e-01 6.925712203816812573e-02
3.272214415831418144e-01 6.912050699616893723e-02
3.194593469331089564e-01 6.893927879199129860e-02
3.117728863177794407e-01 6.871534061692784190e-02
3.041629139962280792e-01 6.845859560908329478e-02
2.966302757267624823e-01 6.818875780835557954e-02
2.891758086729252497e-01 6.791570548696315712e-02
2.818003413104546162e-01 6.763764805062867647e-02
2.745046933352085494e-01 6.734767468441144045e-02
2.672896755720651774e-01 6.703516348080400256e-02
2.601560898848094272e-01 6.669634331817120287e-02
2.531047290870154232e-01 6.633284315797433051e-02
2.461363768539343022e-01 6.594607965117364745e-02
2.392518076353984391e-01 6.553715893834641260e-02
2.324517865697500740e-01 6.510643733898363594e-02
2.257370693988056676e-01 6.465469018419982283e-02
2.191084023838638650e-01 6.418896101485878358e-02
2.125665222227673956e-01 6.371903067440182200e-02
2.061121559680280102e-01 6.325385574383944609e-02
1.997460209460230063e-01 6.279805962276367726e-02
1.934688246772731102e-01 6.233596733076553903e-02
1.872812647978095990e-01 6.184900777368137342e-02
1.811840289816407656e-01 6.133318776850576332e-02
1.751777948643248317e-01 6.078698823121438805e-02
1.692632299676588570e-01 6.020438371100607367e-02
1.634409916254914164e-01 5.957782742261515108e-02
1.577117269106679265e-01 5.889821543960183092e-02
1.520760725631161714e-01 5.816166972870766283e-02
1.465346549190801317e-01 5.737722216717520973e-02
1.410880898415101115e-01 5.655422452356426849e-02
1.357369826516168221e-01 5.569900409691815046e-02
1.304819280615971966e-01 5.481610001373402041e-02
1.253235101085391490e-01 5.390769044078596445e-02
1.202623020895129402e-01 5.297587328364525283e-02
1.152988664978553679e-01 5.202294822556127046e-02
1.104337549606562163e-01 5.105150720014297455e-02
1.056675081774507419e-01 5.006442456469516883e-02
1.010006558601274085e-01 4.906366529917412928e-02
9.643371667405697956e-02 4.805040467371675394e-02
9.196719818044885031e-02 4.702783469381280335e-02
8.760159677994161509e-02 4.600036950030198662e-02
8.333739765743386485e-02 4.496619189635046865e-02
7.917507472816209813e-02 4.391977943450372374e-02
7.511509058502996439e-02 4.286259607683275824e-02
7.115789644719716645e-02 4.179929403625880224e-02
6.730393210993146358e-02 4.072656229579598580e-02
6.355362589573076981e-02 3.963742933121397471e-02
5.990739460672012129e-02 3.852681404989660024e-02
5.636564347832906385e-02 3.739198013489110350e-02
5.292876613425423482e-02 3.623871867639449212e-02
4.959714454271368922e-02 3.507476665060341170e-02
4.637114897399441382e-02 3.390356470493915975e-02
4.325113795930202176e-02 3.272811439226727681e-02
4.023745825091396000e-02 3.155425878875444540e-02
3.733044478364233587e-02 3.038409162432719954e-02
3.453042063760936031e-02 2.920627653082339889e-02
3.183769700234129196e-02 2.801443196418243117e-02
2.925257314218321358e-02 2.682110368526868446e-02
2.677533636303963682e-02 2.563157690003582678e-02
2.440626198044326678e-02 2.442974687512479773e-02
2.214561328895736647e-02 2.320707319677467115e-02
1.999364153291383062e-02 2.197310651263487818e-02
1.795058587848985532e-02 2.073764710341812270e-02
1.601667338712764455e-02 1.950824113696686748e-02
1.419211899029970692e-02 1.829602934242384113e-02
1.247712546562085301e-02 1.711641280652427197e-02
1.087188341431266636e-02 1.597349056345167759e-02
9.376571240020115106e-03 1.485823196870728405e-02
7.991355128984078959e-03 1.374365699120591068e-02
6.716389031571567969e-03 1.259169864158755058e-02
5.551814645166519568e-03 1.142607689627950576e-02
4.497761398421062928e-03 1.030795550234809253e-02
3.554346436871580472e-03 9.195542881379699385e-03
2.721674609919344512e-03 8.002048860702076771e-03
1.999838459177394334e-03 6.825037544336776986e-03
1.388918208186096237e-03 5.806353967688507658e-03
8.889817534969424173e-04 4.698021868358105181e-03
5.000846571264760954e-04 3.186539574173053238e-03
2.222701403818971855e-04 1.592289128298840506e-03
5.556907905679420168e-05 4.281985828239979076e-04
0.000000000000000000e+00 1.096608819768657715e-05
0.000000000000000000e+00 -1.206234023613387224e-05
5.556907905679420168e-05 -2.696456268869693073e-04
2.222701403818971855e-04 -9.895516245154222044e-04
5.000846571264760954e-04 -1.974581523525105638e-03
8.889817534969424173e-04 -2.910550423328706320e-03
1.388918208186096237e-03 -3.605105212104322328e-03
1.999838459177394334e-03 -4.262979765394052899e-03
2.721674609919344512e-03 -5.052297163600630303e-03
3.554346436871580472e-03 -5.906866615272230066e-03
4.497761398421062928e-03 -6.771161511485270304e-03
5.551814645166519568e-03 -7.670407539891494104e-03
6.716389031571567969e-03 -8.608601651098606033e-03
7.991355128984078959e-03 -9.542384632138953271e-03
9.376571240020115106e-03 -1.045093528515480055e-02
1.087188341431266636e-02 -1.134868451941023655e-02
1.247712546562085301e-02 -1.223742706324066655e-02
1.419211899029970692e-02 -1.310230738606851623e-02
1.601667338712764455e-02 -1.393559904532428589e-02
1.795058587848985532e-02 -1.473797929003062453e-02
1.999364153291383062e-02 -1.552260063036981115e-02
2.214561328895736647e-02 -1.631048037808851409e-02
2.440626198044326678e-02 -1.709940623072647020e-02
2.677533636303963682e-02 -1.787270527936481515e-02
2.925257314218321358e-02 -1.862735267686552523e-02
3.183769700234129196e-02 -1.936661888622514052e-02
3.453042063760936031e-02 -2.008105394548484468e-02
3.733044478364233587e-02 -2.075906305031129800e-02
4.023745825091396000e-02 -2.141433405599803969e-02
4.325113795930202176e-02 -2.206707730410326779e-02
4.637114897399441382e-02 -2.271915345633320621e-02
4.959714454271368922e-02 -2.336683411920916983e-02
5.292876613425423482e-02 -2.400825613001713113e-02
5.636564347832906385e-02 -2.464130049755457880e-02
5.990739460672012129e-02 -2.526114165745236076e-02
6.355362589573076981e-02 -2.586429453139267587e-02
6.730393210993146358e-02 -2.645298308397158946e-02
7.115789644719716645e-02 -2.703103303816042566e-02
7.511509058502996439e-02 -2.760361335957980597e-02
7.917507472816209813e-02 -2.817341631840941316e-02
8.333739765743386485e-02 -2.873772567006206355e-02
8.760159677994161509e-02 -2.929589337537356550e-02
9.196719818044885031e-02 -2.985185536829017619e-02
9.643371667405697956e-02 -3.040723491552916116e-02
1.010006558601274085e-01 -3.095972683223702573e-02
1.056675081774507419e-01 -3.150752320407159551e-02
1.104337549606562163e-01 -3.204979259343751496e-02
1.152988664978553679e-01 -3.258601806686681895e-02
1.202623020895129402e-01 -3.311572893436059289e-02
1.253235101085391490e-01 -3.363465054737355131e-02
1.304819280615971966e-01 -3.413535343248705334e-02
1.357369826516168221e-01 -3.461195204597553032e-02
1.410880898415101115e-01 -3.506019925145969357e-02
1.465346549190801317e-01 -3.548065021804162888e-02
1.520760725631161714e-01 -3.587647725282657601e-02
1.577117269106679265e-01 -3.624839407558681781e-02
1.634409916254914164e-01 -3.659584637576664828e-02
1.692632299676588570e-01 -3.691832314393635184e-02
1.751777948643248317e-01 -3.721483964558199714e-02
1.811840289816407656e-01 -3.748158327325154526e-02
1.872812647978095990e-01 -3.771534002056545903e-02
1.934688246772731102e-01 -3.792036828296767303e-02
1.997460209460230063e-01 -3.810683626730319851e-02
2.061121559680280102e-01 -3.829924907641531207e-02
2.125665222227673956e-01 -3.851767713884650390e-02
2.191084023838638650e-01 -3.875719417943058326e-02
2.257370693988056676e-01 -3.900565625153838700e-02
2.324517865697500740e-01 -3.924497881892234641e-02
2.392518076353984391e-01 -3.946224820169484671e-02
2.461363768539343022e-01 -3.965793765042249092e-02
2.531047290870154232e-01 -3.983294623652632038e-02
2.601560898848094272e-01 -3.998572382182304097e-02
2.672896755720651774e-01 -4.011451347628754160e-02
2.745046933352085494e-01 -4.021782805714130271e-02
2.818003413104546162e-01 -4.030135101677755766e-02
2.891758086729252497e-01 -4.037978629040126638e-02
2.966302757267624823e-01 -4.046247391808081850e-02
3.041629139962280792e-01 -4.055164697998741435e-02
3.117728863177794407e-01 -4.063723959681915521e-02
3.194593469331089564e-01 -4.069890289420035473e-02
3.272214415831418144e-01 -4.072669931368343849e-02
3.350583076029753915e-01 -4.071915188571169353e-02
3.429690740177547825e-01 -4.067588115907305041e-02
3.509528616394713696e-01 -4.059684687346043486e-02
3.590087831646743277e-01 -4.047981841685333732e-02
3.671359432730831873e-01 -4.032250034606039285e-02
3.753334387270930161e-01 -4.013122942791060022e-02
3.836003584721576765e-01 -3.991518541201335285e-02
3.919357837380436083e-01 -3.967667557506551063e-02
4.003387881409395943e-01 -3.941553592957657004e-02
4.088084377864137364e-01 -3.913238450916393940e-02
4.173437913732044313e-01 -3.882792320450655088e-02
4.259439002978354649e-01 -3.850217016190788516e-02
4.346078087600411255e-01 -3.815489996655747895e-02
4.433345538689928977e-01 -3.778566187692016659e-02
4.521231657503131940e-01 -3.739398800107292947e-02
4.609726676538650203e-01 -3.697949838157481295e-02
4.698820760623064752e-01 -3.654185881584118278e-02
4.788504008003974244e-01 -3.608080554686204922e-02
4.878766451450451402e-01 -3.559598620182819612e-02
4.969598059360780251e-01 -3.508683192523038424e-02
5.060988736877365390e-01 -3.455114195099880103e-02
5.152928327008634568e-01 -3.398412546016475050e-02
5.245406611757882365e-01 -3.338314416834746445e-02
5.338413313258880688e-01 -3.274883840782095296e-02
5.431938094918128401e-01 -3.208101560949978837e-02
5.525970562563653488e-01 -3.137828582203202460e-02
5.620500265600203438e-01 -3.064042435695853508e-02
5.715516698170692855e-01 -2.986828921817897414e-02
5.811009300323815019e-01 -2.906056484162801781e-02
5.906967459187653091e-01 -2.821470846217610448e-02
6.003380510149177729e-01 -2.733616853179294745e-02
6.100237738039482327e-01 -2.643552540556578373e-02
6.197528378324663745e-01 -2.551838117654362664e-02
6.295241618302156450e-01 -2.458692120668985737e-02
6.393366598302444581e-01 -2.363981020108715109e-02
6.491892412895989839e-01 -2.267485588848395725e-02
6.590808112105230876e-01 -2.169559454457208048e-02
6.690102702621547603e-01 -2.070777004439441210e-02
6.789765149027036095e-01 -1.971631974385553224e-02
6.889784375020977514e-01 -1.872592641304371766e-02
6.990149264650814542e-01 -1.774137330814069824e-02
7.090848663547572039e-01 -1.676688129888624298e-02
7.191871380165538730e-01 -1.580448526280756744e-02
7.293206187026060050e-01 -1.485529912182691030e-02
7.394841821965345563e-01 -1.391916929098681657e-02
7.496766989386134394e-01 -1.299587490079963208e-02
7.598970361513051053e-01 -1.208563645246560174e-02
7.701440579651563922e-01 -1.118910193548545290e-02
7.804166255450371015e-01 -1.030769794063728442e-02
7.907135972167069760e-01 -9.444902927766523140e-03
8.010338285937002034e-01 -8.607527716436446860e-03
8.113761727045106786e-01 -7.796666570027227516e-03
8.217394801200630372e-01 -7.004906350434980493e-03
8.321225990814590245e-01 -6.240908629609766105e-03
8.425243756279822138e-01 -5.533342749606022341e-03
8.529436537253458628e-01 -4.888461708824573884e-03
8.633792753941731402e-01 -4.287971439880312527e-03
8.738300808386934015e-01 -3.720297587400662413e-03
8.842949085756387495e-01 -3.181014008028230228e-03
8.947725955633289985e-01 -2.667742709976804634e-03
9.052619773309316109e-01 -2.180118675814078297e-03
9.157618881078770645e-01 -1.725265117735329213e-03
9.262711609534211021e-01 -1.314812021599521706e-03
9.367886278863364335e-01 -9.587257444441475013e-04
9.473131200147204556e-01 -6.647578756612993085e-04
9.578434676659028923e-01 -4.312307777223669245e-04
9.683785005164411430e-01 -2.524701003321420359e-04
9.789170477221889044e-01 -1.237591474822645249e-04
9.894579380484205267e-01 -4.167295972941835013e-05
9.999999999999998890e-01 -7.326122099809526172e-06
