9.999999999999998890e-01 -4.851821029209118011e-05
9.894579380484205267e-01 2.733178957104845201e-03
9.789170477221889044e-01 5.544947045012830859e-03
9.683785005164411430e-01 8.343073108254769193e-03
9.578434676659028923e-01 1.105210307485430393e-02
9.473131200147204556e-01 1.361179443469482699e-02
9.367886278863364335e-01 1.602120293875265722e-02
9.262711609534211021e-01 1.830297748889461035e-02
9.157618881078770645e-01 2.051038502920270526e-02
9.052619773309316109e-01 2.268204874918903005e-02
8.947725955633289985e-01 2.482089193737485600e-02
8.842949085756387495e-01 2.692594615439750094e-02
8.738300808386934015e-01 2.899639161883775865e-02
8.633792753941731402e-01 3.103242386927103358e-02
8.529436537253458628e-01 3.303555112792640885e-02
8.425243756279822138e-01 3.500656650838334522e-02
8.321225990814590245e-01 3.694535606009659301e-02
8.217394801200630372e-01 3.885182518541126923e-02
8.113761727045106786e-01 4.072594436930907641e-02
8.010338285937002034e-01 4.256769516082545279e-02
7.907135972167069760e-01 4.437706339818754675e-02
7.804166255450371015e-01 4.615400372616471764e-02
7.701440579651563922e-01 4.789846326861461889e-02
7.598970361513051053e-01 4.961052318261709865e-02
7.496766989386134394e-01 5.129031072484633441e-02
7.394841821965345563e-01 5.293771529302845891e-02
7.293206187026060050e-01 5.455259599814324400e-02
7.191871380165538730e-01 5.613534530344399531e-02
7.090848663547572039e-01 5.768634851254496321e-02
6.990149264650814542e-01 5.920484246334236506e-02
6.889784375020977514e-01 6.068944668254029617e-02
6.789765149027036095e-01 6.213773925402896886e-02
6.690102702621547603e-01 6.354773874454884564e-02
6.590808112105230876e-01 6.492003294012602121e-02
6.491892412895989839e-01 6.625546682952783428e-02
6.393366598302444581e-01 6.755396285853970673e-02
6.295241618302156450e-01 6.881548098553161297e-02
6.197528378324663745e-01 7.004048245333865941e-02
6.100237738039482327e-01 7.122935833893745405e-02
6.003380510149177729e-01 7.238220695005963268e-02
5.906967459187653091e-01 7.349925890818410912e-02
5.811009300323815019e-01 7.458102606813339641e-02
5.715516698170692855e-01 7.562782108380015911e-02
5.620500265600203438e-01 7.663964525247642101e-02
5.525970562563653488e-01 7.761691329056009947e-02
5.431938094918128401e-01 7.856053265298175436e-02
5.338413313258880688e-01 7.947059831309299938e-02
5.245406611757882365e-01 8.034645267743939501e-02
5.152928327008634568e-01 8.118927569124849419e-02
5.060988736877365390e-01 8.200143776594415179e-02
4.969598059360780251e-01 8.277962381123067648e-02
4.878766451450451402e-01 8.351666224526235749e-02
4.788504008003974244e-01 8.420847757042984605e-02
4.698820760623064752e-01 8.485323146658432791e-02
4.609726676538650203e-01 8.545166047748234406e-02
4.521231657503131940e-01 8.600562637241426778e-02
4.433345538689928977e-01 8.651578275110793914e-02
4.346078087600411255e-01 8.698237759463338381e-02
4.259439002978354649e-01 8.740630230907819875e-02
4.173437913732044313e-01 8.778861753125367928e-02
4.088084377864137364e-01 8.813010867364148848e-02
4.003387881409395943e-01 8.843150089545280534e-02
3.919357837380436083e-01 8.869359706724717907e-02
3.836003584721576765e-01 8.891726451846779233e-02
3.753334387270930161e-01 8.910351543691219511e-02
3.671359432730831873e-01 8.925325088034802290e-02
3.590087831646743277e-01 8.936700682246603855e-02
3.509528616394713696e-01 8.944561047365276463e-02
3.429690740177547825e-01 8.949064671166329088e-02
3.350583076029753915e-01 8.950303100899796582e-02
3.272214415831418144e-01 8.948230312690583221e-02
3.194593469331089564e-01 8.942962161734561988e-02
3.117728863177794407e-01 8.934871826678794648e-02
3.041629139962280792e-01 8.923833438050224331e-02
2.966302757267624823e-01 8.909056058256434318e-02
2.891758086729252497e-01 8.889930398268104661e-02
2.818003413104546162e-01 8.866111668562808024e-02
2.745046933352085494e-01 8.837630627972968556e-02
2.672896755720651774e-01 8.804840614998432624e-02
2.601560898848094272e-01 8.767940153506624534e-02
2.531047290870154232e-01 8.727003593666274317e-02
2.461363768539343022e-01 8.682165954644741057e-02
2.392518076353984391e-01 8.633606361613879732e-02
2.324517865697500740e-01 8.581526274833327361e-02
2.257370693988056676e-01 8.526121624098556562e-02
2.191084023838638650e-01 8.467456791159974627e-02
2.125665222227673956e-01 8.405475419483707245e-02
2.061121559680280102e-01 8.339747953225737365e-02
1.997460209460230063e-01 8.269837165126479872e-02
1.934688246772731102e-01 8.195985451015586065e-02
1.872812647978095990e-01 8.118585761616686769e-02
1.811840289816407656e-01 8.037765432595780912e-02
1.751777948643248317e-01 7.953641727726025457e-02
1.692632299676588570e-01 7.866533816751951347e-02
1.634409916254914164e-01 7.776716082005388775e-02
1.577117269106679265e-01 7.684214674620445940e-02
1.520760725631161714e-01 7.589190567096530671e-02
1.465346549190801317e-01 7.492219162322513726e-02
1.410880898415101115e-01 7.393338309950887866e-02
1.357369826516168221e-01 7.291420715695222377e-02
1.304819280615971966e-01 7.185627149555727511e-02
1.253235101085391490e-01 7.075820536506319258e-02
1.202623020895129402e-01 6.962178435104907082e-02
1.152988664978553679e-01 6.845219094899276935e-02
1.104337549606562163e-01 6.725345963997111931e-02
1.056675081774507419e-01 6.602802235347664250e-02
1.010006558601274085e-01 6.477886886696981872e-02
9.643371667405697956e-02 6.350961132601440351e-02
9.196719818044885031e-02 6.222361044549730436e-02
8.760159677994161509e-02 6.092399819408737122e-02
8.333739765743386485e-02 5.961392863747567300e-02
7.917507472816209813e-02 5.829514863754547277e-02
7.511509058502996439e-02 5.695473478440372939e-02
7.115789644719716645e-02 5.557361761229440145e-02
6.730393210993146358e-02 5.415306040851788905e-02
6.355362589573076981e-02 5.270353953658447194e-02
5.990739460672012129e-02 5.122989563092146537e-02
5.636564347832906385e-02 4.973539214538572756e-02
5.292876613425423482e-02 4.822747236448970271e-02
4.959714454271368922e-02 4.671368653542035121e-02
4.637114897399441382e-02 4.519565855116551567e-02
4.325113795930202176e-02 4.367598191543685393e-02
4.023745825091396000e-02 4.216699616659318889e-02
3.733044478364233587e-02 4.067630382707267123e-02
3.453042063760936031e-02 3.919016279447737339e-02
3.183769700234129196e-02 3.768738743279133330e-02
2.925257314218321358e-02 3.613833957726655943e-02
2.677533636303963682e-02 3.453066409430829292e-02
2.440626198044326678e-02 3.289108173833119736e-02
2.214561328895736647e-02 3.124095321840163544e-02
1.999364153291383062e-02 2.958362371311970898e-02
1.795058587848985532e-02 2.792931092352648331e-02
1.601667338712764455e-02 2.630076708676586453e-02
1.419211899029970692e-02 2.470841351193963156e-02
1.247712546562085301e-02 2.314693914170100342e-02
1.087188341431266636e-02 2.163379123269993515e-02
9.376571240020115106e-03 2.020784476074452898e-02
7.991355128984078959e-03 1.884133148686962730e-02
6.716389031571567969e-03 1.744673797881854047e-02
5.551814645166519568e-03 1.594163864185165966e-02
4.497761398421062928e-03 1.426395453906000206e-02
3.554346436871580472e-03 1.252037460581905196e-02
2.721674609919344512e-03 1.089847492864529435e-02
1.999838459177394334e-03 9.358895654343824672e-03
1.388918208186096237e-03 7.741962662321434478e-03
8.889817534969424173e-04 5.891084602446552271e-03
5.000846571264760954e-04 3.743199751959444370e-03
2.222701403818971855e-04 1.778753162002295364e-03
5.556907905679420168e-05 5.628228945416982425e-04
0.000000000000000000e+00 1.021668251516335147e-04
0.000000000000000000e+00 -2.630380382257631141e-07
5.556907905679420168e-05 -1.412905253632866715e-04
2.222701403818971855e-04 -5.490996448005650964e-04
5.000846571264760954e-04 -1.217339211739873472e-03
8.889817534969424173e-04 -2.094212806908748396e-03
1.388918208186096237e-03 -3.123277261338965483e-03
1.999838459177394334e-03 -4.260748302724898934e-03
2.721674609919344512e-03 -5.431902691103943775e-03
3.554346436871580472e-03 -6.487920597675677498e-03
4.497761398421062928e-03 -7.361725751500396153e-03
5.551814645166519568e-03 -8.159774246035393294e-03
6.716389031571567969e-03 -8.973548572147719421e-03
7.991355128984078959e-03 -9.839468418724548610e-03
9.376571240020115106e-03 -1.076415802610628837e-02
1.087188341431266636e-02 -1.172138421765942483e-02
1.247712546562085301e-02 -1.269607511080128939e-02
1.419211899029970692e-02 -1.368799631213285690e-02
1.601667338712764455e-02 -1.469052884649812291e-02
1.795058587848985532e-02 -1.569030702034812305e-02
1.999364153291383062e-02 -1.667514580424568627e-02
2.214561328895736647e-02 -1.763406538475814980e-02
2.440626198044326678e-02 -1.855662846587964598e-02
2.677533636303963682e-02 -1.943537112165948100e-02
2.925257314218321358e-02 -2.028866291472621389e-02
3.183769700234129196e-02 -2.114584909570695406e-02
3.453042063760936031e-02 -2.200732763966586902e-02
3.733044478364233587e-02 -2.286096803705617991e-02
4.023745825091396000e-02 -2.370291231893908307e-02
4.325113795930202176e-02 -2.453187803434487071e-02
4.637114897399441382e-02 -2.534275142573933631e-02
4.959714454271368922e-02 -2.612977977481950945e-02
5.292876613425423482e-02 -2.688988722775648502e-02
5.636564347832906385e-02 -2.761918154478648635e-02
5.990739460672012129e-02 -2.830829533499646528e-02
6.355362589573076981e-02 -2.895432652359465620e-02
6.730393210993146358e-02 -2.957692695615155715e-02
7.115789644719716645e-02 -3.019311507520859583e-02
7.511509058502996439e-02 -3.080344496690455222e-02
7.917507472816209813e-02 -3.140592682791523704e-02
8.333739765743386485e-02 -3.199840083920426487e-02
8.760159677994161509e-02 -3.257876448585120960e-02
9.196719818044885031e-02 -3.314504970251322402e-02
9.643371667405697956e-02 -3.369538441688422342e-02
1.010006558601274085e-01 -3.422799897225825561e-02
1.056675081774507419e-01 -3.474059174157480973e-02
1.104337549606562163e-01 -3.523029520577007634e-02
1.152988664978553679e-01 -3.569624802619580928e-02
1.202623020895129402e-01 -3.613966503038251732e-02
1.253235101085391490e-01 -3.656178731389105735e-02
1.304819280615971966e-01 -3.696355011297143556e-02
1.357369826516168221e-01 -3.734249365565072559e-02
1.410880898415101115e-01 -3.769426418173126014e-02
1.465346549190801317e-01 -3.802049770062092271e-02
1.520760725631161714e-01 -3.832640728254271822e-02
1.577117269106679265e-01 -3.861637200607227760e-02
1.634409916254914164e-01 -3.889370155080176111e-02
1.692632299676588570e-01 -3.915739787371853853e-02
1.751777948643248317e-01 -3.940493200753027170e-02
1.811840289816407656e-01 -3.963548807568580828e-02
1.872812647978095990e-01 -3.984874446818607169e-02
1.934688246772731102e-01 -4.004384836189660984e-02
1.997460209460230063e-01 -4.021967752462946716e-02
2.061121559680280102e-01 -4.037467106030930702e-02
2.125665222227673956e-01 -4.050773810951335818e-02
2.191084023838638650e-01 -4.061961427319212697e-02
2.257370693988056676e-01 -4.071221482350750875e-02
2.324517865697500740e-01 -4.078959384708463060e-02
2.392518076353984391e-01 -4.085425481393899910e-02
2.461363768539343022e-01 -4.090456398941977323e-02
2.531047290870154232e-01 -4.093910826586871776e-02
2.601560898848094272e-01 -4.095786927065615812e-02
2.672896755720651774e-01 -4.096061718523698325e-02
2.745046933352085494e-01 -4.094657175117703135e-02
2.818003413104546162e-01 -4.091498143243839369e-02
2.891758086729252497e-01 -4.086520128168134175e-02
2.966302757267624823e-01 -4.079683999214653994e-02
3.041629139962280792e-01 -4.070984889134302703e-02
3.117728863177794407e-01 -4.060565266015914165e-02
3.194593469331089564e-01 -4.048687403975239490e-02
3.272214415831418144e-01 -4.035402149023034624e-02
3.350583076029753915e-01 -4.020598448713807310e-02
3.429690740177547825e-01 -4.004229789087693919e-02
3.509528616394713696e-01 -3.986291266710729336e-02
3.590087831646743277e-01 -3.966747079701125195e-02
3.671359432730831873e-01 -3.945545817746081568e-02
3.753334387270930161e-01 -3.922649115856866042e-02
3.836003584721576765e-01 -3.898025016239644452e-02
3.919357837380436083e-01 -3.871643752001043687e-02
4.003387881409395943e-01 -3.843488346181742066e-02
4.088084377864137364e-01 -3.813602346941217386e-02
4.173437913732044313e-01 -3.782028254652816668e-02
4.259439002978354649e-01 -3.748724829980349532e-02
4.346078087600411255e-01 -3.713641145697778312e-02
4.433345538689928977e-01 -3.676767625006169965e-02
4.521231657503131940e-01 -3.638087968779444431e-02
4.609726676538650203e-01 -3.597541950409539890e-02
4.698820760623064752e-01 -3.555092266740724621e-02
4.788504008003974244e-01 -3.510772981621924915e-02
4.878766451450451402e-01 -3.464550862140303861e-02
4.969598059360780251e-01 -3.416238864148075927e-02
5.060988736877365390e-01 -3.365511523740103567e-02
5.152928327008634568e-01 -3.311852795659523535e-02
5.245406611757882365e-01 -3.255076271712890185e-02
5.338413313258880688e-01 -3.195461286705628123e-02
5.431938094918128401e-01 -3.132855246817113637e-02
5.525970562563653488e-01 -3.066572173650023575e-02
5.620500265600203438e-01 -2.996135562195707119e-02
5.715516698170692855e-01 -2.921303718749227243e-02
5.811009300323815019e-01 -2.841822866456098634e-02
5.906967459187653091e-01 -2.757494923002025075e-02
6.003380510149177729e-01 -2.669083232659615751e-02
6.100237738039482327e-01 -2.577946736740712244e-02
6.197528378324663745e-01 -2.484665403683451734e-02
6.295241618302156450e-01 -2.389341630294048238e-02
6.393366598302444581e-01 -2.291976904185540065e-02
6.491892412895989839e-01 -2.192607660196671526e-02
6.590808112105230876e-01 -2.091816841153377321e-02
6.690102702621547603e-01 -1.990256915771754578e-02
6.789765149027036095e-01 -1.887733035769283835e-02
6.889784375020977514e-01 -1.784003397231697166e-02
6.990149264650814542e-01 -1.679912762003617915e-02
7.090848663547572039e-01 -1.576443006800844898e-02
7.191871380165538730e-01 -1.473953532129628798e-02
7.293206187026060050e-01 -1.372605260846170884e-02
7.394841821965345563e-01 -1.272392726272878437e-02
7.496766989386134394e-01 -1.173287975220240614e-02
7.598970361513051053e-01 -1.075286410212963721e-02
7.701440579651563922e-01 -9.784260559350383205e-03
7.804166255450371015e-01 -8.828313290037383826e-03
7.907135972167069760e-01 -7.890054902653740460e-03
8.010338285937002034e-01 -6.980908931754175629e-03
8.113761727045106786e-01 -6.107615328470396114e-03
8.217394801200630372e-01 -5.269026051395853290e-03
8.321225990814590245e-01 -4.464143464063185726e-03
8.425243756279822138e-01 -3.693002827173119847e-03
8.529436537253458628e-01 -2.956940833167294620e-03
8.633792753941731402e-01 -2.258873485821702963e-03
8.738300808386934015e-01 -1.606934087713186507e-03
8.842949085756387495e-01 -1.013234535047735944e-03
8.947725955633289985e-01 -4.814287767345570433e-04
9.052619773309316109e-01 -8.904487228472604448e-06
9.157618881078770645e-01 4.049868890601702391e-04
9.262711609534211021e-01 7.578502937401510346e-04
9.367886278863364335e-01 1.031916876791625758e-03
9.473131200147204556e-01 1.204571576273397691e-03
9.578434676659028923e-01 1.276914289012392014e-03
9.683785005164411430e-01 1.253322759335864008e-03
9.789170477221889044e-01 1.095361358785869061e-03
9.894579380484205267e-01 7.308423212553354781e-04
9.999999999999998890e-01 -6.349880168161075889e-08
