9.999999999999998890e-01 -1.757344437170322691e-10
9.894579380484205267e-01 1.282214688306031582e-03
9.789170477221889044e-01 2.686709685031237263e-03
9.683785005164411430e-01 4.206099697005330658e-03
9.578434676659028923e-01 5.832913296650658365e-03
9.473131200147204556e-01 7.559663509429634214e-03
9.367886278863364335e-01 9.378869203415029360e-03
9.262711609534211021e-01 1.128301398821528190e-02
9.157618881078770645e-01 1.326450017337906656e-02
9.052619773309316109e-01 1.531580836353235546e-02
8.947725955633289985e-01 1.742960330129933455e-02
8.842949085756387495e-01 1.959950951468768937e-02
8.738300808386934015e-01 2.182064083616546551e-02
8.633792753941731402e-01 2.408810607869288009e-02
8.529436537253458628e-01 2.639684187369059978e-02
8.425243756279822138e-01 2.874209957507985885e-02
8.321225990814590245e-01 3.111950758469182732e-02
8.217394801200630372e-01 3.352488826467216187e-02
8.113761727045106786e-01 3.595422547628807780e-02
8.010338285937002034e-01 3.840344350512550631e-02
7.907135972167069760e-01 4.086839223773710422e-02
7.804166255450371015e-01 4.334465549569838788e-02
7.701440579651563922e-01 4.582764966824168923e-02
7.598970361513051053e-01 4.831289898847240805e-02
7.496766989386134394e-01 5.079598767357691724e-02
7.394841821965345563e-01 5.327247587768561138e-02
7.293206187026060050e-01 5.573790996083059779e-02
7.191871380165538730e-01 5.818782322505262200e-02
7.090848663547572039e-01 6.061779267625320294e-02
6.990149264650814542e-01 6.302365225853956421e-02
6.889784375020977514e-01 6.540159047231430822e-02
6.789765149027036095e-01 6.774896495931369278e-02
6.690102702621547603e-01 7.006345989052793766e-02
6.590808112105230876e-01 7.234279712223458392e-02
6.491892412895989839e-01 7.458468963314254796e-02
6.393366598302444581e-01 7.678679958422289509e-02
6.295241618302156450e-01 7.894674362569426007e-02
6.197528378324663745e-01 8.106205064331080401e-02
6.100237738039482327e-01 8.313031397111683707e-02
6.003380510149177729e-01 8.514928492082432521e-02
5.906967459187653091e-01 8.711675650710358487e-02
5.811009300323815019e-01 8.903056151772213711e-02
5.715516698170692855e-01 9.088860260427930604e-02
5.620500265600203438e-01 9.268887986048521266e-02
5.525970562563653488e-01 9.442949599562494578e-02
5.431938094918128401e-01 9.610867621106092273e-02
5.338413313258880688e-01 9.772483251203453736e-02
5.245406611757882365e-01 9.927656564623482671e-02
5.152928327008634568e-01 1.007625857340237463e-01
5.060988736877365390e-01 1.021816924464950815e-01
4.969598059360780251e-01 1.035327251563684797e-01
4.878766451450451402e-01 1.048145521191438667e-01
4.788504008003974244e-01 1.060260657290515857e-01
4.698820760623064752e-01 1.071661832968556910e-01
4.609726676538650203e-01 1.082339134577893491e-01
4.521231657503131940e-01 1.092283504160551089e-01
4.433345538689928977e-01 1.101488612056259059e-01
4.346078087600411255e-01 1.109949523208541011e-01
4.259439002978354649e-01 1.117662641648460020e-01
4.173437913732044313e-01 1.124625551154957992e-01
4.088084377864137364e-01 1.130839145764042930e-01
4.003387881409395943e-01 1.136303743842372871e-01
3.919357837380436083e-01 1.141013730070593868e-01
3.836003584721576765e-01 1.144960376845540473e-01
3.753334387270930161e-01 1.148129613017311590e-01
3.671359432730831873e-01 1.150506819408436132e-01
3.590087831646743277e-01 1.152078734540159244e-01
3.509528616394713696e-01 1.152836700374279683e-01
3.429690740177547825e-01 1.152781781198458505e-01
3.350583076029753915e-01 1.151930480539108403e-01
3.272214415831418144e-01 1.150325105418328331e-01
3.194593469331089564e-01 1.148006737522267451e-01
3.117728863177794407e-01 1.145010403048091208e-01
3.041629139962280792e-01 1.141372167651848596e-01
2.966302757267624823e-01 1.137129713368086603e-01
2.891758086729252497e-01 1.132310334352152198e-01
2.818003413104546162e-01 1.126929852422218353e-01
2.745046933352085494e-01 1.121003085683432432e-01
2.672896755720651774e-01 1.114544543919099850e-01
2.601560898848094272e-01 1.107569985678012875e-01
2.531047290870154232e-01 1.100095993498654140e-01
2.461363768539343022e-01 1.092137342843460673e-01
2.392518076353984391e-01 1.083707110170032961e-01
2.324517865697500740e-01 1.074813625821714191e-01
2.257370693988056676e-01 1.065463010911293640e-01
2.191084023838638650e-01 1.055664239450665315e-01
2.125665222227673956e-01 1.045427603398466909e-01
2.061121559680280102e-01 1.034763394963417599e-01
1.997460209460230063e-01 1.023682597166007402e-01
1.934688246772731102e-01 1.012199699560761001e-01
1.872812647978095990e-01 1.000331193410248787e-01
1.811840289816407656e-01 9.880972957122403921e-02
1.751777948643248317e-01 9.755190823802734057e-02
1.692632299676588570e-01 9.626172549117739674e-02
1.634409916254914164e-01 9.494126402103938989e-02
1.577117269106679265e-01 9.359266468108554116e-02
1.520760725631161714e-01 9.221808552304375239e-02
1.465346549190801317e-01 9.081969300041400905e-02
1.410880898415101115e-01 8.939865414968613255e-02
1.357369826516168221e-01 8.795417643348922565e-02
1.304819280615971966e-01 8.648548279948137241e-02
1.253235101085391490e-01 8.499220146649967556e-02
1.202623020895129402e-01 8.347423763038334943e-02
1.152988664978553679e-01 8.193183681259243178e-02
1.104337549606562163e-01 8.036554630180316183e-02
1.056675081774507419e-01 7.877624546199669953e-02
1.010006558601274085e-01 7.716502843547179413e-02
9.643371667405697956e-02 7.553319860255461315e-02
9.196719818044885031e-02 7.388233607188492147e-02
8.760159677994161509e-02 7.221424133275687607e-02
8.333739765743386485e-02 7.053068939363112133e-02
7.917507472816209813e-02 6.883351440668211696e-02
7.511509058502996439e-02 6.712538948183012499e-02
7.115789644719716645e-02 6.540903381519415360e-02
6.730393210993146358e-02 6.368348286330949293e-02
6.355362589573076981e-02 6.194604263719050846e-02
5.990739460672012129e-02 6.019459164215955338e-02
5.636564347832906385e-02 5.842749193493862458e-02
5.292876613425423482e-02 5.664443828907730211e-02
4.959714454271368922e-02 5.484597555274732528e-02
4.637114897399441382e-02 5.303443252932429908e-02
4.325113795930202176e-02 5.121314510025384154e-02
4.023745825091396000e-02 4.938732172458772801e-02
3.733044478364233587e-02 4.756289492063935781e-02
3.453042063760936031e-02 4.574668327080173152e-02
3.183769700234129196e-02 4.394480044311590422e-02
2.925257314218321358e-02 4.216116505896200933e-02
2.677533636303963682e-02 4.040164796652797458e-02
2.440626198044326678e-02 3.867683386699200671e-02
2.214561328895736647e-02 3.698745262378272392e-02
1.999364153291383062e-02 3.531568121112956676e-02
1.795058587848985532e-02 3.363582345845155669e-02
1.601667338712764455e-02 3.191385549584157405e-02
1.419211899029970692e-02 3.013447231850215416e-02
1.247712546562085301e-02 2.830645029445380198e-02
1.087188341431266636e-02 2.643623179564748987e-02
9.376571240020115106e-03 2.453010011955145814e-02
7.991355128984078959e-03 2.266720598755705973e-02
6.716389031571567969e-03 2.097943288583250035e-02
5.551814645166519568e-03 1.942634271697137385e-02
4.497761398421062928e-03 1.783528971156846804e-02
3.554346436871580472e-03 1.601418302861651322e-02
2.721674609919344512e-03 1.378732711065108751e-02
1.999838459177394334e-03 1.121861165548129410e-02
1.388918208186096237e-03 8.501222733189954181e-03
8.889817534969424173e-04 5.847758386066517072e-03
5.000846571264760954e-04 3.477598637024627640e-03
2.222701403818971855e-04 1.602548231800695689e-03
5.556907905679420168e-05 4.119919767901402069e-04
0.000000000000000000e+00 -1.232568339295733760e-07
0.000000000000000000e+00 -2.932479465778377045e-10
5.556907905679420168e-05 -2.095768689370924192e-04
2.222701403818971855e-04 -8.280389713664168972e-04
5.000846571264760954e-04 -1.825429888753387665e-03
8.889817534969424173e-04 -3.152197366761914921e-03
1.388918208186096237e-03 -4.748235748320743001e-03
1.999838459177394334e-03 -6.535671056919959039e-03
2.721674609919344512e-03 -8.435465012388959280e-03
3.554346436871580472e-03 -1.037278353929942977e-02
4.497761398421062928e-03 -1.227901225650506953e-02
5.551814645166519568e-03 -1.409675967121475082e-02
6.716389031571567969e-03 -1.580446518591677174e-02
7.991355128984078959e-03 -1.743582096433720849e-02
9.376571240020115106e-03 -1.904173124853250978e-02
1.087188341431266636e-02 -2.068766470295474100e-02
1.247712546562085301e-02 -2.238548377718136556e-02
1.419211899029970692e-02 -2.408650763046898610e-02
1.601667338712764455e-02 -2.576203599208964565e-02
1.795058587848985532e-02 -2.740556822196470177e-02
1.999364153291383062e-02 -2.901280707326793495e-02
2.214561328895736647e-02 -3.058162450960234813e-02
2.440626198044326678e-02 -3.212360531191227331e-02
2.677533636303963682e-02 -3.365883660770419700e-02
2.925257314218321358e-02 -3.520028831149204368e-02
3.183769700234129196e-02 -3.675546433518481204e-02
3.453042063760936031e-02 -3.832132701635658500e-02
3.733044478364233587e-02 -3.989047267894964277e-02
4.023745825091396000e-02 -4.145944074688870384e-02
4.325113795930202176e-02 -4.302616466750282948e-02
4.637114897399441382e-02 -4.458764740760679662e-02
4.959714454271368922e-02 -4.614096787215608148e-02
5.292876613425423482e-02 -4.768485720122377786e-02
5.636564347832906385e-02 -4.921829821878450500e-02
5.990739460672012129e-02 -5.073958033242781385e-02
6.355362589573076981e-02 -5.224709579560565809e-02
6.730393210993146358e-02 -5.373999374254730815e-02
7.115789644719716645e-02 -5.521807467392784302e-02
7.511509058502996439e-02 -5.668238635862736519e-02
7.917507472816209813e-02 -5.813366934199767910e-02
8.333739765743386485e-02 -5.957165207799498818e-02
8.760159677994161509e-02 -6.099526757187827969e-02
9.196719818044885031e-02 -6.240231251066506030e-02
9.643371667405697956e-02 -6.379094976031672581e-02
1.010006558601274085e-01 -6.516002421313540904e-02
1.056675081774507419e-01 -6.650839816272578753e-02
1.104337549606562163e-01 -6.783490001841242789e-02
1.152988664978553679e-01 -6.913855620920862644e-02
1.202623020895129402e-01 -7.041861577671172656e-02
1.253235101085391490e-01 -7.167466757296328539e-02
1.304819280615971966e-01 -7.290659465882634582e-02
1.357369826516168221e-01 -7.411443056107785976e-02
1.410880898415101115e-01 -7.529838363846981519e-02
1.465346549190801317e-01 -7.645944548724266376e-02
1.520760725631161714e-01 -7.759893192630430703e-02
1.577117269106679265e-01 -7.871686339642933183e-02
1.634409916254914164e-01 -7.981241822006106268e-02
1.692632299676588570e-01 -8.088353068506645704e-02
1.751777948643248317e-01 -8.192768209272624502e-02
1.811840289816407656e-01 -8.294277621454200500e-02
1.872812647978095990e-01 -8.392680299646171349e-02
1.934688246772731102e-01 -8.487745391235140824e-02
1.997460209460230063e-01 -8.579242195048548958e-02
2.061121559680280102e-01 -8.666974153540286940e-02
2.125665222227673956e-01 -8.750777646542343136e-02
2.191084023838638650e-01 -8.830567456772914214e-02
2.257370693988056676e-01 -8.906271773615394294e-02
2.324517865697500740e-01 -8.977813366649364801e-02
2.392518076353984391e-01 -9.045129701039884840e-02
2.461363768539343022e-01 -9.108192056582253837e-02
2.531047290870154232e-01 -9.166955532563031417e-02
2.601560898848094272e-01 -9.221336972902090257e-02
2.672896755720651774e-01 -9.271218406396276868e-02
2.745046933352085494e-01 -9.316434826548376791e-02
2.818003413104546162e-01 -9.356823224653498805e-02
2.891758086729252497e-01 -9.392228734237401122e-02
2.966302757267624823e-01 -9.422508013299657481e-02
3.041629139962280792e-01 -9.447523973312811629e-02
3.117728863177794407e-01 -9.467026386971194585e-02
3.194593469331089564e-01 -9.480660843313340469e-02
3.272214415831418144e-01 -9.488073880869937748e-02
3.350583076029753915e-01 -9.488910074786612026e-02
3.429690740177547825e-01 -9.482746695407803794e-02
3.509528616394713696e-01 -9.469142562702724530e-02
3.590087831646743277e-01 -9.447895732203544228e-02
3.671359432730831873e-01 -9.418957462908152112e-02
3.753334387270930161e-01 -9.382444882089971405e-02
3.836003584721576765e-01 -9.338550044174148690e-02
3.919357837380436083e-01 -9.287462695139629687e-02
4.003387881409395943e-01 -9.229362913455493866e-02
4.088084377864137364e-01 -9.164387086159991869e-02
4.173437913732044313e-01 -9.092636207133827919e-02
4.259439002978354649e-01 -9.014121377384498590e-02
4.346078087600411255e-01 -8.928841501444709228e-02
4.433345538689928977e-01 -8.836833735024406111e-02
4.521231657503131940e-01 -8.738149774950347559e-02
4.609726676538650203e-01 -8.632859374171607258e-02
4.698820760623064752e-01 -8.521051958057386522e-02
4.788504008003974244e-01 -8.402855756400749720e-02
4.878766451450451402e-01 -8.278408000121473265e-02
4.969598059360780251e-01 -8.147852671546913783e-02
5.060988736877365390e-01 -8.011335159298560438e-02
5.152928327008634568e-01 -7.869001897625275965e-02
5.245406611757882365e-01 -7.721000402606278956e-02
5.338413313258880688e-01 -7.567479857394572573e-02
5.431938094918128401e-01 -7.408598902575397327e-02
5.525970562563653488e-01 -7.244528296263157141e-02
5.620500265600203438e-01 -7.075466569694406627e-02
5.715516698170692855e-01 -6.901639860516724234e-02
5.811009300323815019e-01 -6.723290618921821948e-02
5.906967459187653091e-01 -6.540674225600605352e-02
6.003380510149177729e-01 -6.354050721946576108e-02
6.100237738039482327e-01 -6.163681889668128078e-02
6.197528378324663745e-01 -5.969816702215920839e-02
6.295241618302156450e-01 -5.772698301584758274e-02
6.393366598302444581e-01 -5.572584038070990675e-02
6.491892412895989839e-01 -5.369738288351509625e-02
6.590808112105230876e-01 -5.164425364438259697e-02
6.690102702621547603e-01 -4.956909811277022265e-02
6.789765149027036095e-01 -4.747457704567701470e-02
6.889784375020977514e-01 -4.536337928726090485e-02
6.990149264650814542e-01 -4.323829655266768490e-02
7.090848663547572039e-01 -4.110257217295888721e-02
7.191871380165538730e-01 -3.896101376618733847e-02
7.293206187026060050e-01 -3.681891431672529996e-02
7.394841821965345563e-01 -3.468194356723357935e-02
7.496766989386134394e-01 -3.255562466897210516e-02
7.598970361513051053e-01 -3.044492661859771881e-02
7.701440579651563922e-01 -2.835436249039810161e-02
7.804166255450371015e-01 -2.628766774364009462e-02
7.907135972167069760e-01 -2.424860726484945328e-02
8.010338285937002034e-01 -2.224118875310438642e-02
8.113761727045106786e-01 -2.027036310005913070e-02
8.217394801200630372e-01 -1.834245805825202025e-02
8.321225990814590245e-01 -1.646443750608021436e-02
8.425243756279822138e-01 -1.464388006210630595e-02
8.529436537253458628e-01 -1.288736164941805401e-02
8.633792753941731402e-01 -1.120030068637839840e-02
8.738300808386934015e-01 -9.586953819553559186e-03
8.842949085756387495e-01 -8.050572433847238280e-03
8.947725955633289985e-01 -6.594088360353959899e-03
9.052619773309316109e-01 -5.221193897617132373e-03
9.157618881078770645e-01 -3.946552272476843044e-03
9.262711609534211021e-01 -2.791863559328382986e-03
9.367886278863364335e-01 -1.779993332454835693e-03
9.473131200147204556e-01 -9.343059986343403350e-04
9.578434676659028923e-01 -2.777329789740872238e-04
9.683785005164411430e-01 1.669503628446325060e-04
9.789170477221889044e-01 3.767475548561962295e-04
9.894579380484205267e-01 3.286516762373746991e-04
9.999999999999998890e-01 1.081583707783646358e-09
