9.999999999999998890e-01 -2.000326444467683332e-03
9.894579380484205267e-01 -6.257035750739411810e-04
9.789170477221889044e-01 1.005363995108008585e-03
9.683785005164411430e-01 2.805276681842432118e-03
9.578434676659028923e-01 4.728739892260452188e-03
9.473131200147204556e-01 6.744012309222779944e-03
9.367886278863364335e-01 8.832586810718575515e-03
9.262711609534211021e-01 1.098032287785790512e-02
9.157618881078770645e-01 1.317791257599214456e-02
9.052619773309316109e-01 1.541644307807292329e-02
8.947725955633289985e-01 1.768650550188233250e-02
8.842949085756387495e-01 1.997957228078784536e-02
8.738300808386934015e-01 2.228862182741890227e-02
8.633792753941731402e-01 2.460750299323042137e-02
8.529436537253458628e-01 2.693106645445941458e-02
8.425243756279822138e-01 2.925469348864509489e-02
8.321225990814590245e-01 3.157430738733906644e-02
8.217394801200630372e-01 3.388631844381116698e-02
8.113761727045106786e-01 3.618757419995966701e-02
8.010338285937002034e-01 3.847495149718995616e-02
7.907135972167069760e-01 4.074534860521383806e-02
7.804166255450371015e-01 4.299581017050781162e-02
7.701440579651563922e-01 4.522350120747363478e-02
7.598970361513051053e-01 4.742580132466768517e-02
7.496766989386134394e-01 4.960023427429722381e-02
7.394841821965345563e-01 5.174451012945138761e-02
7.293206187026060050e-01 5.385645534153532532e-02
7.191871380165538730e-01 5.593408030210041820e-02
7.090848663547572039e-01 5.797555934758759355e-02
6.990149264650814542e-01 5.997954784084415236e-02
6.889784375020977514e-01 6.194484596112356800e-02
6.789765149027036095e-01 6.387019882432111439e-02
6.690102702621547603e-01 6.575431459973971049e-02
6.590808112105230876e-01 6.759582301029386231e-02
6.491892412895989839e-01 6.939334857065111717e-02
6.393366598302444581e-01 7.114555185925605651e-02
6.295241618302156450e-01 7.285113447753580052e-02
6.197528378324663745e-01 7.450888216116886842e-02
6.100237738039482327e-01 7.611762118347574491e-02
6.003380510149177729e-01 7.767623525571815124e-02
5.906967459187653091e-01 7.918366001133747556e-02
5.811009300323815019e-01 8.063890585058915150e-02
5.715516698170692855e-01 8.204090159973789764e-02
5.620500265600203438e-01 8.338845069779701746e-02
5.525970562563653488e-01 8.468041010944314662e-02
5.431938094918128401e-01 8.591571555657524784e-02
5.338413313258880688e-01 8.709336544386861445e-02
5.245406611757882365e-01 8.821242447980329193e-02
5.152928327008634568e-01 8.927208718623140526e-02
5.060988736877365390e-01 9.027165641481760261e-02
4.969598059360780251e-01 9.121042714561508613e-02
4.878766451450451402e-01 9.208773002837486454e-02
4.788504008003974244e-01 9.290336811889159108e-02
4.698820760623064752e-01 9.365746212623407563e-02
4.609726676538650203e-01 9.435039458418013891e-02
4.521231657503131940e-01 9.498267638666929580e-02
4.433345538689928977e-01 9.555479735599298197e-02
4.346078087600411255e-01 9.606725490301733228e-02
4.259439002978354649e-01 9.652064328685713845e-02
4.173437913732044313e-01 9.691559899457760641e-02
4.088084377864137364e-01 9.725279584925919374e-02
4.003387881409395943e-01 9.753293012609073886e-02
3.919357837380436083e-01 9.775674255667053669e-02
3.836003584721576765e-01 9.792493254570201755e-02
3.753334387270930161e-01 9.803803464267552004e-02
3.671359432730831873e-01 9.809659127261934064e-02
3.590087831646743277e-01 9.810125108229306168e-02
3.509528616394713696e-01 9.805267657816495175e-02
3.429690740177547825e-01 9.795152214298105675e-02
3.350583076029753915e-01 9.779836318690593444e-02
3.272214415831418144e-01 9.759363402970841483e-02
3.194593469331089564e-01 9.733782827188225406e-02
3.117728863177794407e-01 9.703155423115077116e-02
3.041629139962280792e-01 9.667545564581085660e-02
2.966302757267624823e-01 9.627020982320783071e-02
2.891758086729252497e-01 9.581650513093309396e-02
2.818003413104546162e-01 9.531504400714599368e-02
2.745046933352085494e-01 9.476661717563159004e-02
2.672896755720651774e-01 9.417209690697984914e-02
2.601560898848094272e-01 9.353237176584211499e-02
2.531047290870154232e-01 9.284833357841218437e-02
2.461363768539343022e-01 9.212079123438314532e-02
2.392518076353984391e-01 9.135051847196275221e-02
2.324517865697500740e-01 9.053846807186295698e-02
2.257370693988056676e-01 8.968567930059348492e-02
2.191084023838638650e-01 8.879310054642125527e-02
2.125665222227673956e-01 8.786159750765849819e-02
2.061121559680280102e-01 8.689178512548192956e-02
1.997460209460230063e-01 8.588423054834244674e-02
1.934688246772731102e-01 8.483974191168977552e-02
1.872812647978095990e-01 8.375922124193525831e-02
1.811840289816407656e-01 8.264364472413157636e-02
1.751777948643248317e-01 8.149401350029514268e-02
1.692632299676588570e-01 8.031134827301958379e-02
1.634409916254914164e-01 7.909674455681724170e-02
1.577117269106679265e-01 7.785149769814179999e-02
1.520760725631161714e-01 7.657693902426365717e-02
1.465346549190801317e-01 7.527440020788819797e-02
1.410880898415101115e-01 7.394499328871251276e-02
1.357369826516168221e-01 7.258940195747522195e-02
1.304819280615971966e-01 7.120844503456334740e-02
1.253235101085391490e-01 6.980324712394124498e-02
1.202623020895129402e-01 6.837503326327884490e-02
1.152988664978553679e-01 6.692512525879432128e-02
1.104337549606562163e-01 6.545476210338412038e-02
1.056675081774507419e-01 6.396508317592242143e-02
1.010006558601274085e-01 6.245734139396613011e-02
9.643371667405697956e-02 6.093292820564241707e-02
9.196719818044885031e-02 5.939359407949118541e-02
8.760159677994161509e-02 5.784127780616422909e-02
8.333739765743386485e-02 5.627655562399245387e-02
7.917507472816209813e-02 5.469909248661301848e-02
7.511509058502996439e-02 5.310902494719065003e-02
7.115789644719716645e-02 5.150682252240455089e-02
6.730393210993146358e-02 4.989332255749219514e-02
6.355362589573076981e-02 4.826970145373909310e-02
5.990739460672012129e-02 4.663820625434113992e-02
5.636564347832906385e-02 4.500144520224342443e-02
5.292876613425423482e-02 4.336160235930321127e-02
4.959714454271368922e-02 4.172118106082962213e-02
4.637114897399441382e-02 4.008477137924647965e-02
4.325113795930202176e-02 3.845608784868503188e-02
4.023745825091396000e-02 3.683343509025915202e-02
3.733044478364233587e-02 3.521278415874170425e-02
3.453042063760936031e-02 3.358680655744113175e-02
3.183769700234129196e-02 3.194927961014525086e-02
2.925257314218321358e-02 3.029837481309995487e-02
2.677533636303963682e-02 2.863473783600102920e-02
2.440626198044326678e-02 2.696285164574866236e-02
2.214561328895736647e-02 2.529327310170015677e-02
1.999364153291383062e-02 2.364633976888576988e-02
1.795058587848985532e-02 2.203916695427252104e-02
1.601667338712764455e-02 2.048264836816053244e-02
1.419211899029970692e-02 1.898835336082910219e-02
1.247712546562085301e-02 1.756796632763001423e-02
1.087188341431266636e-02 1.619900030731834945e-02
9.376571240020115106e-03 1.482413374076124550e-02
7.991355128984078959e-03 1.340711792310806880e-02
6.716389031571567969e-03 1.193334392394525441e-02
5.551814645166519568e-03 1.040904130391898282e-02
4.497761398421062928e-03 8.856395100166692194e-03
3.554346436871580472e-03 7.307801106146444119e-03
2.721674609919344512e-03 5.802250968760497285e-03
1.999838459177394334e-03 4.382330089143126294e-03
1.388918208186096237e-03 3.092000384193512204e-03
8.889817534969424173e-04 1.971805398351355893e-03
5.000846571264760954e-04 1.059369545072230733e-03
2.222701403818971855e-04 3.840008645477113172e-04
5.556907905679420168e-05 -3.024610660073721109e-05
0.000000000000000000e+00 -1.700341610302635647e-04
0.000000000000000000e+00 -2.030175141155239951e-04
5.556907905679420168e-05 -8.225404733951308979e-04
2.222701403818971855e-04 -2.476127358711026436e-03
5.000846571264760954e-04 -4.391082453014817644e-03
8.889817534969424173e-04 -5.955799954392586130e-03
1.388918208186096237e-03 -6.860275454801041325e-03
1.999838459177394334e-03 -7.525246403982176896e-03
2.721674609919344512e-03 -8.305400087257599692e-03
3.554346436871580472e-03 -9.126966238139964591e-03
4.497761398421062928e-03 -9.907863576676129852e-03
5.551814645166519568e-03 -1.066168226265892978e-02
6.716389031571567969e-03 -1.139996121746356811e-02
7.991355128984078959e-03 -1.211454544489967526e-02
9.376571240020115106e-03 -1.281501685611440185e-02
1.087188341431266636e-02 -1.353614060260414226e-02
1.247712546562085301e-02 -1.428899991055231425e-02
1.419211899029970692e-02 -1.505645962548935249e-02
1.601667338712764455e-02 -1.583016306061422324e-02
1.795058587848985532e-02 -1.661122796566115792e-02
1.999364153291383062e-02 -1.739598968287460815e-02
2.214561328895736647e-02 -1.817694663607953912e-02
2.440626198044326678e-02 -1.895031730675776974e-02
2.677533636303963682e-02 -1.971483471041278468e-02
2.925257314218321358e-02 -2.046851716246875230e-02
3.183769700234129196e-02 -2.120923896929045871e-02
3.453042063760936031e-02 -2.193715645044556212e-02
3.733044478364233587e-02 -2.265372575925149110e-02
4.023745825091396000e-02 -2.336178223635407974e-02
4.325113795930202176e-02 -2.406406256864774759e-02
4.637114897399441382e-02 -2.475992941145433585e-02
4.959714454271368922e-02 -2.544760732035860132e-02
5.292876613425423482e-02 -2.612518180326060813e-02
5.636564347832906385e-02 -2.679082574038660347e-02
5.990739460672012129e-02 -2.744315620913751960e-02
6.355362589573076981e-02 -2.808095903032596999e-02
6.730393210993146358e-02 -2.870322614201202896e-02
7.115789644719716645e-02 -2.930917544949338677e-02
7.511509058502996439e-02 -2.989848489345459451e-02
7.917507472816209813e-02 -3.047104425230610578e-02
8.333739765743386485e-02 -3.102703918733675306e-02
8.760159677994161509e-02 -3.156707590183562007e-02
9.196719818044885031e-02 -3.209240064794539188e-02
9.643371667405697956e-02 -3.260357802134113137e-02
1.010006558601274085e-01 -3.310010362287167662e-02
1.056675081774507419e-01 -3.358128942028739544e-02
1.104337549606562163e-01 -3.404633278358686066e-02
1.152988664978553679e-01 -3.449461152774375983e-02
1.202623020895129402e-01 -3.492569841751015647e-02
1.253235101085391490e-01 -3.533924577504928000e-02
1.304819280615971966e-01 -3.573498091460990816e-02
1.357369826516168221e-01 -3.611282493700888191e-02
1.410880898415101115e-01 -3.647284851789212717e-02
1.465346549190801317e-01 -3.681524104644064155e-02
1.520760725631161714e-01 -3.714029696390106633e-02
1.577117269106679265e-01 -3.744861016178273327e-02
1.634409916254914164e-01 -3.774081470271592464e-02
1.692632299676588570e-01 -3.801676384564130207e-02
1.751777948643248317e-01 -3.827596162791489093e-02
1.811840289816407656e-01 -3.851781858267169095e-02
1.872812647978095990e-01 -3.874173429057151813e-02
1.934688246772731102e-01 -3.894720961391431868e-02
1.997460209460230063e-01 -3.913378087611536771e-02
2.061121559680280102e-01 -3.930100700584947954e-02
2.125665222227673956e-01 -3.944847395571852988e-02
2.191084023838638650e-01 -3.957583617078673510e-02
2.257370693988056676e-01 -3.968277968554233953e-02
2.324517865697500740e-01 -3.976903805899485028e-02
2.392518076353984391e-01 -3.983438158885853342e-02
2.461363768539343022e-01 -3.987864430692616979e-02
2.531047290870154232e-01 -3.990169702666285928e-02
2.601560898848094272e-01 -3.990346314842835307e-02
2.672896755720651774e-01 -3.988391436204270779e-02
2.745046933352085494e-01 -3.984308876155349954e-02
2.818003413104546162e-01 -3.978106331544564722e-02
2.891758086729252497e-01 -3.969796056848695631e-02
2.966302757267624823e-01 -3.959397539114220543e-02
3.041629139962280792e-01 -3.946937899575348602e-02
3.117728863177794407e-01 -3.932446062916290785e-02
3.194593469331089564e-01 -3.915953266312087455e-02
3.272214415831418144e-01 -3.897506000574268992e-02
3.350583076029753915e-01 -3.877160425612363043e-02
3.429690740177547825e-01 -3.854948019272579768e-02
3.509528616394713696e-01 -3.830880186577507313e-02
3.590087831646743277e-01 -3.804932693908682356e-02
3.671359432730831873e-01 -3.777063498319702811e-02
3.753334387270930161e-01 -3.747242209920226275e-02
3.836003584721576765e-01 -3.715443225814679673e-02
3.919357837380436083e-01 -3.681637009424586215e-02
4.003387881409395943e-01 -3.645793290000354236e-02
4.088084377864137364e-01 -3.607885716908961621e-02
4.173437913732044313e-01 -3.567889209534046147e-02
4.259439002978354649e-01 -3.525778823657615274e-02
4.346078087600411255e-01 -3.481530149464438090e-02
4.433345538689928977e-01 -3.435120486921530020e-02
4.521231657503131940e-01 -3.386528167245518584e-02
4.609726676538650203e-01 -3.335733404686349463e-02
4.698820760623064752e-01 -3.282716723158792677e-02
4.788504008003974244e-01 -3.227458618766518295e-02
4.878766451450451402e-01 -3.169942255623672822e-02
4.969598059360780251e-01 -3.110156607377491736e-02
5.060988736877365390e-01 -3.048131288552479584e-02
5.152928327008634568e-01 -2.983961707982755659e-02
5.245406611757882365e-01 -2.917751169211465351e-02
5.338413313258880688e-01 -2.849605608446856286e-02
5.431938094918128401e-01 -2.779636392997118441e-02
5.525970562563653488e-01 -2.707961180083275077e-02
5.620500265600203438e-01 -2.634701840091392341e-02
5.715516698170692855e-01 -2.559984350218908258e-02
5.811009300323815019e-01 -2.483939946358868986e-02
5.906967459187653091e-01 -2.406704434310725366e-02
6.003380510149177729e-01 -2.328418162097941127e-02
6.100237738039482327e-01 -2.249225081764877690e-02
6.197528378324663745e-01 -2.169274522543215844e-02
6.295241618302156450e-01 -2.088719420569549665e-02
6.393366598302444581e-01 -2.007716735562451241e-02
6.491892412895989839e-01 -1.926426302770265289e-02
6.590808112105230876e-01 -1.845014089671564647e-02
6.690102702621547603e-01 -1.763648849542805500e-02
6.789765149027036095e-01 -1.682500845204067813e-02
6.889784375020977514e-01 -1.601743221496613329e-02
6.990149264650814542e-01 -1.521559783541192798e-02
7.090848663547572039e-01 -1.442128408881063369e-02
7.191871380165538730e-01 -1.363593957535853482e-02
7.293206187026060050e-01 -1.286091183054883721e-02
7.394841821965345563e-01 -1.209747300156212638e-02
7.496766989386134394e-01 -1.134689276162356014e-02
7.598970361513051053e-01 -1.061047088453310333e-02
7.701440579651563922e-01 -9.889530554645954707e-03
7.804166255450371015e-01 -9.185434008649412049e-03
7.907135972167069760e-01 -8.499512578051168429e-03
8.010338285937002034e-01 -7.833036235613642997e-03
8.113761727045106786e-01 -7.187368832144757150e-03
8.217394801200630372e-01 -6.564016537454253619e-03
8.321225990814590245e-01 -5.964278734586903399e-03
8.425243756279822138e-01 -5.389218114262453972e-03
8.529436537253458628e-01 -4.840791673669933744e-03
8.633792753941731402e-01 -4.321910898673799427e-03
8.738300808386934015e-01 -3.835449173540902458e-03
8.842949085756387495e-01 -3.384250410909013951e-03
8.947725955633289985e-01 -2.971800519235883158e-03
9.052619773309316109e-01 -2.601941564357501246e-03
9.157618881078770645e-01 -2.277100310233841872e-03
9.262711609534211021e-01 -1.999134683170335474e-03
9.367886278863364335e-01 -1.772862493014029607e-03
9.473131200147204556e-01 -1.603735107973106163e-03
9.578434676659028923e-01 -1.490391882213599681e-03
9.683785005164411430e-01 -1.433206641827247836e-03
9.789170477221889044e-01 -1.460696626949595581e-03
9.894579380484205267e-01 -1.621413084410003660e-03
9.999999999999998890e-01 -2.011079882114831085e-03
