9.999999999999998890e-01 1.799021631433387767e-04
9.894579380484205267e-01 1.355489888775626532e-03
9.789170477221889044e-01 2.529504778435052656e-03
9.683785005164411430e-01 3.702145996837919503e-03
9.578434676659028923e-01 4.873727738123750063e-03
9.473131200147204556e-01 6.044540915638653596e-03
9.367886278863364335e-01 7.214748937769445425e-03
9.262711609534211021e-01 8.384583327132343056e-03
9.157618881078770645e-01 9.554476803356980880e-03
9.052619773309316109e-01 1.072468620590272606e-02
8.947725955633289985e-01 1.189507484578038177e-02
8.842949085756387495e-01 1.306494425621700615e-02
8.738300808386934015e-01 1.423275709558681837e-02
8.633792753941731402e-01 1.539625295574397271e-02
8.529436537253458628e-01 1.655240946870443000e-02
8.425243756279822138e-01 1.770118886512495743e-02
8.321225990814590245e-01 1.884608373330230735e-02
8.217394801200630372e-01 1.999290896281977203e-02
8.113761727045106786e-01 2.114945203862734352e-02
8.010338285937002034e-01 2.232261284971081769e-02
7.907135972167069760e-01 2.351815444455249149e-02
7.804166255450371015e-01 2.473735350799942737e-02
7.701440579651563922e-01 2.597863662851458005e-02
7.598970361513051053e-01 2.724200689885574941e-02
7.496766989386134394e-01 2.852765879140407163e-02
7.394841821965345563e-01 2.982998261695318440e-02
7.293206187026060050e-01 3.113996404747623042e-02
7.191871380165538730e-01 3.244444118378594921e-02
7.090848663547572039e-01 3.372898155267466114e-02
6.990149264650814542e-01 3.498106031417870521e-02
6.889784375020977514e-01 3.619072277360645129e-02
6.789765149027036095e-01 3.735641971279343720e-02
6.690102702621547603e-01 3.847892402842528758e-02
6.590808112105230876e-01 3.955918905677862502e-02
6.491892412895989839e-01 4.059817679877924385e-02
6.393366598302444581e-01 4.159675698335506960e-02
6.295241618302156450e-01 4.255583357872766426e-02
6.197528378324663745e-01 4.347643474071366532e-02
6.100237738039482327e-01 4.435955440915587827e-02
6.003380510149177729e-01 4.520608294421740031e-02
5.906967459187653091e-01 4.601718753628218639e-02
5.811009300323815019e-01 4.679453161347692236e-02
5.715516698170692855e-01 4.753998337713697536e-02
5.620500265600203438e-01 4.825562680094714479e-02
5.525970562563653488e-01 4.894328419677908271e-02
5.431938094918128401e-01 4.960432626133672029e-02
5.338413313258880688e-01 5.023736461524390406e-02
5.245406611757882365e-01 5.083822743710559450e-02
5.152928327008634568e-01 5.140266092396932746e-02
5.060988736877365390e-01 5.192651419177449212e-02
4.969598059360780251e-01 5.240654075784147159e-02
4.878766451450451402e-01 5.284039248055190374e-02
4.788504008003974244e-01 5.322836716748323427e-02
4.698820760623064752e-01 5.357229635062348699e-02
4.609726676538650203e-01 5.387344638093478216e-02
4.521231657503131940e-01 5.413284179503803639e-02
4.433345538689928977e-01 5.435191061267629492e-02
4.346078087600411255e-01 5.453229771530049286e-02
4.259439002978354649e-01 5.467589933421725806e-02
4.173437913732044313e-01 5.478465257721409909e-02
4.088084377864137364e-01 5.486027135150178813e-02
4.003387881409395943e-01 5.490450324922886011e-02
3.919357837380436083e-01 5.491947637505253943e-02
3.836003584721576765e-01 5.490753724357923249e-02
3.753334387270930161e-01 5.487143475801269099e-02
3.671359432730831873e-01 5.481397650444509717e-02
3.590087831646743277e-01 5.473791376169034884e-02
3.509528616394713696e-01 5.464570067494427946e-02
3.429690740177547825e-01 5.453915139279578300e-02
3.350583076029753915e-01 5.441894842627360146e-02
3.272214415831418144e-01 5.428386535067197122e-02
3.194593469331089564e-01 5.413275634092413330e-02
3.117728863177794407e-01 5.396490967924222337e-02
3.041629139962280792e-01 5.377959482882053305e-02
2.966302757267624823e-01 5.357601870836142810e-02
2.891758086729252497e-01 5.335363445350115030e-02
2.818003413104546162e-01 5.311216956440183851e-02
2.745046933352085494e-01 5.285138919806974672e-02
2.672896755720651774e-01 5.257108769307055479e-02
2.601560898848094272e-01 5.227116956446221929e-02
2.531047290870154232e-01 5.195162208726052805e-02
2.461363768539343022e-01 5.161241108577677844e-02
2.392518076353984391e-01 5.125348245559335769e-02
2.324517865697500740e-01 5.087473969566018439e-02
2.257370693988056676e-01 5.047607497860521347e-02
2.191084023838638650e-01 5.005746934556752625e-02
2.125665222227673956e-01 4.961896976113836649e-02
2.061121559680280102e-01 4.916077833778312312e-02
1.997460209460230063e-01 4.868312426159258910e-02
1.934688246772731102e-01 4.818607513716301194e-02
1.872812647978095990e-01 4.766960327908598138e-02
1.811840289816407656e-01 4.713349679053303876e-02
1.751777948643248317e-01 4.657756671786024427e-02
1.692632299676588570e-01 4.600186666270415087e-02
1.634409916254914164e-01 4.540653542975815748e-02
1.577117269106679265e-01 4.479180634538157402e-02
1.520760725631161714e-01 4.415799113302228823e-02
1.465346549190801317e-01 4.350554711241599870e-02
1.410880898415101115e-01 4.283499931405011785e-02
1.357369826516168221e-01 4.214696554269880407e-02
1.304819280615971966e-01 4.144213746450732538e-02
1.253235101085391490e-01 4.072131177395978824e-02
1.202623020895129402e-01 3.998535019434765192e-02
1.152988664978553679e-01 3.923519299684315870e-02
1.104337549606562163e-01 3.847184866707263617e-02
1.056675081774507419e-01 3.769640062291279570e-02
1.010006558601274085e-01 3.690998093427320936e-02
9.643371667405697956e-02 3.611372410632247149e-02
9.196719818044885031e-02 3.530807184177820607e-02
8.760159677994161509e-02 3.449291307500314263e-02
8.333739765743386485e-02 3.366842653484142939e-02
7.917507472816209813e-02 3.283502062258168014e-02
7.511509058502996439e-02 3.199326034938816676e-02
7.115789644719716645e-02 3.114381641053327529e-02
6.730393210993146358e-02 3.028749432544141154e-02
6.355362589573076981e-02 2.942516603765321995e-02
5.990739460672012129e-02 2.855770799414834513e-02
5.636564347832906385e-02 2.768613609291076944e-02
5.292876613425423482e-02 2.681222044090354403e-02
4.959714454271368922e-02 2.593763449185268813e-02
4.637114897399441382e-02 2.506246294051583945e-02
4.325113795930202176e-02 2.418605895392948735e-02
4.023745825091396000e-02 2.330672096189782827e-02
3.733044478364233587e-02 2.242307801074849491e-02
3.453042063760936031e-02 2.153551295839178578e-02
3.183769700234129196e-02 2.064488475189613093e-02
2.925257314218321358e-02 1.975241667359582329e-02
2.677533636303963682e-02 1.885993747888429703e-02
2.440626198044326678e-02 1.797040355249832078e-02
2.214561328895736647e-02 1.708440241655152791e-02
1.999364153291383062e-02 1.619812192699044556e-02
1.795058587848985532e-02 1.530898142650952316e-02
1.601667338712764455e-02 1.441693380330391454e-02
1.419211899029970692e-02 1.352366702846200495e-02
1.247712546562085301e-02 1.263284038067933115e-02
1.087188341431266636e-02 1.174971036558745963e-02
9.376571240020115106e-03 1.088111881765632671e-02
7.991355128984078959e-03 1.003456607433739038e-02
6.716389031571567969e-03 9.214987978222637446e-03
5.551814645166519568e-03 8.383043939913214712e-03
4.497761398421062928e-03 7.470721313829914792e-03
3.554346436871580472e-03 6.459970497608820243e-03
2.721674609919344512e-03 5.367681921498384558e-03
1.999838459177394334e-03 4.237666713967758354e-03
1.388918208186096237e-03 3.128502864558838168e-03
8.889817534969424173e-04 2.104675502214763128e-03
5.000846571264760954e-04 1.231311469195235739e-03
2.222701403818971855e-04 5.622174165844478740e-04
5.556907905679420168e-05 1.430426587738971582e-04
0.000000000000000000e+00 -8.746794764239936175e-09
0.000000000000000000e+00 8.265455533922481836e-10
5.556907905679420168e-05 -1.054848024737384688e-04
2.222701403818971855e-04 -4.154025953237999052e-04
5.000846571264760954e-04 -9.110452005264907871e-04
8.889817534969424173e-04 -1.561393396886193727e-03
1.388918208186096237e-03 -2.329314483876512507e-03
1.999838459177394334e-03 -3.167925609967634816e-03
2.721674609919344512e-03 -4.030819958405949810e-03
3.554346436871580472e-03 -4.876452747895724388e-03
4.497761398421062928e-03 -5.670238421677344272e-03
5.551814645166519568e-03 -6.389899750131262761e-03
6.716389031571567969e-03 -7.039961836586921227e-03
7.991355128984078959e-03 -7.664919524756760687e-03
9.376571240020115106e-03 -8.294401103285149388e-03
1.087188341431266636e-02 -8.933175384334439070e-03
1.247712546562085301e-02 -9.577891646209585677e-03
1.419211899029970692e-02 -1.021821439909431813e-02
1.601667338712764455e-02 -1.084818328477536731e-02
1.795058587848985532e-02 -1.146634343058380336e-02
1.999364153291383062e-02 -1.207112502987654420e-02
2.214561328895736647e-02 -1.266105194892423909e-02
2.440626198044326678e-02 -1.323872348209699859e-02
2.677533636303963682e-02 -1.380902499412393902e-02
2.925257314218321358e-02 -1.437225787187109381e-02
3.183769700234129196e-02 -1.492610059409040478e-02
3.453042063760936031e-02 -1.546826754150981351e-02
3.733044478364233587e-02 -1.599658579887446724e-02
4.023745825091396000e-02 -1.650940513666506598e-02
4.325113795930202176e-02 -1.700542321928870740e-02
4.637114897399441382e-02 -1.748408119312972256e-02
4.959714454271368922e-02 -1.794513792009309883e-02
5.292876613425423482e-02 -1.838867347131904750e-02
5.636564347832906385e-02 -1.881479883302774464e-02
5.990739460672012129e-02 -1.922342638103725909e-02
6.355362589573076981e-02 -1.961465307661438423e-02
6.730393210993146358e-02 -1.998924906056645176e-02
7.115789644719716645e-02 -2.034844679317934085e-02
7.511509058502996439e-02 -2.069430280849908488e-02
7.917507472816209813e-02 -2.102855447093971569e-02
8.333739765743386485e-02 -2.135203889986064460e-02
8.760159677994161509e-02 -2.166540386833655171e-02
9.196719818044885031e-02 -2.196916887948818439e-02
9.643371667405697956e-02 -2.226424753871317913e-02
1.010006558601274085e-01 -2.255211760456164380e-02
1.056675081774507419e-01 -2.283369367127931898e-02
1.104337549606562163e-01 -2.310915424708450544e-02
1.152988664978553679e-01 -2.337855378875068960e-02
1.202623020895129402e-01 -2.364187426524903823e-02
1.253235101085391490e-01 -2.389925920345394028e-02
1.304819280615971966e-01 -2.415099699173563555e-02
1.357369826516168221e-01 -2.439742190726656990e-02
1.410880898415101115e-01 -2.463891818593651195e-02
1.465346549190801317e-01 -2.487608672014046673e-02
1.520760725631161714e-01 -2.510962623444858849e-02
1.577117269106679265e-01 -2.533994746159843117e-02
1.634409916254914164e-01 -2.556730425970390325e-02
1.692632299676588570e-01 -2.579188685012095625e-02
1.751777948643248317e-01 -2.601387420040293663e-02
1.811840289816407656e-01 -2.623353256073942402e-02
1.872812647978095990e-01 -2.645118070499423088e-02
1.934688246772731102e-01 -2.666723858616650705e-02
1.997460209460230063e-01 -2.688213259355720988e-02
2.061121559680280102e-01 -2.709620021951693672e-02
2.125665222227673956e-01 -2.730968484092669360e-02
2.191084023838638650e-01 -2.752259924268444027e-02
2.257370693988056676e-01 -2.773493846462546028e-02
2.324517865697500740e-01 -2.794677068438061740e-02
2.392518076353984391e-01 -2.815818246397156291e-02
2.461363768539343022e-01 -2.836927437302403168e-02
2.531047290870154232e-01 -2.858012287451550462e-02
2.601560898848094272e-01 -2.879075614980471792e-02
2.672896755720651774e-01 -2.900114808087292384e-02
2.745046933352085494e-01 -2.921119762928798408e-02
2.818003413104546162e-01 -2.942081811294164698e-02
2.891758086729252497e-01 -2.962994929312049233e-02
2.966302757267624823e-01 -2.983852399856488577e-02
3.041629139962280792e-01 -3.004647304925476062e-02
3.117728863177794407e-01 -3.025387486455149641e-02
3.194593469331089564e-01 -3.046094701913884539e-02
3.272214415831418144e-01 -3.066795911693661128e-02
3.350583076029753915e-01 -3.087521626812384998e-02
3.429690740177547825e-01 -3.108301385355549326e-02
3.509528616394713696e-01 -3.129163378792705619e-02
3.590087831646743277e-01 -3.150129683111967810e-02
3.671359432730831873e-01 -3.171211745756326306e-02
3.753334387270930161e-01 -3.192365776192903487e-02
3.836003584721576765e-01 -3.213536448168011900e-02
3.919357837380436083e-01 -3.234753173151597161e-02
4.003387881409395943e-01 -3.256026567014535383e-02
4.088084377864137364e-01 -3.277108672736667866e-02
4.173437913732044313e-01 -3.297619392524202969e-02
4.259439002978354649e-01 -3.316968292204876267e-02
4.346078087600411255e-01 -3.334486966355383608e-02
4.433345538689928977e-01 -3.349427322788392503e-02
4.521231657503131940e-01 -3.361131805162952818e-02
4.609726676538650203e-01 -3.369247796571707421e-02
4.698820760623064752e-01 -3.373629932095105477e-02
4.788504008003974244e-01 -3.374493799507284619e-02
4.878766451450451402e-01 -3.372076647812671801e-02
4.969598059360780251e-01 -3.366556029223346375e-02
5.060988736877365390e-01 -3.358056513336700466e-02
5.152928327008634568e-01 -3.346625370451086073e-02
5.245406611757882365e-01 -3.332233941383450082e-02
5.338413313258880688e-01 -3.314759032487962082e-02
5.431938094918128401e-01 -3.294090227311175650e-02
5.525970562563653488e-01 -3.270143758128897515e-02
5.620500265600203438e-01 -3.242918581198191846e-02
5.715516698170692855e-01 -3.212496360596000383e-02
5.811009300323815019e-01 -3.179006622557264961e-02
5.906967459187653091e-01 -3.142613759321686434e-02
6.003380510149177729e-01 -3.103456657530660398e-02
6.100237738039482327e-01 -3.061643505329687126e-02
6.197528378324663745e-01 -3.017157960804189160e-02
6.295241618302156450e-01 -2.969911155902867778e-02
6.393366598302444581e-01 -2.919817069250942379e-02
6.491892412895989839e-01 -2.866794601886441668e-02
6.590808112105230876e-01 -2.810783157804291887e-02
6.690102702621547603e-01 -2.751738190363969133e-02
6.789765149027036095e-01 -2.689656991103260911e-02
6.889784375020977514e-01 -2.624545724995302337e-02
6.990149264650814542e-01 -2.556386470450325993e-02
7.090848663547572039e-01 -2.485195826893879523e-02
7.191871380165538730e-01 -2.411143187216316028e-02
7.293206187026060050e-01 -2.334433449932078394e-02
7.394841821965345563e-01 -2.255272085765493498e-02
7.496766989386134394e-01 -2.173884081404646104e-02
7.598970361513051053e-01 -2.090543696558271047e-02
7.701440579651563922e-01 -2.005563488597563587e-02
7.804166255450371015e-01 -1.919320708496899744e-02
7.907135972167069760e-01 -1.832213274113935614e-02
8.010338285937002034e-01 -1.744657983790336847e-02
8.113761727045106786e-01 -1.656906807690678232e-02
8.217394801200630372e-01 -1.568963114625014296e-02
8.321225990814590245e-01 -1.480763403918261209e-02
8.425243756279822138e-01 -1.392187491536715609e-02
8.529436537253458628e-01 -1.303157094305889586e-02
8.633792753941731402e-01 -1.213644411643892938e-02
8.738300808386934015e-01 -1.123671412407100355e-02
8.842949085756387495e-01 -1.033301832740850072e-02
8.947725955633289985e-01 -9.425950062460098505e-03
9.052619773309316109e-01 -8.516023889986880369e-03
9.157618881078770645e-01 -7.603361007827089124e-03
9.262711609534211021e-01 -6.687826732045613377e-03
9.367886278863364335e-01 -5.769205377462234552e-03
9.473131200147204556e-01 -4.847245551431962618e-03
9.578434676659028923e-01 -3.921732430468961514e-03
9.683785005164411430e-01 -2.992463902277559418e-03
9.789170477221889044e-01 -2.059216552023868455e-03
9.894579380484205267e-01 -1.121763604491369300e-03
9.999999999999998890e-01 -1.799000864200154398e-04
