9.999999999999998890e-01 4.999999160009313721e-03
9.894579380484205267e-01 7.422329029569664505e-03
9.789170477221889044e-01 9.887894992558916504e-03
9.683785005164411430e-01 1.238475896053201249e-02
9.578434676659028923e-01 1.490078732436034108e-02
9.473131200147204556e-01 1.742389902094190063e-02
9.367886278863364335e-01 1.994226514013252086e-02
9.262711609534211021e-01 2.244396323278656166e-02
9.157618881078770645e-01 2.491676701776783173e-02
9.052619773309316109e-01 2.734889839586843521e-02
8.947725955633289985e-01 2.972958730254042156e-02
8.842949085756387495e-01 3.205330128819506436e-02
8.738300808386934015e-01 3.432264239186970378e-02
8.633792753941731402e-01 3.654050847871875840e-02
8.529436537253458628e-01 3.870923378705991985e-02
8.425243756279822138e-01 4.083130039390654720e-02
8.321225990814590245e-01 4.290939745291492274e-02
8.217394801200630372e-01 4.494613963879351415e-02
8.113761727045106786e-01 4.694405619474137370e-02
8.010338285937002034e-01 4.890561042934092606e-02
7.907135972167069760e-01 5.083313783690142362e-02
7.804166255450371015e-01 5.272801219724164434e-02
7.701440579651563922e-01 5.459097303719086247e-02
7.598970361513051053e-01 5.642289063894272150e-02
7.496766989386134394e-01 5.822470447375641817e-02
7.394841821965345563e-01 5.999726044662892499e-02
7.293206187026060050e-01 6.174137332192013855e-02
7.191871380165538730e-01 6.345794590293832305e-02
7.090848663547572039e-01 6.514788195582600638e-02
6.990149264650814542e-01 6.681190662604528929e-02
6.889784375020977514e-01 6.845017400111348682e-02
6.789765149027036095e-01 7.006062195591628017e-02
6.690102702621547603e-01 7.164064837328286417e-02
6.590808112105230876e-01 7.318786084667962266e-02
6.491892412895989839e-01 7.469992671646802362e-02
6.393366598302444581e-01 7.617455196791883543e-02
6.295241618302156450e-01 7.760949504003344934e-02
6.197528378324663745e-01 7.900262533284807542e-02
6.100237738039482327e-01 8.035187281500960621e-02
6.003380510149177729e-01 8.165525742612887716e-02
5.906967459187653091e-01 8.291085156588230698e-02
5.811009300323815019e-01 8.411680005591529175e-02
5.715516698170692855e-01 8.527133413805057516e-02
5.620500265600203438e-01 8.637279974441426644e-02
5.525970562563653488e-01 8.741958340258064453e-02
5.431938094918128401e-01 8.841011705452189728e-02
5.338413313258880688e-01 8.934300168166489642e-02
5.245406611757882365e-01 9.021700215490900676e-02
5.152928327008634568e-01 9.103078962002390806e-02
5.060988736877365390e-01 9.178299825455801808e-02
4.969598059360780251e-01 9.247294267365892273e-02
4.878766451450451402e-01 9.310055061224342676e-02
4.788504008003974244e-01 9.366703648655906600e-02
4.698820760623064752e-01 9.417435603051210746e-02
4.609726676538650203e-01 9.462417195095187972e-02
4.521231657503131940e-01 9.501800848759585361e-02
4.433345538689928977e-01 9.535750503163459291e-02
4.346078087600411255e-01 9.564434168554053484e-02
4.259439002978354649e-01 9.588014830491611851e-02
4.173437913732044313e-01 9.606652468395383837e-02
4.088084377864137364e-01 9.620501339953510533e-02
4.003387881409395943e-01 9.629720053975948657e-02
3.919357837380436083e-01 9.634490387990800320e-02
3.836003584721576765e-01 9.635008406249120916e-02
3.753334387270930161e-01 9.631497797958281371e-02
3.671359432730831873e-01 9.624181769690533239e-02
3.590087831646743277e-01 9.613267918146141400e-02
3.509528616394713696e-01 9.598960421919972008e-02
3.429690740177547825e-01 9.581461473960731223e-02
3.350583076029753915e-01 9.560968712132023040e-02
3.272214415831418144e-01 9.537671869673863823e-02
3.194593469331089564e-01 9.511756431507684129e-02
3.117728863177794407e-01 9.483402555421427405e-02
3.041629139962280792e-01 9.452786232907103847e-02
2.966302757267624823e-01 9.420067021665845530e-02
2.891758086729252497e-01 9.385091013121121817e-02
2.818003413104546162e-01 9.347365561782523813e-02
2.745046933352085494e-01 9.306422485764358210e-02
2.672896755720651774e-01 9.261833777218912711e-02
2.601560898848094272e-01 9.213201777423939143e-02
2.531047290870154232e-01 9.160156231335206400e-02
2.461363768539343022e-01 9.102386304928128391e-02
2.392518076353984391e-01 9.039619937461566834e-02
2.324517865697500740e-01 8.971589240710577118e-02
2.257370693988056676e-01 8.898043461055828163e-02
2.191084023838638650e-01 8.818847132627861962e-02
2.125665222227673956e-01 8.733897622565589547e-02
2.061121559680280102e-01 8.642969334880898358e-02
1.997460209460230063e-01 8.545919404990606760e-02
1.934688246772731102e-01 8.443260821535690519e-02
1.872812647978095990e-01 8.335828994113969603e-02
1.811840289816407656e-01 8.224939899921146491e-02
1.751777948643248317e-01 8.111929031172855631e-02
1.692632299676588570e-01 7.997771074991791296e-02
1.634409916254914164e-01 7.883410066235260749e-02
1.577117269106679265e-01 7.769920816875983127e-02
1.520760725631161714e-01 7.658178415723991550e-02
1.465346549190801317e-01 7.548529462539561863e-02
1.410880898415101115e-01 7.440592099929720094e-02
1.357369826516168221e-01 7.332707274649660767e-02
1.304819280615971966e-01 7.223294968307195085e-02
1.253235101085391490e-01 7.111151372064962450e-02
1.202623020895129402e-01 6.995202662059284149e-02
1.152988664978553679e-01 6.874509044576361527e-02
1.104337549606562163e-01 6.748216914533848587e-02
1.056675081774507419e-01 6.615576166581485507e-02
1.010006558601274085e-01 6.476161220896921311e-02
9.643371667405697956e-02 6.329944263110662273e-02
9.196719818044885031e-02 6.178315537192658607e-02
8.760159677994161509e-02 6.023802935088012900e-02
8.333739765743386485e-02 5.868605286197434157e-02
7.917507472816209813e-02 5.714623288707172677e-02
7.511509058502996439e-02 5.563307075901293558e-02
7.115789644719716645e-02 5.415549260766625711e-02
6.730393210993146358e-02 5.269800090484611649e-02
6.355362589573076981e-02 5.123450681219501174e-02
5.990739460672012129e-02 4.974832684511743680e-02
5.636564347832906385e-02 4.822655922085805624e-02
5.292876613425423482e-02 4.665569394867147973e-02
4.959714454271368922e-02 4.502581939870241995e-02
4.637114897399441382e-02 4.334415261833961253e-02
4.325113795930202176e-02 4.162457701060972431e-02
4.023745825091396000e-02 3.988783605579365732e-02
3.733044478364233587e-02 3.815417846062584689e-02
3.453042063760936031e-02 3.643750083882641572e-02
3.183769700234129196e-02 3.475031507797780861e-02
2.925257314218321358e-02 3.310467294167447616e-02
2.677533636303963682e-02 3.151064359282074179e-02
2.440626198044326678e-02 2.997404883843923437e-02
2.214561328895736647e-02 2.848102460766385735e-02
1.999364153291383062e-02 2.698414264719366587e-02
1.795058587848985532e-02 2.544430645649559813e-02
1.601667338712764455e-02 2.384009208327387760e-02
1.419211899029970692e-02 2.216037956689921248e-02
1.247712546562085301e-02 2.040543755387273436e-02
1.087188341431266636e-02 1.858365983844804253e-02
9.376571240020115106e-03 1.671151220605193721e-02
7.991355128984078959e-03 1.481063305842661264e-02
6.716389031571567969e-03 1.290710650566501833e-02
5.551814645166519568e-03 1.102977843733317712e-02
4.497761398421062928e-03 9.209468614907833153e-03
3.554346436871580472e-03 7.477227184869914001e-03
2.721674609919344512e-03 5.864003329962548181e-03
1.999838459177394334e-03 4.398802363318930764e-03
1.388918208186096237e-03 3.109085348877171657e-03
8.889817534969424173e-04 2.018558334855734011e-03
5.000846571264760954e-04 1.148376234216621355e-03
2.222701403818971855e-04 5.143715154894022614e-04
5.556907905679420168e-05 1.292498800868395687e-04
0.000000000000000000e+00 -2.479346477683106974e-09
0.000000000000000000e+00 2.416431262820771013e-09
5.556907905679420168e-05 -1.090674543069425069e-04
2.222701403818971855e-04 -4.337119203431851074e-04
5.000846571264760954e-04 -9.671308409481824738e-04
8.889817534969424173e-04 -1.696950614930424527e-03
1.388918208186096237e-03 -2.607743851480910126e-03
1.999838459177394334e-03 -3.678877813519975011e-03
2.721674609919344512e-03 -4.887206894581258738e-03
3.554346436871580472e-03 -6.205872202315929932e-03
4.497761398421062928e-03 -7.606453036442704756e-03
5.551814645166519568e-03 -9.058539201699236307e-03
6.716389031571567969e-03 -1.053151807039689851e-02
7.991355128984078959e-03 -1.199484950230015820e-02
9.376571240020115106e-03 -1.341975839351773440e-02
1.087188341431266636e-02 -1.477995888620226538e-02
1.247712546562085301e-02 -1.605325110821118062e-02
1.419211899029970692e-02 -1.722219924877788425e-02
1.601667338712764455e-02 -1.827691543100081611e-02
1.795058587848985532e-02 -1.921511138792946979e-02
1.999364153291383062e-02 -2.004512072491010377e-02
2.214561328895736647e-02 -2.078490313672800086e-02
2.440626198044326678e-02 -2.146910537626882387e-02
2.677533636303963682e-02 -2.214052822737865370e-02
2.925257314218321358e-02 -2.281307904899195285e-02
3.183769700234129196e-02 -2.348395649300908522e-02
3.453042063760936031e-02 -2.414866473223014481e-02
3.733044478364233587e-02 -2.480205990100182653e-02
4.023745825091396000e-02 -2.543942261410982522e-02
4.325113795930202176e-02 -2.605601581098777875e-02
4.637114897399441382e-02 -2.664611751674519566e-02
4.959714454271368922e-02 -2.720391415422932641e-02
5.292876613425423482e-02 -2.772459213167263736e-02
5.636564347832906385e-02 -2.820408442845835986e-02
5.990739460672012129e-02 -2.864001946314136474e-02
6.355362589573076981e-02 -2.903053488109330962e-02
6.730393210993146358e-02 -2.937415725917709788e-02
7.115789644719716645e-02 -2.966968194631801337e-02
7.511509058502996439e-02 -2.991639604724258619e-02
7.917507472816209813e-02 -3.011505960686833294e-02
8.333739765743386485e-02 -3.026928762490577185e-02
8.760159677994161509e-02 -3.038379623857188905e-02
9.196719818044885031e-02 -3.046461686875082467e-02
9.643371667405697956e-02 -3.051932088017618797e-02
1.010006558601274085e-01 -3.055738130823711096e-02
1.056675081774507419e-01 -3.058441631216345102e-02
1.104337549606562163e-01 -3.060118036850427783e-02
1.152988664978553679e-01 -3.060741810106107005e-02
1.202623020895129402e-01 -3.060215735369351334e-02
1.253235101085391490e-01 -3.058470629394767146e-02
1.304819280615971966e-01 -3.055463142865446485e-02
1.357369826516168221e-01 -3.051136366385396106e-02
1.410880898415101115e-01 -3.045423201419128131e-02
1.465346549190801317e-01 -3.038259085338070736e-02
1.520760725631161714e-01 -3.029587230541842119e-02
1.577117269106679265e-01 -3.019403302482073434e-02
1.634409916254914164e-01 -3.007734687441716154e-02
1.692632299676588570e-01 -2.994643612743997513e-02
1.751777948643248317e-01 -2.980207213127397670e-02
1.811840289816407656e-01 -2.964503598595648326e-02
1.872812647978095990e-01 -2.947618406036949662e-02
1.934688246772731102e-01 -2.929670944192693666e-02
1.997460209460230063e-01 -2.910782574489062524e-02
2.061121559680280102e-01 -2.891044721289314987e-02
2.125665222227673956e-01 -2.870527193136141256e-02
2.191084023838638650e-01 -2.849254097255811066e-02
2.257370693988056676e-01 -2.827247496514614933e-02
2.324517865697500740e-01 -2.804547804672751984e-02
2.392518076353984391e-01 -2.781197802126034874e-02
2.461363768539343022e-01 -2.757238987562518617e-02
2.531047290870154232e-01 -2.732717018368822567e-02
2.601560898848094272e-01 -2.707685496728731017e-02
2.672896755720651774e-01 -2.682200921940438784e-02
2.745046933352085494e-01 -2.656323050533544033e-02
2.818003413104546162e-01 -2.630116041052798018e-02
2.891758086729252497e-01 -2.603649519710122401e-02
2.966302757267624823e-01 -2.576997027568655660e-02
3.041629139962280792e-01 -2.550233754480984646e-02
3.117728863177794407e-01 -2.523390882082477901e-02
3.194593469331089564e-01 -2.496458867894143369e-02
3.272214415831418144e-01 -2.469424978253638089e-02
3.350583076029753915e-01 -2.442275109176067494e-02
3.429690740177547825e-01 -2.414994343770004992e-02
3.509528616394713696e-01 -2.387566992686256453e-02
3.590087831646743277e-01 -2.359974875826686275e-02
3.671359432730831873e-01 -2.332198509822748164e-02
3.753334387270930161e-01 -2.304218826696672121e-02
3.836003584721576765e-01 -2.276016014887884478e-02
3.919357837380436083e-01 -2.247564461311064160e-02
4.003387881409395943e-01 -2.218839085246050724e-02
4.088084377864137364e-01 -2.189828677924412700e-02
4.173437913732044313e-01 -2.160529607075998768e-02
4.259439002978354649e-01 -2.130951550112648168e-02
4.346078087600411255e-01 -2.101106585713815450e-02
4.433345538689928977e-01 -2.071003170946359925e-02
4.521231657503131940e-01 -2.040649881798264204e-02
4.609726676538650203e-01 -2.010057820711928442e-02
4.698820760623064752e-01 -1.979238137653149820e-02
4.788504008003974244e-01 -1.948201059072435931e-02
4.878766451450451402e-01 -1.916957568525510733e-02
4.969598059360780251e-01 -1.885520363996646617e-02
5.060988736877365390e-01 -1.853900184054846703e-02
5.152928327008634568e-01 -1.822104190302295881e-02
5.245406611757882365e-01 -1.790138065394429601e-02
5.338413313258880688e-01 -1.758005923104256907e-02
5.431938094918128401e-01 -1.725712326005207631e-02
5.525970562563653488e-01 -1.693262476441296377e-02
5.620500265600203438e-01 -1.660661204016324055e-02
5.715516698170692855e-01 -1.627912974620213810e-02
5.811009300323815019e-01 -1.595022896493444170e-02
5.906967459187653091e-01 -1.561996513020904968e-02
6.003380510149177729e-01 -1.528837928398464607e-02
6.100237738039482327e-01 -1.495549362919474518e-02
6.197528378324663745e-01 -1.462124117696399044e-02
6.295241618302156450e-01 -1.428550404247406862e-02
6.393366598302444581e-01 -1.394817534716471380e-02
6.491892412895989839e-01 -1.360915130510003193e-02
6.590808112105230876e-01 -1.326831039308923148e-02
6.690102702621547603e-01 -1.292552663867830437e-02
6.789765149027036095e-01 -1.258068963394742140e-02
6.889784375020977514e-01 -1.223368471552936827e-02
6.990149264650814542e-01 -1.188435423561502897e-02
7.090848663547572039e-01 -1.153267307039266935e-02
7.191871380165538730e-01 -1.117915118047780980e-02
7.293206187026060050e-01 -1.082442931792657048e-02
7.394841821965345563e-01 -1.046916980795790063e-02
7.496766989386134394e-01 -1.011405946323818902e-02
7.598970361513051053e-01 -9.759836431397795123e-03
7.701440579651563922e-01 -9.407208885884713045e-03
7.804166255450371015e-01 -9.056806404485020709e-03
7.907135972167069760e-01 -8.709371029199566849e-03
8.010338285937002034e-01 -8.365838265697539064e-03
8.113761727045106786e-01 -8.025969118807858502e-03
8.217394801200630372e-01 -7.687747946595370648e-03
8.321225990814590245e-01 -7.348812769880072593e-03
8.425243756279822138e-01 -7.006549694669698437e-03
8.529436537253458628e-01 -6.658371103876293585e-03
8.633792753941731402e-01 -6.301732221115444524e-03
8.738300808386934015e-01 -5.934061173953215571e-03
8.842949085756387495e-01 -5.552754950295908827e-03
8.947725955633289985e-01 -5.155134947491016653e-03
9.052619773309316109e-01 -4.738570168386239956e-03
9.157618881078770645e-01 -4.301594972401221774e-03
9.262711609534211021e-01 -3.843494543532782835e-03
9.367886278863364335e-01 -3.363703488968591317e-03
9.473131200147204556e-01 -2.861722536192081758e-03
9.578434676659028923e-01 -2.337003549829920566e-03
9.683785005164411430e-01 -1.788984351743933866e-03
9.789170477221889044e-01 -1.217149103926097164e-03
9.894579380484205267e-01 -6.209950152101409264e-04
9.999999999999998890e-01 1.287023855903342261e-10
