#  NACA 0012                                       
#  alpha = -12.0000
#  Mach  =   0.1600
#  Reyn  =  1000000
#  Ncrit =   9.0000
#
#    x           cd
   0.33459E-01  0.14870E-05
   0.39294E-01  0.30424E-04
   0.46033E-01  0.87748E-04
   0.53802E-01  0.15256E-03
   0.62705E-01  0.22635E-03
   0.72782E-01  0.28837E-03
   0.83993E-01  0.34959E-03
   0.96218E-01  0.39616E-03
   0.10929      0.43493E-03
   0.12303      0.46395E-03
   0.13730      0.48528E-03
   0.15196      0.50057E-03
   0.16693      0.51052E-03
   0.18214      0.51653E-03
   0.19755      0.51956E-03
   0.21313      0.51931E-03
   0.22884      0.51928E-03
   0.24467      0.51576E-03
   0.26060      0.51161E-03
   0.27662      0.50715E-03
   0.29272      0.50185E-03
   0.30888      0.49562E-03
   0.32511      0.48937E-03
   0.34140      0.48301E-03
   0.35774      0.47597E-03
   0.37412      0.46957E-03
   0.39055      0.46301E-03
   0.40701      0.45587E-03
   0.42351      0.44975E-03
   0.44004      0.44289E-03
   0.45660      0.43658E-03
   0.47319      0.43004E-03
   0.48980      0.42408E-03
   0.50644      0.41819E-03
   0.52309      0.41245E-03
   0.53976      0.40673E-03
   0.55645      0.40107E-03
   0.57315      0.39605E-03
   0.58987      0.39086E-03
   0.60659      0.38615E-03
   0.62333      0.38095E-03
   0.64008      0.37660E-03
   0.65683      0.37195E-03
   0.67359      0.36774E-03
   0.69035      0.36333E-03
   0.70712      0.35918E-03
   0.72389      0.35578E-03
   0.74066      0.35091E-03
   0.75742      0.34736E-03
   0.77419      0.34379E-03
   0.79095      0.33937E-03
   0.80771      0.33565E-03
   0.82446      0.33175E-03
   0.84120      0.32782E-03
   0.85793      0.32408E-03
   0.87462      0.31870E-03
   0.89128      0.31471E-03
   0.90784      0.30954E-03
   0.92422      0.30408E-03
   0.94026      0.29850E-03
   0.95567      0.29153E-03
   0.96999      0.28505E-03
   0.98277      0.27789E-03
   0.99372      0.26893E-03
    1.0000      0.40910E-03
    1.0001      0.53295E-02
    1.0064      0.54464E-02
    1.0139      0.54166E-02
    1.0226      0.53716E-02
    1.0328      0.53075E-02
    1.0448      0.52191E-02
    1.0588      0.51008E-02
    1.0752      0.49463E-02
    1.0945      0.47501E-02
    1.1171      0.45078E-02
    1.1435      0.42179E-02
    1.1745      0.38825E-02
    1.2109      0.35083E-02
    1.2534      0.31064E-02
    1.3033      0.26916E-02
    1.3618      0.22802E-02
    1.4302      0.18885E-02
    1.5105      0.15297E-02
    1.6044      0.12116E-02
    1.7145      0.93524E-03
    1.8434      0.70178E-03
    1.9944      0.51150E-03

   0.28396E-01  0.15418E-04
   0.23986E-01  0.10283E-03
   0.20129E-01  0.29371E-03
   0.16743E-01  0.65951E-03
   0.13763E-01  0.12528E-02
   0.11140E-01  0.22202E-02
   0.88340E-02  0.36819E-02
   0.68196E-02  0.58791E-02
   0.50781E-02  0.89836E-02
   0.35991E-02  0.13390E-01
   0.23779E-02  0.18924E-01
   0.14132E-02  0.25833E-01
   0.70408E-03  0.33005E-01
   0.24572E-03  0.39609E-01
   0.26206E-04  0.44665E-01
   0.26213E-04  0.47989E-01
   0.24574E-03  0.49091E-01
   0.70408E-03  0.46718E-01
   0.14133E-02  0.41763E-01
   0.23780E-02  0.35379E-01
   0.35992E-02  0.28908E-01
   0.50782E-02  0.23341E-01
   0.68196E-02  0.19580E-01
   0.88341E-02  0.17216E-01
   0.11140E-01  0.15357E-01
   0.13763E-01  0.13808E-01
   0.16743E-01  0.12636E-01
   0.20129E-01  0.18822    
   0.23986E-01  0.87881E-01
   0.28396E-01  0.47706E-01
   0.33459E-01  0.33290E-01
   0.39295E-01  0.26481E-01
   0.46033E-01  0.22139E-01
   0.53802E-01  0.18899E-01
   0.62705E-01  0.16345E-01
   0.72782E-01  0.14293E-01
   0.83993E-01  0.12634E-01
   0.96218E-01  0.11297E-01
   0.10929      0.10216E-01
   0.12303      0.93302E-02
   0.13730      0.86031E-02
   0.15196      0.79922E-02
   0.16693      0.74745E-02
   0.18214      0.70284E-02
   0.19755      0.66390E-02
   0.21313      0.62953E-02
   0.22884      0.59894E-02
   0.24467      0.57146E-02
   0.26060      0.54654E-02
   0.27662      0.52381E-02
   0.29272      0.50303E-02
   0.30888      0.48385E-02
   0.32511      0.46615E-02
   0.34140      0.44970E-02
   0.35774      0.43443E-02
   0.37412      0.42017E-02
   0.39055      0.40681E-02
   0.40701      0.39428E-02
   0.42351      0.38255E-02
   0.44004      0.37150E-02
   0.45660      0.36107E-02
   0.47319      0.35127E-02
   0.48980      0.34199E-02
   0.50644      0.33324E-02
   0.52309      0.32496E-02
   0.53976      0.31714E-02
   0.55645      0.30974E-02
   0.57315      0.30275E-02
   0.58987      0.29616E-02
   0.60659      0.28993E-02
   0.62333      0.28408E-02
   0.64008      0.27859E-02
   0.65683      0.27346E-02
   0.67359      0.26869E-02
   0.69035      0.26429E-02
   0.70712      0.26027E-02
   0.72389      0.25666E-02
   0.74066      0.25345E-02
   0.75742      0.25070E-02
   0.77419      0.24842E-02
   0.79095      0.24665E-02
   0.80771      0.24545E-02
   0.82446      0.24484E-02
   0.84120      0.24488E-02
   0.85793      0.24563E-02
   0.87462      0.24711E-02
   0.89128      0.24939E-02
   0.90784      0.25250E-02
   0.92422      0.25644E-02
   0.94026      0.26118E-02
   0.95567      0.26660E-02
   0.96999      0.27241E-02
   0.98277      0.27825E-02
   0.99372      0.28373E-02
    1.0000      0.28697E-02
    1.0001      0.53295E-02
    1.0064      0.54464E-02
    1.0139      0.54166E-02
    1.0226      0.53716E-02
    1.0328      0.53075E-02
    1.0448      0.52191E-02
    1.0588      0.51008E-02
    1.0752      0.49463E-02
    1.0945      0.47501E-02
    1.1171      0.45078E-02
    1.1435      0.42179E-02
    1.1745      0.38825E-02
    1.2109      0.35083E-02
    1.2534      0.31064E-02
    1.3033      0.26916E-02
    1.3618      0.22802E-02
    1.4302      0.18885E-02
    1.5105      0.15297E-02
    1.6044      0.12116E-02
    1.7145      0.93524E-03
    1.8434      0.70178E-03
    1.9944      0.51150E-03

