9.999999999999998890e-01 -3.698258666038441904e-04
9.894579380484205267e-01 1.439476303892223315e-03
9.789170477221889044e-01 3.626027940239355540e-03
9.683785005164411430e-01 5.815233933060165103e-03
9.578434676659028923e-01 7.884575258532916867e-03
9.473131200147204556e-01 9.792353502213043889e-03
9.367886278863364335e-01 1.157582383007497301e-02
9.262711609534211021e-01 1.328147249268157859e-02
9.157618881078770645e-01 1.494644392380070630e-02
9.052619773309316109e-01 1.659769039367358853e-02
8.947725955633289985e-01 1.824526818015186763e-02
8.842949085756387495e-01 1.989530531739770042e-02
8.738300808386934015e-01 2.155063355004621650e-02
8.633792753941731402e-01 2.321215054491061747e-02
8.529436537253458628e-01 2.487859602482132837e-02
8.425243756279822138e-01 2.654965907403167985e-02
8.321225990814590245e-01 2.822628785813134297e-02
8.217394801200630372e-01 2.990987449538995424e-02
8.113761727045106786e-01 3.160207773792347852e-02
8.010338285937002034e-01 3.330309904825771300e-02
7.907135972167069760e-01 3.501188537026826003e-02
7.804166255450371015e-01 3.672642891563705769e-02
7.701440579651563922e-01 3.844419380505784828e-02
7.598970361513051053e-01 4.016356088127907842e-02
7.496766989386134394e-01 4.188352806838033932e-02
7.394841821965345563e-01 4.360381161014018764e-02
7.293206187026060050e-01 4.532442476643420287e-02
7.191871380165538730e-01 4.704511752649145895e-02
7.090848663547572039e-01 4.876533558471090463e-02
6.990149264650814542e-01 5.048347560512349980e-02
6.889784375020977514e-01 5.219758233174277146e-02
6.789765149027036095e-01 5.390566466735186024e-02
6.690102702621547603e-01 5.560584981359701501e-02
6.590808112105230876e-01 5.729672044319699536e-02
6.491892412895989839e-01 5.897708129798365229e-02
6.393366598302444581e-01 6.064609193089787187e-02
6.295241618302156450e-01 6.230296074206890383e-02
6.197528378324663745e-01 6.394685570921210260e-02
6.100237738039482327e-01 6.557672755464961922e-02
6.003380510149177729e-01 6.719109748537366311e-02
5.906967459187653091e-01 6.878842769650296562e-02
5.811009300323815019e-01 7.036716954196618745e-02
5.715516698170692855e-01 7.192582076067055574e-02
5.620500265600203438e-01 7.346294682567267031e-02
5.525970562563653488e-01 7.497711057375788801e-02
5.431938094918128401e-01 7.646686787237362559e-02
5.338413313258880688e-01 7.793083349903477675e-02
5.245406611757882365e-01 7.936768547577384425e-02
5.152928327008634568e-01 8.077615337786528404e-02
5.060988736877365390e-01 8.215500684615585636e-02
4.969598059360780251e-01 8.350299141999514840e-02
4.878766451450451402e-01 8.481885184726530025e-02
4.788504008003974244e-01 8.610152220178209082e-02
4.698820760623064752e-01 8.735001498275017651e-02
4.609726676538650203e-01 8.856302499303360387e-02
4.521231657503131940e-01 8.973904969125699738e-02
4.433345538689928977e-01 9.087634545637834904e-02
4.346078087600411255e-01 9.197310740531201845e-02
4.259439002978354649e-01 9.302776291961478705e-02
4.173437913732044313e-01 9.403884508712027912e-02
4.088084377864137364e-01 9.500499678185297947e-02
4.003387881409395943e-01 9.592492459121382264e-02
3.919357837380436083e-01 9.679745701193891161e-02
3.836003584721576765e-01 9.762152194167419972e-02
3.753334387270930161e-01 9.839626917020410923e-02
3.671359432730831873e-01 9.912071441796202476e-02
3.590087831646743277e-01 9.979340586750196085e-02
3.509528616394713696e-01 1.004127330834995724e-01
3.429690740177547825e-01 1.009769074794969884e-01
3.350583076029753915e-01 1.014843977781022671e-01
3.272214415831418144e-01 1.019341733565558711e-01
3.194593469331089564e-01 1.023245274713531633e-01
3.117728863177794407e-01 1.026526350535662685e-01
3.041629139962280792e-01 1.029156262373708552e-01
2.966302757267624823e-01 1.031107050919450457e-01
2.891758086729252497e-01 1.032353333858456318e-01
2.818003413104546162e-01 1.032873045852886890e-01
2.745046933352085494e-01 1.032655342620936445e-01
2.672896755720651774e-01 1.031699784711464229e-01
2.601560898848094272e-01 1.030009682819178207e-01
2.531047290870154232e-01 1.027591020191243876e-01
2.461363768539343022e-01 1.024450544805946273e-01
2.392518076353984391e-01 1.020595972417886188e-01
2.324517865697500740e-01 1.016039849075790757e-01
2.257370693988056676e-01 1.010797507559631492e-01
2.191084023838638650e-01 1.004885402343748402e-01
2.125665222227673956e-01 9.983206736646189905e-02
2.061121559680280102e-01 9.911216019154298063e-02
1.997460209460230063e-01 9.833066898584046089e-02
1.934688246772731102e-01 9.748933732306966360e-02
1.872812647978095990e-01 9.658990803839785644e-02
1.811840289816407656e-01 9.563426096369503915e-02
1.751777948643248317e-01 9.462434312582895801e-02
1.692632299676588570e-01 9.356220959340602605e-02
1.634409916254914164e-01 9.244984483099628891e-02
1.577117269106679265e-01 9.128896850254443474e-02
1.520760725631161714e-01 9.008134445097959464e-02
1.465346549190801317e-01 8.882894974347682604e-02
1.410880898415101115e-01 8.753381287551405265e-02
1.357369826516168221e-01 8.619799341381245705e-02
1.304819280615971966e-01 8.482286166365933522e-02
1.253235101085391490e-01 8.340865463711233385e-02
1.202623020895129402e-01 8.195580179360885398e-02
1.152988664978553679e-01 8.046515328069309136e-02
1.104337549606562163e-01 7.893784762061684113e-02
1.056675081774507419e-01 7.737537828981798371e-02
1.010006558601274085e-01 7.578046498786351892e-02
9.643371667405697956e-02 7.415701021626862344e-02
9.196719818044885031e-02 7.250886331613723423e-02
8.760159677994161509e-02 7.083979644583640600e-02
8.333739765743386485e-02 6.915369002332345805e-02
7.917507472816209813e-02 6.745378356218956206e-02
7.511509058502996439e-02 6.573593498985981498e-02
7.115789644719716645e-02 6.399194990561764274e-02
6.730393210993146358e-02 6.221595470974609909e-02
6.355362589573076981e-02 6.040344734230363583e-02
5.990739460672012129e-02 5.855128273422845198e-02
5.636564347832906385e-02 5.665893314825140581e-02
5.292876613425423482e-02 5.473716823060302550e-02
4.959714454271368922e-02 5.280034667861449593e-02
4.637114897399441382e-02 5.086167919584494435e-02
4.325113795930202176e-02 4.893363448081913120e-02
4.023745825091396000e-02 4.702712970265852943e-02
3.733044478364233587e-02 4.514824363163229271e-02
3.453042063760936031e-02 4.328938515517737756e-02
3.183769700234129196e-02 4.144118537545474906e-02
2.925257314218321358e-02 3.959636819622003312e-02
2.677533636303963682e-02 3.775084219558577647e-02
2.440626198044326678e-02 3.590649040406146408e-02
2.214561328895736647e-02 3.406154623928508984e-02
1.999364153291383062e-02 3.220652850584462129e-02
1.795058587848985532e-02 3.033426641120892664e-02
1.601667338712764455e-02 2.844229197913444515e-02
1.419211899029970692e-02 2.653248945969393854e-02
1.247712546562085301e-02 2.461192216604684430e-02
1.087188341431266636e-02 2.269337714959059407e-02
9.376571240020115106e-03 2.079522858670408356e-02
7.991355128984078959e-03 1.893411444280696312e-02
6.716389031571567969e-03 1.712558991825382723e-02
5.551814645166519568e-03 1.539519924913387849e-02
4.497761398421062928e-03 1.377072910568474112e-02
3.554346436871580472e-03 1.222058975796066170e-02
2.721674609919344512e-03 1.067423061816625933e-02
1.999838459177394334e-03 9.047784503145530136e-03
1.388918208186096237e-03 7.285700966423738767e-03
8.889817534969424173e-04 5.587119768095300670e-03
5.000846571264760954e-04 4.172469587345413455e-03
2.222701403818971855e-04 2.721808683059231612e-03
5.556907905679420168e-05 9.818009377404290482e-04
0.000000000000000000e+00 -1.185259676394323645e-05
0.000000000000000000e+00 -7.470347767325200963e-06
5.556907905679420168e-05 -1.167709426119746758e-03
2.222701403818971855e-04 -2.574861100810762853e-03
5.000846571264760954e-04 -3.590747407812072342e-03
8.889817534969424173e-04 -4.354222675852131678e-03
1.388918208186096237e-03 -5.074129564239925755e-03
1.999838459177394334e-03 -5.714807149141834866e-03
2.721674609919344512e-03 -6.249816181565303642e-03
3.554346436871580472e-03 -6.766584607377280382e-03
4.497761398421062928e-03 -7.316530598714511037e-03
5.551814645166519568e-03 -7.853773197075955906e-03
6.716389031571567969e-03 -8.356078584627901068e-03
7.991355128984078959e-03 -8.855440729309736747e-03
9.376571240020115106e-03 -9.366242669505775789e-03
1.087188341431266636e-02 -9.873207444227963606e-03
1.247712546562085301e-02 -1.036880130162202290e-02
1.419211899029970692e-02 -1.085633728010084766e-02
1.601667338712764455e-02 -1.133501727717768116e-02
1.795058587848985532e-02 -1.179997059379228781e-02
1.999364153291383062e-02 -1.225245857917571339e-02
2.214561328895736647e-02 -1.269836244218939397e-02
2.440626198044326678e-02 -1.313825699179842384e-02
2.677533636303963682e-02 -1.356919544242372877e-02
2.925257314218321358e-02 -1.398973161978866661e-02
3.183769700234129196e-02 -1.439934238124613956e-02
3.453042063760936031e-02 -1.479776764109621071e-02
3.733044478364233587e-02 -1.518505994700827637e-02
4.023745825091396000e-02 -1.556250992258413797e-02
4.325113795930202176e-02 -1.593158764619782147e-02
4.637114897399441382e-02 -1.629213362952970992e-02
4.959714454271368922e-02 -1.664357401541358139e-02
5.292876613425423482e-02 -1.698585367962680837e-02
5.636564347832906385e-02 -1.731920285027403056e-02
5.990739460672012129e-02 -1.764436827326399879e-02
6.355362589573076981e-02 -1.796231554823376000e-02
6.730393210993146358e-02 -1.827431476879081557e-02
7.115789644719716645e-02 -1.858135485410131529e-02
7.511509058502996439e-02 -1.888360479530556621e-02
7.917507472816209813e-02 -1.918126589974253685e-02
8.333739765743386485e-02 -1.947485656734105480e-02
8.760159677994161509e-02 -1.976511627555135528e-02
9.196719818044885031e-02 -2.005309459637610869e-02
9.643371667405697956e-02 -2.033982026061702600e-02
1.010006558601274085e-01 -2.062623691622448088e-02
1.056675081774507419e-01 -2.091288654650348341e-02
1.104337549606562163e-01 -2.119984053132408994e-02
1.152988664978553679e-01 -2.148730051904730251e-02
1.202623020895129402e-01 -2.177563579089586074e-02
1.253235101085391490e-01 -2.206533348083687673e-02
1.304819280615971966e-01 -2.235695653971260174e-02
1.357369826516168221e-01 -2.265080944814027580e-02
1.410880898415101115e-01 -2.294697684560528458e-02
1.465346549190801317e-01 -2.324521070163450276e-02
1.520760725631161714e-01 -2.354507547184533228e-02
1.577117269106679265e-01 -2.384623995804339286e-02
1.634409916254914164e-01 -2.414841205845116162e-02
1.692632299676588570e-01 -2.445119131313069211e-02
1.751777948643248317e-01 -2.475418251559373048e-02
1.811840289816407656e-01 -2.505728409108420526e-02
1.872812647978095990e-01 -2.536050431500803948e-02
1.934688246772731102e-01 -2.566387954937472682e-02
1.997460209460230063e-01 -2.596747421470465417e-02
2.061121559680280102e-01 -2.627142924461138215e-02
2.125665222227673956e-01 -2.657586883280360635e-02
2.191084023838638650e-01 -2.688080534038208083e-02
2.257370693988056676e-01 -2.718601648380261290e-02
2.324517865697500740e-01 -2.749072226004451586e-02
2.392518076353984391e-01 -2.779408813984069609e-02
2.461363768539343022e-01 -2.809535683960867961e-02
2.531047290870154232e-01 -2.839367653608604672e-02
2.601560898848094272e-01 -2.868800884505263646e-02
2.672896755720651774e-01 -2.897757694807467574e-02
2.745046933352085494e-01 -2.926203917085749492e-02
2.818003413104546162e-01 -2.954121156242997537e-02
2.891758086729252497e-01 -2.981506612694798802e-02
2.966302757267624823e-01 -3.008357594010404798e-02
3.041629139962280792e-01 -3.034670261544893458e-02
3.117728863177794407e-01 -3.060437996563466698e-02
3.194593469331089564e-01 -3.085650177277777378e-02
3.272214415831418144e-01 -3.110273479664852486e-02
3.350583076029753915e-01 -3.134257442081526956e-02
3.429690740177547825e-01 -3.157555706563104636e-02
3.509528616394713696e-01 -3.180124390823309971e-02
3.590087831646743277e-01 -3.201914952690522453e-02
3.671359432730831873e-01 -3.222878795555038367e-02
3.753334387270930161e-01 -3.242986445453099886e-02
3.836003584721576765e-01 -3.262217410854180433e-02
3.919357837380436083e-01 -3.280552545103488510e-02
4.003387881409395943e-01 -3.297973468346957621e-02
4.088084377864137364e-01 -3.314463175595055988e-02
4.173437913732044313e-01 -3.330004076026325810e-02
4.259439002978354649e-01 -3.344574340180009320e-02
4.346078087600411255e-01 -3.358149473824591225e-02
4.433345538689928977e-01 -3.370699633300774933e-02
4.521231657503131940e-01 -3.382196287498605985e-02
4.609726676538650203e-01 -3.392617826914651885e-02
4.698820760623064752e-01 -3.401936031216635375e-02
4.788504008003974244e-01 -3.410104250394611208e-02
4.878766451450451402e-01 -3.417068193664824644e-02
4.969598059360780251e-01 -3.422763724982024608e-02
5.060988736877365390e-01 -3.427122754485946443e-02
5.152928327008634568e-01 -3.430072871605490542e-02
5.245406611757882365e-01 -3.431554822720504078e-02
5.338413313258880688e-01 -3.431528479196357256e-02
5.431938094918128401e-01 -3.429965960143116499e-02
5.525970562563653488e-01 -3.426852239871549383e-02
5.620500265600203438e-01 -3.422177222539368041e-02
5.715516698170692855e-01 -3.415932983978290510e-02
5.811009300323815019e-01 -3.408078632473598990e-02
5.906967459187653091e-01 -3.398543922034549108e-02
6.003380510149177729e-01 -3.387233668578904650e-02
6.100237738039482327e-01 -3.374036456934370598e-02
6.197528378324663745e-01 -3.358846966229578346e-02
6.295241618302156450e-01 -3.341562532629640397e-02
6.393366598302444581e-01 -3.322071228449188091e-02
6.491892412895989839e-01 -3.300256140467152516e-02
6.590808112105230876e-01 -3.275997643064278847e-02
6.690102702621547603e-01 -3.249175181630652859e-02
6.789765149027036095e-01 -3.219669135163884255e-02
6.889784375020977514e-01 -3.187352123794124498e-02
6.990149264650814542e-01 -3.152060446908553498e-02
7.090848663547572039e-01 -3.113631233345847890e-02
7.191871380165538730e-01 -3.071942397829039578e-02
7.293206187026060050e-01 -3.026808913865012413e-02
7.394841821965345563e-01 -2.977824875546000033e-02
7.496766989386134394e-01 -2.924544774135332675e-02
7.598970361513051053e-01 -2.866528303641288633e-02
7.701440579651563922e-01 -2.803200616296706166e-02
7.804166255450371015e-01 -2.733697724790357109e-02
7.907135972167069760e-01 -2.656779854903347157e-02
8.010338285937002034e-01 -2.570617480544043140e-02
8.113761727045106786e-01 -2.473784949030830363e-02
8.217394801200630372e-01 -2.365550250474218047e-02
8.321225990814590245e-01 -2.245439307215060798e-02
8.425243756279822138e-01 -2.113258286922722537e-02
8.529436537253458628e-01 -1.969533076752980755e-02
8.633792753941731402e-01 -1.815576526009053671e-02
8.738300808386934015e-01 -1.653606292273195402e-02
8.842949085756387495e-01 -1.486579003524524274e-02
8.947725955633289985e-01 -1.316999432146754613e-02
9.052619773309316109e-01 -1.147021167376727213e-02
9.157618881078770645e-01 -9.788722323129181099e-03
9.262711609534211021e-01 -8.148016275506030429e-03
9.367886278863364335e-01 -6.567767332568279735e-03
9.473131200147204556e-01 -5.067531238714839681e-03
9.578434676659028923e-01 -3.676848562343772164e-03
9.683785005164411430e-01 -2.433182371599739140e-03
9.789170477221889044e-01 -1.394799173324164868e-03
9.894579380484205267e-01 -6.470640742432254289e-04
9.999999999999998890e-01 -3.700235755561278000e-04
