9.999999999999998890e-01 2.200039581879946991e-03
9.894579380484205267e-01 5.660285499901940298e-03
9.789170477221889044e-01 9.007535721285618580e-03
9.683785005164411430e-01 1.223777730860870633e-02
9.578434676659028923e-01 1.535096158213666330e-02
9.473131200147204556e-01 1.836361691760747539e-02
9.367886278863364335e-01 2.133514084070298189e-02
9.262711609534211021e-01 2.431379407960094705e-02
9.157618881078770645e-01 2.730613794967376440e-02
9.052619773309316109e-01 3.030373039640040997e-02
8.947725955633289985e-01 3.328062668283764819e-02
8.842949085756387495e-01 3.621160595530439896e-02
8.738300808386934015e-01 3.907596675275522291e-02
8.633792753941731402e-01 4.186480904361213062e-02
8.529436537253458628e-01 4.458435245716975415e-02
8.425243756279822138e-01 4.723804377566492851e-02
8.321225990814590245e-01 4.982492044004525195e-02
8.217394801200630372e-01 5.234186476244127167e-02
8.113761727045106786e-01 5.478481592004282030e-02
8.010338285937002034e-01 5.716375630475454411e-02
7.907135972167069760e-01 5.949953148901052091e-02
7.804166255450371015e-01 6.180764049250555420e-02
7.701440579651563922e-01 6.409879857041095308e-02
7.598970361513051053e-01 6.637425566277310729e-02
7.496766989386134394e-01 6.863021641174164855e-02
7.394841821965345563e-01 7.086508682809045112e-02
7.293206187026060050e-01 7.307891177273545535e-02
7.191871380165538730e-01 7.527536834962461620e-02
7.090848663547572039e-01 7.745667900413101548e-02
6.990149264650814542e-01 7.960987171832810405e-02
6.889784375020977514e-01 8.171780688251971403e-02
6.789765149027036095e-01 8.376685657099817994e-02
6.690102702621547603e-01 8.574768676935715095e-02
6.590808112105230876e-01 8.766286572179310399e-02
6.491892412895989839e-01 8.951621423659490706e-02
6.393366598302444581e-01 9.130745619151087178e-02
6.295241618302156450e-01 9.303570537224283010e-02
6.197528378324663745e-01 9.470042504460667032e-02
6.100237738039482327e-01 9.630285779316338779e-02
6.003380510149177729e-01 9.784780114203166235e-02
5.906967459187653091e-01 9.934388254812828722e-02
5.811009300323815019e-01 1.008053594460576602e-01
5.715516698170692855e-01 1.022392243788946276e-01
5.620500265600203438e-01 1.036413895489187165e-01
5.525970562563653488e-01 1.050106651209047615e-01
5.431938094918128401e-01 1.063502550440795641e-01
5.338413313258880688e-01 1.076604021131191552e-01
5.245406611757882365e-01 1.089383271129365505e-01
5.152928327008634568e-01 1.101857859330722389e-01
5.060988736877365390e-01 1.114074380682892468e-01
4.969598059360780251e-01 1.125928274798966844e-01
4.878766451450451402e-01 1.137216168897196567e-01
4.788504008003974244e-01 1.147856322945270124e-01
4.698820760623064752e-01 1.157844273669422636e-01
4.609726676538650203e-01 1.167191498859348475e-01
4.521231657503131940e-01 1.175915870922755457e-01
4.433345538689928977e-01 1.184026997624798017e-01
4.346078087600411255e-01 1.191531742610492106e-01
4.259439002978354649e-01 1.198441519769665731e-01
4.173437913732044313e-01 1.204769049983208384e-01
4.088084377864137364e-01 1.210525623822778646e-01
4.003387881409395943e-01 1.215722031869769515e-01
3.919357837380436083e-01 1.220368750492960286e-01
3.836003584721576765e-01 1.224477121266069890e-01
3.753334387270930161e-01 1.228061464197445218e-01
3.671359432730831873e-01 1.231134389876571700e-01
3.590087831646743277e-01 1.233702504015068979e-01
3.509528616394713696e-01 1.235776883159654671e-01
3.429690740177547825e-01 1.237380377313499480e-01
3.350583076029753915e-01 1.238525636947386821e-01
3.272214415831418144e-01 1.239204284193886757e-01
3.194593469331089564e-01 1.239431915179687455e-01
3.117728863177794407e-01 1.239262583293209014e-01
3.041629139962280792e-01 1.238685678837262300e-01
2.966302757267624823e-01 1.237602879469727329e-01
2.891758086729252497e-01 1.235913033721817433e-01
2.818003413104546162e-01 1.233522462180506318e-01
2.745046933352085494e-01 1.230421539544285237e-01
2.672896755720651774e-01 1.226675226163783383e-01
2.601560898848094272e-01 1.222313697990557030e-01
2.531047290870154232e-01 1.217339647337119801e-01
2.461363768539343022e-01 1.211775029796631070e-01
2.392518076353984391e-01 1.205653788090258194e-01
2.324517865697500740e-01 1.198999916284644029e-01
2.257370693988056676e-01 1.191832312077308886e-01
2.191084023838638650e-01 1.184173436350001579e-01
2.125665222227673956e-01 1.176047682422547563e-01
2.061121559680280102e-01 1.167481143447943459e-01
1.997460209460230063e-01 1.158499489963786128e-01
1.934688246772731102e-01 1.149122996734760621e-01
1.872812647978095990e-01 1.139373842983763818e-01
1.811840289816407656e-01 1.129289205975329835e-01
1.751777948643248317e-01 1.118899246990116558e-01
1.692632299676588570e-01 1.108196782694207683e-01
1.634409916254914164e-01 1.097193829341991111e-01
1.577117269106679265e-01 1.085978976764250953e-01
1.520760725631161714e-01 1.074560941317366097e-01
1.465346549190801317e-01 1.062729673708571326e-01
1.410880898415101115e-01 1.050307616249625681e-01
1.357369826516168221e-01 1.037243100262575102e-01
1.304819280615971966e-01 1.023541806423211992e-01
1.253235101085391490e-01 1.009279318082641763e-01
1.202623020895129402e-01 9.945199904562661286e-02
1.152988664978553679e-01 9.793035150938241007e-02
1.104337549606562163e-01 9.636640461607254293e-02
1.056675081774507419e-01 9.476329358955998261e-02
1.010006558601274085e-01 9.312760025291978716e-02
9.643371667405697956e-02 9.146902357990274735e-02
9.196719818044885031e-02 8.979243936182308705e-02
8.760159677994161509e-02 8.809917300100734983e-02
8.333739765743386485e-02 8.639785156576013092e-02
7.917507472816209813e-02 8.469981173729128343e-02
7.511509058502996439e-02 8.299097022132087553e-02
7.115789644719716645e-02 8.124365758830738582e-02
6.730393210993146358e-02 7.944172835628421359e-02
6.355362589573076981e-02 7.757739189791709733e-02
5.990739460672012129e-02 7.566020914946354481e-02
5.636564347832906385e-02 7.370549552759105005e-02
5.292876613425423482e-02 7.172119290818558535e-02
4.959714454271368922e-02 6.971260418584346308e-02
4.637114897399441382e-02 6.768448325394005316e-02
4.325113795930202176e-02 6.564280712495199066e-02
4.023745825091396000e-02 6.359864566753731241e-02
3.733044478364233587e-02 6.156131909635620403e-02
3.453042063760936031e-02 5.953123037307012089e-02
3.183769700234129196e-02 5.751404764538032427e-02
2.925257314218321358e-02 5.553291521661221641e-02
2.677533636303963682e-02 5.359252240965679120e-02
2.440626198044326678e-02 5.165286857895948908e-02
2.214561328895736647e-02 4.966250065393996993e-02
1.999364153291383062e-02 4.756093415717238537e-02
1.795058587848985532e-02 4.535040484572636782e-02
1.601667338712764455e-02 4.312520970496844241e-02
1.419211899029970692e-02 4.090511799533222415e-02
1.247712546562085301e-02 3.860513156245406335e-02
1.087188341431266636e-02 3.607478213686197283e-02
9.376571240020115106e-03 3.311352909342932943e-02
7.991355128984078959e-03 2.974366110194004431e-02
6.716389031571567969e-03 2.618165878358843374e-02
5.551814645166519568e-03 2.256003073040666052e-02
4.497761398421062928e-03 1.894581750598077832e-02
3.554346436871580472e-03 1.543427092380249104e-02
2.721674609919344512e-03 1.213557755567133342e-02
1.999838459177394334e-03 9.125261257489847982e-03
1.388918208186096237e-03 6.460446652669185955e-03
8.889817534969424173e-04 4.198723418978794926e-03
5.000846571264760954e-04 2.394328902223357043e-03
2.222701403818971855e-04 1.079971486873977215e-03
5.556907905679420168e-05 2.794206241594512875e-04
0.000000000000000000e+00 1.139926254662086980e-05
0.000000000000000000e+00 -3.272582017319536936e-06
5.556907905679420168e-05 -1.884088632829647154e-04
2.222701403818971855e-04 -7.415755916682875660e-04
5.000846571264760954e-04 -1.651231642835034518e-03
8.889817534969424173e-04 -2.902488868484469613e-03
1.388918208186096237e-03 -4.474938205598334717e-03
1.999838459177394334e-03 -6.335002037482484298e-03
2.721674609919344512e-03 -8.446894913061053778e-03
3.554346436871580472e-03 -1.077476067693163356e-02
4.497761398421062928e-03 -1.327157945244034076e-02
5.551814645166519568e-03 -1.586938501573812929e-02
6.716389031571567969e-03 -1.850885559873152383e-02
7.991355128984078959e-03 -2.114712352328495040e-02
9.376571240020115106e-03 -2.370215689894172167e-02
1.087188341431266636e-02 -2.604170345386310273e-02
1.247712546562085301e-02 -2.814862256378788258e-02
1.419211899029970692e-02 -3.013787148007689154e-02
1.601667338712764455e-02 -3.209422118327481116e-02
1.795058587848985532e-02 -3.406315240574280673e-02
1.999364153291383062e-02 -3.602802591366394830e-02
2.214561328895736647e-02 -3.792794522441105681e-02
2.440626198044326678e-02 -3.975558012333347407e-02
2.677533636303963682e-02 -4.154017353906163529e-02
2.925257314218321358e-02 -4.330632334015905444e-02
3.183769700234129196e-02 -4.507196230615070909e-02
3.453042063760936031e-02 -4.682627783918784370e-02
3.733044478364233587e-02 -4.854706092013063440e-02
4.023745825091396000e-02 -5.022641504212468910e-02
4.325113795930202176e-02 -5.185918041319095145e-02
4.637114897399441382e-02 -5.342465330580329491e-02
4.959714454271368922e-02 -5.490887868117155096e-02
5.292876613425423482e-02 -5.634912764573154348e-02
5.636564347832906385e-02 -5.778572817425069175e-02
5.990739460672012129e-02 -5.922061143459650401e-02
6.355362589573076981e-02 -6.064828879827128399e-02
6.730393210993146358e-02 -6.206655337731575156e-02
7.115789644719716645e-02 -6.347112337858333564e-02
7.511509058502996439e-02 -6.485119776660226709e-02
7.917507472816209813e-02 -6.619502719757817955e-02
8.333739765743386485e-02 -6.749091511612173577e-02
8.760159677994161509e-02 -6.872721862029484985e-02
9.196719818044885031e-02 -6.989254587473872626e-02
9.643371667405697956e-02 -7.098382516296318501e-02
1.010006558601274085e-01 -7.201012456000038808e-02
1.056675081774507419e-01 -7.298980697124496375e-02
1.104337549606562163e-01 -7.395048288065542152e-02
1.152988664978553679e-01 -7.490014545616141550e-02
1.202623020895129402e-01 -7.582670029215955732e-02
1.253235101085391490e-01 -7.672558101237048067e-02
1.304819280615971966e-01 -7.759912744620740821e-02
1.357369826516168221e-01 -7.844516762919108432e-02
1.410880898415101115e-01 -7.925836637752467495e-02
1.465346549190801317e-01 -8.003624662378247545e-02
1.520760725631161714e-01 -8.077806146192445524e-02
1.577117269106679265e-01 -8.148260243528468449e-02
1.634409916254914164e-01 -8.214827109654027071e-02
1.692632299676588570e-01 -8.277248002768859692e-02
1.751777948643248317e-01 -8.335234926157675250e-02
1.811840289816407656e-01 -8.388572491708129464e-02
1.872812647978095990e-01 -8.437034219731580353e-02
1.934688246772731102e-01 -8.480221519803521346e-02
1.997460209460230063e-01 -8.517959497790057732e-02
2.061121559680280102e-01 -8.551127148077279638e-02
2.125665222227673956e-01 -8.580576903616921047e-02
2.191084023838638650e-01 -8.606273480563618461e-02
2.257370693988056676e-01 -8.628013730519301649e-02
2.324517865697500740e-01 -8.645614603627538308e-02
2.392518076353984391e-01 -8.658895034647022537e-02
2.461363768539343022e-01 -8.667674696049600114e-02
2.531047290870154232e-01 -8.672116275553282128e-02
2.601560898848094272e-01 -8.673002495034959347e-02
2.672896755720651774e-01 -8.670794356127249636e-02
2.745046933352085494e-01 -8.665357304071923117e-02
2.818003413104546162e-01 -8.656490015146595107e-02
2.891758086729252497e-01 -8.643979467300209885e-02
2.966302757267624823e-01 -8.627865119495212176e-02
3.041629139962280792e-01 -8.608464788351115338e-02
3.117728863177794407e-01 -8.586150535674191842e-02
3.194593469331089564e-01 -8.561307628569177208e-02
3.272214415831418144e-01 -8.533962348324071467e-02
3.350583076029753915e-01 -8.503875820566329791e-02
3.429690740177547825e-01 -8.470969019627440366e-02
3.509528616394713696e-01 -8.435262511070333591e-02
3.590087831646743277e-01 -8.396689496427983679e-02
3.671359432730831873e-01 -8.355140870058673508e-02
3.753334387270930161e-01 -8.310556952099032446e-02
3.836003584721576765e-01 -8.262896617444273617e-02
3.919357837380436083e-01 -8.212092225547720781e-02
4.003387881409395943e-01 -8.158076234749400690e-02
4.088084377864137364e-01 -8.100832918621242440e-02
4.173437913732044313e-01 -8.040352948399460964e-02
4.259439002978354649e-01 -7.976585614939236957e-02
4.346078087600411255e-01 -7.909469060009623187e-02
4.433345538689928977e-01 -7.838940093178192736e-02
4.521231657503131940e-01 -7.764942469514292400e-02
4.609726676538650203e-01 -7.687440338293176356e-02
4.698820760623064752e-01 -7.606384457312789782e-02
4.788504008003974244e-01 -7.521686003967484324e-02
4.878766451450451402e-01 -7.433288007790216090e-02
4.969598059360780251e-01 -7.341211524884588835e-02
5.060988736877365390e-01 -7.245796822512441671e-02
5.152928327008634568e-01 -7.147884494879325201e-02
5.245406611757882365e-01 -7.047916578054955195e-02
5.338413313258880688e-01 -6.945722880012002165e-02
5.431938094918128401e-01 -6.841210378453094210e-02
5.525970562563653488e-01 -6.734426781134944529e-02
5.620500265600203438e-01 -6.625389744294268857e-02
5.715516698170692855e-01 -6.514077728469573614e-02
5.811009300323815019e-01 -6.400438187416830627e-02
5.906967459187653091e-01 -6.284408785413563014e-02
6.003380510149177729e-01 -6.166116666164526278e-02
6.100237738039482327e-01 -6.045813770676473214e-02
6.197528378324663745e-01 -5.923670214318691590e-02
6.295241618302156450e-01 -5.799793095470199417e-02
6.393366598302444581e-01 -5.674179110340973192e-02
6.491892412895989839e-01 -5.546779124791879206e-02
6.590808112105230876e-01 -5.417598616455426147e-02
6.690102702621547603e-01 -5.286660493871735839e-02
6.789765149027036095e-01 -5.153959599617964626e-02
6.889784375020977514e-01 -5.019484845377362309e-02
6.990149264650814542e-01 -4.883241529866669955e-02
7.090848663547572039e-01 -4.745237460599521090e-02
7.191871380165538730e-01 -4.605472685739928768e-02
7.293206187026060050e-01 -4.463947331194602353e-02
7.394841821965345563e-01 -4.320667233864760454e-02
7.496766989386134394e-01 -4.175638139408933275e-02
7.598970361513051053e-01 -4.028862830665900369e-02
7.701440579651563922e-01 -3.880345878806932408e-02
7.804166255450371015e-01 -3.730096562732201915e-02
7.907135972167069760e-01 -3.578121916666680835e-02
8.010338285937002034e-01 -3.424424091581165785e-02
8.113761727045106786e-01 -3.269011536299700621e-02
8.217394801200630372e-01 -3.111902430198251746e-02
8.321225990814590245e-01 -2.953103478005177779e-02
8.425243756279822138e-01 -2.792607118433642482e-02
8.529436537253458628e-01 -2.630431494608092072e-02
8.633792753941731402e-01 -2.466619941891273760e-02
8.738300808386934015e-01 -2.301163433358394475e-02
8.842949085756387495e-01 -2.134014273632198200e-02
8.947725955633289985e-01 -1.965252684685673754e-02
9.052619773309316109e-01 -1.795061325140573372e-02
9.157618881078770645e-01 -1.623685837902778123e-02
9.262711609534211021e-01 -1.451385441179849425e-02
9.367886278863364335e-01 -1.278198280696951454e-02
9.473131200147204556e-01 -1.104058277317147320e-02
9.578434676659028923e-01 -9.289927827402264665e-03
9.683785005164411430e-01 -7.530616194997901032e-03
9.789170477221889044e-01 -5.762698446710952209e-03
9.894579380484205267e-01 -3.986126590696853836e-03
9.999999999999998890e-01 -2.201353922684679172e-03
