9.999999999999998890e-01 -1.425742523769861925e-04
9.894579380484205267e-01 -2.125081565552222151e-04
9.789170477221889044e-01 -8.364801056081781414e-06
9.683785005164411430e-01 3.902222188743710660e-04
9.578434676659028923e-01 9.300439125308702839e-04
9.473131200147204556e-01 1.572330155957703170e-03
9.367886278863364335e-01 2.302854183414632019e-03
9.262711609534211021e-01 3.112926786087765428e-03
9.157618881078770645e-01 3.997022064401187756e-03
9.052619773309316109e-01 4.949777840338751532e-03
8.947725955633289985e-01 5.965317965518107668e-03
8.842949085756387495e-01 7.037711497349000839e-03
8.738300808386934015e-01 8.161025534145821894e-03
8.633792753941731402e-01 9.329091184481120777e-03
8.529436537253458628e-01 1.053545596707464518e-02
8.425243756279822138e-01 1.177456365203608489e-02
8.321225990814590245e-01 1.304191993601330063e-02
8.217394801200630372e-01 1.433367520610657163e-02
8.113761727045106786e-01 1.564653869134102065e-02
8.010338285937002034e-01 1.697721823794700116e-02
7.907135972167069760e-01 1.832242286897482059e-02
7.804166255450371015e-01 1.967910984925214796e-02
7.701440579651563922e-01 2.104440653384846011e-02
7.598970361513051053e-01 2.241546319984180982e-02
7.496766989386134394e-01 2.378948022809644278e-02
7.394841821965345563e-01 2.516396551848110175e-02
7.293206187026060050e-01 2.653656393356643856e-02
7.191871380165538730e-01 2.790486314868956610e-02
7.090848663547572039e-01 2.926636250068331141e-02
6.990149264650814542e-01 3.061821736648058859e-02
6.889784375020977514e-01 3.195744822758295189e-02
6.789765149027036095e-01 3.328097950858725784e-02
6.690102702621547603e-01 3.458588231671384794e-02
6.590808112105230876e-01 3.586984237567455297e-02
6.491892412895989839e-01 3.713087621658852505e-02
6.393366598302444581e-01 3.836757059807977682e-02
6.295241618302156450e-01 3.957857176147527856e-02
6.197528378324663745e-01 4.076241818176141313e-02
6.100237738039482327e-01 4.191780200150099778e-02
6.003380510149177729e-01 4.304376055720903621e-02
5.906967459187653091e-01 4.413937590760390328e-02
5.811009300323815019e-01 4.520373677165620552e-02
5.715516698170692855e-01 4.623601866299072161e-02
5.620500265600203438e-01 4.723552786350782018e-02
5.525970562563653488e-01 4.820182253789689897e-02
5.431938094918128401e-01 4.913475070378892778e-02
5.338413313258880688e-01 5.003412404463469104e-02
5.245406611757882365e-01 5.089971032986168042e-02
5.152928327008634568e-01 5.173146515150671421e-02
5.060988736877365390e-01 5.252951942167212451e-02
4.969598059360780251e-01 5.329417298619235077e-02
4.878766451450451402e-01 5.402584309460064377e-02
4.788504008003974244e-01 5.472493857184249771e-02
4.698820760623064752e-01 5.539185425087918280e-02
4.609726676538650203e-01 5.602692240490209086e-02
4.521231657503131940e-01 5.663043270083007591e-02
4.433345538689928977e-01 5.720259972347517541e-02
4.346078087600411255e-01 5.774362339147604689e-02
4.259439002978354649e-01 5.825380146317388902e-02
4.173437913732044313e-01 5.873342308076841961e-02
4.088084377864137364e-01 5.918257521448509750e-02
4.003387881409395943e-01 5.960127458045165472e-02
3.919357837380436083e-01 5.998949480152976355e-02
3.836003584721576765e-01 6.034722477872148799e-02
3.753334387270930161e-01 6.067453468785724557e-02
3.671359432730831873e-01 6.097150081518061537e-02
3.590087831646743277e-01 6.123817328619909905e-02
3.509528616394713696e-01 6.147459484725026346e-02
3.429690740177547825e-01 6.168080207663077796e-02
3.350583076029753915e-01 6.185689825827341004e-02
3.272214415831418144e-01 6.200310736369819137e-02
3.194593469331089564e-01 6.211950885002091166e-02
3.117728863177794407e-01 6.220593926556968606e-02
3.041629139962280792e-01 6.226216249247731177e-02
2.966302757267624823e-01 6.228787921172462827e-02
2.891758086729252497e-01 6.228289775020279945e-02
2.818003413104546162e-01 6.224714899716862759e-02
2.745046933352085494e-01 6.218058088197020439e-02
2.672896755720651774e-01 6.208315352817656008e-02
2.601560898848094272e-01 6.195486052177665709e-02
2.531047290870154232e-01 6.179573217117256129e-02
2.461363768539343022e-01 6.160593023795601919e-02
2.392518076353984391e-01 6.138569464706425394e-02
2.324517865697500740e-01 6.113519919581918149e-02
2.257370693988056676e-01 6.085456540604461395e-02
2.191084023838638650e-01 6.054379892965770782e-02
2.125665222227673956e-01 6.020288785667839843e-02
2.061121559680280102e-01 5.983203811132417616e-02
1.997460209460230063e-01 5.943153667134128820e-02
1.934688246772731102e-01 5.900166022489168605e-02
1.872812647978095990e-01 5.854264880139971317e-02
1.811840289816407656e-01 5.805460368761865275e-02
1.751777948643248317e-01 5.753765723277527028e-02
1.692632299676588570e-01 5.699217167747384211e-02
1.634409916254914164e-01 5.641858160365488539e-02
1.577117269106679265e-01 5.581738674016586965e-02
1.520760725631161714e-01 5.518898475455566444e-02
1.465346549190801317e-01 5.453350744629617552e-02
1.410880898415101115e-01 5.385115232567812965e-02
1.357369826516168221e-01 5.314232241539133123e-02
1.304819280615971966e-01 5.240757208231475867e-02
1.253235101085391490e-01 5.164765795530337072e-02
1.202623020895129402e-01 5.086302135304369976e-02
1.152988664978553679e-01 5.005364523713541625e-02
1.104337549606562163e-01 4.921960873422906446e-02
1.056675081774507419e-01 4.836115657736442947e-02
1.010006558601274085e-01 4.747885759889618890e-02
9.643371667405697956e-02 4.657357451047301755e-02
9.196719818044885031e-02 4.564590799600613119e-02
8.760159677994161509e-02 4.469622100932663794e-02
8.333739765743386485e-02 4.372474667601553705e-02
7.917507472816209813e-02 4.273172182509207134e-02
7.511509058502996439e-02 4.171830298297933559e-02
7.115789644719716645e-02 4.068604378999311766e-02
6.730393210993146358e-02 3.963531219659342103e-02
6.355362589573076981e-02 3.856577419690895847e-02
5.990739460672012129e-02 3.747632363531933075e-02
5.636564347832906385e-02 3.636578586948877728e-02
5.292876613425423482e-02 3.523433596646850102e-02
4.959714454271368922e-02 3.408280857763486965e-02
4.637114897399441382e-02 3.291293718713136918e-02
4.325113795930202176e-02 3.172706559536883630e-02
4.023745825091396000e-02 3.052886203680764063e-02
3.733044478364233587e-02 2.932236389655416484e-02
3.453042063760936031e-02 2.811180024706147126e-02
3.183769700234129196e-02 2.690135134931256541e-02
2.925257314218321358e-02 2.569495042208980173e-02
2.677533636303963682e-02 2.449131031579550311e-02
2.440626198044326678e-02 2.327826846478180459e-02
2.214561328895736647e-02 2.204620241946397829e-02
1.999364153291383062e-02 2.079241936594924262e-02
1.795058587848985532e-02 1.951600777051485172e-02
1.601667338712764455e-02 1.821791183268880662e-02
1.419211899029970692e-02 1.690844829361747362e-02
1.247712546562085301e-02 1.560930614718498630e-02
1.087188341431266636e-02 1.433901369355305121e-02
9.376571240020115106e-03 1.311213481275488868e-02
7.991355128984078959e-03 1.194533493863477423e-02
6.716389031571567969e-03 1.085478436507703037e-02
5.551814645166519568e-03 9.820322469431742862e-03
4.497761398421062928e-03 8.793477029245501050e-03
3.554346436871580472e-03 7.713333644372067158e-03
2.721674609919344512e-03 6.525233222101522144e-03
1.999838459177394334e-03 5.297446708768675620e-03
1.388918208186096237e-03 4.155537164292543058e-03
8.889817534969424173e-04 3.169122959889329825e-03
5.000846571264760954e-04 2.344699855996774766e-03
2.222701403818971855e-04 1.462500073979620431e-03
5.556907905679420168e-05 4.099945437172444100e-04
0.000000000000000000e+00 -3.225688310517783338e-07
0.000000000000000000e+00 -8.003210904927385503e-06
5.556907905679420168e-05 -7.971381414867656327e-04
2.222701403818971855e-04 -1.340802479721247198e-03
5.000846571264760954e-04 -1.862351193928244494e-03
8.889817534969424173e-04 -2.397585516298684181e-03
1.388918208186096237e-03 -2.950089632421409001e-03
1.999838459177394334e-03 -3.540693964820453270e-03
2.721674609919344512e-03 -4.177950892501234095e-03
3.554346436871580472e-03 -4.836143538573052687e-03
4.497761398421062928e-03 -5.500107649032724873e-03
5.551814645166519568e-03 -6.183403748222754230e-03
6.716389031571567969e-03 -6.891204992135630328e-03
7.991355128984078959e-03 -7.610382074878447797e-03
9.376571240020115106e-03 -8.330379339199917021e-03
1.087188341431266636e-02 -9.046264022721415068e-03
1.247712546562085301e-02 -9.753671220007807327e-03
1.419211899029970692e-02 -1.044876372410166211e-02
1.601667338712764455e-02 -1.113462362295278632e-02
1.795058587848985532e-02 -1.182061768752381246e-02
1.999364153291383062e-02 -1.251188714766918175e-02
2.214561328895736647e-02 -1.320968489053405553e-02
2.440626198044326678e-02 -1.391155836192327182e-02
2.677533636303963682e-02 -1.461279564784699961e-02
2.925257314218321358e-02 -1.531036528064729299e-02
3.183769700234129196e-02 -1.600216988818661465e-02
3.453042063760936031e-02 -1.668576200976268006e-02
3.733044478364233587e-02 -1.735869415988085598e-02
4.023745825091396000e-02 -1.801962052087817401e-02
4.325113795930202176e-02 -1.866768358704846628e-02
4.637114897399441382e-02 -1.930230123582572788e-02
4.959714454271368922e-02 -1.992335124600798715e-02
5.292876613425423482e-02 -2.053231147306000537e-02
5.636564347832906385e-02 -2.113070691763704878e-02
5.990739460672012129e-02 -2.171869095817196074e-02
6.355362589573076981e-02 -2.229571952569097890e-02
6.730393210993146358e-02 -2.286009633874706154e-02
7.115789644719716645e-02 -2.341016035126439535e-02
7.511509058502996439e-02 -2.394484944297077186e-02
7.917507472816209813e-02 -2.446317568770221829e-02
8.333739765743386485e-02 -2.496412270193855074e-02
8.760159677994161509e-02 -2.544687516132622396e-02
9.196719818044885031e-02 -2.591096765473195618e-02
9.643371667405697956e-02 -2.635604169111342709e-02
1.010006558601274085e-01 -2.678185340298924744e-02
1.056675081774507419e-01 -2.718850435713804012e-02
1.104337549606562163e-01 -2.757648558124877955e-02
1.152988664978553679e-01 -2.794590522631920648e-02
1.202623020895129402e-01 -2.829644914393360591e-02
1.253235101085391490e-01 -2.862763815398766676e-02
1.304819280615971966e-01 -2.893888303960409289e-02
1.357369826516168221e-01 -2.922980508564847202e-02
1.410880898415101115e-01 -2.950018826593637719e-02
1.465346549190801317e-01 -2.974989936424479731e-02
1.520760725631161714e-01 -2.997887626794326632e-02
1.577117269106679265e-01 -3.018725383335156207e-02
1.634409916254914164e-01 -3.037528559074339357e-02
1.692632299676588570e-01 -3.054335493372879393e-02
1.751777948643248317e-01 -3.069194714973105809e-02
1.811840289816407656e-01 -3.082181504546934250e-02
1.872812647978095990e-01 -3.093367709346712610e-02
1.934688246772731102e-01 -3.102764946026216955e-02
1.997460209460230063e-01 -3.110367130951327552e-02
2.061121559680280102e-01 -3.116167764620564676e-02
2.125665222227673956e-01 -3.120163777971829422e-02
2.191084023838638650e-01 -3.122363300560785163e-02
2.257370693988056676e-01 -3.122779596487861367e-02
2.324517865697500740e-01 -3.121433614754475644e-02
2.392518076353984391e-01 -3.118351201848565055e-02
2.461363768539343022e-01 -3.113566245984954184e-02
2.531047290870154232e-01 -3.107119760196791827e-02
2.601560898848094272e-01 -3.099063856633868519e-02
2.672896755720651774e-01 -3.089452829512719795e-02
2.745046933352085494e-01 -3.078341960698407001e-02
2.818003413104546162e-01 -3.065765655805634954e-02
2.891758086729252497e-01 -3.051731491028920190e-02
2.966302757267624823e-01 -3.036252593772521130e-02
3.041629139962280792e-01 -3.019350152697516596e-02
3.117728863177794407e-01 -3.001047108705594268e-02
3.194593469331089564e-01 -2.981368042756814621e-02
3.272214415831418144e-01 -2.960343634008136618e-02
3.350583076029753915e-01 -2.938009416049200406e-02
3.429690740177547825e-01 -2.914402976191156347e-02
3.509528616394713696e-01 -2.889564149906897680e-02
3.590087831646743277e-01 -2.863542075694391550e-02
3.671359432730831873e-01 -2.836389207626997810e-02
3.753334387270930161e-01 -2.808144639780122895e-02
3.836003584721576765e-01 -2.778840083875916064e-02
3.919357837380436083e-01 -2.748499576638750372e-02
4.003387881409395943e-01 -2.717145535829419353e-02
4.088084377864137364e-01 -2.684806916768557941e-02
4.173437913732044313e-01 -2.651514979950335416e-02
4.259439002978354649e-01 -2.617301990802888348e-02
4.346078087600411255e-01 -2.582201662575100282e-02
4.433345538689928977e-01 -2.546251773378662223e-02
4.521231657503131940e-01 -2.509491621541582590e-02
4.609726676538650203e-01 -2.471962352984277342e-02
4.698820760623064752e-01 -2.433707093160786608e-02
4.788504008003974244e-01 -2.394772859760628189e-02
4.878766451450451402e-01 -2.355207600946358434e-02
4.969598059360780251e-01 -2.315060045223582899e-02
5.060988736877365390e-01 -2.274382521303089030e-02
5.152928327008634568e-01 -2.233233025833036151e-02
5.245406611757882365e-01 -2.191665330291089897e-02
5.338413313258880688e-01 -2.149726084178294611e-02
5.431938094918128401e-01 -2.107444741249541245e-02
5.525970562563653488e-01 -2.064831481948521327e-02
5.620500265600203438e-01 -2.021899771570347115e-02
5.715516698170692855e-01 -1.978667289072281316e-02
5.811009300323815019e-01 -1.935150291812530454e-02
5.906967459187653091e-01 -1.891363830963734005e-02
6.003380510149177729e-01 -1.847324532027071545e-02
6.100237738039482327e-01 -1.803050117921693382e-02
6.197528378324663745e-01 -1.758558008815462245e-02
6.295241618302156450e-01 -1.713865596101171382e-02
6.393366598302444581e-01 -1.668991611704401939e-02
6.491892412895989839e-01 -1.623955572984861484e-02
6.590808112105230876e-01 -1.578777833171161882e-02
6.690102702621547603e-01 -1.533479127380120779e-02
6.789765149027036095e-01 -1.488080414514761363e-02
6.889784375020977514e-01 -1.442602896350398019e-02
6.990149264650814542e-01 -1.397068525847507993e-02
7.090848663547572039e-01 -1.351499398271014708e-02
7.191871380165538730e-01 -1.305917354897459005e-02
7.293206187026060050e-01 -1.260344662626986141e-02
7.394841821965345563e-01 -1.214805064841164260e-02
7.496766989386134394e-01 -1.169321856275103329e-02
7.598970361513051053e-01 -1.123916498784535527e-02
7.701440579651563922e-01 -1.078612105889694903e-02
7.804166255450371015e-01 -1.033435828379335522e-02
7.907135972167069760e-01 -9.884114530314605865e-03
8.010338285937002034e-01 -9.435561014280729672e-03
8.113761727045106786e-01 -8.988953114276746967e-03
8.217394801200630372e-01 -8.544668580442433756e-03
8.321225990814590245e-01 -8.102652099926619181e-03
8.425243756279822138e-01 -7.662299428905445034e-03
8.529436537253458628e-01 -7.223088602756807045e-03
8.633792753941731402e-01 -6.784600927729115757e-03
8.738300808386934015e-01 -6.346051156125338474e-03
8.842949085756387495e-01 -5.906376960024323566e-03
8.947725955633289985e-01 -5.465275372213820870e-03
9.052619773309316109e-01 -5.022879207059880585e-03
9.157618881078770645e-01 -4.577739698389963856e-03
9.262711609534211021e-01 -4.127787006837492327e-03
9.367886278863364335e-01 -3.674395346693459970e-03
9.473131200147204556e-01 -3.219294507030671937e-03
9.578434676659028923e-01 -2.753516594129412891e-03
9.683785005164411430e-01 -2.258869557285735942e-03
9.789170477221889044e-01 -1.690514867447877366e-03
9.894579380484205267e-01 -9.959122683922700531e-04
9.999999999999998890e-01 -1.325836484903656015e-04
