9.999999999999998890e-01 -4.869412068414230203e-08
9.894579380484205267e-01 3.662120379313794829e-03
9.789170477221889044e-01 7.695981991938724912e-03
9.683785005164411430e-01 1.156767032238980968e-02
9.578434676659028923e-01 1.522056864435875588e-02
9.473131200147204556e-01 1.868634492716960901e-02
9.367886278863364335e-01 2.196992626510367932e-02
9.262711609534211021e-01 2.510186184103284021e-02
9.157618881078770645e-01 2.818062971103010850e-02
9.052619773309316109e-01 3.127667614427839804e-02
8.947725955633289985e-01 3.438949486644912734e-02
8.842949085756387495e-01 3.749892076566575111e-02
8.738300808386934015e-01 4.056696885253838897e-02
8.633792753941731402e-01 4.359045210949118870e-02
8.529436537253458628e-01 4.661431724671410287e-02
8.425243756279822138e-01 4.967136556469779751e-02
8.321225990814590245e-01 5.277557444084633731e-02
8.217394801200630372e-01 5.591195944425726011e-02
8.113761727045106786e-01 5.904046785688232130e-02
8.010338285937002034e-01 6.214502116851740310e-02
7.907135972167069760e-01 6.522903147342361263e-02
7.804166255450371015e-01 6.828926081469988141e-02
7.701440579651563922e-01 7.131914974106749738e-02
7.598970361513051053e-01 7.432730641025281360e-02
7.496766989386134394e-01 7.732362791682446945e-02
7.394841821965345563e-01 8.025983865992100674e-02
7.293206187026060050e-01 8.306679350379786442e-02
7.191871380165538730e-01 8.571892673574843524e-02
7.090848663547572039e-01 8.821014411323650772e-02
6.990149264650814542e-01 9.054579704880043323e-02
6.889784375020977514e-01 9.273226744566433200e-02
6.789765149027036095e-01 9.476423750982868044e-02
6.690102702621547603e-01 9.663885190785143076e-02
6.590808112105230876e-01 9.837327659475156305e-02
6.491892412895989839e-01 9.998890281966968385e-02
6.393366598302444581e-01 1.015064314431738668e-01
6.295241618302156450e-01 1.029391926422902337e-01
6.197528378324663745e-01 1.042828840897056381e-01
6.100237738039482327e-01 1.055344496005923144e-01
6.003380510149177729e-01 1.066986808669877357e-01
5.906967459187653091e-01 1.077780818344558772e-01
5.811009300323815019e-01 1.087697520309453686e-01
5.715516698170692855e-01 1.096758179362632007e-01
5.620500265600203438e-01 1.105062743974470352e-01
5.525970562563653488e-01 1.112688285160335494e-01
5.431938094918128401e-01 1.119676015263983970e-01
5.338413313258880688e-01 1.126043395813498688e-01
5.245406611757882365e-01 1.131786515842008317e-01
5.152928327008634568e-01 1.136912324573658289e-01
5.060988736877365390e-01 1.141437421246246364e-01
4.969598059360780251e-01 1.145371617213318399e-01
4.878766451450451402e-01 1.148720166137333076e-01
4.788504008003974244e-01 1.151494599818830289e-01
4.698820760623064752e-01 1.153710333326530973e-01
4.609726676538650203e-01 1.155382760391818059e-01
4.521231657503131940e-01 1.156526581702154721e-01
4.433345538689928977e-01 1.157151936724464675e-01
4.346078087600411255e-01 1.157267604195829774e-01
4.259439002978354649e-01 1.156885667779223026e-01
4.173437913732044313e-01 1.156018543872950888e-01
4.088084377864137364e-01 1.154674731044359470e-01
4.003387881409395943e-01 1.152863597121904227e-01
3.919357837380436083e-01 1.150602254321469453e-01
3.836003584721576765e-01 1.147902079195420311e-01
3.753334387270930161e-01 1.144750369584080774e-01
3.671359432730831873e-01 1.141136165578266193e-01
3.590087831646743277e-01 1.137065586904523057e-01
3.509528616394713696e-01 1.132549149643019282e-01
3.429690740177547825e-01 1.127600928993824497e-01
3.350583076029753915e-01 1.122235521638326738e-01
3.272214415831418144e-01 1.116467582903045708e-01
3.194593469331089564e-01 1.110309678390958427e-01
3.117728863177794407e-01 1.103771334963476458e-01
3.041629139962280792e-01 1.096868643371775170e-01
2.966302757267624823e-01 1.089625279783917045e-01
2.891758086729252497e-01 1.082032256978631146e-01
2.818003413104546162e-01 1.074046041856706463e-01
2.745046933352085494e-01 1.065653823661530109e-01
2.672896755720651774e-01 1.056872575611161186e-01
2.601560898848094272e-01 1.047718590371539416e-01
2.531047290870154232e-01 1.038207146410618092e-01
2.461363768539343022e-01 1.028357903104388377e-01
2.392518076353984391e-01 1.018192333901505875e-01
2.324517865697500740e-01 1.007721918509311004e-01
2.257370693988056676e-01 9.969555985559383493e-02
2.191084023838638650e-01 9.859247273472405981e-02
2.125665222227673956e-01 9.746588754361802664e-02
2.061121559680280102e-01 9.631131483937353799e-02
1.997460209460230063e-01 9.512250300730797081e-02
1.934688246772731102e-01 9.389864531114069934e-02
1.872812647978095990e-01 9.264094389393713602e-02
1.811840289816407656e-01 9.135180678683933742e-02
1.751777948643248317e-01 9.003396213142199345e-02
1.692632299676588570e-01 8.869016094926150673e-02
1.634409916254914164e-01 8.732270961713717305e-02
1.577117269106679265e-01 8.593264737872045866e-02
1.520760725631161714e-01 8.452207330397285001e-02
1.465346549190801317e-01 8.309606999996188570e-02
1.410880898415101115e-01 8.165645229870138744e-02
1.357369826516168221e-01 8.019779101430569990e-02
1.304819280615971966e-01 7.871423871140076356e-02
1.253235101085391490e-01 7.720074796246242932e-02
1.202623020895129402e-01 7.565699478398846267e-02
1.152988664978553679e-01 7.408902374463342821e-02
1.104337549606562163e-01 7.250125356805289800e-02
1.056675081774507419e-01 7.089570193857440417e-02
1.010006558601274085e-01 6.927517966066781829e-02
9.643371667405697956e-02 6.764339610543639025e-02
9.196719818044885031e-02 6.600381935725313509e-02
8.760159677994161509e-02 6.435966102142764989e-02
8.333739765743386485e-02 6.271381039844715899e-02
7.917507472816209813e-02 6.106756508948037176e-02
7.511509058502996439e-02 5.940812635384055268e-02
7.115789644719716645e-02 5.771687309874810184e-02
6.730393210993146358e-02 5.599538438401122087e-02
6.355362589573076981e-02 5.425433005087722249e-02
5.990739460672012129e-02 5.249837651670771765e-02
5.636564347832906385e-02 5.073053113860578195e-02
5.292876613425423482e-02 4.895835750102742190e-02
4.959714454271368922e-02 4.718952898486779984e-02
4.637114897399441382e-02 4.542522865979294056e-02
4.325113795930202176e-02 4.366783494528628934e-02
4.023745825091396000e-02 4.193089231736963490e-02
3.733044478364233587e-02 4.022062398216982859e-02
3.453042063760936031e-02 3.851304388012081331e-02
3.183769700234129196e-02 3.678506354742927531e-02
2.925257314218321358e-02 3.503043293147758974e-02
2.677533636303963682e-02 3.325283911331557846e-02
2.440626198044326678e-02 3.147130731758322059e-02
2.214561328895736647e-02 2.969971834644967099e-02
1.999364153291383062e-02 2.793942769574818408e-02
1.795058587848985532e-02 2.618920233130271960e-02
1.601667338712764455e-02 2.444622869203648755e-02
1.419211899029970692e-02 2.272058670182697596e-02
1.247712546562085301e-02 2.103797319772944194e-02
1.087188341431266636e-02 1.940853924610913897e-02
9.376571240020115106e-03 1.782355436636886073e-02
7.991355128984078959e-03 1.624627353187883469e-02
6.716389031571567969e-03 1.462035007418530964e-02
5.551814645166519568e-03 1.295384504159612614e-02
4.497761398421062928e-03 1.130380375800809495e-02
3.554346436871580472e-03 9.729723085222900802e-03
2.721674609919344512e-03 8.274815136108131311e-03
1.999838459177394334e-03 6.828664507154320190e-03
1.388918208186096237e-03 5.235984839647129553e-03
8.889817534969424173e-04 3.605168918806615167e-03
5.000846571264760954e-04 2.148792690481501899e-03
2.222701403818971855e-04 1.005169943211667175e-03
5.556907905679420168e-05 2.770501512339101999e-04
0.000000000000000000e+00 2.768549858983665357e-05
0.000000000000000000e+00 -5.120116456862923166e-05
5.556907905679420168e-05 -7.637478631655379106e-04
2.222701403818971855e-04 -1.283246105151319765e-03
5.000846571264760954e-04 -2.059976253882634355e-03
8.889817534969424173e-04 -3.096766919386690839e-03
1.388918208186096237e-03 -4.286696641305815306e-03
1.999838459177394334e-03 -5.474655983848460312e-03
2.721674609919344512e-03 -6.526520959437886842e-03
3.554346436871580472e-03 -7.374869045976192514e-03
4.497761398421062928e-03 -8.042885511125214687e-03
5.551814645166519568e-03 -8.706377357660166627e-03
6.716389031571567969e-03 -9.458888230740501724e-03
7.991355128984078959e-03 -1.023715828245153926e-02
9.376571240020115106e-03 -1.100071153256122758e-02
1.087188341431266636e-02 -1.175775180775772040e-02
1.247712546562085301e-02 -1.250771612069413556e-02
1.419211899029970692e-02 -1.323713945244923453e-02
1.601667338712764455e-02 -1.394902899095678411e-02
1.795058587848985532e-02 -1.466153095032536775e-02
1.999364153291383062e-02 -1.537412655180158717e-02
2.214561328895736647e-02 -1.607102682989700396e-02
2.440626198044326678e-02 -1.673870970923895668e-02
2.677533636303963682e-02 -1.736730897798459405e-02
2.925257314218321358e-02 -1.796496766919725152e-02
3.183769700234129196e-02 -1.854931750100036886e-02
3.453042063760936031e-02 -1.913246612987462916e-02
3.733044478364233587e-02 -1.972208024195358164e-02
4.023745825091396000e-02 -2.031448982108279705e-02
4.325113795930202176e-02 -2.090262474968267170e-02
4.637114897399441382e-02 -2.148507349444495063e-02
4.959714454271368922e-02 -2.206145997388543958e-02
5.292876613425423482e-02 -2.262785264108062994e-02
5.636564347832906385e-02 -2.318006925489354483e-02
5.990739460672012129e-02 -2.371645550086920809e-02
6.355362589573076981e-02 -2.423488816347859134e-02
6.730393210993146358e-02 -2.473022029642006625e-02
7.115789644719716645e-02 -2.519869828071403736e-02
7.511509058502996439e-02 -2.564133720437664771e-02
7.917507472816209813e-02 -2.606352723993118556e-02
8.333739765743386485e-02 -2.647801944008924824e-02
8.760159677994161509e-02 -2.689176854642169948e-02
9.196719818044885031e-02 -2.730038589804323346e-02
9.643371667405697956e-02 -2.770090814796170170e-02
1.010006558601274085e-01 -2.809395431324754333e-02
1.056675081774507419e-01 -2.847905635977159358e-02
1.104337549606562163e-01 -2.885413033840046604e-02
1.152988664978553679e-01 -2.921770605478837129e-02
1.202623020895129402e-01 -2.956901933461441451e-02
1.253235101085391490e-01 -2.990702128804871227e-02
1.304819280615971966e-01 -3.023037499573542550e-02
1.357369826516168221e-01 -3.053751940725502392e-02
1.410880898415101115e-01 -3.082721791813282028e-02
1.465346549190801317e-01 -3.110339677541121631e-02
1.520760725631161714e-01 -3.137251629665918640e-02
1.577117269106679265e-01 -3.163581855151913896e-02
1.634409916254914164e-01 -3.189196516255297237e-02
1.692632299676588570e-01 -3.214033052306297655e-02
1.751777948643248317e-01 -3.238055800338239532e-02
1.811840289816407656e-01 -3.261204320705823889e-02
1.872812647978095990e-01 -3.283410190680394886e-02
1.934688246772731102e-01 -3.304608798031193756e-02
1.997460209460230063e-01 -3.324740038224631433e-02
2.061121559680280102e-01 -3.343756850609171799e-02
2.125665222227673956e-01 -3.361600175337553509e-02
2.191084023838638650e-01 -3.378163187901059294e-02
2.257370693988056676e-01 -3.393445308838013985e-02
2.324517865697500740e-01 -3.407749045554613054e-02
2.392518076353984391e-01 -3.421310327433964293e-02
2.461363768539343022e-01 -3.434112373339254232e-02
2.531047290870154232e-01 -3.446110408973471206e-02
2.601560898848094272e-01 -3.457269424810987396e-02
2.672896755720651774e-01 -3.467554379166518791e-02
2.745046933352085494e-01 -3.476928609040058626e-02
2.818003413104546162e-01 -3.485356200895271123e-02
2.891758086729252497e-01 -3.492802342997235188e-02
2.966302757267624823e-01 -3.499231092809797911e-02
3.041629139962280792e-01 -3.504605272182621800e-02
3.117728863177794407e-01 -3.508889178654436836e-02
3.194593469331089564e-01 -3.512052484836115235e-02
3.272214415831418144e-01 -3.514124759511667861e-02
3.350583076029753915e-01 -3.515175798114113931e-02
3.429690740177547825e-01 -3.515203897458225868e-02
3.509528616394713696e-01 -3.514161863703094829e-02
3.590087831646743277e-01 -3.512020145139008176e-02
3.671359432730831873e-01 -3.508757996295715220e-02
3.753334387270930161e-01 -3.504344869955432207e-02
3.836003584721576765e-01 -3.498747152594289256e-02
3.919357837380436083e-01 -3.491940286152318829e-02
4.003387881409395943e-01 -3.483901043696432248e-02
4.088084377864137364e-01 -3.474595438335706388e-02
4.173437913732044313e-01 -3.463990588110372332e-02
4.259439002978354649e-01 -3.452072327094413140e-02
4.346078087600411255e-01 -3.438821788875853075e-02
4.433345538689928977e-01 -3.424187376531773186e-02
4.521231657503131940e-01 -3.408133242335700114e-02
4.609726676538650203e-01 -3.390687676080856444e-02
4.698820760623064752e-01 -3.371828856456871026e-02
4.788504008003974244e-01 -3.351390860087017504e-02
4.878766451450451402e-01 -3.329200722052329253e-02
4.969598059360780251e-01 -3.305112820721460565e-02
5.060988736877365390e-01 -3.279028418625538205e-02
5.152928327008634568e-01 -3.250921080068357866e-02
5.245406611757882365e-01 -3.220788548088580894e-02
5.338413313258880688e-01 -3.188650037008348287e-02
5.431938094918128401e-01 -3.154443424456977729e-02
5.525970562563653488e-01 -3.118019548522234577e-02
5.620500265600203438e-01 -3.079441744500605038e-02
5.715516698170692855e-01 -3.038944771341316881e-02
5.811009300323815019e-01 -2.996052318021573055e-02
5.906967459187653091e-01 -2.949711372944246665e-02
6.003380510149177729e-01 -2.899121553313332642e-02
6.100237738039482327e-01 -2.843726636333991642e-02
6.197528378324663745e-01 -2.783537881908325351e-02
6.295241618302156450e-01 -2.718832893721241997e-02
6.393366598302444581e-01 -2.649357519949399956e-02
6.491892412895989839e-01 -2.574713624146304086e-02
6.590808112105230876e-01 -2.495303920653145144e-02
6.690102702621547603e-01 -2.411558794050944546e-02
6.789765149027036095e-01 -2.322257700969654684e-02
6.889784375020977514e-01 -2.225520873767742464e-02
6.990149264650814542e-01 -2.119032366473944801e-02
7.090848663547572039e-01 -2.000802404162103226e-02
7.191871380165538730e-01 -1.870501799974364637e-02
7.293206187026060050e-01 -1.729350908420440938e-02
7.394841821965345563e-01 -1.582123287596107902e-02
7.496766989386134394e-01 -1.432645037121661399e-02
7.598970361513051053e-01 -1.280642467268659247e-02
7.701440579651563922e-01 -1.126015900425349908e-02
7.804166255450371015e-01 -9.703668657358941949e-03
7.907135972167069760e-01 -8.146423274778267706e-03
8.010338285937002034e-01 -6.582794080900436842e-03
8.113761727045106786e-01 -5.018776178524498970e-03
8.217394801200630372e-01 -3.480066638843050484e-03
8.321225990814590245e-01 -2.000520057075199590e-03
8.425243756279822138e-01 -6.212353873477404007e-04
8.529436537253458628e-01 6.404811795881388842e-04
8.633792753941731402e-01 1.792708906723667782e-03
8.738300808386934015e-01 2.841182257435361479e-03
8.842949085756387495e-01 3.787628734907758695e-03
8.947725955633289985e-01 4.621540095093906210e-03
9.052619773309316109e-01 5.320651780812839758e-03
9.157618881078770645e-01 5.832353521833817667e-03
9.262711609534211021e-01 6.091866794953748263e-03
9.367886278863364335e-01 6.095472502287197294e-03
9.473131200147204556e-01 5.867014687784968992e-03
9.578434676659028923e-01 5.395133283083204320e-03
9.683785005164411430e-01 4.644375638945382780e-03
9.789170477221889044e-01 3.529352405884323036e-03
9.894579380484205267e-01 1.969196559368381356e-03
9.999999999999998890e-01 -5.981529147711559546e-06
