9.999999999999998890e-01 -1.170017304215032264e-02
9.894579380484205267e-01 -8.644095718931460448e-03
9.789170477221889044e-01 -5.707428173361707435e-03
9.683785005164411430e-01 -2.867690350102060620e-03
9.578434676659028923e-01 -1.465884898102939003e-04
9.473131200147204556e-01 2.443831213105053610e-03
9.367886278863364335e-01 4.942521988372630334e-03
9.262711609534211021e-01 7.377700372140050603e-03
9.157618881078770645e-01 9.733891609924117880e-03
9.052619773309316109e-01 1.200331065059241989e-02
8.947725955633289985e-01 1.420398380293495973e-02
8.842949085756387495e-01 1.634859430296580277e-02
8.738300808386934015e-01 1.843678711116805355e-02
8.633792753941731402e-01 2.046760466880848464e-02
8.529436537253458628e-01 2.244083801640553433e-02
8.425243756279822138e-01 2.435651635137335569e-02
8.321225990814590245e-01 2.621487290669788708e-02
8.217394801200630372e-01 2.801602701741386786e-02
8.113761727045106786e-01 2.975998476266410175e-02
8.010338285937002034e-01 3.144683741729153298e-02
7.907135972167069760e-01 3.307675172532493352e-02
7.804166255450371015e-01 3.464993816777716534e-02
7.701440579651563922e-01 3.616662584368998679e-02
7.598970361513051053e-01 3.762695045977582781e-02
7.496766989386134394e-01 3.903103838973850243e-02
7.394841821965345563e-01 4.037936300322051558e-02
7.293206187026060050e-01 4.167245278701676992e-02
7.191871380165538730e-01 4.291013045055734609e-02
7.090848663547572039e-01 4.409223490023980729e-02
6.990149264650814542e-01 4.522016034849853094e-02
6.889784375020977514e-01 4.629512436814742921e-02
6.789765149027036095e-01 4.731537615459905505e-02
6.690102702621547603e-01 4.827996915090699420e-02
6.590808112105230876e-01 4.919367216637247214e-02
6.491892412895989839e-01 5.005893539390476182e-02
6.393366598302444581e-01 5.086768519783727710e-02
6.295241618302156450e-01 5.161767156043008814e-02
6.197528378324663745e-01 5.232548983134405890e-02
6.100237738039482327e-01 5.300521017073211300e-02
6.003380510149177729e-01 5.365988374043980519e-02
5.906967459187653091e-01 5.427867400161321548e-02
5.811009300323815019e-01 5.483012774212875362e-02
5.715516698170692855e-01 5.531810073949070677e-02
5.620500265600203438e-01 5.579850389841077563e-02
5.525970562563653488e-01 5.628477086190272760e-02
5.431938094918128401e-01 5.673569454833083531e-02
5.338413313258880688e-01 5.714245216188995613e-02
5.245406611757882365e-01 5.753081573771799684e-02
5.152928327008634568e-01 5.789728387404772386e-02
5.060988736877365390e-01 5.821467219286182576e-02
4.969598059360780251e-01 5.849380373779248382e-02
4.878766451450451402e-01 5.876873713587554143e-02
4.788504008003974244e-01 5.902148060143593000e-02
4.698820760623064752e-01 5.921081521422659477e-02
4.609726676538650203e-01 5.937121230832222152e-02
4.521231657503131940e-01 5.956193603824531946e-02
4.433345538689928977e-01 5.974446979667511620e-02
4.346078087600411255e-01 5.985625478433312385e-02
4.259439002978354649e-01 5.993556029967204990e-02
4.173437913732044313e-01 6.003498459809240156e-02
4.088084377864137364e-01 6.010723960084877332e-02
4.003387881409395943e-01 6.010417668835426469e-02
3.919357837380436083e-01 6.008658864578710762e-02
3.836003584721576765e-01 6.010780260078638082e-02
3.753334387270930161e-01 6.011447165320374375e-02
3.671359432730831873e-01 6.006271326976338198e-02
3.590087831646743277e-01 5.998873819528161011e-02
3.509528616394713696e-01 5.991894447868394841e-02
3.429690740177547825e-01 5.983006894188517416e-02
3.350583076029753915e-01 5.970532754634642197e-02
3.272214415831418144e-01 5.955185784882436467e-02
3.194593469331089564e-01 5.938539589988674899e-02
3.117728863177794407e-01 5.923024788099635202e-02
3.041629139962280792e-01 5.908391282272166395e-02
2.966302757267624823e-01 5.890923799123180121e-02
2.891758086729252497e-01 5.869228401321489180e-02
2.818003413104546162e-01 5.844663610125595127e-02
2.745046933352085494e-01 5.818124454009079155e-02
2.672896755720651774e-01 5.789979208411530354e-02
2.601560898848094272e-01 5.760998320340210421e-02
2.531047290870154232e-01 5.732073092734649156e-02
2.461363768539343022e-01 5.701660856063889282e-02
2.392518076353984391e-01 5.667186021336750867e-02
2.324517865697500740e-01 5.631319116838292421e-02
2.257370693988056676e-01 5.598587917582318468e-02
2.191084023838638650e-01 5.565727589722203883e-02
2.125665222227673956e-01 5.526980360183000179e-02
2.061121559680280102e-01 5.483298337502427733e-02
1.997460209460230063e-01 5.438028990258286094e-02
1.934688246772731102e-01 5.393670907683292826e-02
1.872812647978095990e-01 5.351507140394260592e-02
1.811840289816407656e-01 5.308885509877690756e-02
1.751777948643248317e-01 5.262919725249552011e-02
1.692632299676588570e-01 5.213425158464891906e-02
1.634409916254914164e-01 5.161386409801727027e-02
1.577117269106679265e-01 5.109455083921028012e-02
1.520760725631161714e-01 5.058872622821806997e-02
1.465346549190801317e-01 5.006891005435841480e-02
1.410880898415101115e-01 4.951671244085564111e-02
1.357369826516168221e-01 4.894270572609684539e-02
1.304819280615971966e-01 4.835421879946284057e-02
1.253235101085391490e-01 4.774799073723844101e-02
1.202623020895129402e-01 4.713233710456098124e-02
1.152988664978553679e-01 4.653219032653586884e-02
1.104337549606562163e-01 4.594992701322352102e-02
1.056675081774507419e-01 4.536048358412991810e-02
1.010006558601274085e-01 4.474431031503063594e-02
9.643371667405697956e-02 4.408997187228577697e-02
9.196719818044885031e-02 4.340571378291693816e-02
8.760159677994161509e-02 4.271518741790798768e-02
8.333739765743386485e-02 4.203367374159215630e-02
7.917507472816209813e-02 4.136650283241675996e-02
7.511509058502996439e-02 4.068027058191350104e-02
7.115789644719716645e-02 3.992894240659423943e-02
6.730393210993146358e-02 3.914921616573593249e-02
6.355362589573076981e-02 3.840656044201616603e-02
5.990739460672012129e-02 3.768569045314239946e-02
5.636564347832906385e-02 3.694136852880802041e-02
5.292876613425423482e-02 3.614637550924596626e-02
4.959714454271368922e-02 3.529199833285060622e-02
4.637114897399441382e-02 3.442500566153375990e-02
4.325113795930202176e-02 3.359039682024382578e-02
4.023745825091396000e-02 3.276895242301282318e-02
3.733044478364233587e-02 3.192801639248752515e-02
3.453042063760936031e-02 3.103928571880371773e-02
3.183769700234129196e-02 3.009016634534976767e-02
2.925257314218321358e-02 2.910567922612960004e-02
2.677533636303963682e-02 2.811251994822000846e-02
2.440626198044326678e-02 2.712846240203609441e-02
2.214561328895736647e-02 2.616011934587129245e-02
1.999364153291383062e-02 2.519610408785755151e-02
1.795058587848985532e-02 2.420737697851699233e-02
1.601667338712764455e-02 2.314290948341985246e-02
1.419211899029970692e-02 2.200208074414481893e-02
1.247712546562085301e-02 2.084726529509651344e-02
1.087188341431266636e-02 1.968887885318320458e-02
9.376571240020115106e-03 1.848149654538174674e-02
7.991355128984078959e-03 1.723566254607739393e-02
6.716389031571567969e-03 1.600819608343978864e-02
5.551814645166519568e-03 1.477264613563806193e-02
4.497761398421062928e-03 1.344851997593776716e-02
3.554346436871580472e-03 1.206294955144314798e-02
2.721674609919344512e-03 1.068923238410430902e-02
1.999838459177394334e-03 9.198050287081991142e-03
1.388918208186096237e-03 7.389808376332941686e-03
8.889817534969424173e-04 5.336079096522237768e-03
5.000846571264760954e-04 3.252109631389108954e-03
2.222701403818971855e-04 1.492769851017938104e-03
5.556907905679420168e-05 3.996434692316304751e-04
0.000000000000000000e+00 1.502556721182189633e-06
0.000000000000000000e+00 -3.944298823913095741e-06
5.556907905679420168e-05 -3.995463026033180265e-04
2.222701403818971855e-04 -1.486585766551846207e-03
5.000846571264760954e-04 -3.236940471315058378e-03
8.889817534969424173e-04 -5.314434855804512151e-03
1.388918208186096237e-03 -7.369745667461197018e-03
1.999838459177394334e-03 -9.190855601201860375e-03
2.721674609919344512e-03 -1.070279142149572517e-02
3.554346436871580472e-03 -1.208769481823758311e-02
4.497761398421062928e-03 -1.346478947019158663e-02
5.551814645166519568e-03 -1.476831718375666222e-02
6.716389031571567969e-03 -1.598325652256626581e-02
7.991355128984078959e-03 -1.720607302050348314e-02
9.376571240020115106e-03 -1.846774612270685526e-02
1.087188341431266636e-02 -1.970028436785479717e-02
1.247712546562085301e-02 -2.088288415835272069e-02
1.419211899029970692e-02 -2.205306485468605526e-02
1.601667338712764455e-02 -2.319451607644315919e-02
1.795058587848985532e-02 -2.424129456665363377e-02
1.999364153291383062e-02 -2.519895744238148660e-02
2.214561328895736647e-02 -2.613039058166426176e-02
2.440626198044326678e-02 -2.707862976516462253e-02
2.677533636303963682e-02 -2.806867561758721874e-02
2.925257314218321358e-02 -2.909086728886953882e-02
3.183769700234129196e-02 -3.011373018993087139e-02
3.453042063760936031e-02 -3.108742138944755110e-02
3.733044478364233587e-02 -3.196436913295825494e-02
4.023745825091396000e-02 -3.276692459053615059e-02
4.325113795930202176e-02 -3.354445436839892380e-02
4.637114897399441382e-02 -3.434290536321937815e-02
4.959714454271368922e-02 -3.518973875499373932e-02
5.292876613425423482e-02 -3.603742137126191014e-02
5.636564347832906385e-02 -3.683445527548290938e-02
5.990739460672012129e-02 -3.758737085285320662e-02
6.355362589573076981e-02 -3.831850757565486570e-02
6.730393210993146358e-02 -3.905867349882972267e-02
7.115789644719716645e-02 -3.981966020764482472e-02
7.511509058502996439e-02 -4.056328567612493829e-02
7.917507472816209813e-02 -4.126581124356938635e-02
8.333739765743386485e-02 -4.194792395527061069e-02
8.760159677994161509e-02 -4.262643676730485526e-02
9.196719818044885031e-02 -4.330238081810235812e-02
9.643371667405697956e-02 -4.397499837245272269e-02
1.010006558601274085e-01 -4.464314796939167218e-02
1.056675081774507419e-01 -4.530496884929767487e-02
1.104337549606562163e-01 -4.595783451007371539e-02
1.152988664978553679e-01 -4.660066972262996016e-02
1.202623020895129402e-01 -4.723382237502628950e-02
1.253235101085391490e-01 -4.785407587544145830e-02
1.304819280615971966e-01 -4.845566408879863757e-02
1.357369826516168221e-01 -4.904054824545229369e-02
1.410880898415101115e-01 -4.961487858581156707e-02
1.465346549190801317e-01 -5.016904005269116201e-02
1.520760725631161714e-01 -5.068800684704846682e-02
1.577117269106679265e-01 -5.119333171625767287e-02
1.634409916254914164e-01 -5.171742837678695859e-02
1.692632299676588570e-01 -5.223793518350698661e-02
1.751777948643248317e-01 -5.271995399033157365e-02
1.811840289816407656e-01 -5.319031629677369727e-02
1.872812647978095990e-01 -5.368281647417109947e-02
1.934688246772731102e-01 -5.416164754091964961e-02
1.997460209460230063e-01 -5.459120826708303148e-02
2.061121559680280102e-01 -5.501490001121069062e-02
2.125665222227673956e-01 -5.546392272602840984e-02
2.191084023838638650e-01 -5.587064208898328416e-02
2.257370693988056676e-01 -5.619335258221398732e-02
2.324517865697500740e-01 -5.650946588845767032e-02
2.392518076353984391e-01 -5.686854334097913438e-02
2.461363768539343022e-01 -5.721747070706170030e-02
2.531047290870154232e-01 -5.752317841482627175e-02
2.601560898848094272e-01 -5.781354305274653133e-02
2.672896755720651774e-01 -5.809690615175844980e-02
2.745046933352085494e-01 -5.834258231778337994e-02
2.818003413104546162e-01 -5.855155336729481880e-02
2.891758086729252497e-01 -5.876842575512514211e-02
2.966302757267624823e-01 -5.899782921153884363e-02
3.041629139962280792e-01 -5.919894475773517656e-02
3.117728863177794407e-01 -5.935474926652985206e-02
3.194593469331089564e-01 -5.947274431185315541e-02
3.272214415831418144e-01 -5.956882369797242976e-02
3.350583076029753915e-01 -5.966223621734498966e-02
3.429690740177547825e-01 -5.974335473096972077e-02
3.509528616394713696e-01 -5.978714719051715643e-02
3.590087831646743277e-01 -5.980152269638246143e-02
3.671359432730831873e-01 -5.980883812270117172e-02
3.753334387270930161e-01 -5.980299464670321696e-02
3.836003584721576765e-01 -5.976656666153471603e-02
3.919357837380436083e-01 -5.969313074225575388e-02
4.003387881409395943e-01 -5.958138966632675615e-02
4.088084377864137364e-01 -5.943464337601710168e-02
4.173437913732044313e-01 -5.925493916509488174e-02
4.259439002978354649e-01 -5.903309660959282779e-02
4.346078087600411255e-01 -5.876350304614215425e-02
4.433345538689928977e-01 -5.846274078267945512e-02
4.521231657503131940e-01 -5.813755628414068316e-02
4.609726676538650203e-01 -5.775351771390366262e-02
4.698820760623064752e-01 -5.729071842811220283e-02
4.788504008003974244e-01 -5.678017301696477309e-02
4.878766451450451402e-01 -5.623542654300534710e-02
4.969598059360780251e-01 -5.562170687448611539e-02
5.060988736877365390e-01 -5.491827931011419861e-02
5.152928327008634568e-01 -5.413682140875777926e-02
5.245406611757882365e-01 -5.329579898435408969e-02
5.338413313258880688e-01 -5.241791536168489973e-02
5.431938094918128401e-01 -5.149579263513928001e-02
5.525970562563653488e-01 -5.048791645021537267e-02
5.620500265600203438e-01 -4.938089170610038964e-02
5.715516698170692855e-01 -4.819081867616654274e-02
5.811009300323815019e-01 -4.693304771986811508e-02
5.906967459187653091e-01 -4.562108033059064649e-02
6.003380510149177729e-01 -4.426589063746718539e-02
6.100237738039482327e-01 -4.287431597875059758e-02
6.197528378324663745e-01 -4.142844805999040120e-02
6.295241618302156450e-01 -3.990154583145258393e-02
6.393366598302444581e-01 -3.831364478530095707e-02
6.491892412895989839e-01 -3.670193423706049479e-02
6.590808112105230876e-01 -3.506381159459381197e-02
6.690102702621547603e-01 -3.338493895439297032e-02
6.789765149027036095e-01 -3.167645714731291001e-02
6.889784375020977514e-01 -2.995115022308277031e-02
6.990149264650814542e-01 -2.819012424701524203e-02
7.090848663547572039e-01 -2.637725326781443017e-02
7.191871380165538730e-01 -2.453959089147496331e-02
7.293206187026060050e-01 -2.271005307137140619e-02
7.394841821965345563e-01 -2.090895134846726747e-02
7.496766989386134394e-01 -1.914592307262635504e-02
7.598970361513051053e-01 -1.740972590870440428e-02
7.701440579651563922e-01 -1.569560958464265299e-02
7.804166255450371015e-01 -1.401930131562854377e-02
7.907135972167069760e-01 -1.239466070432560484e-02
8.010338285937002034e-01 -1.082795233937196462e-02
8.113761727045106786e-01 -9.339049874069785609e-03
8.217394801200630372e-01 -7.968696865996331008e-03
8.321225990814590245e-01 -6.743088601900267855e-03
8.425243756279822138e-01 -5.668985344521154310e-03
8.529436537253458628e-01 -4.773392129807580049e-03
8.633792753941731402e-01 -4.103400550927184184e-03
8.738300808386934015e-01 -3.659304909273416919e-03
8.842949085756387495e-01 -3.401574006916876450e-03
8.947725955633289985e-01 -3.327874042268726910e-03
9.052619773309316109e-01 -3.466268519258183106e-03
9.157618881078770645e-01 -3.861616848637447214e-03
9.262711609534211021e-01 -4.562530973457480828e-03
9.367886278863364335e-01 -5.560282993225592642e-03
9.473131200147204556e-01 -6.821636519755305481e-03
9.578434676659028923e-01 -8.355951496074931484e-03
9.683785005164411430e-01 -1.019127698060593237e-02
9.789170477221889044e-01 -1.235427314945342255e-02
9.894579380484205267e-01 -1.486340531646204027e-02
9.999999999999998890e-01 -1.769991790083357691e-02
