9.999999999999998890e-01 7.499992455575078126e-04
9.894579380484205267e-01 2.711747353486208649e-03
9.789170477221889044e-01 4.736863707364116077e-03
9.683785005164411430e-01 6.811691707311029985e-03
9.578434676659028923e-01 8.922393128225977396e-03
9.473131200147204556e-01 1.105517553596530728e-02
9.367886278863364335e-01 1.319647253535329023e-02
9.262711609534211021e-01 1.533263794927689806e-02
9.157618881078770645e-01 1.744976251088111927e-02
9.052619773309316109e-01 1.953434612382999591e-02
8.947725955633289985e-01 2.157381966547707378e-02
8.842949085756387495e-01 2.356131609564026883e-02
8.738300808386934015e-01 2.549885474022622889e-02
8.633792753941731402e-01 2.738882523955064874e-02
8.529436537253458628e-01 2.923306529681776733e-02
8.425243756279822138e-01 3.103359891169400406e-02
8.321225990814590245e-01 3.279269510973149143e-02
8.217394801200630372e-01 3.451245525672894804e-02
8.113761727045106786e-01 3.619482301167655652e-02
8.010338285937002034e-01 3.784196623661361530e-02
7.907135972167069760e-01 3.945636922483680004e-02
7.804166255450371015e-01 4.104214610040614331e-02
7.701440579651563922e-01 4.260448798259496711e-02
7.598970361513051053e-01 4.414840386380962378e-02
7.496766989386134394e-01 4.567878043004722916e-02
7.394841821965345563e-01 4.720044604592581877e-02
7.293206187026060050e-01 4.871819058952438913e-02
7.191871380165538730e-01 5.023673043039841857e-02
7.090848663547572039e-01 5.176070160919387514e-02
6.990149264650814542e-01 5.329447011234784287e-02
6.889784375020977514e-01 5.484061594135716117e-02
6.789765149027036095e-01 5.639437852111114230e-02
6.690102702621547603e-01 5.794914235698964133e-02
6.590808112105230876e-01 5.949875038972363139e-02
6.491892412895989839e-01 6.103711687634426342e-02
6.393366598302444581e-01 6.255806675303472730e-02
6.295241618302156450e-01 6.405564668031407671e-02
6.197528378324663745e-01 6.552448156166394699e-02
6.100237738039482327e-01 6.695899378356605369e-02
6.003380510149177729e-01 6.835305148747125581e-02
5.906967459187653091e-01 6.970304236460488079e-02
5.811009300323815019e-01 7.100977526526479344e-02
5.715516698170692855e-01 7.227518058422388592e-02
5.620500265600203438e-01 7.350217033622212515e-02
5.525970562563653488e-01 7.469343752722201746e-02
5.431938094918128401e-01 7.585131882123123670e-02
5.338413313258880688e-01 7.697811561974879369e-02
5.245406611757882365e-01 7.807612231664480540e-02
5.152928327008634568e-01 7.914776240624417369e-02
5.060988736877365390e-01 8.019550758226448584e-02
4.969598059360780251e-01 8.122097007323621221e-02
4.878766451450451402e-01 8.222490178024999263e-02
4.788504008003974244e-01 8.320550581795281564e-02
4.698820760623064752e-01 8.415952694777378840e-02
4.609726676538650203e-01 8.508441897444135593e-02
4.521231657503131940e-01 8.597798295525957424e-02
4.433345538689928977e-01 8.683784333605781836e-02
4.346078087600411255e-01 8.766162258976460675e-02
4.259439002978354649e-01 8.844736727422419786e-02
4.173437913732044313e-01 8.919323438228463075e-02
4.088084377864137364e-01 8.989719595626108339e-02
4.003387881409395943e-01 9.055743075985259183e-02
3.919357837380436083e-01 9.117312098909782780e-02
3.836003584721576765e-01 9.174410681822375846e-02
3.753334387270930161e-01 9.227154950619199936e-02
3.671359432730831873e-01 9.275675673629844853e-02
3.590087831646743277e-01 9.320073515906400485e-02
3.509528616394713696e-01 9.360449777214038813e-02
3.429690740177547825e-01 9.396917778888844164e-02
3.350583076029753915e-01 9.429590211545219036e-02
3.272214415831418144e-01 9.458575684647632653e-02
3.194593469331089564e-01 9.483980668570066164e-02
3.117728863177794407e-01 9.505909228569878189e-02
3.041629139962280792e-01 9.524473313045984935e-02
2.966302757267624823e-01 9.539789977979314106e-02
2.891758086729252497e-01 9.551832940947380113e-02
2.818003413104546162e-01 9.560419011023435498e-02
2.745046933352085494e-01 9.565354242141591024e-02
2.672896755720651774e-01 9.566444641913868230e-02
2.601560898848094272e-01 9.563535054176253158e-02
2.531047290870154232e-01 9.556500147602003947e-02
2.461363768539343022e-01 9.545211224400698691e-02
2.392518076353984391e-01 9.529543921195468559e-02
2.324517865697500740e-01 9.509440035652143297e-02
2.257370693988056676e-01 9.484869190921287052e-02
2.191084023838638650e-01 9.455737341229035475e-02
2.125665222227673956e-01 9.421953992951523360e-02
2.061121559680280102e-01 9.383631462189401251e-02
1.997460209460230063e-01 9.340847867902740687e-02
1.934688246772731102e-01 9.293117337969507286e-02
1.872812647978095990e-01 9.239624858965027332e-02
1.811840289816407656e-01 9.178926494069405972e-02
1.751777948643248317e-01 9.109544691716771336e-02
1.692632299676588570e-01 9.030446536110584010e-02
1.634409916254914164e-01 8.940692664113859822e-02
1.577117269106679265e-01 8.839339980009539022e-02
1.520760725631161714e-01 8.725615287957272370e-02
1.465346549190801317e-01 8.599153017873700788e-02
1.410880898415101115e-01 8.460502043445673748e-02
1.357369826516168221e-01 8.311887824853041173e-02
1.304819280615971966e-01 8.155539890446207585e-02
1.253235101085391490e-01 7.993372091048994710e-02
1.202623020895129402e-01 7.827179462822263234e-02
1.152988664978553679e-01 7.658628901710394510e-02
1.104337549606562163e-01 7.489246718382124024e-02
1.056675081774507419e-01 7.320399432631705117e-02
1.010006558601274085e-01 7.153297870659970636e-02
9.643371667405697956e-02 6.988897657864603929e-02
9.196719818044885031e-02 6.826290317883326741e-02
8.760159677994161509e-02 6.663056055684195289e-02
8.333739765743386485e-02 6.497123617610517377e-02
7.917507472816209813e-02 6.326732986574144790e-02
7.511509058502996439e-02 6.150488038180371153e-02
7.115789644719716645e-02 5.967438534147371382e-02
6.730393210993146358e-02 5.778577604176718396e-02
6.355362589573076981e-02 5.585812099927171814e-02
5.990739460672012129e-02 5.390775701635750622e-02
5.636564347832906385e-02 5.194961294913080091e-02
5.292876613425423482e-02 4.999719507757587750e-02
4.959714454271368922e-02 4.806278946610593322e-02
4.637114897399441382e-02 4.615536718336610278e-02
4.325113795930202176e-02 4.428217997913595771e-02
4.023745825091396000e-02 4.244756336953218329e-02
3.733044478364233587e-02 4.065539995016327623e-02
3.453042063760936031e-02 3.891024624627363593e-02
3.183769700234129196e-02 3.721599831926693247e-02
2.925257314218321358e-02 3.557456541600731437e-02
2.677533636303963682e-02 3.398882132484457030e-02
2.440626198044326678e-02 3.246407058039640914e-02
2.214561328895736647e-02 3.098387162851742524e-02
1.999364153291383062e-02 2.949308562886549315e-02
1.795058587848985532e-02 2.794399014724868041e-02
1.601667338712764455e-02 2.630605755496575812e-02
1.419211899029970692e-02 2.456274039796520897e-02
1.247712546562085301e-02 2.271356691078051104e-02
1.087188341431266636e-02 2.076760744549208462e-02
9.376571240020115106e-03 1.874328174281581286e-02
7.991355128984078959e-03 1.666598618084870129e-02
6.716389031571567969e-03 1.456714909698605606e-02
5.551814645166519568e-03 1.248150413401973198e-02
4.497761398421062928e-03 1.044615381599321886e-02
3.554346436871580472e-03 8.498758876962055411e-03
2.721674609919344512e-03 6.677031435091995357e-03
1.999838459177394334e-03 5.016304738827988448e-03
1.388918208186096237e-03 3.550034370501408288e-03
8.889817534969424173e-04 2.307179479582948788e-03
5.000846571264760954e-04 1.313619105365601471e-03
2.222701403818971855e-04 5.887085175136011614e-04
5.556907905679420168e-05 1.479794399931686226e-04
0.000000000000000000e+00 -2.911543453379365248e-09
0.000000000000000000e+00 2.045483225242167099e-09
5.556907905679420168e-05 -8.235291659280984458e-05
2.222701403818971855e-04 -3.272777928685980916e-04
5.000846571264760954e-04 -7.291080971679237853e-04
8.889817534969424173e-04 -1.277524024787023062e-03
1.388918208186096237e-03 -1.959657464419471695e-03
1.999838459177394334e-03 -2.758298990490728672e-03
2.721674609919344512e-03 -3.654128215575169238e-03
3.554346436871580472e-03 -4.624693307534968011e-03
4.497761398421062928e-03 -5.646225959449943481e-03
5.551814645166519568e-03 -6.693280287853711590e-03
6.716389031571567969e-03 -7.740177482256948779e-03
7.991355128984078959e-03 -8.761200300594391630e-03
9.376571240020115106e-03 -9.732083629426461352e-03
1.087188341431266636e-02 -1.063061668355925332e-02
1.247712546562085301e-02 -1.143779959555473250e-02
1.419211899029970692e-02 -1.213838904535616096e-02
1.601667338712764455e-02 -1.272350351309832830e-02
1.795058587848985532e-02 -1.319063510829592348e-02
1.999364153291383062e-02 -1.354551426728443746e-02
2.214561328895736647e-02 -1.380147276354209800e-02
2.440626198044326678e-02 -1.398664996864729809e-02
2.677533636303963682e-02 -1.413671298084859078e-02
2.925257314218321358e-02 -1.426438333869346244e-02
3.183769700234129196e-02 -1.436892533144872378e-02
3.453042063760936031e-02 -1.444685948531075105e-02
3.733044478364233587e-02 -1.449368818584518583e-02
4.023745825091396000e-02 -1.450627818522152307e-02
4.325113795930202176e-02 -1.448178399166666873e-02
4.637114897399441382e-02 -1.441602060228412696e-02
4.959714454271368922e-02 -1.430504162666566131e-02
5.292876613425423482e-02 -1.414783240210766221e-02
5.636564347832906385e-02 -1.394615015679046693e-02
5.990739460672012129e-02 -1.370879843745778648e-02
6.355362589573076981e-02 -1.344629086172533829e-02
6.730393210993146358e-02 -1.316956905032191406e-02
7.115789644719716645e-02 -1.289224198995881504e-02
7.511509058502996439e-02 -1.263416536123712283e-02
7.917507472816209813e-02 -1.240687154596295874e-02
8.333739765743386485e-02 -1.220303922503842772e-02
8.760159677994161509e-02 -1.201040043504149335e-02
9.196719818044885031e-02 -1.181209975861733860e-02
9.643371667405697956e-02 -1.158818848606226089e-02
1.010006558601274085e-01 -1.131524646532308491e-02
1.056675081774507419e-01 -1.098016876863477584e-02
1.104337549606562163e-01 -1.058276199239803136e-02
1.152988664978553679e-01 -1.012664272586621950e-02
1.202623020895129402e-01 -9.618543349463272787e-03
1.253235101085391490e-01 -9.065596654685099953e-03
1.304819280615971966e-01 -8.475246747518904930e-03
1.357369826516168221e-01 -7.856131868875817353e-03
1.410880898415101115e-01 -7.217974188328032253e-03
1.465346549190801317e-01 -6.572934414907704442e-03
1.520760725631161714e-01 -5.933757283588561929e-03
1.577117269106679265e-01 -5.305554775926438205e-03
1.634409916254914164e-01 -4.689090513431668633e-03
1.692632299676588570e-01 -4.082010501107829342e-03
1.751777948643248317e-01 -3.480808954539785054e-03
1.811840289816407656e-01 -2.882900931574563456e-03
1.872812647978095990e-01 -2.285677219369129914e-03
1.934688246772731102e-01 -1.684885305284137061e-03
1.997460209460230063e-01 -1.076312813754093899e-03
2.061121559680280102e-01 -4.577486980170407697e-04
2.125665222227673956e-01 1.717337856130254025e-04
2.191084023838638650e-01 8.105152941607195877e-04
2.257370693988056676e-01 1.456652540818896297e-03
2.324517865697500740e-01 2.108672364974962382e-03
2.392518076353984391e-01 2.764982368465930540e-03
2.461363768539343022e-01 3.423563135156299040e-03
2.531047290870154232e-01 4.082332835910353237e-03
2.601560898848094272e-01 4.739196240686917652e-03
2.672896755720651774e-01 5.391922298395322721e-03
2.745046933352085494e-01 6.038071354146452505e-03
2.818003413104546162e-01 6.675097935738095144e-03
2.891758086729252497e-01 7.300338481040266614e-03
2.966302757267624823e-01 7.911011400374689043e-03
3.041629139962280792e-01 8.504317425269658851e-03
3.117728863177794407e-01 9.079486304132843369e-03
3.194593469331089564e-01 9.637627516549120490e-03
3.272214415831418144e-01 1.018007071002225740e-02
3.350583076029753915e-01 1.070826732098688512e-02
3.429690740177547825e-01 1.122373044489058738e-02
3.509528616394713696e-01 1.172804491177122446e-02
3.590087831646743277e-01 1.222311083933197255e-02
3.671359432730831873e-01 1.271097535400915642e-02
3.753334387270930161e-01 1.319349500434573684e-02
3.836003584721576765e-01 1.367258747386809054e-02
3.919357837380436083e-01 1.415109102079783673e-02
4.003387881409395943e-01 1.463165519768176714e-02
4.088084377864137364e-01 1.511420066066460066e-02
4.173437913732044313e-01 1.559716957526637894e-02
4.259439002978354649e-01 1.607643534706276398e-02
4.346078087600411255e-01 1.654738376831568422e-02
4.433345538689928977e-01 1.700601671526227529e-02
4.521231657503131940e-01 1.744819906149593092e-02
4.609726676538650203e-01 1.786903585043424572e-02
4.698820760623064752e-01 1.826365720342253141e-02
4.788504008003974244e-01 1.862756110924027736e-02
4.878766451450451402e-01 1.895573213757226552e-02
4.969598059360780251e-01 1.924207417480557764e-02
5.060988736877365390e-01 1.948248001765311849e-02
5.152928327008634568e-01 1.967634677654771930e-02
5.245406611757882365e-01 1.982454014712997994e-02
5.338413313258880688e-01 1.992949877531107611e-02
5.431938094918128401e-01 1.999349123422849289e-02
5.525970562563653488e-01 2.001846404621479211e-02
5.620500265600203438e-01 2.000658998350979267e-02
5.715516698170692855e-01 1.996029142327629749e-02
5.811009300323815019e-01 1.988214688964829932e-02
5.906967459187653091e-01 1.977483271504221901e-02
6.003380510149177729e-01 1.964072555789723659e-02
6.100237738039482327e-01 1.948175027950889079e-02
6.197528378324663745e-01 1.929736440892516544e-02
6.295241618302156450e-01 1.908562431625547562e-02
6.393366598302444581e-01 1.884495371744773079e-02
6.491892412895989839e-01 1.857392885858544923e-02
6.590808112105230876e-01 1.827087658986791679e-02
6.690102702621547603e-01 1.793405056622206575e-02
6.789765149027036095e-01 1.756186678577360480e-02
6.889784375020977514e-01 1.715273513355080812e-02
6.990149264650814542e-01 1.670478911039198142e-02
7.090848663547572039e-01 1.621717557330911233e-02
7.191871380165538730e-01 1.569307861048287525e-02
7.293206187026060050e-01 1.513670286264655850e-02
7.394841821965345563e-01 1.455251843715753800e-02
7.496766989386134394e-01 1.394510345348147495e-02
7.598970361513051053e-01 1.331918139261791846e-02
7.701440579651563922e-01 1.267946396063088232e-02
7.804166255450371015e-01 1.203059368955127113e-02
7.907135972167069760e-01 1.137749237706712525e-02
8.010338285937002034e-01 1.072554205917507740e-02
8.113761727045106786e-01 1.007762862112802395e-02
8.217394801200630372e-01 9.432857197203515023e-03
8.321225990814590245e-01 8.789686478387643415e-03
8.425243756279822138e-01 8.146150114064222916e-03
8.529436537253458628e-01 7.500290446570636108e-03
8.633792753941731402e-01 6.850193974144531614e-03
8.738300808386934015e-01 6.194077163110849570e-03
8.842949085756387495e-01 5.530232749967447028e-03
8.947725955633289985e-01 4.856417610852579482e-03
9.052619773309316109e-01 4.170719652948524057e-03
9.157618881078770645e-01 3.479502534784030630e-03
9.262711609534211021e-01 2.794454332287892549e-03
9.367886278863364335e-01 2.128255433386072593e-03
9.473131200147204556e-01 1.494022094383288960e-03
9.578434676659028923e-01 9.045429250095863303e-04
9.683785005164411430e-01 3.724985854168129775e-04
9.789170477221889044e-01 -8.920144043655989219e-05
9.894579380484205267e-01 -4.676093908931751027e-04
9.999999999999998890e-01 -7.500008585391382352e-04
