9.999999999999998890e-01 -5.598504762799681300e-04
9.894579380484205267e-01 2.429607585547974551e-03
9.789170477221889044e-01 5.650636769175991676e-03
9.683785005164411430e-01 8.702881137451472932e-03
9.578434676659028923e-01 1.149905016176640433e-02
9.473131200147204556e-01 1.404172511675772471e-02
9.367886278863364335e-01 1.640288131809801778e-02
9.262711609534211021e-01 1.865173323437248343e-02
9.157618881078770645e-01 2.082464880280672850e-02
9.052619773309316109e-01 2.294572696841487222e-02
8.947725955633289985e-01 2.502436370374377592e-02
8.842949085756387495e-01 2.706643580327426635e-02
8.738300808386934015e-01 2.907481400763275992e-02
8.633792753941731402e-01 3.105160573487325895e-02
8.529436537253458628e-01 3.299827664793527487e-02
8.425243756279822138e-01 3.491689536493326057e-02
8.321225990814590245e-01 3.681019884365687583e-02
8.217394801200630372e-01 3.867964588507297879e-02
8.113761727045106786e-01 4.052541869614056241e-02
8.010338285937002034e-01 4.234725630954171843e-02
7.907135972167069760e-01 4.414459009403791379e-02
7.804166255450371015e-01 4.591694151489641995e-02
7.701440579651563922e-01 4.766390073025790486e-02
7.598970361513051053e-01 4.938507700858952437e-02
7.496766989386134394e-01 5.108006547446321960e-02
7.394841821965345563e-01 5.274826947699435414e-02
7.293206187026060050e-01 5.438896866133653696e-02
7.191871380165538730e-01 5.600123287012739870e-02
7.090848663547572039e-01 5.758405900832484769e-02
6.990149264650814542e-01 5.913649549536882655e-02
6.889784375020977514e-01 6.065751798567312059e-02
6.789765149027036095e-01 6.214571420126794449e-02
6.690102702621547603e-01 6.359962704022734115e-02
6.590808112105230876e-01 6.501801294906257855e-02
6.491892412895989839e-01 6.639958885987129467e-02
6.393366598302444581e-01 6.774281634788545392e-02
6.295241618302156450e-01 6.904620660515552177e-02
6.197528378324663745e-01 7.030850409042208038e-02
6.100237738039482327e-01 7.152828730186881756e-02
6.003380510149177729e-01 7.270372040719487450e-02
5.906967459187653091e-01 7.383244425204497918e-02
5.811009300323815019e-01 7.491129554538254742e-02
5.715516698170692855e-01 7.593712243840498866e-02
5.620500265600203438e-01 7.690692566303830580e-02
5.525970562563653488e-01 7.781851113298052236e-02
5.431938094918128401e-01 7.867066144669052075e-02
5.338413313258880688e-01 7.946264850067324970e-02
5.245406611757882365e-01 8.019417897681498097e-02
5.152928327008634568e-01 8.086489351129530490e-02
5.060988736877365390e-01 8.147438660719938386e-02
4.969598059360780251e-01 8.202262575038790637e-02
4.878766451450451402e-01 8.250984647808203010e-02
4.788504008003974244e-01 8.293625126128652270e-02
4.698820760623064752e-01 8.330204424980680589e-02
4.609726676538650203e-01 8.360764880515597630e-02
4.521231657503131940e-01 8.385366618604749023e-02
4.433345538689928977e-01 8.404115782858530281e-02
4.346078087600411255e-01 8.417134034706257040e-02
4.259439002978354649e-01 8.424520094722134922e-02
4.173437913732044313e-01 8.426379239532028054e-02
4.088084377864137364e-01 8.422885431698418079e-02
4.003387881409395943e-01 8.414243681991877277e-02
3.919357837380436083e-01 8.400701271275107240e-02
3.836003584721576765e-01 8.382511748835891341e-02
3.753334387270930161e-01 8.359916284037495482e-02
3.671359432730831873e-01 8.333138116283665686e-02
3.590087831646743277e-01 8.302359775342041392e-02
3.509528616394713696e-01 8.267744040760932611e-02
3.429690740177547825e-01 8.229425025690412232e-02
3.350583076029753915e-01 8.187540098632110908e-02
3.272214415831418144e-01 8.142239160786388097e-02
3.194593469331089564e-01 8.093654294315023867e-02
3.117728863177794407e-01 8.041887994142581098e-02
3.041629139962280792e-01 7.987033080153220499e-02
2.966302757267624823e-01 7.929173454096574702e-02
2.891758086729252497e-01 7.868401898921023596e-02
2.818003413104546162e-01 7.804820276434873416e-02
2.745046933352085494e-01 7.738506070396308778e-02
2.672896755720651774e-01 7.669513566886852762e-02
2.601560898848094272e-01 7.597891343706639211e-02
2.531047290870154232e-01 7.523684752373810403e-02
2.461363768539343022e-01 7.446945418388307980e-02
2.392518076353984391e-01 7.367730871958734495e-02
2.324517865697500740e-01 7.286115118552444203e-02
2.257370693988056676e-01 7.202182172128987481e-02
2.191084023838638650e-01 7.116023873875793049e-02
2.125665222227673956e-01 7.027737435634931473e-02
2.061121559680280102e-01 6.937431364445172111e-02
1.997460209460230063e-01 6.845212438350807560e-02
1.934688246772731102e-01 6.751156964504072266e-02
1.872812647978095990e-01 6.655322249594722295e-02
1.811840289816407656e-01 6.557726556753909475e-02
1.751777948643248317e-01 6.458386214770371614e-02
1.692632299676588570e-01 6.357345679038170494e-02
1.634409916254914164e-01 6.254656238284801717e-02
1.577117269106679265e-01 6.150371499980478857e-02
1.520760725631161714e-01 6.044546770326435919e-02
1.465346549190801317e-01 5.937240443315552202e-02
1.410880898415101115e-01 5.828517940516383250e-02
1.357369826516168221e-01 5.718457676486572022e-02
1.304819280615971966e-01 5.607144845995776922e-02
1.253235101085391490e-01 5.494672718130300115e-02
1.202623020895129402e-01 5.381108552699753744e-02
1.152988664978553679e-01 5.266482875479396725e-02
1.104337549606562163e-01 5.150833201883348034e-02
1.056675081774507419e-01 5.034209527058988720e-02
1.010006558601274085e-01 4.916688779922687852e-02
9.643371667405697956e-02 4.798370867943922702e-02
9.196719818044885031e-02 4.679308476823774293e-02
8.760159677994161509e-02 4.559513936410901358e-02
8.333739765743386485e-02 4.438994875793609435e-02
7.917507472816209813e-02 4.317762065014689454e-02
7.511509058502996439e-02 4.195883566367616946e-02
7.115789644719716645e-02 4.073458625335365374e-02
6.730393210993146358e-02 3.950566073359779162e-02
6.355362589573076981e-02 3.827270026790239449e-02
5.990739460672012129e-02 3.703604734165048817e-02
5.636564347832906385e-02 3.579606702556473868e-02
5.292876613425423482e-02 3.455391705483152470e-02
4.959714454271368922e-02 3.331103356125810627e-02
4.637114897399441382e-02 3.206889085727825800e-02
4.325113795930202176e-02 3.082790587080520492e-02
4.023745825091396000e-02 2.958454386383839105e-02
3.733044478364233587e-02 2.833525652035837061e-02
3.453042063760936031e-02 2.707924362537951837e-02
3.183769700234129196e-02 2.581642864375107913e-02
2.925257314218321358e-02 2.454725529265366565e-02
2.677533636303963682e-02 2.327406722287913080e-02
2.440626198044326678e-02 2.200303294148893418e-02
2.214561328895736647e-02 2.074006832693856689e-02
1.999364153291383062e-02 1.948983263771754751e-02
1.795058587848985532e-02 1.825913242380483928e-02
1.601667338712764455e-02 1.705791728235858673e-02
1.419211899029970692e-02 1.588820551511284027e-02
1.247712546562085301e-02 1.474147735412171395e-02
1.087188341431266636e-02 1.360077302994428840e-02
9.376571240020115106e-03 1.244192236530426016e-02
7.991355128984078959e-03 1.125899590568153405e-02
6.716389031571567969e-03 1.006257992585052156e-02
5.551814645166519568e-03 8.863393642461121422e-03
4.497761398421062928e-03 7.674021306557003361e-03
3.554346436871580472e-03 6.531785002995836240e-03
2.721674609919344512e-03 5.485024825959384023e-03
1.999838459177394334e-03 4.541124844270342555e-03
1.388918208186096237e-03 3.676036081971714720e-03
8.889817534969424173e-04 2.795403861788734248e-03
5.000846571264760954e-04 1.814370141459314143e-03
2.222701403818971855e-04 8.878143107583538448e-04
5.556907905679420168e-05 2.394665333048143999e-04
0.000000000000000000e+00 -1.969940325493975146e-07
0.000000000000000000e+00 -5.358840633342946443e-05
5.556907905679420168e-05 -1.107657557206011322e-03
2.222701403818971855e-04 -1.667001156637251983e-03
5.000846571264760954e-04 -2.164255843889311640e-03
8.889817534969424173e-04 -2.722135095299363546e-03
1.388918208186096237e-03 -3.367477704889714971e-03
1.999838459177394334e-03 -4.039676451291129324e-03
2.721674609919344512e-03 -4.692904752870324589e-03
3.554346436871580472e-03 -5.348174583914607448e-03
4.497761398421062928e-03 -6.028167300562613934e-03
5.551814645166519568e-03 -6.741181259069141743e-03
6.716389031571567969e-03 -7.485403521747213858e-03
7.991355128984078959e-03 -8.245592186821394665e-03
9.376571240020115106e-03 -9.009315778041827524e-03
1.087188341431266636e-02 -9.769503770326462902e-03
1.247712546562085301e-02 -1.051963452536980835e-02
1.419211899029970692e-02 -1.125354075529264031e-02
1.601667338712764455e-02 -1.196834716998707721e-02
1.795058587848985532e-02 -1.266463782449715227e-02
1.999364153291383062e-02 -1.334854397582771468e-02
2.214561328895736647e-02 -1.403005893558030050e-02
2.440626198044326678e-02 -1.471325796565354539e-02
2.677533636303963682e-02 -1.539789521256332977e-02
2.925257314218321358e-02 -1.608129049413657002e-02
3.183769700234129196e-02 -1.675961673057698928e-02
3.453042063760936031e-02 -1.743054295436709256e-02
3.733044478364233587e-02 -1.809243074100216203e-02
4.023745825091396000e-02 -1.874348309939828996e-02
4.325113795930202176e-02 -1.938204256207831308e-02
4.637114897399441382e-02 -2.000752455952317654e-02
4.959714454271368922e-02 -2.061977974971078431e-02
5.292876613425423482e-02 -2.121902049611540733e-02
5.636564347832906385e-02 -2.180599612843182877e-02
5.990739460672012129e-02 -2.238301906588247361e-02
6.355362589573076981e-02 -2.295214577336514641e-02
6.730393210993146358e-02 -2.351365820247276750e-02
7.115789644719716645e-02 -2.406717575871492737e-02
7.511509058502996439e-02 -2.461149480790122621e-02
7.917507472816209813e-02 -2.514553584647151452e-02
8.333739765743386485e-02 -2.566872164181609184e-02
8.760159677994161509e-02 -2.618052832570136323e-02
9.196719818044885031e-02 -2.668042362817564864e-02
9.643371667405697956e-02 -2.716808999053233961e-02
1.010006558601274085e-01 -2.764352042441697507e-02
1.056675081774507419e-01 -2.810678981452710903e-02
1.104337549606562163e-01 -2.855805899099196285e-02
1.152988664978553679e-01 -2.899786998621331144e-02
1.202623020895129402e-01 -2.942711308212145327e-02
1.253235101085391490e-01 -2.984607109183155457e-02
1.304819280615971966e-01 -3.025446851703494228e-02
1.357369826516168221e-01 -3.065171101192344649e-02
1.410880898415101115e-01 -3.103700210869469317e-02
1.465346549190801317e-01 -3.140971313999649239e-02
1.520760725631161714e-01 -3.176931777373953603e-02
1.577117269106679265e-01 -3.211526718055444929e-02
1.634409916254914164e-01 -3.244701510325213173e-02
1.692632299676588570e-01 -3.276411849577243185e-02
1.751777948643248317e-01 -3.306618159160260723e-02
1.811840289816407656e-01 -3.335282750167240656e-02
1.872812647978095990e-01 -3.362371467896569516e-02
1.934688246772731102e-01 -3.387863589714488338e-02
1.997460209460230063e-01 -3.411729810559126913e-02
2.061121559680280102e-01 -3.433892716615188911e-02
2.125665222227673956e-01 -3.454260727055189634e-02
2.191084023838638650e-01 -3.472734020022098106e-02
2.257370693988056676e-01 -3.489211692194436193e-02
2.324517865697500740e-01 -3.503594273065547410e-02
2.392518076353984391e-01 -3.515781432232546744e-02
2.461363768539343022e-01 -3.525670451334843997e-02
2.531047290870154232e-01 -3.533158106353655181e-02
2.601560898848094272e-01 -3.538140812157664766e-02
2.672896755720651774e-01 -3.540514198817120567e-02
2.745046933352085494e-01 -3.540172738547944092e-02
2.818003413104546162e-01 -3.537010340250667378e-02
2.891758086729252497e-01 -3.530920291655453153e-02
2.966302757267624823e-01 -3.521795314250158321e-02
3.041629139962280792e-01 -3.509527524806684701e-02
3.117728863177794407e-01 -3.494008381869646851e-02
3.194593469331089564e-01 -3.475128757623806297e-02
3.272214415831418144e-01 -3.452779379743052546e-02
3.350583076029753915e-01 -3.426850791479561786e-02
3.429690740177547825e-01 -3.397232481854561142e-02
3.509528616394713696e-01 -3.363813376378806813e-02
3.590087831646743277e-01 -3.326483543760618694e-02
3.671359432730831873e-01 -3.285133195067183737e-02
3.753334387270930161e-01 -3.239648830826559467e-02
3.836003584721576765e-01 -3.189942615686396782e-02
3.919357837380436083e-01 -3.136095594254274810e-02
4.003387881409395943e-01 -3.078257305643998867e-02
4.088084377864137364e-01 -3.016598312289411540e-02
4.173437913732044313e-01 -2.951298969638499470e-02
4.259439002978354649e-01 -2.882552954023936617e-02
4.346078087600411255e-01 -2.810563019487918174e-02
4.433345538689928977e-01 -2.735551155479776578e-02
4.521231657503131940e-01 -2.657747354330465897e-02
4.609726676538650203e-01 -2.577392650432572263e-02
4.698820760623064752e-01 -2.494740560415254979e-02
4.788504008003974244e-01 -2.410069119861311254e-02
4.878766451450451402e-01 -2.323627893024543881e-02
4.969598059360780251e-01 -2.235603668006070147e-02
5.060988736877365390e-01 -2.146174279569782600e-02
5.152928327008634568e-01 -2.055515002718751039e-02
5.245406611757882365e-01 -1.963808712189639427e-02
5.338413313258880688e-01 -1.871249290250102254e-02
5.431938094918128401e-01 -1.778036225151470931e-02
5.525970562563653488e-01 -1.684374845776441879e-02
5.620500265600203438e-01 -1.590476056755933329e-02
5.715516698170692855e-01 -1.496556511912717179e-02
5.811009300323815019e-01 -1.402842789142153684e-02
5.906967459187653091e-01 -1.309565388508228574e-02
6.003380510149177729e-01 -1.216901331316217610e-02
6.100237738039482327e-01 -1.124989768989238456e-02
6.197528378324663745e-01 -1.033965996502006490e-02
6.295241618302156450e-01 -9.439641645337795706e-03
6.393366598302444581e-01 -8.551239236758366793e-03
6.491892412895989839e-01 -7.675877796124591819e-03
6.590808112105230876e-01 -6.814991651620749824e-03
6.690102702621547603e-01 -5.970025889289274496e-03
6.789765149027036095e-01 -5.142464087518743357e-03
6.889784375020977514e-01 -4.333803766281856332e-03
6.990149264650814542e-01 -3.545546245299189495e-03
7.090848663547572039e-01 -2.779206461527837426e-03
7.191871380165538730e-01 -2.036345795549881349e-03
7.293206187026060050e-01 -1.318524887191445264e-03
7.394841821965345563e-01 -6.272694371826589583e-04
7.496766989386134394e-01 3.586068138541515128e-05
7.598970361513051053e-01 6.692028532242247059e-04
7.701440579651563922e-01 1.271159075355526510e-03
7.804166255450371015e-01 1.840298268869725506e-03
7.907135972167069760e-01 2.374955236254228629e-03
8.010338285937002034e-01 2.873001519068224627e-03
8.113761727045106786e-01 3.331576018852797083e-03
8.217394801200630372e-01 3.746802301567966811e-03
8.321225990814590245e-01 4.114764427470263101e-03
8.425243756279822138e-01 4.431603685033595058e-03
8.529436537253458628e-01 4.693569773963856412e-03
8.633792753941731402e-01 4.897003919344832500e-03
8.738300808386934015e-01 5.037895830914199992e-03
8.842949085756387495e-01 5.111972040183944931e-03
8.947725955633289985e-01 5.115719130898302956e-03
9.052619773309316109e-01 5.046058808265364327e-03
9.157618881078770645e-01 4.898322001095006990e-03
9.262711609534211021e-01 4.667253222057922944e-03
9.367886278863364335e-01 4.351404747990019438e-03
9.473131200147204556e-01 3.948303826205021294e-03
9.578434676659028923e-01 3.433348342592350885e-03
9.683785005164411430e-01 2.770608444675901928e-03
9.789170477221889044e-01 1.914953934728200712e-03
9.894579380484205267e-01 8.191049035397871209e-04
9.999999999999998890e-01 -5.583310125408843649e-04
