9.999999999999998890e-01 -1.348429128661829959e-07
9.894579380484205267e-01 1.151060399352749628e-03
9.789170477221889044e-01 2.366611222472012836e-03
9.683785005164411430e-01 3.723141107821219958e-03
9.578434676659028923e-01 5.228292353461920158e-03
9.473131200147204556e-01 6.904443952171699685e-03
9.367886278863364335e-01 8.852417622228136648e-03
9.262711609534211021e-01 1.110232245201027076e-02
9.157618881078770645e-01 1.349468062922705262e-02
9.052619773309316109e-01 1.590965506053910322e-02
8.947725955633289985e-01 1.835178480514082153e-02
8.842949085756387495e-01 2.083551677516299119e-02
8.738300808386934015e-01 2.336894614157767822e-02
8.633792753941731402e-01 2.595476541489112610e-02
8.529436537253458628e-01 2.858870375223887539e-02
8.425243756279822138e-01 3.125196749269420343e-02
8.321225990814590245e-01 3.391092050510636363e-02
8.217394801200630372e-01 3.655215576626193869e-02
8.113761727045106786e-01 3.918182928924483083e-02
8.010338285937002034e-01 4.179945232852737280e-02
7.907135972167069760e-01 4.439889486048584355e-02
7.804166255450371015e-01 4.697787140309873238e-02
7.701440579651563922e-01 4.953669681225626037e-02
7.598970361513051053e-01 5.207465036022439903e-02
7.496766989386134394e-01 5.458807512207677903e-02
7.394841821965345563e-01 5.705497312673981497e-02
7.293206187026060050e-01 5.944829227119487192e-02
7.191871380165538730e-01 6.176440797740760658e-02
7.090848663547572039e-01 6.400812028549261734e-02
6.990149264650814542e-01 6.617971228708122156e-02
6.889784375020977514e-01 6.827816068850126041e-02
6.789765149027036095e-01 7.030322548855975906e-02
6.690102702621547603e-01 7.225573008579866396e-02
6.590808112105230876e-01 7.413952092052909781e-02
6.491892412895989839e-01 7.594975569815821947e-02
6.393366598302444581e-01 7.765412133356013047e-02
6.295241618302156450e-01 7.922653180142072427e-02
6.197528378324663745e-01 8.066829842253478433e-02
6.100237738039482327e-01 8.198250623341112042e-02
6.003380510149177729e-01 8.316756814236406226e-02
5.906967459187653091e-01 8.422473214415621134e-02
5.811009300323815019e-01 8.516089860124173572e-02
5.715516698170692855e-01 8.597657613163642298e-02
5.620500265600203438e-01 8.666293310874564892e-02
5.525970562563653488e-01 8.723039158554214689e-02
5.431938094918128401e-01 8.771314522732547025e-02
5.338413313258880688e-01 8.813842964879624320e-02
5.245406611757882365e-01 8.852425567777885695e-02
5.152928327008634568e-01 8.887606804938685823e-02
5.060988736877365390e-01 8.918885237723404857e-02
4.969598059360780251e-01 8.945725447510426143e-02
4.878766451450451402e-01 8.967611240835743347e-02
4.788504008003974244e-01 8.984233369483635157e-02
4.698820760623064752e-01 8.995435718946925840e-02
4.609726676538650203e-01 9.001297665032752249e-02
4.521231657503131940e-01 9.002047840052793126e-02
4.433345538689928977e-01 8.998124998005548048e-02
4.346078087600411255e-01 8.990009114016997427e-02
4.259439002978354649e-01 8.977907943921831224e-02
4.173437913732044313e-01 8.961927180104792279e-02
4.088084377864137364e-01 8.942145711461241264e-02
4.003387881409395943e-01 8.918640142000267002e-02
3.919357837380436083e-01 8.891508272762160825e-02
3.836003584721576765e-01 8.860851201681108069e-02
3.753334387270930161e-01 8.826764316412677447e-02
3.671359432730831873e-01 8.789340604472971330e-02
3.590087831646743277e-01 8.748669758947143216e-02
3.509528616394713696e-01 8.704849048953422486e-02
3.429690740177547825e-01 8.657993269305523654e-02
3.350583076029753915e-01 8.608200701253909681e-02
3.272214415831418144e-01 8.555535983890258378e-02
3.194593469331089564e-01 8.500104550508147394e-02
3.117728863177794407e-01 8.442076935568383622e-02
3.041629139962280792e-01 8.381514062754098771e-02
2.966302757267624823e-01 8.318328180338863120e-02
2.891758086729252497e-01 8.252426665650568205e-02
2.818003413104546162e-01 8.183729540908638023e-02
2.745046933352085494e-01 8.112300526717362847e-02
2.672896755720651774e-01 8.038330846727619050e-02
2.601560898848094272e-01 7.961952044128334238e-02
2.531047290870154232e-01 7.883248571015610828e-02
2.461363768539343022e-01 7.802338518947250778e-02
2.392518076353984391e-01 7.719360780657580356e-02
2.324517865697500740e-01 7.634435780554868489e-02
2.257370693988056676e-01 7.547674545176544236e-02
2.191084023838638650e-01 7.459195088257677964e-02
2.125665222227673956e-01 7.369121390813766770e-02
2.061121559680280102e-01 7.277594224747209462e-02
1.997460209460230063e-01 7.184666505296755101e-02
1.934688246772731102e-01 7.089914491731000301e-02
1.872812647978095990e-01 6.992902441383384848e-02
1.811840289816407656e-01 6.893769896669829644e-02
1.751777948643248317e-01 6.792764803161685516e-02
1.692632299676588570e-01 6.689994264122374468e-02
1.634409916254914164e-01 6.585584553203475966e-02
1.577117269106679265e-01 6.479800890813304515e-02
1.520760725631161714e-01 6.372793261824910571e-02
1.465346549190801317e-01 6.264384193886050889e-02
1.410880898415101115e-01 6.154429914440514432e-02
1.357369826516168221e-01 6.042946325907803257e-02
1.304819280615971966e-01 5.930069765599885884e-02
1.253235101085391490e-01 5.816101676266685616e-02
1.202623020895129402e-01 5.701245683265648151e-02
1.152988664978553679e-01 5.585554684423076760e-02
1.104337549606562163e-01 5.469253365114300908e-02
1.056675081774507419e-01 5.352758124161227649e-02
1.010006558601274085e-01 5.236011935306977144e-02
9.643371667405697956e-02 5.118493298651086848e-02
9.196719818044885031e-02 4.999876167239498265e-02
8.760159677994161509e-02 4.880039111539901525e-02
8.333739765743386485e-02 4.759200780162579220e-02
7.917507472816209813e-02 4.637797608054943649e-02
7.511509058502996439e-02 4.516103801876306112e-02
7.115789644719716645e-02 4.394304182879562454e-02
6.730393210993146358e-02 4.272654971799003110e-02
6.355362589573076981e-02 4.151442492140854090e-02
5.990739460672012129e-02 4.030915361671576908e-02
5.636564347832906385e-02 3.911311439082438418e-02
5.292876613425423482e-02 3.792894919567599971e-02
4.959714454271368922e-02 3.675652694823988709e-02
4.637114897399441382e-02 3.558284417244084868e-02
4.325113795930202176e-02 3.439602584122426754e-02
4.023745825091396000e-02 3.320175349599147063e-02
3.733044478364233587e-02 3.200790119787427779e-02
3.453042063760936031e-02 3.081664883959068374e-02
3.183769700234129196e-02 2.963133760200971009e-02
2.925257314218321358e-02 2.846095110923988966e-02
2.677533636303963682e-02 2.731000334707709559e-02
2.440626198044326678e-02 2.617174743019195712e-02
2.214561328895736647e-02 2.503878334910111109e-02
1.999364153291383062e-02 2.390523122475940107e-02
1.795058587848985532e-02 2.277379431052268047e-02
1.601667338712764455e-02 2.165944326906492010e-02
1.419211899029970692e-02 2.056993741524453662e-02
1.247712546562085301e-02 1.950180309139185400e-02
1.087188341431266636e-02 1.842610539794809973e-02
9.376571240020115106e-03 1.729152927448210364e-02
7.991355128984078959e-03 1.611546536893978046e-02
6.716389031571567969e-03 1.497146181684708838e-02
5.551814645166519568e-03 1.384955193479635999e-02
4.497761398421062928e-03 1.267806779144142054e-02
3.554346436871580472e-03 1.141162909996821725e-02
2.721674609919344512e-03 1.003392527683679564e-02
1.999838459177394334e-03 8.632515537755009252e-03
1.388918208186096237e-03 7.301379570452757282e-03
8.889817534969424173e-04 5.783460466099894608e-03
5.000846571264760954e-04 3.795419852927538890e-03
2.222701403818971855e-04 1.817931919109575618e-03
5.556907905679420168e-05 5.086400583869548665e-04
0.000000000000000000e+00 2.113914255752209742e-05
0.000000000000000000e+00 -1.595733663547139723e-05
5.556907905679420168e-05 -5.053906070594276672e-04
2.222701403818971855e-04 -1.819473526399249981e-03
5.000846571264760954e-04 -3.803287489046006629e-03
8.889817534969424173e-04 -5.794486633484956066e-03
1.388918208186096237e-03 -7.309288566785052642e-03
1.999838459177394334e-03 -8.634158384392309066e-03
2.721674609919344512e-03 -1.002970171076265904e-02
3.554346436871580472e-03 -1.140405162055121990e-02
4.497761398421062928e-03 -1.267055951418125104e-02
5.551814645166519568e-03 -1.384454247931222147e-02
6.716389031571567969e-03 -1.497004293604050143e-02
7.991355128984078959e-03 -1.611719566639741377e-02
9.376571240020115106e-03 -1.729505539682536439e-02
1.087188341431266636e-02 -1.843002441428725352e-02
1.247712546562085301e-02 -1.950495416289592387e-02
1.419211899029970692e-02 -2.057166305302095266e-02
1.601667338712764455e-02 -2.165959934735064291e-02
1.795058587848985532e-02 -2.277272627553825549e-02
1.999364153291383062e-02 -2.390345457668962420e-02
2.214561328895736647e-02 -2.503673092998865563e-02
2.440626198044326678e-02 -2.616980454334748296e-02
2.677533636303963682e-02 -2.730851956036123990e-02
2.925257314218321358e-02 -2.846007578828382498e-02
3.183769700234129196e-02 -2.963095840796294358e-02
3.453042063760936031e-02 -3.081664480312111890e-02
3.733044478364233587e-02 -3.200824525113985658e-02
4.023745825091396000e-02 -3.320239637774566321e-02
4.325113795930202176e-02 -3.439685979750813083e-02
4.637114897399441382e-02 -3.558375498385851765e-02
4.959714454271368922e-02 -3.675741634619876519e-02
5.292876613425423482e-02 -3.792975791912771982e-02
5.636564347832906385e-02 -3.911382158056280617e-02
5.990739460672012129e-02 -4.030975248740727851e-02
6.355362589573076981e-02 -4.151491424868376801e-02
6.730393210993146358e-02 -4.272692472791263935e-02
7.115789644719716645e-02 -4.394329416242605951e-02
7.511509058502996439e-02 -4.516115970530806129e-02
7.917507472816209813e-02 -4.637796043493814385e-02
8.333739765743386485e-02 -4.759185000197138637e-02
8.760159677994161509e-02 -4.880008510506751024e-02
9.196719818044885031e-02 -4.999829495404747165e-02
9.643371667405697956e-02 -5.118429541245736458e-02
1.010006558601274085e-01 -5.235931659515646874e-02
1.056675081774507419e-01 -5.352664074460471849e-02
1.104337549606562163e-01 -5.469151000828784831e-02
1.152988664978553679e-01 -5.585450876065438386e-02
1.202623020895129402e-01 -5.701147347642541996e-02
1.253235101085391490e-01 -5.816015662363079042e-02
1.304819280615971966e-01 -5.930002895721473571e-02
1.357369826516168221e-01 -6.042906578726427169e-02
1.410880898415101115e-01 -6.154426990737805331e-02
1.465346549190801317e-01 -6.264426398941909391e-02
1.520760725631161714e-01 -6.372885015399330777e-02
1.577117269106679265e-01 -6.479937703288968232e-02
1.634409916254914164e-01 -6.585751723292961046e-02
1.692632299676588570e-01 -6.690175559593998511e-02
1.751777948643248317e-01 -6.792945754547281834e-02
1.811840289816407656e-01 -6.893935466449296889e-02
1.872812647978095990e-01 -6.993036065959529202e-02
1.934688246772731102e-01 -7.089997476538621723e-02
1.997460209460230063e-01 -7.184681107756350771e-02
2.061121559680280102e-01 -7.277536192152470051e-02
2.125665222227673956e-01 -7.368999519589376768e-02
2.191084023838638650e-01 -7.459020267671291615e-02
2.257370693988056676e-01 -7.547457785609870684e-02
2.324517865697500740e-01 -7.634188723103994823e-02
2.392518076353984391e-01 -7.719095542899642726e-02
2.461363768539343022e-01 -7.802067183521821381e-02
2.531047290870154232e-01 -7.882983700454154752e-02
2.601560898848094272e-01 -7.961707722609644156e-02
2.672896755720651774e-01 -8.038121486156085682e-02
2.745046933352085494e-01 -8.112138939364489654e-02
2.818003413104546162e-01 -8.183629660001928707e-02
2.891758086729252497e-01 -8.252406992460140089e-02
2.966302757267624823e-01 -8.318404443021509831e-02
3.041629139962280792e-01 -8.381690946528926045e-02
3.117728863177794407e-01 -8.442347445625596192e-02
3.194593469331089564e-01 -8.500450366772187294e-02
3.272214415831418144e-01 -8.555935883848003742e-02
3.350583076029753915e-01 -8.608636790491541735e-02
3.429690740177547825e-01 -8.658447565996031658e-02
3.509528616394713696e-01 -8.705301297945897132e-02
3.590087831646743277e-01 -8.749098844683406151e-02
3.671359432730831873e-01 -8.789725366381000160e-02
3.753334387270930161e-01 -8.827083702531585141e-02
3.836003584721576765e-01 -8.861084030211613394e-02
3.919357837380436083e-01 -8.891631349631129444e-02
4.003387881409395943e-01 -8.918628425401689541e-02
4.088084377864137364e-01 -8.941976771495803444e-02
4.173437913732044313e-01 -8.961580585073816718e-02
4.259439002978354649e-01 -8.977356857173401927e-02
4.346078087600411255e-01 -8.989221346870707174e-02
4.433345538689928977e-01 -8.997074135992720600e-02
4.521231657503131940e-01 -9.000750740585714005e-02
4.609726676538650203e-01 -8.999913698929215555e-02
4.698820760623064752e-01 -8.994252333385976961e-02
4.788504008003974244e-01 -8.983590873501645646e-02
4.878766451450451402e-01 -8.967848635660014001e-02
4.969598059360780251e-01 -8.947093329398830841e-02
5.060988736877365390e-01 -8.921395909623344722e-02
5.152928327008634568e-01 -8.890807685128590543e-02
5.245406611757882365e-01 -8.855528924035264982e-02
5.338413313258880688e-01 -8.815942671487872473e-02
5.431938094918128401e-01 -8.771646989957788965e-02
5.525970562563653488e-01 -8.721274808321241578e-02
5.620500265600203438e-01 -8.662671659914748801e-02
5.715516698170692855e-01 -8.593083932105853584e-02
5.811009300323815019e-01 -8.511799285364325673e-02
5.906967459187653091e-01 -8.419711004186020142e-02
6.003380510149177729e-01 -8.316289418768461894e-02
6.100237738039482327e-01 -8.200050818460201396e-02
6.197528378324663745e-01 -8.070286362206004205e-02
6.295241618302156450e-01 -7.926743222853629978e-02
6.393366598302444581e-01 -7.769075902842534354e-02
6.491892412895989839e-01 -7.597349899837142762e-02
6.590808112105230876e-01 -7.414706478235258413e-02
6.690102702621547603e-01 -7.224963828023538148e-02
6.789765149027036095e-01 -7.028738185298551155e-02
6.889784375020977514e-01 -6.825625205296755038e-02
6.990149264650814542e-01 -6.615537446508448771e-02
7.090848663547572039e-01 -6.398499845721446200e-02
7.191871380165538730e-01 -6.174622703806648821e-02
7.293206187026060050e-01 -5.943891412025730653e-02
7.394841821965345563e-01 -5.705851786042993173e-02
7.496766989386134394e-01 -5.460732632181410778e-02
7.598970361513051053e-01 -5.210696481147785580e-02
7.701440579651563922e-01 -4.957362221312619499e-02
7.804166255450371015e-01 -4.700574270812483274e-02
7.907135972167069760e-01 -4.440418319881856563e-02
8.010338285937002034e-01 -4.177804580661984707e-02
8.113761727045106786e-01 -3.913872014284367623e-02
8.217394801200630372e-01 -3.649959199337485943e-02
8.321225990814590245e-01 -3.386884196780218237e-02
8.425243756279822138e-01 -3.124778036902405368e-02
8.529436537253458628e-01 -2.863316200797462463e-02
8.633792753941731402e-01 -2.601849491768382788e-02
8.738300808386934015e-01 -2.341775999818154069e-02
8.842949085756387495e-01 -2.086212281735020518e-02
8.947725955633289985e-01 -1.836641678480579326e-02
9.052619773309316109e-01 -1.593389851310346786e-02
9.157618881078770645e-01 -1.358030077855925527e-02
9.262711609534211021e-01 -1.132359110135643457e-02
9.367886278863364335e-01 -9.129492558456499263e-03
9.473131200147204556e-01 -6.966953203596687808e-03
9.578434676659028923e-01 -5.029413662878149012e-03
9.683785005164411430e-01 -3.547554325785674551e-03
9.789170477221889044e-01 -2.384757836250651995e-03
9.894579380484205267e-01 -1.277221954873173628e-03
9.999999999999998890e-01 1.092075554416314723e-06
