9.999999999999998890e-01 -3.899590602521968929e-04
9.894579380484205267e-01 2.947987546492886971e-03
9.789170477221889044e-01 6.401639370754713156e-03
9.683785005164411430e-01 9.732125107734621028e-03
9.578434676659028923e-01 1.284588782533584682e-02
9.473131200147204556e-01 1.570223390271291430e-02
9.367886278863364335e-01 1.832310032706839509e-02
9.262711609534211021e-01 2.074397162691450289e-02
9.157618881078770645e-01 2.300702882706221961e-02
9.052619773309316109e-01 2.514874160521564025e-02
8.947725955633289985e-01 2.719293110860893092e-02
8.842949085756387495e-01 2.915622667418495129e-02
8.738300808386934015e-01 3.104603213920270610e-02
8.633792753941731402e-01 3.286759688927708839e-02
8.529436537253458628e-01 3.462436749288633903e-02
8.425243756279822138e-01 3.631921202173597069e-02
8.321225990814590245e-01 3.795454046616519861e-02
8.217394801200630372e-01 3.953385427867971841e-02
8.113761727045106786e-01 4.106159823270406906e-02
8.010338285937002034e-01 4.254034831694386565e-02
7.907135972167069760e-01 4.397108982463475424e-02
7.804166255450371015e-01 4.535404413380595551e-02
7.701440579651563922e-01 4.668900018886364828e-02
7.598970361513051053e-01 4.797627357672859527e-02
7.496766989386134394e-01 4.921650085260707852e-02
7.394841821965345563e-01 5.041045525941719591e-02
7.293206187026060050e-01 5.155895732276934151e-02
7.191871380165538730e-01 5.266272525352751199e-02
7.090848663547572039e-01 5.372242375587479857e-02
6.990149264650814542e-01 5.473864964671135841e-02
6.889784375020977514e-01 5.571197823370321878e-02
6.789765149027036095e-01 5.664298785428921457e-02
6.690102702621547603e-01 5.753221894638296113e-02
6.590808112105230876e-01 5.838007412485977238e-02
6.491892412895989839e-01 5.918693400733711363e-02
6.393366598302444581e-01 5.995320483388896782e-02
6.295241618302156450e-01 6.067936087358166697e-02
6.197528378324663745e-01 6.136603115842601680e-02
6.100237738039482327e-01 6.201391687791368151e-02
6.003380510149177729e-01 6.262381813946325815e-02
5.906967459187653091e-01 6.319648634042000779e-02
5.811009300323815019e-01 6.373256669983483336e-02
5.715516698170692855e-01 6.423255984085692039e-02
5.620500265600203438e-01 6.469677392018710615e-02
5.525970562563653488e-01 6.512549926120694832e-02
5.431938094918128401e-01 6.551903011712842395e-02
5.338413313258880688e-01 6.587784057668057136e-02
5.245406611757882365e-01 6.620259548281659523e-02
5.152928327008634568e-01 6.649410310048221862e-02
5.060988736877365390e-01 6.675328560565765845e-02
4.969598059360780251e-01 6.698103934702420714e-02
4.878766451450451402e-01 6.717822251732941119e-02
4.788504008003974244e-01 6.734551281618451901e-02
4.698820760623064752e-01 6.748347288996398019e-02
4.609726676538650203e-01 6.759261683723190306e-02
4.521231657503131940e-01 6.767344043010747878e-02
4.433345538689928977e-01 6.772647868984021935e-02
4.346078087600411255e-01 6.775225793124012297e-02
4.259439002978354649e-01 6.775115927924277304e-02
4.173437913732044313e-01 6.772352086187208298e-02
4.088084377864137364e-01 6.766971981054800689e-02
4.003387881409395943e-01 6.759014389030862380e-02
3.919357837380436083e-01 6.748517786862349987e-02
3.836003584721576765e-01 6.735514827416214101e-02
3.753334387270930161e-01 6.720019929244594459e-02
3.671359432730831873e-01 6.702045786972188335e-02
3.590087831646743277e-01 6.681610045077919502e-02
3.509528616394713696e-01 6.658733261518459678e-02
3.429690740177547825e-01 6.633440679729921130e-02
3.350583076029753915e-01 6.605765220044426678e-02
3.272214415831418144e-01 6.575752726626411804e-02
3.194593469331089564e-01 6.543451789347289049e-02
3.117728863177794407e-01 6.508913116791870124e-02
3.041629139962280792e-01 6.472188180547183700e-02
2.966302757267624823e-01 6.433328354937453697e-02
2.891758086729252497e-01 6.392362126222229934e-02
2.818003413104546162e-01 6.349293342217045277e-02
2.745046933352085494e-01 6.304131092233986045e-02
2.672896755720651774e-01 6.256890751999977240e-02
2.601560898848094272e-01 6.207592673926465299e-02
2.531047290870154232e-01 6.156260739558891415e-02
2.461363768539343022e-01 6.102917080968468799e-02
2.392518076353984391e-01 6.047583238912297016e-02
2.324517865697500740e-01 5.990286496532842841e-02
2.257370693988056676e-01 5.931058255916529104e-02
2.191084023838638650e-01 5.869937236446700485e-02
2.125665222227673956e-01 5.806964676698387479e-02
2.061121559680280102e-01 5.742176784892222968e-02
1.997460209460230063e-01 5.675607797720615133e-02
1.934688246772731102e-01 5.607291705969130041e-02
1.872812647978095990e-01 5.537267408782606259e-02
1.811840289816407656e-01 5.465594534955799111e-02
1.751777948643248317e-01 5.392325906045912498e-02
1.692632299676588570e-01 5.317472575913299165e-02
1.634409916254914164e-01 5.241031961222187424e-02
1.577117269106679265e-01 5.162988213325488823e-02
1.520760725631161714e-01 5.083335189687428202e-02
1.465346549190801317e-01 5.002095033159192211e-02
1.410880898415101115e-01 4.919294606989194074e-02
1.357369826516168221e-01 4.834962086453033908e-02
1.304819280615971966e-01 4.749126387522404485e-02
1.253235101085391490e-01 4.661817754070693431e-02
1.202623020895129402e-01 4.573082659147367779e-02
1.152988664978553679e-01 4.482989801456346846e-02
1.104337549606562163e-01 4.391607271856021871e-02
1.056675081774507419e-01 4.298999251519214360e-02
1.010006558601274085e-01 4.205200762274216575e-02
9.643371667405697956e-02 4.110219916038695964e-02
9.196719818044885031e-02 4.014090748388136898e-02
8.760159677994161509e-02 3.916871555389611625e-02
8.333739765743386485e-02 3.818644094208919343e-02
7.917507472816209813e-02 3.719494890941992676e-02
7.511509058502996439e-02 3.619396092439113033e-02
7.115789644719716645e-02 3.518260558550632272e-02
6.730393210993146358e-02 3.416067479837363308e-02
6.355362589573076981e-02 3.312832125148740259e-02
5.990739460672012129e-02 3.208590037021157720e-02
5.636564347832906385e-02 3.103408735051143424e-02
5.292876613425423482e-02 2.997485762573477708e-02
4.959714454271368922e-02 2.891050245802726654e-02
4.637114897399441382e-02 2.784274384122189736e-02
4.325113795930202176e-02 2.677370542213740323e-02
4.023745825091396000e-02 2.570758818457710010e-02
3.733044478364233587e-02 2.464714511351225740e-02
3.453042063760936031e-02 2.358924177646910120e-02
3.183769700234129196e-02 2.252885394845949296e-02
2.925257314218321358e-02 2.145901734680136230e-02
2.677533636303963682e-02 2.037400946136749477e-02
2.440626198044326678e-02 1.927139582042942945e-02
2.214561328895736647e-02 1.815219353622054069e-02
1.999364153291383062e-02 1.702285115347099836e-02
1.795058587848985532e-02 1.589437031880561874e-02
1.601667338712764455e-02 1.478362363899409469e-02
1.419211899029970692e-02 1.370579049007989922e-02
1.247712546562085301e-02 1.267312789353545674e-02
1.087188341431266636e-02 1.169232178770507856e-02
9.376571240020115106e-03 1.076276367925934133e-02
7.991355128984078959e-03 9.853360953225863070e-03
6.716389031571567969e-03 8.908529120254847847e-03
5.551814645166519568e-03 7.905386971062390578e-03
4.497761398421062928e-03 6.847547128388020536e-03
3.554346436871580472e-03 5.753874516194365865e-03
2.721674609919344512e-03 4.653439549545319506e-03
1.999838459177394334e-03 3.584219309336655283e-03
1.388918208186096237e-03 2.588559028970371500e-03
8.889817534969424173e-04 1.706915782462013406e-03
5.000846571264760954e-04 9.776270920101703260e-04
2.222701403818971855e-04 4.315163301339720869e-04
5.556907905679420168e-05 9.426937745471580007e-05
0.000000000000000000e+00 -2.000740774794196788e-05
0.000000000000000000e+00 -2.187785408722742940e-05
5.556907905679420168e-05 -2.229746736194161845e-04
2.222701403818971855e-04 -7.551431949634523954e-04
5.000846571264760954e-04 -1.515746322721516067e-03
8.889817534969424173e-04 -2.274963260822625722e-03
1.388918208186096237e-03 -2.852108649313342577e-03
1.999838459177394334e-03 -3.271682778153615478e-03
2.721674609919344512e-03 -3.597595238089978595e-03
3.554346436871580472e-03 -3.904269122451361693e-03
4.497761398421062928e-03 -4.228720010695056000e-03
5.551814645166519568e-03 -4.534734711797550923e-03
6.716389031571567969e-03 -4.799335826331327208e-03
7.991355128984078959e-03 -5.033433662087349707e-03
9.376571240020115106e-03 -5.247422973300806988e-03
1.087188341431266636e-02 -5.446933797103006153e-03
1.247712546562085301e-02 -5.635804186767597382e-03
1.419211899029970692e-02 -5.816032983512805545e-03
1.601667338712764455e-02 -5.985515453272505747e-03
1.795058587848985532e-02 -6.138500344774386851e-03
1.999364153291383062e-02 -6.271795039741672774e-03
2.214561328895736647e-02 -6.384302984481435295e-03
2.440626198044326678e-02 -6.474033200139991950e-03
2.677533636303963682e-02 -6.538513391840985144e-03
2.925257314218321358e-02 -6.576873384491371474e-03
3.183769700234129196e-02 -6.589187778772048407e-03
3.453042063760936031e-02 -6.575767239527802697e-03
3.733044478364233587e-02 -6.537356614414280113e-03
4.023745825091396000e-02 -6.476803116512053204e-03
4.325113795930202176e-02 -6.397384265668700463e-03
4.637114897399441382e-02 -6.300269866435272322e-03
4.959714454271368922e-02 -6.185706434088474384e-03
5.292876613425423482e-02 -6.052937166346362453e-03
5.636564347832906385e-02 -5.901096717410129339e-03
5.990739460672012129e-02 -5.729898104096096956e-03
6.355362589573076981e-02 -5.539171869377516877e-03
6.730393210993146358e-02 -5.328716377726663150e-03
7.115789644719716645e-02 -5.098469234990205684e-03
7.511509058502996439e-02 -4.848722165574958012e-03
7.917507472816209813e-02 -4.579872128264514050e-03
8.333739765743386485e-02 -4.292425716435117715e-03
8.760159677994161509e-02 -3.987156048326977349e-03
9.196719818044885031e-02 -3.665264708652265016e-03
9.643371667405697956e-02 -3.327851206175659170e-03
1.010006558601274085e-01 -2.975797221024472240e-03
1.056675081774507419e-01 -2.609577548775271830e-03
1.104337549606562163e-01 -2.229203723393531622e-03
1.152988664978553679e-01 -1.834849099460155765e-03
1.202623020895129402e-01 -1.426880834651298975e-03
1.253235101085391490e-01 -1.005686831324648653e-03
1.304819280615971966e-01 -5.716698933451199024e-04
1.357369826516168221e-01 -1.252949459490645457e-04
1.410880898415101115e-01 3.329255472833334809e-04
1.465346549190801317e-01 8.024477914360306132e-04
1.520760725631161714e-01 1.282694537297963087e-03
1.577117269106679265e-01 1.772959237433090716e-03
1.634409916254914164e-01 2.272464342065182684e-03
1.692632299676588570e-01 2.780395841229036692e-03
1.751777948643248317e-01 3.295972901725487125e-03
1.811840289816407656e-01 3.818690752623889011e-03
1.872812647978095990e-01 4.348128912164699392e-03
1.934688246772731102e-01 4.883804694178808456e-03
1.997460209460230063e-01 5.425202130912786316e-03
2.061121559680280102e-01 5.971747229967777799e-03
2.125665222227673956e-01 6.522865633892493270e-03
2.191084023838638650e-01 7.078026114058958741e-03
2.257370693988056676e-01 7.636730809736735556e-03
2.324517865697500740e-01 8.198546943232730769e-03
2.392518076353984391e-01 8.763028528293097599e-03
2.461363768539343022e-01 9.329677635439239183e-03
2.531047290870154232e-01 9.897985286661982116e-03
2.601560898848094272e-01 1.046743446376393986e-02
2.672896755720651774e-01 1.103748554305570943e-02
2.745046933352085494e-01 1.160756533313911550e-02
2.818003413104546162e-01 1.217709085852321758e-02
2.891758086729252497e-01 1.274546886201259784e-02
2.966302757267624823e-01 1.331207033284356744e-02
3.041629139962280792e-01 1.387622963304046761e-02
3.117728863177794407e-01 1.443731175870776109e-02
3.194593469331089564e-01 1.499471684248413796e-02
3.272214415831418144e-01 1.554792502506232785e-02
3.350583076029753915e-01 1.609647497259939289e-02
3.429690740177547825e-01 1.663987593683530219e-02
3.509528616394713696e-01 1.717761731137138967e-02
3.590087831646743277e-01 1.770919173080766698e-02
3.671359432730831873e-01 1.823409193394019689e-02
3.753334387270930161e-01 1.875179656708361731e-02
3.836003584721576765e-01 1.926177712738022518e-02
3.919357837380436083e-01 1.976350085473468562e-02
4.003387881409395943e-01 2.025643152876108882e-02
4.088084377864137364e-01 2.074002356600254671e-02
4.173437913732044313e-01 2.121372708129665857e-02
4.259439002978354649e-01 2.167698657528537021e-02
4.346078087600411255e-01 2.212924292326662670e-02
4.433345538689928977e-01 2.256992958046142098e-02
4.521231657503131940e-01 2.299847695303579298e-02
4.609726676538650203e-01 2.341431129774992209e-02
4.698820760623064752e-01 2.381685472064408796e-02
4.788504008003974244e-01 2.420552119329957147e-02
4.878766451450451402e-01 2.457971190997896779e-02
4.969598059360780251e-01 2.493880527267467936e-02
5.060988736877365390e-01 2.528217605645608976e-02
5.152928327008634568e-01 2.560919733086977970e-02
5.245406611757882365e-01 2.591923782044945265e-02
5.338413313258880688e-01 2.621166046441185046e-02
5.431938094918128401e-01 2.648582811170099166e-02
5.525970562563653488e-01 2.674110370515278903e-02
5.620500265600203438e-01 2.697684362253791740e-02
5.715516698170692855e-01 2.719239836394637955e-02
5.811009300323815019e-01 2.738712821239273898e-02
5.906967459187653091e-01 2.756039522031945507e-02
6.003380510149177729e-01 2.771147620234350184e-02
6.100237738039482327e-01 2.783958613935512416e-02
6.197528378324663745e-01 2.794391773893455805e-02
6.295241618302156450e-01 2.802365158435565773e-02
6.393366598302444581e-01 2.807797015096281587e-02
6.491892412895989839e-01 2.810605665934034006e-02
6.590808112105230876e-01 2.810709256822426644e-02
6.690102702621547603e-01 2.808025755386006975e-02
6.789765149027036095e-01 2.802472550791968581e-02
6.889784375020977514e-01 2.793967113646316988e-02
6.990149264650814542e-01 2.782428165502845788e-02
7.090848663547572039e-01 2.767767903069152588e-02
7.191871380165538730e-01 2.749873079581421215e-02
7.293206187026060050e-01 2.728627340591922856e-02
7.394841821965345563e-01 2.703922778963738227e-02
7.496766989386134394e-01 2.675642727913661242e-02
7.598970361513051053e-01 2.643644161167999287e-02
7.701440579651563922e-01 2.607756499938899616e-02
7.804166255450371015e-01 2.567759865417646586e-02
7.907135972167069760e-01 2.523438580696153732e-02
8.010338285937002034e-01 2.474595396910235154e-02
8.113761727045106786e-01 2.421035451237165195e-02
8.217394801200630372e-01 2.362565617309649729e-02
8.321225990814590245e-01 2.299027634327253239e-02
8.425243756279822138e-01 2.230299179724919839e-02
8.529436537253458628e-01 2.156072304688697733e-02
8.633792753941731402e-01 2.075834965075949723e-02
8.738300808386934015e-01 1.988954643403795589e-02
8.842949085756387495e-01 1.894705765762595348e-02
8.947725955633289985e-01 1.792439302733933940e-02
9.052619773309316109e-01 1.681556314945538422e-02
9.157618881078770645e-01 1.561348763626808911e-02
9.262711609534211021e-01 1.430844703411269549e-02
9.367886278863364335e-01 1.287324608984935850e-02
9.473131200147204556e-01 1.127063992456424704e-02
9.578434676659028923e-01 9.457385227345856127e-03
9.683785005164411430e-01 7.391009463541926665e-03
9.789170477221889044e-01 5.049085004077421591e-03
9.894579380484205267e-01 2.431408846212199191e-03
9.999999999999998890e-01 -3.899425625327543202e-04
