9.999999999999998890e-01 1.928688263026365746e-06
9.894579380484205267e-01 4.697147163855041989e-03
9.789170477221889044e-01 8.671207709329362828e-03
9.683785005164411430e-01 1.244504239531677749e-02
9.578434676659028923e-01 1.610398170450073885e-02
9.473131200147204556e-01 1.965184460851303327e-02
9.367886278863364335e-01 2.311439351383111004e-02
9.262711609534211021e-01 2.651016941303165411e-02
9.157618881078770645e-01 2.983303974232956457e-02
9.052619773309316109e-01 3.308156166061735487e-02
8.947725955633289985e-01 3.626947172744075798e-02
8.842949085756387495e-01 3.940409785352372990e-02
8.738300808386934015e-01 4.247999810648501323e-02
8.633792753941731402e-01 4.549457462030769006e-02
8.529436537253458628e-01 4.845048160434566042e-02
8.425243756279822138e-01 5.134874449419791348e-02
8.321225990814590245e-01 5.418817138046493759e-02
8.217394801200630372e-01 5.696815999017878357e-02
8.113761727045106786e-01 5.968881965116187155e-02
8.010338285937002034e-01 6.235087643843215122e-02
7.907135972167069760e-01 6.495528680349040018e-02
7.804166255450371015e-01 6.750001271023184368e-02
7.701440579651563922e-01 6.998098087340623441e-02
7.598970361513051053e-01 7.239404944613352100e-02
7.496766989386134394e-01 7.473554103470529675e-02
7.394841821965345563e-01 7.700558533553705787e-02
7.293206187026060050e-01 7.920589079551119960e-02
7.191871380165538730e-01 8.133670152263378084e-02
7.090848663547572039e-01 8.339779201508135120e-02
6.990149264650814542e-01 8.538953475872448906e-02
6.889784375020977514e-01 8.731148746550541906e-02
6.789765149027036095e-01 8.915883530231444309e-02
6.690102702621547603e-01 9.092706136640842096e-02
6.590808112105230876e-01 9.261691508028085940e-02
6.491892412895989839e-01 9.422991191170393410e-02
6.393366598302444581e-01 9.576637744878181702e-02
6.295241618302156450e-01 9.722663606803449987e-02
6.197528378324663745e-01 9.861153875854350437e-02
6.100237738039482327e-01 9.992196509999598519e-02
6.003380510149177729e-01 1.011586161947584939e-01
5.906967459187653091e-01 1.023161877107454099e-01
5.811009300323815019e-01 1.033794296915388350e-01
5.715516698170692855e-01 1.043442224122764772e-01
5.620500265600203438e-01 1.052238359802129541e-01
5.525970562563653488e-01 1.060347150900001617e-01
5.431938094918128401e-01 1.067947430025489586e-01
5.338413313258880688e-01 1.075034188500285093e-01
5.245406611757882365e-01 1.081417792097013192e-01
5.152928327008634568e-01 1.086965787894640656e-01
5.060988736877365390e-01 1.091612565561010800e-01
4.969598059360780251e-01 1.095437901836656264e-01
4.878766451450451402e-01 1.098615950842446315e-01
4.788504008003974244e-01 1.101220697484298211e-01
4.698820760623064752e-01 1.103263290883616937e-01
4.609726676538650203e-01 1.104750200318628667e-01
4.521231657503131940e-01 1.105686647162907738e-01
4.433345538689928977e-01 1.106082641306062597e-01
4.346078087600411255e-01 1.105950056980170987e-01
4.259439002978354649e-01 1.105299742638737592e-01
4.173437913732044313e-01 1.104142445580971327e-01
4.088084377864137364e-01 1.102490147847958318e-01
4.003387881409395943e-01 1.100358460137554756e-01
3.919357837380436083e-01 1.097775563740028132e-01
3.836003584721576765e-01 1.094767738151980335e-01
3.753334387270930161e-01 1.091345651199722988e-01
3.671359432730831873e-01 1.087518237338942484e-01
3.590087831646743277e-01 1.083297980574976643e-01
3.509528616394713696e-01 1.078697308177777175e-01
3.429690740177547825e-01 1.073727270937381850e-01
3.350583076029753915e-01 1.068399141323781582e-01
3.272214415831418144e-01 1.062724932176405124e-01
3.194593469331089564e-01 1.056716925700775384e-01
3.117728863177794407e-01 1.050387361506606165e-01
3.041629139962280792e-01 1.043735673651338403e-01
2.966302757267624823e-01 1.036745396176608769e-01
2.891758086729252497e-01 1.029416565347393009e-01
2.818003413104546162e-01 1.021768098550345366e-01
2.745046933352085494e-01 1.013814483519003412e-01
2.672896755720651774e-01 1.005565581177377266e-01
2.601560898848094272e-01 9.970360571309389019e-02
2.531047290870154232e-01 9.882438242797436656e-02
2.461363768539343022e-01 9.791995816837588407e-02
2.392518076353984391e-01 9.699107947655821738e-02
2.324517865697500740e-01 9.603993218209692928e-02
2.257370693988056676e-01 9.506882021082335710e-02
2.191084023838638650e-01 9.407494019261264384e-02
2.125665222227673956e-01 9.305381769448958784e-02
2.061121559680280102e-01 9.200511464014356211e-02
1.997460209460230063e-01 9.093016609942124184e-02
1.934688246772731102e-01 8.983077634752535678e-02
1.872812647978095990e-01 8.870890309699429321e-02
1.811840289816407656e-01 8.756653083995320774e-02
1.751777948643248317e-01 8.640546889747900694e-02
1.692632299676588570e-01 8.522690353970220623e-02
1.634409916254914164e-01 8.403240147524153325e-02
1.577117269106679265e-01 8.282497759776721868e-02
1.520760725631161714e-01 8.160649548772391793e-02
1.465346549190801317e-01 8.037550953230181150e-02
1.410880898415101115e-01 7.912930246188722150e-02
1.357369826516168221e-01 7.786363785618594102e-02
1.304819280615971966e-01 7.657725031906197077e-02
1.253235101085391490e-01 7.527396099501641735e-02
1.202623020895129402e-01 7.395395465889338660e-02
1.152988664978553679e-01 7.261190733477673742e-02
1.104337549606562163e-01 7.124763634764000320e-02
1.056675081774507419e-01 6.986727021779418068e-02
1.010006558601274085e-01 6.847366844655487783e-02
9.643371667405697956e-02 6.706643023508500334e-02
9.196719818044885031e-02 6.565025723227858878e-02
8.760159677994161509e-02 6.423296992922103432e-02
8.333739765743386485e-02 6.280639699535800480e-02
7.917507472816209813e-02 6.135227879514570937e-02
7.511509058502996439e-02 5.986432789766773371e-02
7.115789644719716645e-02 5.834416331171651815e-02
6.730393210993146358e-02 5.679953465183060907e-02
6.355362589573076981e-02 5.524138266597444086e-02
5.990739460672012129e-02 5.368212657777984842e-02
5.636564347832906385e-02 5.213211219359017295e-02
5.292876613425423482e-02 5.058706333328671922e-02
4.959714454271368922e-02 4.903514394761214479e-02
4.637114897399441382e-02 4.745290470738602190e-02
4.325113795930202176e-02 4.582258067134441226e-02
4.023745825091396000e-02 4.415950842176046692e-02
3.733044478364233587e-02 4.248408222225379116e-02
3.453042063760936031e-02 4.080877479563840143e-02
3.183769700234129196e-02 3.914659668508657653e-02
2.925257314218321358e-02 3.751559951712735153e-02
2.677533636303963682e-02 3.591356357747521599e-02
2.440626198044326678e-02 3.429415905663599912e-02
2.214561328895736647e-02 3.262836148881261694e-02
1.999364153291383062e-02 3.092751533566358985e-02
1.795058587848985532e-02 2.920650593024904859e-02
1.601667338712764455e-02 2.747950518676636755e-02
1.419211899029970692e-02 2.576521349430781205e-02
1.247712546562085301e-02 2.408738182070759709e-02
1.087188341431266636e-02 2.245293013830037751e-02
9.376571240020115106e-03 2.084936091794903704e-02
7.991355128984078959e-03 1.923837842396353831e-02
6.716389031571567969e-03 1.756577722756230350e-02
5.551814645166519568e-03 1.586618875750620342e-02
4.497761398421062928e-03 1.422940166833520925e-02
3.554346436871580472e-03 1.261206745331021860e-02
2.721674609919344512e-03 1.091185061391345898e-02
1.999838459177394334e-03 9.258572080554907865e-03
1.388918208186096237e-03 7.834725853909164581e-03
8.889817534969424173e-04 6.309308632596364631e-03
5.000846571264760954e-04 4.265683174329917837e-03
2.222701403818971855e-04 2.126102107451144276e-03
5.556907905679420168e-05 5.678981256368349773e-04
0.000000000000000000e+00 9.994240904913008451e-06
0.000000000000000000e+00 -1.421651490192659127e-05
5.556907905679420168e-05 -4.881419815810863648e-04
2.222701403818971855e-04 -1.812414816632013570e-03
5.000846571264760954e-04 -3.637341533884801050e-03
8.889817534969424173e-04 -5.394253476381641495e-03
1.388918208186096237e-03 -6.725767025853189064e-03
1.999838459177394334e-03 -7.972106379962920139e-03
2.721674609919344512e-03 -9.399422433386808370e-03
3.554346436871580472e-03 -1.084045158852849598e-02
4.497761398421062928e-03 -1.218016973850675165e-02
5.551814645166519568e-03 -1.351413945972397730e-02
6.716389031571567969e-03 -1.488364459169271882e-02
7.991355128984078959e-03 -1.620797058391278481e-02
9.376571240020115106e-03 -1.745616537180017316e-02
1.087188341431266636e-02 -1.867766766705711637e-02
1.247712546562085301e-02 -1.990812926043332431e-02
1.419211899029970692e-02 -2.116048454593475597e-02
1.601667338712764455e-02 -2.242885837996190512e-02
1.795058587848985532e-02 -2.369096558635149299e-02
1.999364153291383062e-02 -2.492956059582208256e-02
2.214561328895736647e-02 -2.613191208642962407e-02
2.440626198044326678e-02 -2.728467376408571024e-02
2.677533636303963682e-02 -2.837794752911289645e-02
2.925257314218321358e-02 -2.944063742900244682e-02
3.183769700234129196e-02 -3.051834541041487450e-02
3.453042063760936031e-02 -3.161478656803068388e-02
3.733044478364233587e-02 -3.271385648662902823e-02
4.023745825091396000e-02 -3.380058483388169444e-02
4.325113795930202176e-02 -3.485950481454294647e-02
4.637114897399441382e-02 -3.586992663683900850e-02
4.959714454271368922e-02 -3.681721161066238424e-02
5.292876613425423482e-02 -3.772028953059351070e-02
5.636564347832906385e-02 -3.860390295778897557e-02
5.990739460672012129e-02 -3.948118925778286437e-02
6.355362589573076981e-02 -4.035749908496560900e-02
6.730393210993146358e-02 -4.122288946271061849e-02
7.115789644719716645e-02 -4.206527213360027051e-02
7.511509058502996439e-02 -4.287416181780911995e-02
7.917507472816209813e-02 -4.364236310044761202e-02
8.333739765743386485e-02 -4.436896447459080794e-02
8.760159677994161509e-02 -4.506022899234037732e-02
9.196719818044885031e-02 -4.573313553763327238e-02
9.643371667405697956e-02 -4.639553073425441154e-02
1.010006558601274085e-01 -4.704079866327643550e-02
1.056675081774507419e-01 -4.766504197226316408e-02
1.104337549606562163e-01 -4.826886762119968199e-02
1.152988664978553679e-01 -4.885023617178137906e-02
1.202623020895129402e-01 -4.940436541153536698e-02
1.253235101085391490e-01 -4.993040173207209664e-02
1.304819280615971966e-01 -5.043060572211129772e-02
1.357369826516168221e-01 -5.090225966378382483e-02
1.410880898415101115e-01 -5.133996954077318930e-02
1.465346549190801317e-01 -5.174911165193241125e-02
1.520760725631161714e-01 -5.214170376933883327e-02
1.577117269106679265e-01 -5.253015311449975300e-02
1.634409916254914164e-01 -5.292432914833729296e-02
1.692632299676588570e-01 -5.331535172619937535e-02
1.751777948643248317e-01 -5.368537374214025354e-02
1.811840289816407656e-01 -5.401092541226850535e-02
1.872812647978095990e-01 -5.427234717999631503e-02
1.934688246772731102e-01 -5.447703835403215622e-02
1.997460209460230063e-01 -5.464432488057325427e-02
2.061121559680280102e-01 -5.480901028488353172e-02
2.125665222227673956e-01 -5.499849525686283797e-02
2.191084023838638650e-01 -5.520489142679924077e-02
2.257370693988056676e-01 -5.540516647428954389e-02
2.324517865697500740e-01 -5.555493024118436651e-02
2.392518076353984391e-01 -5.562158405258266908e-02
2.461363768539343022e-01 -5.560602811505595960e-02
2.531047290870154232e-01 -5.553063967666951178e-02
2.601560898848094272e-01 -5.544859958259421018e-02
2.672896755720651774e-01 -5.539494156337537029e-02
2.745046933352085494e-01 -5.537112078681450528e-02
2.818003413104546162e-01 -5.534936411975985293e-02
2.891758086729252497e-01 -5.526870268995099506e-02
2.966302757267624823e-01 -5.509071855043375793e-02
3.041629139962280792e-01 -5.480606196239039274e-02
3.117728863177794407e-01 -5.444775530794948581e-02
3.194593469331089564e-01 -5.408442500666024721e-02
3.272214415831418144e-01 -5.375471790115454729e-02
3.350583076029753915e-01 -5.346867770551253646e-02
3.429690740177547825e-01 -5.318514508870539337e-02
3.509528616394713696e-01 -5.283361493811024323e-02
3.590087831646743277e-01 -5.237738504084183538e-02
3.671359432730831873e-01 -5.180590480751819105e-02
3.753334387270930161e-01 -5.116428864234198737e-02
3.836003584721576765e-01 -5.051734038669430243e-02
3.919357837380436083e-01 -4.989468709129937785e-02
4.003387881409395943e-01 -4.930030109141399219e-02
4.088084377864137364e-01 -4.867643302320770471e-02
4.173437913732044313e-01 -4.795603041235337732e-02
4.259439002978354649e-01 -4.711427224475388947e-02
4.346078087600411255e-01 -4.615537109181569453e-02
4.433345538689928977e-01 -4.514534480306908043e-02
4.521231657503131940e-01 -4.414580207263267553e-02
4.609726676538650203e-01 -4.316839883345156836e-02
4.698820760623064752e-01 -4.219455443098142633e-02
4.788504008003974244e-01 -4.115546960948557320e-02
4.878766451450451402e-01 -4.000294251505800286e-02
4.969598059360780251e-01 -3.874351566431794708e-02
5.060988736877365390e-01 -3.740484107896532850e-02
5.152928327008634568e-01 -3.603826546944044473e-02
5.245406611757882365e-01 -3.467161101710395515e-02
5.338413313258880688e-01 -3.329727393840638955e-02
5.431938094918128401e-01 -3.191099861857953773e-02
5.525970562563653488e-01 -3.051547578304985089e-02
5.620500265600203438e-01 -2.911398471772122520e-02
5.715516698170692855e-01 -2.771015034010256353e-02
5.811009300323815019e-01 -2.631015190538741819e-02
5.906967459187653091e-01 -2.492159899901840239e-02
6.003380510149177729e-01 -2.354329213612244356e-02
6.100237738039482327e-01 -2.216829589235658898e-02
6.197528378324663745e-01 -2.079436948379655495e-02
6.295241618302156450e-01 -1.942360061007827876e-02
6.393366598302444581e-01 -1.807043335538437157e-02
6.491892412895989839e-01 -1.675266288142462229e-02
6.590808112105230876e-01 -1.546995409460895365e-02
6.690102702621547603e-01 -1.421445100306667139e-02
6.789765149027036095e-01 -1.297793693054815657e-02
6.889784375020977514e-01 -1.175527855546014584e-02
6.990149264650814542e-01 -1.055572369122689119e-02
7.090848663547572039e-01 -9.390025356602620457e-03
7.191871380165538730e-01 -8.259556312744812182e-03
7.293206187026060050e-01 -7.164097826326297665e-03
7.394841821965345563e-01 -6.105192020478129346e-03
7.496766989386134394e-01 -5.083713260516329983e-03
7.598970361513051053e-01 -4.098015247416779763e-03
7.701440579651563922e-01 -3.148514078932703516e-03
7.804166255450371015e-01 -2.240792767872309705e-03
7.907135972167069760e-01 -1.380563819558063791e-03
8.010338285937002034e-01 -5.725849343606898446e-04
8.113761727045106786e-01 1.800715329135090751e-04
8.217394801200630372e-01 8.767295809223411840e-04
8.321225990814590245e-01 1.518367192147424558e-03
8.425243756279822138e-01 2.107500434649190336e-03
8.529436537253458628e-01 2.639508313808136206e-03
8.633792753941731402e-01 3.102483944899738378e-03
8.738300808386934015e-01 3.490603412851240282e-03
8.842949085756387495e-01 3.803364748571180353e-03
8.947725955633289985e-01 4.034679794222511759e-03
9.052619773309316109e-01 4.174194402468894144e-03
9.157618881078770645e-01 4.212207410543831500e-03
9.262711609534211021e-01 4.140451950859346843e-03
9.367886278863364335e-01 3.959271042767210230e-03
9.473131200147204556e-01 3.669887649180207136e-03
9.578434676659028923e-01 3.246895824962844207e-03
9.683785005164411430e-01 2.656441853186516499e-03
9.789170477221889044e-01 1.884377592615498571e-03
9.894579380484205267e-01 9.497204660637038323e-04
9.999999999999998890e-01 -2.497848144637518693e-06
