9.999999999999998890e-01 1.200000038989606577e-03
9.894579380484205267e-01 4.098609847443575836e-03
9.789170477221889044e-01 6.905707351561045544e-03
9.683785005164411430e-01 9.622465424049099839e-03
9.578434676659028923e-01 1.225010741723907975e-02
9.473131200147204556e-01 1.478988168618422527e-02
9.367886278863364335e-01 1.724307652100394786e-02
9.262711609534211021e-01 1.961100779844795333e-02
9.157618881078770645e-01 2.189503870127885304e-02
9.052619773309316109e-01 2.409654646897524052e-02
8.947725955633289985e-01 2.621692111107482709e-02
8.842949085756387495e-01 2.825745696291675352e-02
8.738300808386934015e-01 3.021929475881300620e-02
8.633792753941731402e-01 3.210359003287301116e-02
8.529436537253458628e-01 3.391153695964627818e-02
8.425243756279822138e-01 3.564434961024567916e-02
8.321225990814590245e-01 3.730326224028229776e-02
8.217394801200630372e-01 3.888952619272018074e-02
8.113761727045106786e-01 4.040441002013924615e-02
8.010338285937002034e-01 4.184921399625896737e-02
7.907135972167069760e-01 4.322527362080426372e-02
7.804166255450371015e-01 4.453405232051912965e-02
7.701440579651563922e-01 4.577709921532023551e-02
7.598970361513051053e-01 4.695596245541389102e-02
7.496766989386134394e-01 4.807219033138934033e-02
7.394841821965345563e-01 4.912734383303220265e-02
7.293206187026060050e-01 5.012299052335200678e-02
7.191871380165538730e-01 5.106070143064850297e-02
7.090848663547572039e-01 5.194204818588168959e-02
6.990149264650814542e-01 5.276859845893133727e-02
6.889784375020977514e-01 5.354189351204856340e-02
6.789765149027036095e-01 5.426336603049103369e-02
6.690102702621547603e-01 5.493442137655030200e-02
6.590808112105230876e-01 5.555647209578438300e-02
6.491892412895989839e-01 5.613092872658864696e-02
6.393366598302444581e-01 5.665919121703461014e-02
6.295241618302156450e-01 5.714265808589256979e-02
6.197528378324663745e-01 5.758272900351201623e-02
6.100237738039482327e-01 5.798079228029418691e-02
6.003380510149177729e-01 5.833821329846954756e-02
5.906967459187653091e-01 5.865639507412895998e-02
5.811009300323815019e-01 5.893680929313429434e-02
5.715516698170692855e-01 5.918092549092572596e-02
5.620500265600203438e-01 5.939020041245885589e-02
5.525970562563653488e-01 5.956608535750442662e-02
5.431938094918128401e-01 5.971002437518214967e-02
5.338413313258880688e-01 5.982341705040181840e-02
5.245406611757882365e-01 5.990762041035117835e-02
5.152928327008634568e-01 5.996403096361496710e-02
5.060988736877365390e-01 5.999406489292986172e-02
4.969598059360780251e-01 5.999892169597804970e-02
4.878766451450451402e-01 5.997960415676886065e-02
4.788504008003974244e-01 5.993669154502907076e-02
4.698820760623064752e-01 5.987052048822621292e-02
4.609726676538650203e-01 5.978153640673892349e-02
4.521231657503131940e-01 5.967023635615088806e-02
4.433345538689928977e-01 5.953707786190504114e-02
4.346078087600411255e-01 5.938250772720770482e-02
4.259439002978354649e-01 5.920700861467104864e-02
4.173437913732044313e-01 5.901107437203578776e-02
4.088084377864137364e-01 5.879519177994806112e-02
4.003387881409395943e-01 5.855985112574403628e-02
3.919357837380436083e-01 5.830556414487514383e-02
3.836003584721576765e-01 5.803285084893971407e-02
3.753334387270930161e-01 5.774224114334990804e-02
3.671359432730831873e-01 5.743426892960808855e-02
3.590087831646743277e-01 5.710947347491360238e-02
3.509528616394713696e-01 5.676839703875271453e-02
3.429690740177547825e-01 5.641158653896666958e-02
3.350583076029753915e-01 5.603959148827045850e-02
3.272214415831418144e-01 5.565296505569664043e-02
3.194593469331089564e-01 5.525226296905325074e-02
3.117728863177794407e-01 5.483804431983549388e-02
3.041629139962280792e-01 5.441086975488181043e-02
2.966302757267624823e-01 5.397129277561701216e-02
2.891758086729252497e-01 5.351963035708804522e-02
2.818003413104546162e-01 5.305594356247563675e-02
2.745046933352085494e-01 5.258031311991034212e-02
2.672896755720651774e-01 5.209285217246314298e-02
2.601560898848094272e-01 5.159371156103659262e-02
2.531047290870154232e-01 5.108307313262257232e-02
2.461363768539343022e-01 5.056115077806472291e-02
2.392518076353984391e-01 5.002818345360716262e-02
2.324517865697500740e-01 4.948445401988799813e-02
2.257370693988056676e-01 4.893027165424186642e-02
2.191084023838638650e-01 4.836596437141791466e-02
2.125665222227673956e-01 4.779187982987403299e-02
2.061121559680280102e-01 4.720843439758194704e-02
1.997460209460230063e-01 4.661605358093946078e-02
1.934688246772731102e-01 4.601507681016969026e-02
1.872812647978095990e-01 4.540581200876422918e-02
1.811840289816407656e-01 4.478854903354348438e-02
1.751777948643248317e-01 4.416358542818211996e-02
1.692632299676588570e-01 4.353126117568784093e-02
1.634409916254914164e-01 4.289196388741840088e-02
1.577117269106679265e-01 4.224619002947453683e-02
1.520760725631161714e-01 4.159439579722947616e-02
1.465346549190801317e-01 4.093689553866535630e-02
1.410880898415101115e-01 4.027369479550051146e-02
1.357369826516168221e-01 3.960423547805198147e-02
1.304819280615971966e-01 3.892805487439119499e-02
1.253235101085391490e-01 3.824495669169113155e-02
1.202623020895129402e-01 3.755484978305401872e-02
1.152988664978553679e-01 3.685775738814738717e-02
1.104337549606562163e-01 3.615380640696143344e-02
1.056675081774507419e-01 3.544324180298401988e-02
1.010006558601274085e-01 3.472646660241818228e-02
9.643371667405697956e-02 3.400404714891651359e-02
9.196719818044885031e-02 3.327679254930799441e-02
8.760159677994161509e-02 3.254571923452536514e-02
8.333739765743386485e-02 3.181199401743853294e-02
7.917507472816209813e-02 3.107684870464548499e-02
7.511509058502996439e-02 3.034114701350112270e-02
7.115789644719716645e-02 2.960509792140966767e-02
6.730393210993146358e-02 2.886530224441547637e-02
6.355362589573076981e-02 2.811689741792392644e-02
5.990739460672012129e-02 2.735709550030740803e-02
5.636564347832906385e-02 2.658393633076578527e-02
5.292876613425423482e-02 2.579530437202232768e-02
4.959714454271368922e-02 2.499007478722999401e-02
4.637114897399441382e-02 2.417181912005845340e-02
4.325113795930202176e-02 2.334596313090810810e-02
4.023745825091396000e-02 2.251991117412016630e-02
3.733044478364233587e-02 2.170080765522481095e-02
3.453042063760936031e-02 2.089360720460781140e-02
3.183769700234129196e-02 2.010285557095988634e-02
2.925257314218321358e-02 1.933311177625568131e-02
2.677533636303963682e-02 1.858806163776985376e-02
2.440626198044326678e-02 1.786939115286643315e-02
2.214561328895736647e-02 1.716502515683067734e-02
1.999364153291383062e-02 1.643922048563959196e-02
1.795058587848985532e-02 1.566261896339826709e-02
1.601667338712764455e-02 1.481909001862324882e-02
1.419211899029970692e-02 1.390017424934721427e-02
1.247712546562085301e-02 1.290588485909869264e-02
1.087188341431266636e-02 1.184231102916829571e-02
9.376571240020115106e-03 1.072158055459281230e-02
7.991355128984078959e-03 9.559679826421668691e-03
6.716389031571567969e-03 8.375911783717738049e-03
5.551814645166519568e-03 7.191652868098303945e-03
4.497761398421062928e-03 6.029762750709924055e-03
3.554346436871580472e-03 4.913282223100109286e-03
2.721674609919344512e-03 3.865184137366460895e-03
1.999838459177394334e-03 2.907006572430595286e-03
1.388918208186096237e-03 2.059145702550968862e-03
8.889817534969424173e-04 1.339211309668474114e-03
5.000846571264760954e-04 7.629196051819576389e-04
2.222701403818971855e-04 3.420343634111541005e-04
5.556907905679420168e-05 8.599684117840123419e-05
0.000000000000000000e+00 -1.844393685905240668e-09
0.000000000000000000e+00 1.844393685905240668e-09
5.556907905679420168e-05 -8.599684117840123419e-05
2.222701403818971855e-04 -3.420343634111541005e-04
5.000846571264760954e-04 -7.629196051819576389e-04
8.889817534969424173e-04 -1.339211309668474114e-03
1.388918208186096237e-03 -2.059145702550968862e-03
1.999838459177394334e-03 -2.907006572430595286e-03
2.721674609919344512e-03 -3.865184137366460895e-03
3.554346436871580472e-03 -4.913282223100109286e-03
4.497761398421062928e-03 -6.029762750709924055e-03
5.551814645166519568e-03 -7.191652868098303945e-03
6.716389031571567969e-03 -8.375911783717738049e-03
7.991355128984078959e-03 -9.559679826421668691e-03
9.376571240020115106e-03 -1.072158055459281230e-02
1.087188341431266636e-02 -1.184231102916829571e-02
1.247712546562085301e-02 -1.290588485909869264e-02
1.419211899029970692e-02 -1.390017424934721427e-02
1.601667338712764455e-02 -1.481909001862324882e-02
1.795058587848985532e-02 -1.566261896339826709e-02
1.999364153291383062e-02 -1.643922048563959196e-02
2.214561328895736647e-02 -1.716502515683067734e-02
2.440626198044326678e-02 -1.786939115286643315e-02
2.677533636303963682e-02 -1.858806163776985376e-02
2.925257314218321358e-02 -1.933311177625568131e-02
3.183769700234129196e-02 -2.010285557095988634e-02
3.453042063760936031e-02 -2.089360720460781140e-02
3.733044478364233587e-02 -2.170080765522481095e-02
4.023745825091396000e-02 -2.251991117412016630e-02
4.325113795930202176e-02 -2.334596313090810810e-02
4.637114897399441382e-02 -2.417181912005845340e-02
4.959714454271368922e-02 -2.499007478722999401e-02
5.292876613425423482e-02 -2.579530437202232768e-02
5.636564347832906385e-02 -2.658393633076578527e-02
5.990739460672012129e-02 -2.735709550030740803e-02
6.355362589573076981e-02 -2.811689741792392644e-02
6.730393210993146358e-02 -2.886530224441547637e-02
7.115789644719716645e-02 -2.960509792140966767e-02
7.511509058502996439e-02 -3.034114701350112270e-02
7.917507472816209813e-02 -3.107684870464548499e-02
8.333739765743386485e-02 -3.181199401743853294e-02
8.760159677994161509e-02 -3.254571923452536514e-02
9.196719818044885031e-02 -3.327679254930799441e-02
9.643371667405697956e-02 -3.400404714891651359e-02
1.010006558601274085e-01 -3.472646660241818228e-02
1.056675081774507419e-01 -3.544324180298401988e-02
1.104337549606562163e-01 -3.615380640696143344e-02
1.152988664978553679e-01 -3.685775738814738717e-02
1.202623020895129402e-01 -3.755484978305401872e-02
1.253235101085391490e-01 -3.824495669169113155e-02
1.304819280615971966e-01 -3.892805487439119499e-02
1.357369826516168221e-01 -3.960423547805198147e-02
1.410880898415101115e-01 -4.027369479550051146e-02
1.465346549190801317e-01 -4.093689553866535630e-02
1.520760725631161714e-01 -4.159439579722947616e-02
1.577117269106679265e-01 -4.224619002947453683e-02
1.634409916254914164e-01 -4.289196388741840088e-02
1.692632299676588570e-01 -4.353126117568784093e-02
1.751777948643248317e-01 -4.416358542818211996e-02
1.811840289816407656e-01 -4.478854903354348438e-02
1.872812647978095990e-01 -4.540581200876422918e-02
1.934688246772731102e-01 -4.601507681016969026e-02
1.997460209460230063e-01 -4.661605358093946078e-02
2.061121559680280102e-01 -4.720843439758194704e-02
2.125665222227673956e-01 -4.779187982987403299e-02
2.191084023838638650e-01 -4.836596437141791466e-02
2.257370693988056676e-01 -4.893027165424186642e-02
2.324517865697500740e-01 -4.948445401988799813e-02
2.392518076353984391e-01 -5.002818345360716262e-02
2.461363768539343022e-01 -5.056115077806472291e-02
2.531047290870154232e-01 -5.108307313262257232e-02
2.601560898848094272e-01 -5.159371156103659262e-02
2.672896755720651774e-01 -5.209285217246314298e-02
2.745046933352085494e-01 -5.258031311991034212e-02
2.818003413104546162e-01 -5.305594356247563675e-02
2.891758086729252497e-01 -5.351963035708804522e-02
2.966302757267624823e-01 -5.397129277561701216e-02
3.041629139962280792e-01 -5.441086975488181043e-02
3.117728863177794407e-01 -5.483804431983549388e-02
3.194593469331089564e-01 -5.525226296905325074e-02
3.272214415831418144e-01 -5.565296505569664043e-02
3.350583076029753915e-01 -5.603959148827045850e-02
3.429690740177547825e-01 -5.641158653896666958e-02
3.509528616394713696e-01 -5.676839703875271453e-02
3.590087831646743277e-01 -5.710947347491360238e-02
3.671359432730831873e-01 -5.743426892960808855e-02
3.753334387270930161e-01 -5.774224114334990804e-02
3.836003584721576765e-01 -5.803285084893971407e-02
3.919357837380436083e-01 -5.830556414487514383e-02
4.003387881409395943e-01 -5.855985112574403628e-02
4.088084377864137364e-01 -5.879519177994806112e-02
4.173437913732044313e-01 -5.901107437203578776e-02
4.259439002978354649e-01 -5.920700861467104864e-02
4.346078087600411255e-01 -5.938250772720770482e-02
4.433345538689928977e-01 -5.953707786190504114e-02
4.521231657503131940e-01 -5.967023635615088806e-02
4.609726676538650203e-01 -5.978153640673892349e-02
4.698820760623064752e-01 -5.987052048822621292e-02
4.788504008003974244e-01 -5.993669154502907076e-02
4.878766451450451402e-01 -5.997960415676886065e-02
4.969598059360780251e-01 -5.999892169597804970e-02
5.060988736877365390e-01 -5.999406489292986172e-02
5.152928327008634568e-01 -5.996403096361496710e-02
5.245406611757882365e-01 -5.990762041035117835e-02
5.338413313258880688e-01 -5.982341705040181840e-02
5.431938094918128401e-01 -5.971002437518214967e-02
5.525970562563653488e-01 -5.956608535750442662e-02
5.620500265600203438e-01 -5.939020041245885589e-02
5.715516698170692855e-01 -5.918092549092572596e-02
5.811009300323815019e-01 -5.893680929313429434e-02
5.906967459187653091e-01 -5.865639507412895998e-02
6.003380510149177729e-01 -5.833821329846954756e-02
6.100237738039482327e-01 -5.798079228029418691e-02
6.197528378324663745e-01 -5.758272900351201623e-02
6.295241618302156450e-01 -5.714265808589256979e-02
6.393366598302444581e-01 -5.665919121703461014e-02
6.491892412895989839e-01 -5.613092872658864696e-02
6.590808112105230876e-01 -5.555647209578438300e-02
6.690102702621547603e-01 -5.493442137655030200e-02
6.789765149027036095e-01 -5.426336603049103369e-02
6.889784375020977514e-01 -5.354189351204856340e-02
6.990149264650814542e-01 -5.276859845893133727e-02
7.090848663547572039e-01 -5.194204818588168959e-02
7.191871380165538730e-01 -5.106070143064850297e-02
7.293206187026060050e-01 -5.012299052335200678e-02
7.394841821965345563e-01 -4.912734383303220265e-02
7.496766989386134394e-01 -4.807219033138934033e-02
7.598970361513051053e-01 -4.695596245541389102e-02
7.701440579651563922e-01 -4.577709921532023551e-02
7.804166255450371015e-01 -4.453405232051912965e-02
7.907135972167069760e-01 -4.322527362080426372e-02
8.010338285937002034e-01 -4.184921399625896737e-02
8.113761727045106786e-01 -4.040441002013924615e-02
8.217394801200630372e-01 -3.888952619272018074e-02
8.321225990814590245e-01 -3.730326224028229776e-02
8.425243756279822138e-01 -3.564434961024567916e-02
8.529436537253458628e-01 -3.391153695964627818e-02
8.633792753941731402e-01 -3.210359003287301116e-02
8.738300808386934015e-01 -3.021929475881300620e-02
8.842949085756387495e-01 -2.825745696291675352e-02
8.947725955633289985e-01 -2.621692111107482709e-02
9.052619773309316109e-01 -2.409654646897524052e-02
9.157618881078770645e-01 -2.189503870127885304e-02
9.262711609534211021e-01 -1.961100779844795333e-02
9.367886278863364335e-01 -1.724307652100394786e-02
9.473131200147204556e-01 -1.478988168618422527e-02
9.578434676659028923e-01 -1.225010741723907975e-02
9.683785005164411430e-01 -9.622465424049099839e-03
9.789170477221889044e-01 -6.905707351561045544e-03
9.894579380484205267e-01 -4.098609847443575836e-03
9.999999999999998890e-01 -1.200000038989606577e-03
