9.999999999999998890e-01 1.800104626129506169e-03
9.894579380484205267e-01 3.248176529240139315e-03
9.789170477221889044e-01 4.647730135372537923e-03
9.683785005164411430e-01 5.984998176783822878e-03
9.578434676659028923e-01 7.357911012964339637e-03
9.473131200147204556e-01 8.850315795621470707e-03
9.367886278863364335e-01 1.044507256604617143e-02
9.262711609534211021e-01 1.210422509457818527e-02
9.157618881078770645e-01 1.378143722092116386e-02
9.052619773309316109e-01 1.544963236504865237e-02
8.947725955633289985e-01 1.712024242297672041e-02
8.842949085756387495e-01 1.880009081364017454e-02
8.738300808386934015e-01 2.048187776357316553e-02
8.633792753941731402e-01 2.215725363866135472e-02
8.529436537253458628e-01 2.381826251762949112e-02
8.425243756279822138e-01 2.546045650278690869e-02
8.321225990814590245e-01 2.708335907716151111e-02
8.217394801200630372e-01 2.868760307293292261e-02
8.113761727045106786e-01 3.027445947349005281e-02
8.010338285937002034e-01 3.184177643242677019e-02
7.907135972167069760e-01 3.338476570816450995e-02
7.804166255450371015e-01 3.490024343647326471e-02
7.701440579651563922e-01 3.638630210832888984e-02
7.598970361513051053e-01 3.784242765075238046e-02
7.496766989386134394e-01 3.926896738883508403e-02
7.394841821965345563e-01 4.066693078515454252e-02
7.293206187026060050e-01 4.203693331650070614e-02
7.191871380165538730e-01 4.337506682119106338e-02
7.090848663547572039e-01 4.467612664270249889e-02
6.990149264650814542e-01 4.593750031928120481e-02
6.889784375020977514e-01 4.715787411246889077e-02
6.789765149027036095e-01 4.833787128155595664e-02
6.690102702621547603e-01 4.947839001812254917e-02
6.590808112105230876e-01 5.057944448775986146e-02
6.491892412895989839e-01 5.164100538048423117e-02
6.393366598302444581e-01 5.266349314273673782e-02
6.295241618302156450e-01 5.364734911911150234e-02
6.197528378324663745e-01 5.459286529728966247e-02
6.100237738039482327e-01 5.550031151483866831e-02
6.003380510149177729e-01 5.636995959185237687e-02
5.906967459187653091e-01 5.720221036067966308e-02
5.811009300323815019e-01 5.799767555653793927e-02
5.715516698170692855e-01 5.875657495048378781e-02
5.620500265600203438e-01 5.947854096007504365e-02
5.525970562563653488e-01 6.016328144788999494e-02
5.431938094918128401e-01 6.081066738993073234e-02
5.338413313258880688e-01 6.142099141972637982e-02
5.245406611757882365e-01 6.199495588228801785e-02
5.152928327008634568e-01 6.253309880446118740e-02
5.060988736877365390e-01 6.303580957001168883e-02
4.969598059360780251e-01 6.350358964924576743e-02
4.878766451450451402e-01 6.393702154819436156e-02
4.788504008003974244e-01 6.433664894177192062e-02
4.698820760623064752e-01 6.470299400178318450e-02
4.609726676538650203e-01 6.503660687116598338e-02
4.521231657503131940e-01 6.533805643559817411e-02
4.433345538689928977e-01 6.560794160851794732e-02
4.346078087600411255e-01 6.584686251326553330e-02
4.259439002978354649e-01 6.605535366043024936e-02
4.173437913732044313e-01 6.623401707944057137e-02
4.088084377864137364e-01 6.638387900828916777e-02
4.003387881409395943e-01 6.650600686626487179e-02
3.919357837380436083e-01 6.660114987973916878e-02
3.836003584721576765e-01 6.666994835945486142e-02
3.753334387270930161e-01 6.671294000433189431e-02
3.671359432730831873e-01 6.673071118576578975e-02
3.590087831646743277e-01 6.672402866969848190e-02
3.509528616394713696e-01 6.669356704466720964e-02
3.429690740177547825e-01 6.663972443332577544e-02
3.350583076029753915e-01 6.656176982464383218e-02
3.272214415831418144e-01 6.645700587272262982e-02
3.194593469331089564e-01 6.632430159174884654e-02
3.117728863177794407e-01 6.616523385079009500e-02
3.041629139962280792e-01 6.598093167019400407e-02
2.966302757267624823e-01 6.577167135854779245e-02
2.891758086729252497e-01 6.553828702821844210e-02
2.818003413104546162e-01 6.528223854071228682e-02
2.745046933352085494e-01 6.500413845652132372e-02
2.672896755720651774e-01 6.470369135515820214e-02
2.601560898848094272e-01 6.437908302163991570e-02
2.531047290870154232e-01 6.402760318140934825e-02
2.461363768539343022e-01 6.364955622556979498e-02
2.392518076353984391e-01 6.324710866496395523e-02
2.324517865697500740e-01 6.282128565014820365e-02
2.257370693988056676e-01 6.237258664415668008e-02
2.191084023838638650e-01 6.190240174583225286e-02
2.125665222227673956e-01 6.141236911000302889e-02
2.061121559680280102e-01 6.090312339998317503e-02
1.997460209460230063e-01 6.037424145447865820e-02
1.934688246772731102e-01 5.982188762179460606e-02
1.872812647978095990e-01 5.924238156746058914e-02
1.811840289816407656e-01 5.863716375932807867e-02
1.751777948643248317e-01 5.800872409670546764e-02
1.692632299676588570e-01 5.735858766221295368e-02
1.634409916254914164e-01 5.668800830412118463e-02
1.577117269106679265e-01 5.599805841128129708e-02
1.520760725631161714e-01 5.529035344057955936e-02
1.465346549190801317e-01 5.456783534279170678e-02
1.410880898415101115e-01 5.383058181771138706e-02
1.357369826516168221e-01 5.307271761716145231e-02
1.304819280615971966e-01 5.229044387554644679e-02
1.253235101085391490e-01 5.148453076674196216e-02
1.202623020895129402e-01 5.065685936970035913e-02
1.152988664978553679e-01 4.981024124387716662e-02
1.104337549606562163e-01 4.894695668013882700e-02
1.056675081774507419e-01 4.806861177201663532e-02
1.010006558601274085e-01 4.717734587144938735e-02
9.643371667405697956e-02 4.627581404218185368e-02
9.196719818044885031e-02 4.536589906672650746e-02
8.760159677994161509e-02 4.444827577117354406e-02
8.333739765743386485e-02 4.351648065178493480e-02
7.917507472816209813e-02 4.256013214601984951e-02
7.511509058502996439e-02 4.157963989748152123e-02
7.115789644719716645e-02 4.058141188474131966e-02
6.730393210993146358e-02 3.956859202421741245e-02
6.355362589573076981e-02 3.854302783312678338e-02
5.990739460672012129e-02 3.750890509100967413e-02
5.636564347832906385e-02 3.647079583559435095e-02
5.292876613425423482e-02 3.543011007302972887e-02
4.959714454271368922e-02 3.438840382436358228e-02
4.637114897399441382e-02 3.335273294344864858e-02
4.325113795930202176e-02 3.232658537444176722e-02
4.023745825091396000e-02 3.129453062069694619e-02
3.733044478364233587e-02 3.024133759880857225e-02
3.453042063760936031e-02 2.916574327978123382e-02
3.183769700234129196e-02 2.807194683990152026e-02
2.925257314218321358e-02 2.697122110519788174e-02
2.677533636303963682e-02 2.587154333467044445e-02
2.440626198044326678e-02 2.477160284025125073e-02
2.214561328895736647e-02 2.366690398600372960e-02
1.999364153291383062e-02 2.254954788744390967e-02
1.795058587848985532e-02 2.141887720345089785e-02
1.601667338712764455e-02 2.028558422919182064e-02
1.419211899029970692e-02 1.916471934196366939e-02
1.247712546562085301e-02 1.807418882300922472e-02
1.087188341431266636e-02 1.699567116980196108e-02
9.376571240020115106e-03 1.587373940246462542e-02
7.991355128984078959e-03 1.467542108143956615e-02
6.716389031571567969e-03 1.339388596370690195e-02
5.551814645166519568e-03 1.208880945234294332e-02
4.497761398421062928e-03 1.085696259648103075e-02
3.554346436871580472e-03 9.659329542211551184e-03
2.721674609919344512e-03 8.374553332598899669e-03
1.999838459177394334e-03 6.915974711293943096e-03
1.388918208186096237e-03 5.247045319025976304e-03
8.889817534969424173e-04 3.557060450330440382e-03
5.000846571264760954e-04 2.107174424026027251e-03
2.222701403818971855e-04 9.940440262070616116e-04
5.556907905679420168e-05 2.653319840383077050e-04
0.000000000000000000e+00 2.478781763222031632e-05
0.000000000000000000e+00 -1.704000123859583765e-05
5.556907905679420168e-05 -2.362463441857366752e-04
2.222701403818971855e-04 -9.022486191677323020e-04
5.000846571264760954e-04 -1.904611840711307926e-03
8.889817534969424173e-04 -3.195246939081480657e-03
1.388918208186096237e-03 -4.673990374403014930e-03
1.999838459177394334e-03 -6.064318166364186281e-03
2.721674609919344512e-03 -7.168316583745695109e-03
3.554346436871580472e-03 -8.033757524313780637e-03
4.497761398421062928e-03 -8.762653498203093819e-03
5.551814645166519568e-03 -9.494298796462736015e-03
6.716389031571567969e-03 -1.028169799479806620e-02
7.991355128984078959e-03 -1.103536431226447533e-02
9.376571240020115106e-03 -1.170341844346610427e-02
1.087188341431266636e-02 -1.230155634582307499e-02
1.247712546562085301e-02 -1.285988662371014002e-02
1.419211899029970692e-02 -1.341823896384783735e-02
1.601667338712764455e-02 -1.399102724424730257e-02
1.795058587848985532e-02 -1.456815482511443147e-02
1.999364153291383062e-02 -1.514175426852598823e-02
2.214561328895736647e-02 -1.570675309400991829e-02
2.440626198044326678e-02 -1.626090423134196605e-02
2.677533636303963682e-02 -1.680377345873028741e-02
2.925257314218321358e-02 -1.733449839106164167e-02
3.183769700234129196e-02 -1.785138787154332343e-02
3.453042063760936031e-02 -1.834827471912517383e-02
3.733044478364233587e-02 -1.881757473659404281e-02
4.023745825091396000e-02 -1.925623739381377569e-02
4.325113795930202176e-02 -1.966565504331527561e-02
4.637114897399441382e-02 -2.006113726708584621e-02
4.959714454271368922e-02 -2.045842493843957194e-02
5.292876613425423482e-02 -2.085541166282708914e-02
5.636564347832906385e-02 -2.124665996844557134e-02
5.990739460672012129e-02 -2.163204490648903619e-02
6.355362589573076981e-02 -2.201164610612372716e-02
6.730393210993146358e-02 -2.238267518485113905e-02
7.115789644719716645e-02 -2.274263419514326728e-02
7.511509058502996439e-02 -2.309100201988094694e-02
7.917507472816209813e-02 -2.342634916856446703e-02
8.333739765743386485e-02 -2.374485525848230721e-02
8.760159677994161509e-02 -2.404681226429334143e-02
9.196719818044885031e-02 -2.433994224274830739e-02
9.643371667405697956e-02 -2.462929332235381033e-02
1.010006558601274085e-01 -2.491503391400430589e-02
1.056675081774507419e-01 -2.519654220621744475e-02
1.104337549606562163e-01 -2.547271089126334001e-02
1.152988664978553679e-01 -2.574277618842429546e-02
1.202623020895129402e-01 -2.600632876761785339e-02
1.253235101085391490e-01 -2.626252771555633025e-02
1.304819280615971966e-01 -2.651019302320061291e-02
1.357369826516168221e-01 -2.674876076104665268e-02
1.410880898415101115e-01 -2.697841958270243840e-02
1.465346549190801317e-01 -2.720256987852776726e-02
1.520760725631161714e-01 -2.742607020932092896e-02
1.577117269106679265e-01 -2.764957931287806425e-02
1.634409916254914164e-01 -2.787176410766595627e-02
1.692632299676588570e-01 -2.809242869398582976e-02
1.751777948643248317e-01 -2.831177188237895062e-02
1.811840289816407656e-01 -2.852944236735870109e-02
1.872812647978095990e-01 -2.874495600249075619e-02
1.934688246772731102e-01 -2.895811964376012251e-02
1.997460209460230063e-01 -2.916878088091095361e-02
2.061121559680280102e-01 -2.937661684466302825e-02
2.125665222227673956e-01 -2.958129953872750198e-02
2.191084023838638650e-01 -2.978261459614135742e-02
2.257370693988056676e-01 -2.998032810393523595e-02
2.324517865697500740e-01 -3.017409621650430848e-02
2.392518076353984391e-01 -3.036362530635448517e-02
2.461363768539343022e-01 -3.054876888027846515e-02
2.531047290870154232e-01 -3.072925319810842701e-02
2.601560898848094272e-01 -3.090454529252112739e-02
2.672896755720651774e-01 -3.107459615656000748e-02
2.745046933352085494e-01 -3.124013390221320324e-02
2.818003413104546162e-01 -3.140164274651778553e-02
2.891758086729252497e-01 -3.155919974592075877e-02
2.966302757267624823e-01 -3.171267494994498004e-02
3.041629139962280792e-01 -3.186174705190323447e-02
3.117728863177794407e-01 -3.200618647256717186e-02
3.194593469331089564e-01 -3.214585328392469826e-02
3.272214415831418144e-01 -3.228055472857312841e-02
3.350583076029753915e-01 -3.241005714672896831e-02
3.429690740177547825e-01 -3.253415800782136214e-02
3.509528616394713696e-01 -3.265267442386510927e-02
3.590087831646743277e-01 -3.276541054411485215e-02
3.671359432730831873e-01 -3.287216377855100430e-02
3.753334387270930161e-01 -3.297273571788297830e-02
3.836003584721576765e-01 -3.306693162749736736e-02
3.919357837380436083e-01 -3.315456743021777397e-02
4.003387881409395943e-01 -3.323546063591355931e-02
4.088084377864137364e-01 -3.330941626733529420e-02
4.173437913732044313e-01 -3.337615297052944074e-02
4.259439002978354649e-01 -3.343504655975424594e-02
4.346078087600411255e-01 -3.348550505616290640e-02
4.433345538689928977e-01 -3.352735187811895640e-02
4.521231657503131940e-01 -3.356045854452590488e-02
4.609726676538650203e-01 -3.358458145767882069e-02
4.698820760623064752e-01 -3.359949777603699755e-02
4.788504008003974244e-01 -3.360508046620036549e-02
4.878766451450451402e-01 -3.360115919338314827e-02
4.969598059360780251e-01 -3.358745331232208808e-02
5.060988736877365390e-01 -3.356378130966142931e-02
5.152928327008634568e-01 -3.353014096139658035e-02
5.245406611757882365e-01 -3.348632806935695344e-02
5.338413313258880688e-01 -3.343185098977466407e-02
5.431938094918128401e-01 -3.336666596916467581e-02
5.525970562563653488e-01 -3.329122644936973602e-02
5.620500265600203438e-01 -3.320489326691805632e-02
5.715516698170692855e-01 -3.310589979527137766e-02
5.811009300323815019e-01 -3.299204896640470924e-02
5.906967459187653091e-01 -3.286095817006873948e-02
6.003380510149177729e-01 -3.271196425202895636e-02
6.100237738039482327e-01 -3.254555032207453319e-02
6.197528378324663745e-01 -3.236157746624741122e-02
6.295241618302156450e-01 -3.215955375883903372e-02
6.393366598302444581e-01 -3.193920717972104084e-02
6.491892412895989839e-01 -3.170039682755002031e-02
6.590808112105230876e-01 -3.144311944944474385e-02
6.690102702621547603e-01 -3.116732964873617992e-02
6.789765149027036095e-01 -3.087244401440950026e-02
6.889784375020977514e-01 -3.055797290479221953e-02
6.990149264650814542e-01 -3.022467188017531961e-02
7.090848663547572039e-01 -2.987292699151278610e-02
7.191871380165538730e-01 -2.950046162491634302e-02
7.293206187026060050e-01 -2.910319095679235815e-02
7.394841821965345563e-01 -2.867339704425490160e-02
7.496766989386134394e-01 -2.820521702002082298e-02
7.598970361513051053e-01 -2.769922411343408997e-02
7.701440579651563922e-01 -2.715654718767688408e-02
7.804166255450371015e-01 -2.657736383227158466e-02
7.907135972167069760e-01 -2.596072567409698356e-02
8.010338285937002034e-01 -2.530388181778864612e-02
8.113761727045106786e-01 -2.460240111424460280e-02
8.217394801200630372e-01 -2.384973765087625153e-02
8.321225990814590245e-01 -2.304289123300725176e-02
8.425243756279822138e-01 -2.218346126470458271e-02
8.529436537253458628e-01 -2.127220206471521977e-02
8.633792753941731402e-01 -2.030846021580843749e-02
8.738300808386934015e-01 -1.928755578665098877e-02
8.842949085756387495e-01 -1.820128400221590961e-02
8.947725955633289985e-01 -1.704132712494008106e-02
9.052619773309316109e-01 -1.580059591036630726e-02
9.157618881078770645e-01 -1.448576204216447602e-02
9.262711609534211021e-01 -1.310802382936003020e-02
9.367886278863364335e-01 -1.164141397522146064e-02
9.473131200147204556e-01 -1.004129189985993043e-02
9.578434676659028923e-01 -8.270489285989234690e-03
9.683785005164411430e-01 -6.313598236148543555e-03
9.789170477221889044e-01 -4.264186796978197518e-03
9.894579380484205267e-01 -2.230746284529845028e-03
9.999999999999998890e-01 -1.998962626470201793e-04
