9.999999999999998890e-01 -8.268006247609997106e-07
9.894579380484205267e-01 1.256699573044673572e-03
9.789170477221889044e-01 2.715185154591781818e-03
9.683785005164411430e-01 4.303999490642479962e-03
9.578434676659028923e-01 5.868815311860365973e-03
9.473131200147204556e-01 7.306163604346669997e-03
9.367886278863364335e-01 8.697966929510631343e-03
9.262711609534211021e-01 1.013524788609658327e-02
9.157618881078770645e-01 1.165852947715049180e-02
9.052619773309316109e-01 1.327244186246739378e-02
8.947725955633289985e-01 1.492721413562851304e-02
8.842949085756387495e-01 1.659268222803728446e-02
8.738300808386934015e-01 1.827921443891986769e-02
8.633792753941731402e-01 1.999096597482854024e-02
8.529436537253458628e-01 2.171882568122166304e-02
8.425243756279822138e-01 2.344872607152552121e-02
8.321225990814590245e-01 2.516255374693223551e-02
8.217394801200630372e-01 2.685258876642772352e-02
8.113761727045106786e-01 2.852113424528426172e-02
8.010338285937002034e-01 3.016952157429475534e-02
7.907135972167069760e-01 3.179790829982283989e-02
7.804166255450371015e-01 3.340551131243780364e-02
7.701440579651563922e-01 3.498697783938902600e-02
7.598970361513051053e-01 3.649808903950127470e-02
7.496766989386134394e-01 3.787871614620670624e-02
7.394841821965345563e-01 3.911703791731051261e-02
7.293206187026060050e-01 4.022299737038966677e-02
7.191871380165538730e-01 4.119832116111245973e-02
7.090848663547572039e-01 4.204921830798296484e-02
6.990149264650814542e-01 4.282286018038792413e-02
6.889784375020977514e-01 4.356850169783179488e-02
6.789765149027036095e-01 4.428635859652543805e-02
6.690102702621547603e-01 4.496738269708194791e-02
6.590808112105230876e-01 4.561672870597423962e-02
6.491892412895989839e-01 4.624055378224985885e-02
6.393366598302444581e-01 4.683868141815185349e-02
6.295241618302156450e-01 4.741046790203034406e-02
6.197528378324663745e-01 4.795694738695363557e-02
6.100237738039482327e-01 4.847883688704505978e-02
6.003380510149177729e-01 4.897570703474881521e-02
5.906967459187653091e-01 4.944761745121786789e-02
5.811009300323815019e-01 4.989570495286409918e-02
5.715516698170692855e-01 5.032156767248048557e-02
5.620500265600203438e-01 5.072728221271354671e-02
5.525970562563653488e-01 5.111389657383260537e-02
5.431938094918128401e-01 5.148118785703648809e-02
5.338413313258880688e-01 5.182923768283848043e-02
5.245406611757882365e-01 5.215850518530956714e-02
5.152928327008634568e-01 5.246928710698609694e-02
5.060988736877365390e-01 5.276173261423411365e-02
4.969598059360780251e-01 5.303607801261334825e-02
4.878766451450451402e-01 5.329262576652741418e-02
4.788504008003974244e-01 5.353167404140579677e-02
4.698820760623064752e-01 5.375351035116927162e-02
4.609726676538650203e-01 5.395836078240735800e-02
4.521231657503131940e-01 5.414644991230341958e-02
4.433345538689928977e-01 5.431820997923669098e-02
4.346078087600411255e-01 5.447404325133501507e-02
4.259439002978354649e-01 5.461367733940466346e-02
4.173437913732044313e-01 5.473669049655184582e-02
4.088084377864137364e-01 5.484307810752855200e-02
4.003387881409395943e-01 5.493302002261274408e-02
3.919357837380436083e-01 5.500693680806281044e-02
3.836003584721576765e-01 5.506526366950702939e-02
3.753334387270930161e-01 5.510829881213698267e-02
3.671359432730831873e-01 5.513636188490471379e-02
3.590087831646743277e-01 5.514989957596026088e-02
3.509528616394713696e-01 5.514931006377377792e-02
3.429690740177547825e-01 5.513484194578322645e-02
3.350583076029753915e-01 5.510685874072790424e-02
3.272214415831418144e-01 5.506596540852379956e-02
3.194593469331089564e-01 5.501252203464349760e-02
3.117728863177794407e-01 5.494648896204173266e-02
3.041629139962280792e-01 5.486838789525594340e-02
2.966302757267624823e-01 5.477944828320766013e-02
2.891758086729252497e-01 5.467928395033008759e-02
2.818003413104546162e-01 5.456572609387292522e-02
2.745046933352085494e-01 5.443713455604885093e-02
2.672896755720651774e-01 5.429251860991104323e-02
2.601560898848094272e-01 5.413211401774008918e-02
2.531047290870154232e-01 5.395705717568445581e-02
2.461363768539343022e-01 5.376811214800590599e-02
2.392518076353984391e-01 5.356576890261880580e-02
2.324517865697500740e-01 5.335037046704042135e-02
2.257370693988056676e-01 5.312201780999917244e-02
2.191084023838638650e-01 5.287956834209515955e-02
2.125665222227673956e-01 5.262162191685696572e-02
2.061121559680280102e-01 5.234869921427406231e-02
1.997460209460230063e-01 5.206199757751678314e-02
1.934688246772731102e-01 5.176243013084741440e-02
1.872812647978095990e-01 5.145071467944332261e-02
1.811840289816407656e-01 5.112713143671696048e-02
1.751777948643248317e-01 5.079225560306832588e-02
1.692632299676588570e-01 5.044805993508078706e-02
1.634409916254914164e-01 5.009501965655892286e-02
1.577117269106679265e-01 4.972853552340109062e-02
1.520760725631161714e-01 4.934532336909822070e-02
1.465346549190801317e-01 4.894727080322905377e-02
1.410880898415101115e-01 4.853552155274554886e-02
1.357369826516168221e-01 4.810835564432137945e-02
1.304819280615971966e-01 4.766727653358574651e-02
1.253235101085391490e-01 4.721943053202772023e-02
1.202623020895129402e-01 4.676319472802918653e-02
1.152988664978553679e-01 4.628445665580560586e-02
1.104337549606562163e-01 4.577979381357588640e-02
1.056675081774507419e-01 4.525840795602457944e-02
1.010006558601274085e-01 4.470961723848634883e-02
9.643371667405697956e-02 4.410360884682527211e-02
9.196719818044885031e-02 4.342936395534274102e-02
8.760159677994161509e-02 4.269259259501544806e-02
8.333739765743386485e-02 4.190501106895391098e-02
7.917507472816209813e-02 4.108123463114241036e-02
7.511509058502996439e-02 4.022613031722691024e-02
7.115789644719716645e-02 3.933926464325955552e-02
6.730393210993146358e-02 3.842406276099159107e-02
6.355362589573076981e-02 3.748587344115379694e-02
5.990739460672012129e-02 3.652997437459108016e-02
5.636564347832906385e-02 3.556060436530601027e-02
5.292876613425423482e-02 3.457650585558152273e-02
4.959714454271368922e-02 3.357382735815594987e-02
4.637114897399441382e-02 3.254546500421233446e-02
4.325113795930202176e-02 3.148695796456611740e-02
4.023745825091396000e-02 3.040700394615744595e-02
3.733044478364233587e-02 2.931525143629254426e-02
3.453042063760936031e-02 2.821496858896669485e-02
3.183769700234129196e-02 2.711024506266719591e-02
2.925257314218321358e-02 2.601025207146378040e-02
2.677533636303963682e-02 2.491443431395717195e-02
2.440626198044326678e-02 2.380023838354787535e-02
2.214561328895736647e-02 2.265677640119968111e-02
1.999364153291383062e-02 2.149855901349991341e-02
1.795058587848985532e-02 2.033767124476903998e-02
1.601667338712764455e-02 1.917893751946327802e-02
1.419211899029970692e-02 1.803263494305010553e-02
1.247712546562085301e-02 1.691603477684348183e-02
1.087188341431266636e-02 1.583292305950615569e-02
9.376571240020115106e-03 1.477220300558589744e-02
7.991355128984078959e-03 1.371840609055587079e-02
6.716389031571567969e-03 1.265517774403720000e-02
5.551814645166519568e-03 1.160018216654414014e-02
4.497761398421062928e-03 1.058995405281209709e-02
3.554346436871580472e-03 9.586208728447256217e-03
2.721674609919344512e-03 8.516634923667328744e-03
1.999838459177394334e-03 7.429833270063506551e-03
1.388918208186096237e-03 6.393799532629843366e-03
8.889817534969424173e-04 5.150464953874097328e-03
5.000846571264760954e-04 3.420015846620239400e-03
2.222701403818971855e-04 1.648429915272395284e-03
5.556907905679420168e-05 4.557306040669025665e-04
0.000000000000000000e+00 1.196822304997782341e-05
0.000000000000000000e+00 -1.446796774730215254e-06
5.556907905679420168e-05 -3.214829261786635983e-04
2.222701403818971855e-04 -1.270525680217242555e-03
5.000846571264760954e-04 -2.336767433334264749e-03
8.889817534969424173e-04 -3.257783004087202137e-03
1.388918208186096237e-03 -3.930890474971887594e-03
1.999838459177394334e-03 -4.548459132412075584e-03
2.721674609919344512e-03 -5.241453085315109228e-03
3.554346436871580472e-03 -5.889693899296604730e-03
4.497761398421062928e-03 -6.419709698589502224e-03
5.551814645166519568e-03 -6.911194432964968409e-03
6.716389031571567969e-03 -7.417226759379788939e-03
7.991355128984078959e-03 -7.921831203167596300e-03
9.376571240020115106e-03 -8.415526645016532803e-03
1.087188341431266636e-02 -8.905510141140521307e-03
1.247712546562085301e-02 -9.394089034612269212e-03
1.419211899029970692e-02 -9.876964863116680787e-03
1.601667338712764455e-02 -1.035417964981396807e-02
1.795058587848985532e-02 -1.082993906983163550e-02
1.999364153291383062e-02 -1.130372001679327137e-02
2.214561328895736647e-02 -1.177139037142985872e-02
2.440626198044326678e-02 -1.223273832015430926e-02
2.677533636303963682e-02 -1.269007458819621480e-02
2.925257314218321358e-02 -1.314378684305970990e-02
3.183769700234129196e-02 -1.359297233351242258e-02
3.453042063760936031e-02 -1.403537306922860231e-02
3.733044478364233587e-02 -1.446856460785096547e-02
4.023745825091396000e-02 -1.489314620391973647e-02
4.325113795930202176e-02 -1.531145358457134710e-02
4.637114897399441382e-02 -1.572866075089741564e-02
4.959714454271368922e-02 -1.614834356270014246e-02
5.292876613425423482e-02 -1.656315001715202156e-02
5.636564347832906385e-02 -1.696611427318637025e-02
5.990739460672012129e-02 -1.736215553311085819e-02
6.355362589573076981e-02 -1.775665033619606287e-02
6.730393210993146358e-02 -1.814855516366416580e-02
7.115789644719716645e-02 -1.853652573349241772e-02
7.511509058502996439e-02 -1.892134260344923921e-02
7.917507472816209813e-02 -1.930393266203530092e-02
8.333739765743386485e-02 -1.968486692246551942e-02
8.760159677994161509e-02 -2.006405117947130876e-02
9.196719818044885031e-02 -2.044034282262386509e-02
9.643371667405697956e-02 -2.081305137219471163e-02
1.010006558601274085e-01 -2.118224782436555625e-02
1.056675081774507419e-01 -2.154699023072188802e-02
1.104337549606562163e-01 -2.190518731759288212e-02
1.152988664978553679e-01 -2.225811019173188840e-02
1.202623020895129402e-01 -2.261032306475304482e-02
1.253235101085391490e-01 -2.296290979898105850e-02
1.304819280615971966e-01 -2.331370657159237414e-02
1.357369826516168221e-01 -2.365873604288852572e-02
1.410880898415101115e-01 -2.399352828059932163e-02
1.465346549190801317e-01 -2.432161718591477340e-02
1.520760725631161714e-01 -2.465024846012707146e-02
1.577117269106679265e-01 -2.497659581444678506e-02
1.634409916254914164e-01 -2.529373746769353337e-02
1.692632299676588570e-01 -2.560224084717429432e-02
1.751777948643248317e-01 -2.590536342201334510e-02
1.811840289816407656e-01 -2.620343077485022543e-02
1.872812647978095990e-01 -2.649540399891218631e-02
1.934688246772731102e-01 -2.677872907364771404e-02
1.997460209460230063e-01 -2.705179657311269914e-02
2.061121559680280102e-01 -2.731833110941223400e-02
2.125665222227673956e-01 -2.758117038390443809e-02
2.191084023838638650e-01 -2.783627761500035575e-02
2.257370693988056676e-01 -2.808058964721793505e-02
2.324517865697500740e-01 -2.831715546295649269e-02
2.392518076353984391e-01 -2.854775345471607939e-02
2.461363768539343022e-01 -2.876924354316418020e-02
2.531047290870154232e-01 -2.897992980816095979e-02
2.601560898848094272e-01 -2.918191477075686435e-02
2.672896755720651774e-01 -2.937613696976278804e-02
2.745046933352085494e-01 -2.956115656752648230e-02
2.818003413104546162e-01 -2.973643424072064043e-02
2.891758086729252497e-01 -2.990282225360007054e-02
2.966302757267624823e-01 -3.006037222697643257e-02
3.041629139962280792e-01 -3.020814509580136906e-02
3.117728863177794407e-01 -3.034482192627981773e-02
3.194593469331089564e-01 -3.046886344506355426e-02
3.272214415831418144e-01 -3.057998241274274137e-02
3.350583076029753915e-01 -3.067895993522711667e-02
3.429690740177547825e-01 -3.076765576275314329e-02
3.509528616394713696e-01 -3.084837757372222919e-02
3.590087831646743277e-01 -3.092119565038142434e-02
3.671359432730831873e-01 -3.098499443927939592e-02
3.753334387270930161e-01 -3.103899840049004211e-02
3.836003584721576765e-01 -3.108262965942199668e-02
3.919357837380436083e-01 -3.111553413832021664e-02
4.003387881409395943e-01 -3.113749172612207891e-02
4.088084377864137364e-01 -3.114853029214746660e-02
4.173437913732044313e-01 -3.114866462679719700e-02
4.259439002978354649e-01 -3.113753009255218820e-02
4.346078087600411255e-01 -3.111467764261552013e-02
4.433345538689928977e-01 -3.107970691798112722e-02
4.521231657503131940e-01 -3.103221219767809611e-02
4.609726676538650203e-01 -3.097174141597427988e-02
4.698820760623064752e-01 -3.089737111775370595e-02
4.788504008003974244e-01 -3.080709538137471962e-02
4.878766451450451402e-01 -3.069951222085058953e-02
4.969598059360780251e-01 -3.057470999061338152e-02
5.060988736877365390e-01 -3.043302280467782492e-02
5.152928327008634568e-01 -3.027488681170297999e-02
5.245406611757882365e-01 -3.009996374250080431e-02
5.338413313258880688e-01 -2.990675228346626607e-02
5.431938094918128401e-01 -2.969127787923274420e-02
5.525970562563653488e-01 -2.944716463327277586e-02
5.620500265600203438e-01 -2.917651720066069196e-02
5.715516698170692855e-01 -2.888983083477046285e-02
5.811009300323815019e-01 -2.859624389240729772e-02
5.906967459187653091e-01 -2.830273866774019736e-02
6.003380510149177729e-01 -2.800672293110478828e-02
6.100237738039482327e-01 -2.769957403339590521e-02
6.197528378324663745e-01 -2.737906024774051233e-02
6.295241618302156450e-01 -2.704609585494678961e-02
6.393366598302444581e-01 -2.669594072322106770e-02
6.491892412895989839e-01 -2.632218979675694445e-02
6.590808112105230876e-01 -2.592607106254656013e-02
6.690102702621547603e-01 -2.551187719454913946e-02
6.789765149027036095e-01 -2.508349208846642059e-02
6.889784375020977514e-01 -2.464512976845214393e-02
6.990149264650814542e-01 -2.420312886355519347e-02
7.090848663547572039e-01 -2.376394677143021245e-02
7.191871380165538730e-01 -2.333226710812862439e-02
7.293206187026060050e-01 -2.290468962015126952e-02
7.394841821965345563e-01 -2.245442792587934444e-02
7.496766989386134394e-01 -2.196404950771212519e-02
7.598970361513051053e-01 -2.145100124773485425e-02
7.701440579651563922e-01 -2.093436524260887388e-02
7.804166255450371015e-01 -2.042506057447730089e-02
7.907135972167069760e-01 -1.991812435713246135e-02
8.010338285937002034e-01 -1.938288868155583697e-02
8.113761727045106786e-01 -1.881232613121136543e-02
8.217394801200630372e-01 -1.823780049779559487e-02
8.321225990814590245e-01 -1.767440683932320136e-02
8.425243756279822138e-01 -1.711269182647108880e-02
8.529436537253458628e-01 -1.653301670183851893e-02
8.633792753941731402e-01 -1.590774848019797447e-02
8.738300808386934015e-01 -1.522987634204318007e-02
8.842949085756387495e-01 -1.450902156711560489e-02
8.947725955633289985e-01 -1.372575036578935898e-02
9.052619773309316109e-01 -1.284016957212964771e-02
9.157618881078770645e-01 -1.183202153537193067e-02
9.262711609534211021e-01 -1.069132553757599219e-02
9.367886278863364335e-01 -9.386356286050962644e-03
9.473131200147204556e-01 -7.881618018386802454e-03
9.578434676659028923e-01 -6.198450709738266735e-03
9.683785005164411430e-01 -4.394811725805866133e-03
9.789170477221889044e-01 -2.596737572219811902e-03
9.894579380484205267e-01 -9.979702657361090492e-04
9.999999999999998890e-01 -1.896585897244546628e-07
