9.999999999999998890e-01 4.872546262528733886e-06
9.894579380484205267e-01 2.918713137090872371e-03
9.789170477221889044e-01 5.625461357052233269e-03
9.683785005164411430e-01 8.190928469400690290e-03
9.578434676659028923e-01 1.061207170045803602e-02
9.473131200147204556e-01 1.290061826756291712e-02
9.367886278863364335e-01 1.514698228544159551e-02
9.262711609534211021e-01 1.742181134837723563e-02
9.157618881078770645e-01 1.972082802570978774e-02
9.052619773309316109e-01 2.202178769545656487e-02
8.947725955633289985e-01 2.428838099609055556e-02
8.842949085756387495e-01 2.651059313489765104e-02
8.738300808386934015e-01 2.872250164164913411e-02
8.633792753941731402e-01 3.095478884644823139e-02
8.529436537253458628e-01 3.322726205501429220e-02
8.425243756279822138e-01 3.552750001360094334e-02
8.321225990814590245e-01 3.780951074889516567e-02
8.217394801200630372e-01 4.006643322655160239e-02
8.113761727045106786e-01 4.232893777042429084e-02
8.010338285937002034e-01 4.460596106736600813e-02
7.907135972167069760e-01 4.688827861707485500e-02
7.804166255450371015e-01 4.917242511888024470e-02
7.701440579651563922e-01 5.145870404359766115e-02
7.598970361513051053e-01 5.374280883895064115e-02
7.496766989386134394e-01 5.601847923795092582e-02
7.394841821965345563e-01 5.828502257828891558e-02
7.293206187026060050e-01 6.054432525115959612e-02
7.191871380165538730e-01 6.279777648193460293e-02
7.090848663547572039e-01 6.504660406815852836e-02
6.990149264650814542e-01 6.729225414454675924e-02
6.889784375020977514e-01 6.953452642988851296e-02
6.789765149027036095e-01 7.176579112184933162e-02
6.690102702621547603e-01 7.397860142010527496e-02
6.590808112105230876e-01 7.617330802163702064e-02
6.491892412895989839e-01 7.835128050656621490e-02
6.393366598302444581e-01 8.051178606608888622e-02
6.295241618302156450e-01 8.265347544047547956e-02
6.197528378324663745e-01 8.477443141904984769e-02
6.100237738039482327e-01 8.687242823689828031e-02
6.003380510149177729e-01 8.894480506607624348e-02
5.906967459187653091e-01 9.099039010391633819e-02
5.811009300323815019e-01 9.301055268365346351e-02
5.715516698170692855e-01 9.500274969536154357e-02
5.620500265600203438e-01 9.695845361483414193e-02
5.525970562563653488e-01 9.886787396724901200e-02
5.431938094918128401e-01 1.007205539769963909e-01
5.338413313258880688e-01 1.025131736986124725e-01
5.245406611757882365e-01 1.042495886110867270e-01
5.152928327008634568e-01 1.059314630906380561e-01
5.060988736877365390e-01 1.075582720789289709e-01
4.969598059360780251e-01 1.091290525487181168e-01
4.878766451450451402e-01 1.106428021983672655e-01
4.788504008003974244e-01 1.121009535421488290e-01
4.698820760623064752e-01 1.135047052710878440e-01
4.609726676538650203e-01 1.148404697366597893e-01
4.521231657503131940e-01 1.160893031727078806e-01
4.433345538689928977e-01 1.172475467769062557e-01
4.346078087600411255e-01 1.183167521635509062e-01
4.259439002978354649e-01 1.192909519563527393e-01
4.173437913732044313e-01 1.201632250284579151e-01
4.088084377864137364e-01 1.209346566384916360e-01
4.003387881409395943e-01 1.216058452804143208e-01
3.919357837380436083e-01 1.221665199591559781e-01
3.836003584721576765e-01 1.226077971839000663e-01
3.753334387270930161e-01 1.229334866308186558e-01
3.671359432730831873e-01 1.231530932969015224e-01
3.590087831646743277e-01 1.232844536006796887e-01
3.509528616394713696e-01 1.233408311478209063e-01
3.429690740177547825e-01 1.233225015712970524e-01
3.350583076029753915e-01 1.232233965664551040e-01
3.272214415831418144e-01 1.230291249594507585e-01
3.194593469331089564e-01 1.227324843968272267e-01
3.117728863177794407e-01 1.223389086424293282e-01
3.041629139962280792e-01 1.218641330732249256e-01
2.966302757267624823e-01 1.213353550805371245e-01
2.891758086729252497e-01 1.207677736004120345e-01
2.818003413104546162e-01 1.201617280707966695e-01
2.745046933352085494e-01 1.194981917845005931e-01
2.672896755720651774e-01 1.187424454986672345e-01
2.601560898848094272e-01 1.178811424946385050e-01
2.531047290870154232e-01 1.169192344609727707e-01
2.461363768539343022e-01 1.158767550805444718e-01
2.392518076353984391e-01 1.147818010860485183e-01
2.324517865697500740e-01 1.136486368901633986e-01
2.257370693988056676e-01 1.124816339109504792e-01
2.191084023838638650e-01 1.112682296483239464e-01
2.125665222227673956e-01 1.099900625594029263e-01
2.061121559680280102e-01 1.086405930518625357e-01
1.997460209460230063e-01 1.072202568449771437e-01
1.934688246772731102e-01 1.057419134262320010e-01
1.872812647978095990e-01 1.042211128306411716e-01
1.811840289816407656e-01 1.026683110226343787e-01
1.751777948643248317e-01 1.010896179129736616e-01
1.692632299676588570e-01 9.948079766554820957e-02
1.634409916254914164e-01 9.783652724864089212e-02
1.577117269106679265e-01 9.615467453858246583e-02
1.520760725631161714e-01 9.443546677820008339e-02
1.465346549190801317e-01 9.268335263190836948e-02
1.410880898415101115e-01 9.090261661479358268e-02
1.357369826516168221e-01 8.909603695140255741e-02
1.304819280615971966e-01 8.726644558186522072e-02
1.253235101085391490e-01 8.541698844314443706e-02
1.202623020895129402e-01 8.354805735491516172e-02
1.152988664978553679e-01 8.165633894602659926e-02
1.104337549606562163e-01 7.974280481235919427e-02
1.056675081774507419e-01 7.781356017275892212e-02
1.010006558601274085e-01 7.587085129715487319e-02
9.643371667405697956e-02 7.391313583624614658e-02
9.196719818044885031e-02 7.194374584724849697e-02
8.760159677994161509e-02 6.996955995144002460e-02
8.333739765743386485e-02 6.798924706616751856e-02
7.917507472816209813e-02 6.599633078679069398e-02
7.511509058502996439e-02 6.399125055084251001e-02
7.115789644719716645e-02 6.197842294266129454e-02
6.730393210993146358e-02 5.996100700661815414e-02
6.355362589573076981e-02 5.794178056649913061e-02
5.990739460672012129e-02 5.592528400822630030e-02
5.636564347832906385e-02 5.391620344411800908e-02
5.292876613425423482e-02 5.191605481834487418e-02
4.959714454271368922e-02 4.992378049359225134e-02
4.637114897399441382e-02 4.793160571908034601e-02
4.325113795930202176e-02 4.593406007008320191e-02
4.023745825091396000e-02 4.394117989132511476e-02
3.733044478364233587e-02 4.196286132342922498e-02
3.453042063760936031e-02 3.999764053169337780e-02
3.183769700234129196e-02 3.804694601937234910e-02
2.925257314218321358e-02 3.612491369740834790e-02
2.677533636303963682e-02 3.423614356161833877e-02
2.440626198044326678e-02 3.236112069131144575e-02
2.214561328895736647e-02 3.049019215777445946e-02
1.999364153291383062e-02 2.863635817788771562e-02
1.795058587848985532e-02 2.680801837004600022e-02
1.601667338712764455e-02 2.500345675459335684e-02
1.419211899029970692e-02 2.322461838897839706e-02
1.247712546562085301e-02 2.147908746757328652e-02
1.087188341431266636e-02 1.977588984037531583e-02
9.376571240020115106e-03 1.812422167558233252e-02
7.991355128984078959e-03 1.651502259383165472e-02
6.716389031571567969e-03 1.492627597126192952e-02
5.551814645166519568e-03 1.338289111310765611e-02
4.497761398421062928e-03 1.193591037335960982e-02
3.554346436871580472e-03 1.053088485831426765e-02
2.721674609919344512e-03 9.068553409859476250e-03
1.999838459177394334e-03 7.648515691225448235e-03
1.388918208186096237e-03 6.420256530559791466e-03
8.889817534969424173e-04 5.128397511168961143e-03
5.000846571264760954e-04 3.449214267401518388e-03
2.222701403818971855e-04 1.715686661458908817e-03
5.556907905679420168e-05 4.601867653304889398e-04
0.000000000000000000e+00 1.137205303837615805e-05
0.000000000000000000e+00 -1.632034137825227882e-05
5.556907905679420168e-05 -2.239634633797229764e-04
2.222701403818971855e-04 -8.445547885064550809e-04
5.000846571264760954e-04 -1.778807864984260738e-03
8.889817534969424173e-04 -2.955190744651664016e-03
1.388918208186096237e-03 -4.250339676084785058e-03
1.999838459177394334e-03 -5.384764112702183740e-03
2.721674609919344512e-03 -6.203518744755826334e-03
3.554346436871580472e-03 -6.892928231295362626e-03
4.497761398421062928e-03 -7.623999778737648378e-03
5.551814645166519568e-03 -8.449323702815560860e-03
6.716389031571567969e-03 -9.375100330276966293e-03
7.991355128984078959e-03 -1.035488636436685157e-02
9.376571240020115106e-03 -1.134366110089749143e-02
1.087188341431266636e-02 -1.230529418332698688e-02
1.247712546562085301e-02 -1.322538889999852821e-02
1.419211899029970692e-02 -1.411381866439755627e-02
1.601667338712764455e-02 -1.499093395101430345e-02
1.795058587848985532e-02 -1.588416761679499467e-02
1.999364153291383062e-02 -1.679474671143389719e-02
2.214561328895736647e-02 -1.770383958359942472e-02
2.440626198044326678e-02 -1.860732343549113127e-02
2.677533636303963682e-02 -1.951014133835983141e-02
2.925257314218321358e-02 -2.040488682965019285e-02
3.183769700234129196e-02 -2.127959660282224483e-02
3.453042063760936031e-02 -2.214248523274928507e-02
3.733044478364233587e-02 -2.300881342442345073e-02
4.023745825091396000e-02 -2.387734339503397307e-02
4.325113795930202176e-02 -2.474133652965937458e-02
4.637114897399441382e-02 -2.559955236434388257e-02
4.959714454271368922e-02 -2.645132836429207879e-02
5.292876613425423482e-02 -2.729068820382087382e-02
5.636564347832906385e-02 -2.811258128502607673e-02
5.990739460672012129e-02 -2.892036468805921773e-02
6.355362589573076981e-02 -2.971933522310147083e-02
6.730393210993146358e-02 -3.051498592260988574e-02
7.115789644719716645e-02 -3.130988068621781001e-02
7.511509058502996439e-02 -3.209936072721514266e-02
7.917507472816209813e-02 -3.287838779163113762e-02
8.333739765743386485e-02 -3.364334810258533259e-02
8.760159677994161509e-02 -3.439096508059680951e-02
9.196719818044885031e-02 -3.511835216624854816e-02
9.643371667405697956e-02 -3.582800044098550379e-02
1.010006558601274085e-01 -3.652986893723124406e-02
1.056675081774507419e-01 -3.722846623418887835e-02
1.104337549606562163e-01 -3.792098335592331698e-02
1.152988664978553679e-01 -3.860323399125813182e-02
1.202623020895129402e-01 -3.927006191818062375e-02
1.253235101085391490e-01 -3.991609538066119567e-02
1.304819280615971966e-01 -4.053637561823674601e-02
1.357369826516168221e-01 -4.113360381897600976e-02
1.410880898415101115e-01 -4.171577182670052619e-02
1.465346549190801317e-01 -4.228823102180215288e-02
1.520760725631161714e-01 -4.285390207014933006e-02
1.577117269106679265e-01 -4.340924281892866166e-02
1.634409916254914164e-01 -4.394735094188213786e-02
1.692632299676588570e-01 -4.446078003888618430e-02
1.751777948643248317e-01 -4.494324596238363084e-02
1.811840289816407656e-01 -4.539633941351246121e-02
1.872812647978095990e-01 -4.582520956234071435e-02
1.934688246772731102e-01 -4.623862856318188691e-02
1.997460209460230063e-01 -4.664372222753973563e-02
2.061121559680280102e-01 -4.703721554057724297e-02
2.125665222227673956e-01 -4.741240082101198794e-02
2.191084023838638650e-01 -4.775962099938410588e-02
2.257370693988056676e-01 -4.807127849559342941e-02
2.324517865697500740e-01 -4.834671743230740948e-02
2.392518076353984391e-01 -4.858729690496831760e-02
2.461363768539343022e-01 -4.879630508251154436e-02
2.531047290870154232e-01 -4.897575063248774119e-02
2.601560898848094272e-01 -4.912472593653405273e-02
2.672896755720651774e-01 -4.923547030178067330e-02
2.745046933352085494e-01 -4.929033034019433129e-02
2.818003413104546162e-01 -4.927655923615366362e-02
2.891758086729252497e-01 -4.918945570921771926e-02
2.966302757267624823e-01 -4.904144821635315898e-02
3.041629139962280792e-01 -4.886233546331257560e-02
3.117728863177794407e-01 -4.866816199445837821e-02
3.194593469331089564e-01 -4.846066483910825562e-02
3.272214415831418144e-01 -4.822850241499452434e-02
3.350583076029753915e-01 -4.795139808618328198e-02
3.429690740177547825e-01 -4.761843377952340584e-02
3.509528616394713696e-01 -4.722618003939973302e-02
3.590087831646743277e-01 -4.678272694689397659e-02
3.671359432730831873e-01 -4.630159502916156994e-02
3.753334387270930161e-01 -4.579013837132369508e-02
3.836003584721576765e-01 -4.524956537139693952e-02
3.919357837380436083e-01 -4.466075616149201011e-02
4.003387881409395943e-01 -4.399930945214294842e-02
4.088084377864137364e-01 -4.325324990399376929e-02
4.173437913732044313e-01 -4.242078601448351360e-02
4.259439002978354649e-01 -4.152616143329478787e-02
4.346078087600411255e-01 -4.059433583848301441e-02
4.433345538689928977e-01 -3.962954697065784737e-02
4.521231657503131940e-01 -3.863054939459303200e-02
4.609726676538650203e-01 -3.759312727377606828e-02
4.698820760623064752e-01 -3.651367172547418521e-02
4.788504008003974244e-01 -3.539131196880463542e-02
4.878766451450451402e-01 -3.423635925174766531e-02
4.969598059360780251e-01 -3.308008439914231213e-02
5.060988736877365390e-01 -3.194160605672381054e-02
5.152928327008634568e-01 -3.081594138807038780e-02
5.245406611757882365e-01 -2.969126046943085934e-02
5.338413313258880688e-01 -2.854981601724427762e-02
5.431938094918128401e-01 -2.738757403548352717e-02
5.525970562563653488e-01 -2.621717446036599120e-02
5.620500265600203438e-01 -2.505566811992525345e-02
5.715516698170692855e-01 -2.392221591522061819e-02
5.811009300323815019e-01 -2.281410330451450266e-02
5.906967459187653091e-01 -2.171084195221951660e-02
6.003380510149177729e-01 -2.059785845413042785e-02
6.100237738039482327e-01 -1.946754376205258458e-02
6.197528378324663745e-01 -1.833746866110625567e-02
6.295241618302156450e-01 -1.723720107055851103e-02
6.393366598302444581e-01 -1.617380693152849908e-02
6.491892412895989839e-01 -1.514198108902605269e-02
6.590808112105230876e-01 -1.412831548948634101e-02
6.690102702621547603e-01 -1.312011401970389173e-02
6.789765149027036095e-01 -1.212659629756308519e-02
6.889784375020977514e-01 -1.116252571595066807e-02
6.990149264650814542e-01 -1.023403961935482991e-02
7.090848663547572039e-01 -9.341865385243649025e-03
7.191871380165538730e-01 -8.475687912862564163e-03
7.293206187026060050e-01 -7.627009025117402648e-03
7.394841821965345563e-01 -6.800668939661080881e-03
7.496766989386134394e-01 -6.003846451779188027e-03
7.598970361513051053e-01 -5.243179429127348828e-03
7.701440579651563922e-01 -4.518087213159981477e-03
7.804166255450371015e-01 -3.813153125166133649e-03
7.907135972167069760e-01 -3.128393087802301166e-03
8.010338285937002034e-01 -2.493974516345547846e-03
8.113761727045106786e-01 -1.922476539568165541e-03
8.217394801200630372e-01 -1.396026381506672905e-03
8.321225990814590245e-01 -9.007402799475497596e-04
8.425243756279822138e-01 -4.315856923644229644e-04
8.529436537253458628e-01 -4.073932977159883985e-06
8.633792753941731402e-01 3.473534834284032718e-04
8.738300808386934015e-01 6.276014756023017742e-04
8.842949085756387495e-01 8.750227905899873957e-04
8.947725955633289985e-01 1.094927163203421793e-03
9.052619773309316109e-01 1.267695771560735981e-03
9.157618881078770645e-01 1.381589714747570499e-03
9.262711609534211021e-01 1.431728085534509981e-03
9.367886278863364335e-01 1.426795157724941848e-03
9.473131200147204556e-01 1.380110855469656415e-03
9.578434676659028923e-01 1.286934555618402410e-03
9.683785005164411430e-01 1.135009811276727846e-03
9.789170477221889044e-01 9.149520777368149414e-04
9.894579380484205267e-01 5.917083882251362092e-04
9.999999999999998890e-01 2.225811214223443804e-07
