9.999999999999998890e-01 1.695305262372521283e-09
9.894579380484205267e-01 3.778408680143378710e-03
9.789170477221889044e-01 7.317592216698460758e-03
9.683785005164411430e-01 1.064168992839695065e-02
9.578434676659028923e-01 1.377530544190215360e-02
9.473131200147204556e-01 1.674298431477532975e-02
9.367886278863364335e-01 1.956885405335607661e-02
9.262711609534211021e-01 2.227727258786242961e-02
9.157618881078770645e-01 2.489327119785577497e-02
9.052619773309316109e-01 2.744104294132763619e-02
8.947725955633289985e-01 2.994286242172409379e-02
8.842949085756387495e-01 3.241083601868640501e-02
8.738300808386934015e-01 3.484127127724481049e-02
8.633792753941731402e-01 3.722990673613698481e-02
8.529436537253458628e-01 3.957358686906679163e-02
8.425243756279822138e-01 4.186897981499992927e-02
8.321225990814590245e-01 4.411246989830031745e-02
8.217394801200630372e-01 4.630047070299962708e-02
8.113761727045106786e-01 4.842947512027048068e-02
8.010338285937002034e-01 5.049656701330244857e-02
7.907135972167069760e-01 5.249970293011420319e-02
7.804166255450371015e-01 5.444180852651752528e-02
7.701440579651563922e-01 5.632909186474161639e-02
7.598970361513051053e-01 5.816717683667606276e-02
7.496766989386134394e-01 5.996133685191402246e-02
7.394841821965345563e-01 6.171697424367415113e-02
7.293206187026060050e-01 6.343954009850256981e-02
7.191871380165538730e-01 6.513439281384823809e-02
7.090848663547572039e-01 6.680677075579927182e-02
6.990149264650814542e-01 6.846147439517656641e-02
6.889784375020977514e-01 7.010168809556349689e-02
6.789765149027036095e-01 7.172422802433947586e-02
6.690102702621547603e-01 7.332435240353599171e-02
6.590808112105230876e-01 7.489789956687983863e-02
6.491892412895989839e-01 7.644078948645117999e-02
6.393366598302444581e-01 7.794880345113705533e-02
6.295241618302156450e-01 7.941787560566376802e-02
6.197528378324663745e-01 8.084437326922415401e-02
6.100237738039482327e-01 8.222455743180588639e-02
6.003380510149177729e-01 8.355436552465386746e-02
5.906967459187653091e-01 8.483158468790522044e-02
5.811009300323815019e-01 8.605722688071162918e-02
5.715516698170692855e-01 8.723294404999451523e-02
5.620500265600203438e-01 8.836085222134702766e-02
5.525970562563653488e-01 8.944299455946898292e-02
5.431938094918128401e-01 9.048127899319417800e-02
5.338413313258880688e-01 9.147750818469926881e-02
5.245406611757882365e-01 9.243340051017327752e-02
5.152928327008634568e-01 9.335093305875723224e-02
5.060988736877365390e-01 9.423222962179317319e-02
4.969598059360780251e-01 9.507833929385590965e-02
4.878766451450451402e-01 9.588931656567732664e-02
4.788504008003974244e-01 9.666292388965003202e-02
4.698820760623064752e-01 9.739563221845104479e-02
4.609726676538650203e-01 9.808469603890582200e-02
4.521231657503131940e-01 9.872775191781779647e-02
4.433345538689928977e-01 9.932224587730986709e-02
4.346078087600411255e-01 9.986563456587776999e-02
4.259439002978354649e-01 1.003559049657238855e-01
4.173437913732044313e-01 1.007911680430671891e-01
4.088084377864137364e-01 1.011692375405140731e-01
4.003387881409395943e-01 1.014882474467838497e-01
3.919357837380436083e-01 1.017478981463795645e-01
3.836003584721576765e-01 1.019487613176503632e-01
3.753334387270930161e-01 1.020929767855575515e-01
3.671359432730831873e-01 1.021828220314386776e-01
3.590087831646743277e-01 1.022201223747599141e-01
3.509528616394713696e-01 1.022067082187169823e-01
3.429690740177547825e-01 1.021445804506247862e-01
3.350583076029753915e-01 1.020356938768900018e-01
3.272214415831418144e-01 1.018818782777086152e-01
3.194593469331089564e-01 1.016849677831930671e-01
3.117728863177794407e-01 1.014468224923379680e-01
3.041629139962280792e-01 1.011692614454422212e-01
2.966302757267624823e-01 1.008539961966958554e-01
2.891758086729252497e-01 1.005013465015257568e-01
2.818003413104546162e-01 1.001101285793639523e-01
2.745046933352085494e-01 9.967922719422551980e-02
2.672896755720651774e-01 9.920767325684293203e-02
2.601560898848094272e-01 9.869470222285373073e-02
2.531047290870154232e-01 9.813971460412848624e-02
2.461363768539343022e-01 9.754223711605854163e-02
2.392518076353984391e-01 9.690190608311755049e-02
2.324517865697500740e-01 9.621863995368339084e-02
2.257370693988056676e-01 9.549250713643850363e-02
2.191084023838638650e-01 9.472354830613169407e-02
2.125665222227673956e-01 9.391189293767897295e-02
2.061121559680280102e-01 9.305830130573228276e-02
1.997460209460230063e-01 9.216345088068447766e-02
1.934688246772731102e-01 9.122638488060565154e-02
1.872812647978095990e-01 9.024530763250676602e-02
1.811840289816407656e-01 8.921707875661485931e-02
1.751777948643248317e-01 8.813868740538254032e-02
1.692632299676588570e-01 8.700876275723287701e-02
1.634409916254914164e-01 8.582602399487293532e-02
1.577117269106679265e-01 8.458845755091919105e-02
1.520760725631161714e-01 8.329527020786720026e-02
1.465346549190801317e-01 8.194887082341301143e-02
1.410880898415101115e-01 8.055614793927755313e-02
1.357369826516168221e-01 7.913185875695512295e-02
1.304819280615971966e-01 7.769034699102589370e-02
1.253235101085391490e-01 7.624374847548116840e-02
1.202623020895129402e-01 7.480291985940168420e-02
1.152988664978553679e-01 7.337724147959878707e-02
1.104337549606562163e-01 7.197630986333404535e-02
1.056675081774507419e-01 7.060990124012020419e-02
1.010006558601274085e-01 6.928337460245037605e-02
9.643371667405697956e-02 6.799633473821498075e-02
9.196719818044885031e-02 6.672485186746100749e-02
8.760159677994161509e-02 6.542622866242538138e-02
8.333739765743386485e-02 6.406508693366681773e-02
7.917507472816209813e-02 6.261231978550287069e-02
7.511509058502996439e-02 6.104656617352119397e-02
7.115789644719716645e-02 5.935451770701655194e-02
6.730393210993146358e-02 5.755233278305874056e-02
6.355362589573076981e-02 5.566962382025737732e-02
5.990739460672012129e-02 5.372923490320182655e-02
5.636564347832906385e-02 5.175100760960570784e-02
5.292876613425423482e-02 4.975377427570123329e-02
4.959714454271368922e-02 4.775528487037743880e-02
4.637114897399441382e-02 4.576995386764277918e-02
4.325113795930202176e-02 4.381086461770603707e-02
4.023745825091396000e-02 4.188964151291787313e-02
3.733044478364233587e-02 4.001670671448147310e-02
3.453042063760936031e-02 3.819984207058312042e-02
3.183769700234129196e-02 3.644602679819038821e-02
2.925257314218321358e-02 3.476147110819245017e-02
2.677533636303963682e-02 3.315090201407056014e-02
2.440626198044326678e-02 3.161592153365084396e-02
2.214561328895736647e-02 3.013585768389596617e-02
1.999364153291383062e-02 2.865170257378442040e-02
1.795058587848985532e-02 2.711469655862288816e-02
1.601667338712764455e-02 2.549736282628852976e-02
1.419211899029970692e-02 2.378451890550639311e-02
1.247712546562085301e-02 2.197455516370023718e-02
1.087188341431266636e-02 2.007566165773663411e-02
9.376571240020115106e-03 1.810577497089616364e-02
7.991355128984078959e-03 1.608907388760975887e-02
6.716389031571567969e-03 1.405510790460525600e-02
5.551814645166519568e-03 1.203684494141223082e-02
4.497761398421062928e-03 1.006970936217024826e-02
3.554346436871580472e-03 8.189521391877119250e-03
2.721674609919344512e-03 6.432072223514205891e-03
1.999838459177394334e-03 4.830983742685536833e-03
1.388918208186096237e-03 3.418135242373833340e-03
8.889817534969424173e-04 2.221080620784925911e-03
5.000846571264760954e-04 1.264427358641817892e-03
2.222701403818971855e-04 5.666068247301990534e-04
5.556907905679420168e-05 1.424173248702209908e-04
0.000000000000000000e+00 -2.895030553555284156e-09
0.000000000000000000e+00 1.743104123979622443e-09
5.556907905679420168e-05 -8.959440986798582023e-05
2.222701403818971855e-04 -3.565390134398605622e-04
5.000846571264760954e-04 -7.959436912792618255e-04
8.889817534969424173e-04 -1.398902335098538589e-03
1.388918208186096237e-03 -2.154295529245942725e-03
1.999838459177394334e-03 -3.047218804826369587e-03
2.721674609919344512e-03 -4.060909163005758764e-03
3.554346436871580472e-03 -5.175831850872818912e-03
4.497761398421062928e-03 -6.371226669142941376e-03
5.551814645166519568e-03 -7.624732864632248128e-03
6.716389031571567969e-03 -8.913661189389255821e-03
7.991355128984078959e-03 -1.021510781188412001e-02
9.376571240020115106e-03 -1.150716460641072227e-02
1.087188341431266636e-02 -1.276936517728819061e-02
1.247712546562085301e-02 -1.398375567850897692e-02
1.419211899029970692e-02 -1.513533046081561029e-02
1.601667338712764455e-02 -1.621397151977917520e-02
1.795058587848985532e-02 -1.721448500885186181e-02
1.999364153291383062e-02 -1.813849338528048319e-02
2.214561328895736647e-02 -1.899382710126596222e-02
2.440626198044326678e-02 -1.979942408841791485e-02
2.677533636303963682e-02 -2.058016410670044163e-02
2.925257314218321358e-02 -2.134670892263546352e-02
3.183769700234129196e-02 -2.210197353243449972e-02
3.453042063760936031e-02 -2.285195915277240392e-02
3.733044478364233587e-02 -2.360444130029720061e-02
4.023745825091396000e-02 -2.436890134534019925e-02
4.325113795930202176e-02 -2.515712234746162249e-02
4.637114897399441382e-02 -2.598946741821765716e-02
4.959714454271368922e-02 -2.688682829750013367e-02
5.292876613425423482e-02 -2.786022795659737553e-02
5.636564347832906385e-02 -2.891077668368968040e-02
5.990739460672012129e-02 -3.001379552487519128e-02
6.355362589573076981e-02 -3.113931654592652642e-02
6.730393210993146358e-02 -3.225866545011638747e-02
7.115789644719716645e-02 -3.333738963566433566e-02
7.511509058502996439e-02 -3.432651798001941368e-02
7.917507472816209813e-02 -3.519535098655811323e-02
8.333739765743386485e-02 -3.595481171288438665e-02
8.760159677994161509e-02 -3.662589130436015583e-02
9.196719818044885031e-02 -3.723824294915668159e-02
9.643371667405697956e-02 -3.782756125156076787e-02
1.010006558601274085e-01 -3.843638864002821981e-02
1.056675081774507419e-01 -3.908799545185435292e-02
1.104337549606562163e-01 -3.978153651064927215e-02
1.152988664978553679e-01 -4.051001688287930724e-02
1.202623020895129402e-01 -4.126163208275732130e-02
1.253235101085391490e-01 -4.202431063242831333e-02
1.304819280615971966e-01 -4.278581703988926926e-02
1.357369826516168221e-01 -4.353227871335039328e-02
1.410880898415101115e-01 -4.424832759124325277e-02
1.465346549190801317e-01 -4.491521721790536770e-02
1.520760725631161714e-01 -4.551362176250774161e-02
1.577117269106679265e-01 -4.603676878223827290e-02
1.634409916254914164e-01 -4.648506818772555477e-02
1.692632299676588570e-01 -4.686429083667541934e-02
1.751777948643248317e-01 -4.718227608021481612e-02
1.811840289816407656e-01 -4.744577483136624280e-02
1.872812647978095990e-01 -4.766191292300622079e-02
1.934688246772731102e-01 -4.784138177350748949e-02
1.997460209460230063e-01 -4.799488068103009014e-02
2.061121559680280102e-01 -4.812913230607870213e-02
2.125665222227673956e-01 -4.824819315655216184e-02
2.191084023838638650e-01 -4.835069877848083286e-02
2.257370693988056676e-01 -4.843474829079352090e-02
2.324517865697500740e-01 -4.849984475516107979e-02
2.392518076353984391e-01 -4.854541429656979157e-02
2.461363768539343022e-01 -4.857021961584069569e-02
2.531047290870154232e-01 -4.857310287549532202e-02
2.601560898848094272e-01 -4.855320946345071526e-02
2.672896755720651774e-01 -4.850960164278692033e-02
2.745046933352085494e-01 -4.844116587979740290e-02
2.818003413104546162e-01 -4.834682472981691875e-02
2.891758086729252497e-01 -4.822556501706581900e-02
2.966302757267624823e-01 -4.807633364949957105e-02
3.041629139962280792e-01 -4.789809036062224468e-02
3.117728863177794407e-01 -4.769100298223400564e-02
3.194593469331089564e-01 -4.745636142633456039e-02
3.272214415831418144e-01 -4.719564640698035302e-02
3.350583076029753915e-01 -4.691046365435763699e-02
3.429690740177547825e-01 -4.660252991155158786e-02
3.509528616394713696e-01 -4.627365879777717295e-02
3.590087831646743277e-01 -4.592591319019904278e-02
3.671359432730831873e-01 -4.556148939354767724e-02
3.753334387270930161e-01 -4.518256631184714572e-02
3.836003584721576765e-01 -4.479140765433829718e-02
3.919357837380436083e-01 -4.439085357033867307e-02
4.003387881409395943e-01 -4.398370902787157588e-02
4.088084377864137364e-01 -4.357149037798333652e-02
4.173437913732044313e-01 -4.315503246780372226e-02
4.259439002978354649e-01 -4.273402655777258641e-02
4.346078087600411255e-01 -4.230793792492618111e-02
4.433345538689928977e-01 -4.187647576899649476e-02
4.521231657503131940e-01 -4.143940558876688107e-02
4.609726676538650203e-01 -4.099650408866319096e-02
4.698820760623064752e-01 -4.054741961566414588e-02
4.788504008003974244e-01 -4.009149724766412903e-02
4.878766451450451402e-01 -3.962840902467194143e-02
4.969598059360780251e-01 -3.915852618391643669e-02
5.060988736877365390e-01 -3.868036124830576822e-02
5.152928327008634568e-01 -3.818920981052717489e-02
5.245406611757882365e-01 -3.767893817776873933e-02
5.338413313258880688e-01 -3.714184849684083051e-02
5.431938094918128401e-01 -3.657014840394181426e-02
5.525970562563653488e-01 -3.595606689306068970e-02
5.620500265600203438e-01 -3.529179000055154142e-02
5.715516698170692855e-01 -3.456940626049772453e-02
5.811009300323815019e-01 -3.378009580931704003e-02
5.906967459187653091e-01 -3.291444115299734657e-02
6.003380510149177729e-01 -3.196501234909727984e-02
6.100237738039482327e-01 -3.092706039168628337e-02
6.197528378324663745e-01 -2.980896877296139794e-02
6.295241618302156450e-01 -2.862665410942155653e-02
6.393366598302444581e-01 -2.739472707381032310e-02
6.491892412895989839e-01 -2.612732688508968143e-02
6.590808112105230876e-01 -2.484006091588941700e-02
6.690102702621547603e-01 -2.354908913959301991e-02
6.789765149027036095e-01 -2.227028873631336711e-02
6.889784375020977514e-01 -2.101974857167731442e-02
6.990149264650814542e-01 -1.981494486417659240e-02
7.090848663547572039e-01 -1.867035358003524270e-02
7.191871380165538730e-01 -1.758790606880752602e-02
7.293206187026060050e-01 -1.656632836287797936e-02
7.394841821965345563e-01 -1.560341792426647202e-02
7.496766989386134394e-01 -1.469691574662279794e-02
7.598970361513051053e-01 -1.384486529233224655e-02
7.701440579651563922e-01 -1.304517023840970173e-02
7.804166255450371015e-01 -1.229534281998286363e-02
7.907135972167069760e-01 -1.159304887652433565e-02
8.010338285937002034e-01 -1.093627498238857430e-02
8.113761727045106786e-01 -1.032104255713832928e-02
8.217394801200630372e-01 -9.740401982560991864e-03
8.321225990814590245e-01 -9.186865740459154717e-03
8.425243756279822138e-01 -8.652569681686293063e-03
8.529436537253458628e-01 -8.129521654970890687e-03
8.633792753941731402e-01 -7.609627996805537302e-03
8.738300808386934015e-01 -7.084950215134793242e-03
8.842949085756387495e-01 -6.547639488328245091e-03
8.947725955633289985e-01 -5.989093662735675387e-03
9.052619773309316109e-01 -5.401046593161408504e-03
9.157618881078770645e-01 -4.785403733370765730e-03
9.262711609534211021e-01 -4.150616936393750935e-03
9.367886278863364335e-01 -3.506368117036032933e-03
9.473131200147204556e-01 -2.862877920945742193e-03
9.578434676659028923e-01 -2.229946217326607676e-03
9.683785005164411430e-01 -1.617235066142491944e-03
9.789170477221889044e-01 -1.034704774822208352e-03
9.894579380484205267e-01 -4.923725893106001370e-04
9.999999999999998890e-01 1.070403402549307982e-09
