9.999999999999998890e-01 8.657071566545050526e-06
9.894579380484205267e-01 1.263910065191774538e-03
9.789170477221889044e-01 2.617654127282211321e-03
9.683785005164411430e-01 4.069049733663698300e-03
9.578434676659028923e-01 5.617006673190001048e-03
9.473131200147204556e-01 7.269361772922065118e-03
9.367886278863364335e-01 9.058363193167988381e-03
9.262711609534211021e-01 1.100792957783189134e-02
9.157618881078770645e-01 1.311371427628406014e-02
9.052619773309316109e-01 1.536038753255524261e-02
8.947725955633289985e-01 1.771947809349597516e-02
8.842949085756387495e-01 2.017959894081931480e-02
8.738300808386934015e-01 2.275764328394754704e-02
8.633792753941731402e-01 2.542388298264516497e-02
8.529436537253458628e-01 2.808456241275909468e-02
8.425243756279822138e-01 3.069046631599712388e-02
8.321225990814590245e-01 3.324728401786597454e-02
8.217394801200630372e-01 3.575525611062354420e-02
8.113761727045106786e-01 3.820593773312973979e-02
8.010338285937002034e-01 4.057937675766952468e-02
7.907135972167069760e-01 4.284827478300538839e-02
7.804166255450371015e-01 4.500525684494358775e-02
7.701440579651563922e-01 4.705613104237491712e-02
7.598970361513051053e-01 4.900255595691304505e-02
7.496766989386134394e-01 5.084615456478373124e-02
7.394841821965345563e-01 5.260800702918505545e-02
7.293206187026060050e-01 5.431509049995979221e-02
7.191871380165538730e-01 5.597285834286531980e-02
7.090848663547572039e-01 5.757818251428254569e-02
6.990149264650814542e-01 5.912767416384523411e-02
6.889784375020977514e-01 6.062140654311228699e-02
6.789765149027036095e-01 6.207476350337736565e-02
6.690102702621547603e-01 6.350527982781994929e-02
6.590808112105230876e-01 6.492341627866346498e-02
6.491892412895989839e-01 6.633502395477759717e-02
6.393366598302444581e-01 6.773703893746434168e-02
6.295241618302156450e-01 6.912694813891660794e-02
6.197528378324663745e-01 7.050751876910940630e-02
6.100237738039482327e-01 7.187762608135078723e-02
6.003380510149177729e-01 7.322668680342073189e-02
5.906967459187653091e-01 7.454750941830619315e-02
5.811009300323815019e-01 7.584061928193812363e-02
5.715516698170692855e-01 7.710655029557930695e-02
5.620500265600203438e-01 7.834479624434476097e-02
5.525970562563653488e-01 7.955554652948340633e-02
5.431938094918128401e-01 8.073987571696657206e-02
5.338413313258880688e-01 8.189768693638035946e-02
5.245406611757882365e-01 8.302776556053334533e-02
5.152928327008634568e-01 8.413115395909123717e-02
5.060988736877365390e-01 8.521054591385560095e-02
4.969598059360780251e-01 8.626413474550148619e-02
4.878766451450451402e-01 8.728772639927775967e-02
4.788504008003974244e-01 8.828691363244772772e-02
4.698820760623064752e-01 8.926983970647946187e-02
4.609726676538650203e-01 9.021500524471584570e-02
4.521231657503131940e-01 9.108812629511098269e-02
4.433345538689928977e-01 9.187143794053122259e-02
4.346078087600411255e-01 9.255634644522481302e-02
4.259439002978354649e-01 9.314615931964410900e-02
4.173437913732044313e-01 9.364716289981883657e-02
4.088084377864137364e-01 9.405994682686638630e-02
4.003387881409395943e-01 9.438426097742279308e-02
3.919357837380436083e-01 9.462302991424258181e-02
3.836003584721576765e-01 9.477983062495999589e-02
3.753334387270930161e-01 9.485788732188320249e-02
3.671359432730831873e-01 9.485988536852571484e-02
3.590087831646743277e-01 9.478728153393629896e-02
3.509528616394713696e-01 9.464187192475188859e-02
3.429690740177547825e-01 9.442661695104284658e-02
3.350583076029753915e-01 9.414345487859865358e-02
3.272214415831418144e-01 9.379224078102654794e-02
3.194593469331089564e-01 9.337641959861821273e-02
3.117728863177794407e-01 9.290523860931836075e-02
3.041629139962280792e-01 9.238658693272136513e-02
2.966302757267624823e-01 9.182585787076173733e-02
2.891758086729252497e-01 9.122547696849439558e-02
2.818003413104546162e-01 9.058492727531532174e-02
2.745046933352085494e-01 8.990582885902767551e-02
2.672896755720651774e-01 8.919169137835122885e-02
2.601560898848094272e-01 8.844284557582184070e-02
2.531047290870154232e-01 8.765829765123707429e-02
2.461363768539343022e-01 8.685115891152390966e-02
2.392518076353984391e-01 8.604232073609432985e-02
2.324517865697500740e-01 8.523903193085319296e-02
2.257370693988056676e-01 8.444100827157138833e-02
2.191084023838638650e-01 8.364810785479548372e-02
2.125665222227673956e-01 8.286039838385925171e-02
2.061121559680280102e-01 8.207862032676400965e-02
1.997460209460230063e-01 8.130368558490537467e-02
1.934688246772731102e-01 8.053607791448115505e-02
1.872812647978095990e-01 7.976872933520047504e-02
1.811840289816407656e-01 7.896372824280362135e-02
1.751777948643248317e-01 7.808627043246443855e-02
1.692632299676588570e-01 7.713964393021202626e-02
1.634409916254914164e-01 7.613289158068672902e-02
1.577117269106679265e-01 7.506829173023199520e-02
1.520760725631161714e-01 7.394780170511720818e-02
1.465346549190801317e-01 7.277541474897999962e-02
1.410880898415101115e-01 7.155535312990687902e-02
1.357369826516168221e-01 7.029190904334213508e-02
1.304819280615971966e-01 6.900299662209549711e-02
1.253235101085391490e-01 6.772847261474464198e-02
1.202623020895129402e-01 6.648984920697233181e-02
1.152988664978553679e-01 6.528058968576019860e-02
1.104337549606562163e-01 6.409742797459544450e-02
1.056675081774507419e-01 6.294321145338557799e-02
1.010006558601274085e-01 6.181884075316175509e-02
9.643371667405697956e-02 6.072303569852428862e-02
9.196719818044885031e-02 5.965572922409547590e-02
8.760159677994161509e-02 5.861471106259177888e-02
8.333739765743386485e-02 5.755581966765532798e-02
7.917507472816209813e-02 5.641114521925909980e-02
7.511509058502996439e-02 5.516985309958376965e-02
7.115789644719716645e-02 5.385341089041163765e-02
6.730393210993146358e-02 5.247047796301369110e-02
6.355362589573076981e-02 5.102414292897578668e-02
5.990739460672012129e-02 4.952380191471758564e-02
5.636564347832906385e-02 4.798042469798473320e-02
5.292876613425423482e-02 4.639932914412080167e-02
4.959714454271368922e-02 4.478879557177897763e-02
4.637114897399441382e-02 4.317908592045619637e-02
4.325113795930202176e-02 4.159957873346522422e-02
4.023745825091396000e-02 4.005353155241601210e-02
3.733044478364233587e-02 3.854027156657047204e-02
3.453042063760936031e-02 3.706555859612174764e-02
3.183769700234129196e-02 3.563316541083107886e-02
2.925257314218321358e-02 3.423879233246669707e-02
2.677533636303963682e-02 3.288448279056087331e-02
2.440626198044326678e-02 3.158784169585963225e-02
2.214561328895736647e-02 3.032900448441508759e-02
1.999364153291383062e-02 2.901931216052209411e-02
1.795058587848985532e-02 2.760502296681224474e-02
1.601667338712764455e-02 2.609498421951848141e-02
1.419211899029970692e-02 2.451813007923337590e-02
1.247712546562085301e-02 2.292095714516284577e-02
1.087188341431266636e-02 2.132017719907576894e-02
9.376571240020115106e-03 1.970313943467953688e-02
7.991355128984078959e-03 1.811593501846100671e-02
6.716389031571567969e-03 1.664491111024575185e-02
5.551814645166519568e-03 1.518737457951974991e-02
4.497761398421062928e-03 1.351440780380076465e-02
3.554346436871580472e-03 1.158253508935536309e-02
2.721674609919344512e-03 9.473853590892852838e-03
1.999838459177394334e-03 7.330705623385544434e-03
1.388918208186096237e-03 5.317330164366461734e-03
8.889817534969424173e-04 3.532993697389215718e-03
5.000846571264760954e-04 2.048278509637306913e-03
2.222701403818971855e-04 9.344642728166668031e-04
5.556907905679420168e-05 2.535642589931110967e-04
0.000000000000000000e+00 2.106159177721213030e-05
0.000000000000000000e+00 -3.597734019816764875e-05
5.556907905679420168e-05 -2.370248976661333876e-04
2.222701403818971855e-04 -8.259973376528792618e-04
5.000846571264760954e-04 -1.789575037510995892e-03
8.889817534969424173e-04 -3.074772001327780255e-03
1.388918208186096237e-03 -4.620646525326812387e-03
1.999838459177394334e-03 -6.366698339790223364e-03
2.721674609919344512e-03 -8.227973858251748721e-03
3.554346436871580472e-03 -1.006418734177085168e-02
4.497761398421062928e-03 -1.175356078159448675e-02
5.551814645166519568e-03 -1.322535193102808600e-02
6.716389031571567969e-03 -1.451538401569353424e-02
7.991355128984078959e-03 -1.581686389209815968e-02
9.376571240020115106e-03 -1.721568327349089558e-02
1.087188341431266636e-02 -1.863704109966817304e-02
1.247712546562085301e-02 -2.004021788815108646e-02
1.419211899029970692e-02 -2.143426842713242950e-02
1.601667338712764455e-02 -2.280320643559994101e-02
1.795058587848985532e-02 -2.410565022709518918e-02
1.999364153291383062e-02 -2.531502714200260101e-02
2.214561328895736647e-02 -2.642157727427305383e-02
2.440626198044326678e-02 -2.746665967675780348e-02
2.677533636303963682e-02 -2.852011675370129049e-02
2.925257314218321358e-02 -2.959533671389055418e-02
3.183769700234129196e-02 -3.067484293763184447e-02
3.453042063760936031e-02 -3.175299308619951300e-02
3.733044478364233587e-02 -3.282914050099502989e-02
4.023745825091396000e-02 -3.389752074478213917e-02
4.325113795930202176e-02 -3.495042565524940359e-02
4.637114897399441382e-02 -3.598063914357513271e-02
4.959714454271368922e-02 -3.698528816358200022e-02
5.292876613425423482e-02 -3.797957564312660211e-02
5.636564347832906385e-02 -3.897907922048080009e-02
5.990739460672012129e-02 -3.998332298956810277e-02
6.355362589573076981e-02 -4.098868604368645363e-02
6.730393210993146358e-02 -4.199279647227405210e-02
7.115789644719716645e-02 -4.299328493177345667e-02
7.511509058502996439e-02 -4.398723323587109407e-02
7.917507472816209813e-02 -4.497180464385579918e-02
8.333739765743386485e-02 -4.594449026954374599e-02
8.760159677994161509e-02 -4.690247412521465070e-02
9.196719818044885031e-02 -4.784236068447606655e-02
9.643371667405697956e-02 -4.876125149072823434e-02
1.010006558601274085e-01 -4.965700382084938663e-02
1.056675081774507419e-01 -5.052630461706434511e-02
1.104337549606562163e-01 -5.136445978167658577e-02
1.152988664978553679e-01 -5.216912722121241214e-02
1.202623020895129402e-01 -5.294011980824147451e-02
1.253235101085391490e-01 -5.367156131863923263e-02
1.304819280615971966e-01 -5.435442494003591557e-02
1.357369826516168221e-01 -5.500450483747488378e-02
1.410880898415101115e-01 -5.565385041671009475e-02
1.465346549190801317e-01 -5.631526340284578186e-02
1.520760725631161714e-01 -5.698952136919427369e-02
1.577117269106679265e-01 -5.767671200294288009e-02
1.634409916254914164e-01 -5.837658150358434467e-02
1.692632299676588570e-01 -5.908834400501215833e-02
1.751777948643248317e-01 -5.981148649195254519e-02
1.811840289816407656e-01 -6.054833453812106386e-02
1.872812647978095990e-01 -6.129851667809757543e-02
1.934688246772731102e-01 -6.204435841680411290e-02
1.997460209460230063e-01 -6.276677812653964905e-02
2.061121559680280102e-01 -6.346072132092900331e-02
2.125665222227673956e-01 -6.412457468604107480e-02
2.191084023838638650e-01 -6.475694109262013221e-02
2.257370693988056676e-01 -6.535634452963254293e-02
2.324517865697500740e-01 -6.592098944491557588e-02
2.392518076353984391e-01 -6.644897735201285571e-02
2.461363768539343022e-01 -6.693833243756142082e-02
2.531047290870154232e-01 -6.739042653277638184e-02
2.601560898848094272e-01 -6.781269704434468581e-02
2.672896755720651774e-01 -6.820909417011469800e-02
2.745046933352085494e-01 -6.857725668794442675e-02
2.818003413104546162e-01 -6.891552324337107960e-02
2.891758086729252497e-01 -6.922378480640065113e-02
2.966302757267624823e-01 -6.950086155485479811e-02
3.041629139962280792e-01 -6.974438899289112093e-02
3.117728863177794407e-01 -6.995383668793943299e-02
3.194593469331089564e-01 -7.013048663281590267e-02
3.272214415831418144e-01 -7.027671446920609466e-02
3.350583076029753915e-01 -7.039547439461472933e-02
3.429690740177547825e-01 -7.048715635718424966e-02
3.509528616394713696e-01 -7.055042631243454987e-02
3.590087831646743277e-01 -7.058357527634315232e-02
3.671359432730831873e-01 -7.058507905226411860e-02
3.753334387270930161e-01 -7.055624831333712210e-02
3.836003584721576765e-01 -7.049798146764524320e-02
3.919357837380436083e-01 -7.040061987490803252e-02
4.003387881409395943e-01 -7.025168378051986628e-02
4.088084377864137364e-01 -7.004477832554120709e-02
4.173437913732044313e-01 -6.977613878719265972e-02
4.259439002978354649e-01 -6.944494754525559754e-02
4.346078087600411255e-01 -6.905087036559236224e-02
4.433345538689928977e-01 -6.859260557141726167e-02
4.521231657503131940e-01 -6.806850039916347017e-02
4.609726676538650203e-01 -6.747649084176722545e-02
4.698820760623064752e-01 -6.681354262288088930e-02
4.788504008003974244e-01 -6.607452470181308934e-02
4.878766451450451402e-01 -6.525569141906362169e-02
4.969598059360780251e-01 -6.435659626690415358e-02
5.060988736877365390e-01 -6.337657536440645389e-02
5.152928327008634568e-01 -6.231397632187285485e-02
5.245406611757882365e-01 -6.116703451376114681e-02
5.338413313258880688e-01 -5.993433927315612586e-02
5.431938094918128401e-01 -5.862624582003559542e-02
5.525970562563653488e-01 -5.726617931273320083e-02
5.620500265600203438e-01 -5.586409843489027749e-02
5.715516698170692855e-01 -5.441614894249955509e-02
5.811009300323815019e-01 -5.292103320033245129e-02
5.906967459187653091e-01 -5.137990816208626299e-02
6.003380510149177729e-01 -4.979197326719216748e-02
6.100237738039482327e-01 -4.815724553307337147e-02
6.197528378324663745e-01 -4.649875136309216533e-02
6.295241618302156450e-01 -4.484993854959110071e-02
6.393366598302444581e-01 -4.321867324469514521e-02
6.491892412895989839e-01 -4.160079204094627864e-02
6.590808112105230876e-01 -3.999640288507314012e-02
6.690102702621547603e-01 -3.840731551757334272e-02
6.789765149027036095e-01 -3.683486443762651330e-02
6.889784375020977514e-01 -3.528139287089868820e-02
6.990149264650814542e-01 -3.375451527341900154e-02
7.090848663547572039e-01 -3.226087127459750098e-02
7.191871380165538730e-01 -3.079801481393295084e-02
7.293206187026060050e-01 -2.936407170166854472e-02
7.394841821965345563e-01 -2.796530074146942255e-02
7.496766989386134394e-01 -2.659940774650880815e-02
7.598970361513051053e-01 -2.523861443504016311e-02
7.701440579651563922e-01 -2.386096729103314579e-02
7.804166255450371015e-01 -2.246512607680519955e-02
7.907135972167069760e-01 -2.105069126208638369e-02
8.010338285937002034e-01 -1.961447279289747075e-02
8.113761727045106786e-01 -1.816100276711553677e-02
8.217394801200630372e-01 -1.670652737205872984e-02
8.321225990814590245e-01 -1.526261568852284659e-02
8.425243756279822138e-01 -1.383367079710789288e-02
8.529436537253458628e-01 -1.242014649859722250e-02
8.633792753941731402e-01 -1.102021486013870545e-02
8.738300808386934015e-01 -9.658289238972548804e-03
8.842949085756387495e-01 -8.380186520403471589e-03
8.947725955633289985e-01 -7.202980377371680232e-03
9.052619773309316109e-01 -6.121806580287672550e-03
9.157618881078770645e-01 -5.133545104893368072e-03
9.262711609534211021e-01 -4.236790684559108011e-03
9.367886278863364335e-01 -3.432659192383541620e-03
9.473131200147204556e-01 -2.721078574032374624e-03
9.578434676659028923e-01 -2.083749818863690154e-03
9.683785005164411430e-01 -1.497163073076052077e-03
9.789170477221889044e-01 -9.546417499835615789e-04
9.894579380484205267e-01 -4.560466026990445251e-04
9.999999999999998890e-01 -2.925006281597098268e-06
