9.999999999999998890e-01 1.010209332237644708e-03
9.894579380484205267e-01 2.966716296202892393e-03
9.789170477221889044e-01 4.937885352187795784e-03
9.683785005164411430e-01 6.924503320449269805e-03
9.578434676659028923e-01 8.926887666017024187e-03
9.473131200147204556e-01 1.094546834419487559e-02
9.367886278863364335e-01 1.298124074227543362e-02
9.262711609534211021e-01 1.503436192104098609e-02
9.157618881078770645e-01 1.710286849666640269e-02
9.052619773309316109e-01 1.918395026260931099e-02
8.947725955633289985e-01 2.127374958277774425e-02
8.842949085756387495e-01 2.336851925318919262e-02
8.738300808386934015e-01 2.546487032757880839e-02
8.633792753941731402e-01 2.755934985484342903e-02
8.529436537253458628e-01 2.964837989550330941e-02
8.425243756279822138e-01 3.172846530686002781e-02
8.321225990814590245e-01 3.379621449789747129e-02
8.217394801200630372e-01 3.584824721633577543e-02
8.113761727045106786e-01 3.788119184650610982e-02
8.010338285937002034e-01 3.989172630339559572e-02
7.907135972167069760e-01 4.187657574271937133e-02
7.804166255450371015e-01 4.383256173896014907e-02
7.701440579651563922e-01 4.575665615331792058e-02
7.598970361513051053e-01 4.764667589716457818e-02
7.496766989386134394e-01 4.950091730150207869e-02
7.394841821965345563e-01 5.131768587500102480e-02
7.293206187026060050e-01 5.309529882714403987e-02
7.191871380165538730e-01 5.483213733628163750e-02
7.090848663547572039e-01 5.652662312754955926e-02
6.990149264650814542e-01 5.817725820983619955e-02
6.889784375020977514e-01 5.978257301293195963e-02
6.789765149027036095e-01 6.134110720784782811e-02
6.690102702621547603e-01 6.285145491430231546e-02
6.590808112105230876e-01 6.431239513880761260e-02
6.491892412895989839e-01 6.572268966162721215e-02
6.393366598302444581e-01 6.708092976908940075e-02
6.295241618302156450e-01 6.838598294277480061e-02
6.197528378324663745e-01 6.963747002032392996e-02
6.100237738039482327e-01 7.083571858854402492e-02
6.003380510149177729e-01 7.198226257919197735e-02
5.906967459187653091e-01 7.307864744064335172e-02
5.811009300323815019e-01 7.412618881512303415e-02
5.715516698170692855e-01 7.512616798443544353e-02
5.620500265600203438e-01 7.607983044875088474e-02
5.525970562563653488e-01 7.698780624291239050e-02
5.431938094918128401e-01 7.784999129335845591e-02
5.338413313258880688e-01 7.866638048615240408e-02
5.245406611757882365e-01 7.943711245783881270e-02
5.152928327008634568e-01 8.016230192112422381e-02
5.060988736877365390e-01 8.084204314578603834e-02
4.969598059360780251e-01 8.147650730167269040e-02
4.878766451450451402e-01 8.206592055257201646e-02
4.788504008003974244e-01 8.261049655653292245e-02
4.698820760623064752e-01 8.311042147257417800e-02
4.609726676538650203e-01 8.356571670561137311e-02
4.521231657503131940e-01 8.397633072175408886e-02
4.433345538689928977e-01 8.434228857119246969e-02
4.346078087600411255e-01 8.466365668454313431e-02
4.259439002978354649e-01 8.494054991981922487e-02
4.173437913732044313e-01 8.517311342702300891e-02
4.088084377864137364e-01 8.536155416220783665e-02
4.003387881409395943e-01 8.550611139599613442e-02
3.919357837380436083e-01 8.560707931104288848e-02
3.836003584721576765e-01 8.566478280985319327e-02
3.753334387270930161e-01 8.567960237921454225e-02
3.671359432730831873e-01 8.565195006071160688e-02
3.590087831646743277e-01 8.558229198993766440e-02
3.509528616394713696e-01 8.547112453054238335e-02
3.429690740177547825e-01 8.531899123457585554e-02
3.350583076029753915e-01 8.512647072926529668e-02
3.272214415831418144e-01 8.489419393151928506e-02
3.194593469331089564e-01 8.462277216309987971e-02
3.117728863177794407e-01 8.431277916678517337e-02
3.041629139962280792e-01 8.396482529086693458e-02
2.966302757267624823e-01 8.357957324288042833e-02
2.891758086729252497e-01 8.315771368785873641e-02
2.818003413104546162e-01 8.269996775197392680e-02
2.745046933352085494e-01 8.220713202208014547e-02
2.672896755720651774e-01 8.168005069065405188e-02
2.601560898848094272e-01 8.111926075061549890e-02
2.531047290870154232e-01 8.052506236925546790e-02
2.461363768539343022e-01 7.989778769062605424e-02
2.392518076353984391e-01 7.923780555271212056e-02
2.324517865697500740e-01 7.854559545756388539e-02
2.257370693988056676e-01 7.782170903949021945e-02
2.191084023838638650e-01 7.706678747095151161e-02
2.125665222227673956e-01 7.628152483617134383e-02
2.061121559680280102e-01 7.546669059210578401e-02
1.997460209460230063e-01 7.462310683711330384e-02
1.934688246772731102e-01 7.375171709620244320e-02
1.872812647978095990e-01 7.285349814732818008e-02
1.811840289816407656e-01 7.192940585060836334e-02
1.751777948643248317e-01 7.098019372124320103e-02
1.692632299676588570e-01 7.000594111271379871e-02
1.634409916254914164e-01 6.900668382718905258e-02
1.577117269106679265e-01 6.798274260814915482e-02
1.520760725631161714e-01 6.693454849450163058e-02
1.465346549190801317e-01 6.586267491602344759e-02
1.410880898415101115e-01 6.476781241273636691e-02
1.357369826516168221e-01 6.365084213464394791e-02
1.304819280615971966e-01 6.251273198830036015e-02
1.253235101085391490e-01 6.135454836837034298e-02
1.202623020895129402e-01 6.017701668386962049e-02
1.152988664978553679e-01 5.898038394589479733e-02
1.104337549606562163e-01 5.776505793810567807e-02
1.056675081774507419e-01 5.653168395312861000e-02
1.010006558601274085e-01 5.528111861241472025e-02
9.643371667405697956e-02 5.401440835342861263e-02
9.196719818044885031e-02 5.273251901479394932e-02
8.760159677994161509e-02 5.143638386461937134e-02
8.333739765743386485e-02 5.012746879932498262e-02
7.917507472816209813e-02 4.880755438324362733e-02
7.511509058502996439e-02 4.747781867970294473e-02
7.115789644719716645e-02 4.613893724259272855e-02
6.730393210993146358e-02 4.479039501374390553e-02
6.355362589573076981e-02 4.343124928985104410e-02
5.990739460672012129e-02 4.206159959539016585e-02
5.636564347832906385e-02 4.068211938518753734e-02
5.292876613425423482e-02 3.929427413544842734e-02
4.959714454271368922e-02 3.790017756606953864e-02
4.637114897399441382e-02 3.650364813924963231e-02
4.325113795930202176e-02 3.510890925043179400e-02
4.023745825091396000e-02 3.371991072944131168e-02
3.733044478364233587e-02 3.234054973043967024e-02
3.453042063760936031e-02 3.097474476958467227e-02
3.183769700234129196e-02 2.962198996241481586e-02
2.925257314218321358e-02 2.827059487130840001e-02
2.677533636303963682e-02 2.690984958457642851e-02
2.440626198044326678e-02 2.553479236696738416e-02
2.214561328895736647e-02 2.414240079104090081e-02
1.999364153291383062e-02 2.273199733805906717e-02
1.795058587848985532e-02 2.131408614240422675e-02
1.601667338712764455e-02 1.991532676210871003e-02
1.419211899029970692e-02 1.856111834011896916e-02
1.247712546562085301e-02 1.727337054457934312e-02
1.087188341431266636e-02 1.606661283297798615e-02
9.376571240020115106e-03 1.494475213090948156e-02
7.991355128984078959e-03 1.385380163245804319e-02
6.716389031571567969e-03 1.269243510201103001e-02
5.551814645166519568e-03 1.141153249382757286e-02
4.497761398421062928e-03 1.000517496150850859e-02
3.554346436871580472e-03 8.499598595617765748e-03
2.721674609919344512e-03 6.942349311686871194e-03
1.999838459177394334e-03 5.396168464511174115e-03
1.388918208186096237e-03 3.931483831343542124e-03
8.889817534969424173e-04 2.617437453338674128e-03
5.000846571264760954e-04 1.520330079711861753e-03
2.222701403818971855e-04 6.931705347568770234e-04
5.556907905679420168e-05 1.801065438673228407e-04
0.000000000000000000e+00 5.912144184338766469e-06
0.000000000000000000e+00 -3.396716060173417717e-05
5.556907905679420168e-05 -9.750503401135856077e-04
2.222701403818971855e-04 -1.867356759652177020e-03
5.000846571264760954e-04 -2.862402562017043583e-03
8.889817534969424173e-04 -3.874861694336487021e-03
1.388918208186096237e-03 -4.799163024034163935e-03
1.999838459177394334e-03 -5.607402394684960975e-03
2.721674609919344512e-03 -6.309658736482851374e-03
3.554346436871580472e-03 -6.972075164914596189e-03
4.497761398421062928e-03 -7.634779677233443328e-03
5.551814645166519568e-03 -8.274157164003131254e-03
6.716389031571567969e-03 -8.866918184410689519e-03
7.991355128984078959e-03 -9.401788004707931426e-03
9.376571240020115106e-03 -9.878177105363913912e-03
1.087188341431266636e-02 -1.030851332057125015e-02
1.247712546562085301e-02 -1.071037432682556308e-02
1.419211899029970692e-02 -1.110536069424864457e-02
1.601667338712764455e-02 -1.149920463154752853e-02
1.795058587848985532e-02 -1.188264201033430861e-02
1.999364153291383062e-02 -1.225103430440803616e-02
2.214561328895736647e-02 -1.260379039933937594e-02
2.440626198044326678e-02 -1.293859152266992746e-02
2.677533636303963682e-02 -1.325210666300246504e-02
2.925257314218321358e-02 -1.354328835742261809e-02
3.183769700234129196e-02 -1.381245863795163564e-02
3.453042063760936031e-02 -1.406042929597738946e-02
3.733044478364233587e-02 -1.428855484315818408e-02
4.023745825091396000e-02 -1.450022979921430748e-02
4.325113795930202176e-02 -1.469903170319849552e-02
4.637114897399441382e-02 -1.488526059409431626e-02
4.959714454271368922e-02 -1.505821514008219737e-02
5.292876613425423482e-02 -1.521751036978844646e-02
5.636564347832906385e-02 -1.536297555846157653e-02
5.990739460672012129e-02 -1.549489768255053052e-02
6.355362589573076981e-02 -1.561367167360123639e-02
6.730393210993146358e-02 -1.571970969198834694e-02
7.115789644719716645e-02 -1.581313893820390087e-02
7.511509058502996439e-02 -1.589338539472940834e-02
7.917507472816209813e-02 -1.595992554938681710e-02
8.333739765743386485e-02 -1.601255184103649032e-02
8.760159677994161509e-02 -1.605111649082338610e-02
9.196719818044885031e-02 -1.607551156314219673e-02
9.643371667405697956e-02 -1.608579138947435760e-02
1.010006558601274085e-01 -1.608223882517689426e-02
1.056675081774507419e-01 -1.606520642820354061e-02
1.104337549606562163e-01 -1.603512245796435282e-02
1.152988664978553679e-01 -1.599272090176522346e-02
1.202623020895129402e-01 -1.593902038548658529e-02
1.253235101085391490e-01 -1.587465429460629962e-02
1.304819280615971966e-01 -1.579988782241540518e-02
1.357369826516168221e-01 -1.571462451617394035e-02
1.410880898415101115e-01 -1.561852956559779161e-02
1.465346549190801317e-01 -1.551142757373653695e-02
1.520760725631161714e-01 -1.539324011565443816e-02
1.577117269106679265e-01 -1.526385983604051054e-02
1.634409916254914164e-01 -1.512317522027225962e-02
1.692632299676588570e-01 -1.497115365553438465e-02
1.751777948643248317e-01 -1.480780072066962411e-02
1.811840289816407656e-01 -1.463314797076240015e-02
1.872812647978095990e-01 -1.444724944039241406e-02
1.934688246772731102e-01 -1.425022154878064808e-02
1.997460209460230063e-01 -1.404221070699092529e-02
2.061121559680280102e-01 -1.382340864283466454e-02
2.125665222227673956e-01 -1.359403805203125010e-02
2.191084023838638650e-01 -1.335438531154606485e-02
2.257370693988056676e-01 -1.310476729513230555e-02
2.324517865697500740e-01 -1.284554805728685759e-02
2.392518076353984391e-01 -1.257713357237643693e-02
2.461363768539343022e-01 -1.230000485184126920e-02
2.531047290870154232e-01 -1.201466765232967783e-02
2.601560898848094272e-01 -1.172165618640141557e-02
2.672896755720651774e-01 -1.142158478977586128e-02
2.745046933352085494e-01 -1.111518143860632662e-02
2.818003413104546162e-01 -1.080300418731770101e-02
2.891758086729252497e-01 -1.048537611617827471e-02
2.966302757267624823e-01 -1.016252917112172791e-02
3.041629139962280792e-01 -9.834615267583056084e-03
3.117728863177794407e-01 -9.501830716121598824e-03
3.194593469331089564e-01 -9.164416190486924726e-03
3.272214415831418144e-01 -8.822610315470704942e-03
3.350583076029753915e-01 -8.476651082286505712e-03
3.429690740177547825e-01 -8.126802843848625335e-03
3.509528616394713696e-01 -7.773348422390840423e-03
3.590087831646743277e-01 -7.416582354729541436e-03
3.671359432730831873e-01 -7.056808138322661836e-03
3.753334387270930161e-01 -6.694349831248596477e-03
3.836003584721576765e-01 -6.329543754770901136e-03
3.919357837380436083e-01 -5.962744015505273137e-03
4.003387881409395943e-01 -5.594314872825945605e-03
4.088084377864137364e-01 -5.224637761883883097e-03
4.173437913732044313e-01 -4.854105125045784543e-03
4.259439002978354649e-01 -4.483132672388119924e-03
4.346078087600411255e-01 -4.112141741652826539e-03
4.433345538689928977e-01 -3.741552233459656106e-03
4.521231657503131940e-01 -3.371784077778218827e-03
4.609726676538650203e-01 -3.003258187168557532e-03
4.698820760623064752e-01 -2.636403742662498176e-03
4.788504008003974244e-01 -2.271668995631850527e-03
4.878766451450451402e-01 -1.909510740314562804e-03
4.969598059360780251e-01 -1.550397281525710096e-03
5.060988736877365390e-01 -1.194806409170679406e-03
5.152928327008634568e-01 -8.432294909329249820e-04
5.245406611757882365e-01 -4.961668464254551493e-04
5.338413313258880688e-01 -1.541297211918938844e-04
5.431938094918128401e-01 1.823612520430344173e-04
5.525970562563653488e-01 5.127750252899123447e-04
5.620500265600203438e-01 8.365713209978009688e-04
5.715516698170692855e-01 1.153200837685579381e-03
5.811009300323815019e-01 1.462105427010215817e-03
5.906967459187653091e-01 1.762719204418077565e-03
6.003380510149177729e-01 2.054467055833208208e-03
6.100237738039482327e-01 2.336766875370067335e-03
6.197528378324663745e-01 2.609029373376245409e-03
6.295241618302156450e-01 2.870659945720757580e-03
6.393366598302444581e-01 3.121054307245772937e-03
6.491892412895989839e-01 3.359603046966170171e-03
6.590808112105230876e-01 3.585694141865517545e-03
6.690102702621547603e-01 3.798712006815978433e-03
6.789765149027036095e-01 3.998027350057426973e-03
6.889784375020977514e-01 4.183008629964616275e-03
6.990149264650814542e-01 4.353035158813665234e-03
7.090848663547572039e-01 4.507480239383680753e-03
7.191871380165538730e-01 4.645683661554071350e-03
7.293206187026060050e-01 4.766998341135229161e-03
7.394841821965345563e-01 4.870840630490693920e-03
7.496766989386134394e-01 4.956526939924914971e-03
7.598970361513051053e-01 5.023089956902349572e-03
7.701440579651563922e-01 5.069446048182067732e-03
7.804166255450371015e-01 5.094359768151718142e-03
7.907135972167069760e-01 5.096600679640293438e-03
8.010338285937002034e-01 5.074980697558456946e-03
8.113761727045106786e-01 5.028296319966211320e-03
8.217394801200630372e-01 4.955315167389223209e-03
8.321225990814590245e-01 4.854815920886363864e-03
8.425243756279822138e-01 4.725593397117019978e-03
8.529436537253458628e-01 4.566428294392840814e-03
8.633792753941731402e-01 4.376086994764986048e-03
8.738300808386934015e-01 4.153365934760667316e-03
8.842949085756387495e-01 3.897085052874915603e-03
8.947725955633289985e-01 3.606009732903924046e-03
9.052619773309316109e-01 3.279024103392034258e-03
9.157618881078770645e-01 2.916817644200094678e-03
9.262711609534211021e-01 2.521230401988822176e-03
9.367886278863364335e-01 2.094226785625848044e-03
9.473131200147204556e-01 1.637826190012590293e-03
9.578434676659028923e-01 1.154038645501922773e-03
9.683785005164411430e-01 6.448768272258886564e-04
9.789170477221889044e-01 1.123949307767435569e-04
9.894579380484205267e-01 -4.413384322016410620e-04
9.999999999999998890e-01 -1.014258676872215482e-03
