9.999999999999998890e-01 1.049998942994939850e-03
9.894579380484205267e-01 4.525073576792250363e-03
9.789170477221889044e-01 8.261513236964970058e-03
9.683785005164411430e-01 1.220728481594392061e-02
9.578434676659028923e-01 1.631008226265296887e-02
9.473131200147204556e-01 2.051768094923668226e-02
9.367886278863364335e-01 2.477823064972511230e-02
9.262711609534211021e-01 2.903984737122060344e-02
9.157618881078770645e-01 3.325043404309839523e-02
9.052619773309316109e-01 3.735858041648754124e-02
8.947725955633289985e-01 4.131463224111395216e-02
8.842949085756387495e-01 4.509465977760114541e-02
8.738300808386934015e-01 4.871528517269425873e-02
8.633792753941731402e-01 5.219607382773309295e-02
8.529436537253458628e-01 5.555571904789141646e-02
8.425243756279822138e-01 5.881300850231857558e-02
8.321225990814590245e-01 6.198689177482898799e-02
8.217394801200630372e-01 6.509605189926798152e-02
8.113761727045106786e-01 6.815889646679701430e-02
8.010338285937002034e-01 7.119361202378078624e-02
7.907135972167069760e-01 7.421706083941659315e-02
7.804166255450371015e-01 7.723178925885956780e-02
7.701440579651563922e-01 8.023070415050459481e-02
7.598970361513051053e-01 8.320682084750270768e-02
7.496766989386134394e-01 8.615332189556992870e-02
7.394841821965345563e-01 8.906341063492807797e-02
7.293206187026060050e-01 9.193034667535539273e-02
7.191871380165538730e-01 9.474769358399059982e-02
7.090848663547572039e-01 9.750911635011261236e-02
6.990149264650814542e-01 1.002081814282870242e-01
6.889784375020977514e-01 1.028391612951259498e-01
6.789765149027036095e-01 1.053995215061928892e-01
6.690102702621547603e-01 1.078877243159268168e-01
6.590808112105230876e-01 1.103027081665796244e-01
6.491892412895989839e-01 1.126434737665284458e-01
6.393366598302444581e-01 1.149088939590326708e-01
6.295241618302156450e-01 1.170979310554213088e-01
6.197528378324663745e-01 1.192098216526016885e-01
6.100237738039482327e-01 1.212437360046998008e-01
6.003380510149177729e-01 1.231986342360699982e-01
5.906967459187653091e-01 1.250740806938896166e-01
5.811009300323815019e-01 1.268707211802023727e-01
5.715516698170692855e-01 1.285897279002803373e-01
5.620500265600203438e-01 1.302328722182410914e-01
5.525970562563653488e-01 1.318018299189004927e-01
5.431938094918128401e-01 1.332981083427196844e-01
5.338413313258880688e-01 1.347232680670238658e-01
5.245406611757882365e-01 1.360789336452437603e-01
5.152928327008634568e-01 1.373667230903106995e-01
5.060988736877365390e-01 1.385882404817015412e-01
4.969598059360780251e-01 1.397450099009733271e-01
4.878766451450451402e-01 1.408383452895153320e-01
4.788504008003974244e-01 1.418679195965147632e-01
4.698820760623064752e-01 1.428324366720765404e-01
4.609726676538650203e-01 1.437308373713756804e-01
4.521231657503131940e-01 1.445621978113417472e-01
4.433345538689928977e-01 1.453256445822628529e-01
4.346078087600411255e-01 1.460203612319188604e-01
4.259439002978354649e-01 1.466457358617851980e-01
4.173437913732044313e-01 1.472012340511963946e-01
4.088084377864137364e-01 1.476863457252998169e-01
4.003387881409395943e-01 1.481006639324556895e-01
3.919357837380436083e-01 1.484441513453764738e-01
3.836003584721576765e-01 1.487172515937487671e-01
3.753334387270930161e-01 1.489216514884460218e-01
3.671359432730831873e-01 1.490592560097286357e-01
3.590087831646743277e-01 1.491318974726751345e-01
3.509528616394713696e-01 1.491413745605316421e-01
3.429690740177547825e-01 1.490894391982965084e-01
3.350583076029753915e-01 1.489779342653707594e-01
3.272214415831418144e-01 1.488088761594229814e-01
3.194593469331089564e-01 1.485840683754655889e-01
3.117728863177794407e-01 1.483049740612415734e-01
3.041629139962280792e-01 1.479735930640529717e-01
2.966302757267624823e-01 1.475925597110114562e-01
2.891758086729252497e-01 1.471619511899395771e-01
2.818003413104546162e-01 1.466789523390057970e-01
2.745046933352085494e-01 1.461394846911072409e-01
2.672896755720651774e-01 1.455385064114645965e-01
2.601560898848094272e-01 1.448719349821834534e-01
2.531047290870154232e-01 1.441364801041034038e-01
2.461363768539343022e-01 1.433290965423357211e-01
2.392518076353984391e-01 1.424469427446398151e-01
2.324517865697500740e-01 1.414877145268576275e-01
2.257370693988056676e-01 1.404494794280568837e-01
2.191084023838638650e-01 1.393309042229259331e-01
2.125665222227673956e-01 1.381309426398072970e-01
2.061121559680280102e-01 1.368486351643999621e-01
1.997460209460230063e-01 1.354833583481009907e-01
1.934688246772731102e-01 1.340360239909204332e-01
1.872812647978095990e-01 1.325091774771741948e-01
1.811840289816407656e-01 1.309101445631730143e-01
1.751777948643248317e-01 1.292472436973527983e-01
1.692632299676588570e-01 1.275279375653544656e-01
1.634409916254914164e-01 1.257592741050907736e-01
1.577117269106679265e-01 1.239476466524698228e-01
1.520760725631161714e-01 1.220996077351177017e-01
1.465346549190801317e-01 1.202223241499974227e-01
1.410880898415101115e-01 1.183193229059466417e-01
1.357369826516168221e-01 1.163868196053970960e-01
1.304819280615971966e-01 1.144203179791027508e-01
1.253235101085391490e-01 1.124155536144882395e-01
1.202623020895129402e-01 1.103685505854533899e-01
1.152988664978553679e-01 1.082757707895957849e-01
1.104337549606562163e-01 1.061358051796272434e-01
1.056675081774507419e-01 1.039495633800930907e-01
1.010006558601274085e-01 1.017151950069206806e-01
9.643371667405697956e-02 9.942906446755836458e-02
9.196719818044885031e-02 9.710529113112764676e-02
8.760159677994161509e-02 9.477273785666365247e-02
8.333739765743386485e-02 9.245956323303873570e-02
7.917507472816209813e-02 9.019320812478259786e-02
7.511509058502996439e-02 8.800200900462337716e-02
7.115789644719716645e-02 8.590981069151357175e-02
6.730393210993146358e-02 8.389899542314276093e-02
6.355362589573076981e-02 8.193086250066133891e-02
5.990739460672012129e-02 7.996212008900623058e-02
5.636564347832906385e-02 7.794982028253567841e-02
5.292876613425423482e-02 7.586288607531856132e-02
4.959714454271368922e-02 7.367729872971370830e-02
4.637114897399441382e-02 7.138260192816008043e-02
4.325113795930202176e-02 6.898024365249035006e-02
4.023745825091396000e-02 6.650162540075089945e-02
3.733044478364233587e-02 6.398285091407672487e-02
3.453042063760936031e-02 6.145322559913950211e-02
3.183769700234129196e-02 5.893712237374450214e-02
2.925257314218321358e-02 5.644973888572592247e-02
2.677533636303963682e-02 5.401015483498059627e-02
2.440626198044326678e-02 5.164824163688844921e-02
2.214561328895736647e-02 4.936058451763419147e-02
1.999364153291383062e-02 4.708258071349100821e-02
1.795058587848985532e-02 4.474079998774638245e-02
1.601667338712764455e-02 4.225886543942369844e-02
1.419211899029970692e-02 3.959232746065392133e-02
1.247712546562085301e-02 3.673740478658571451e-02
1.087188341431266636e-02 3.370470576963883330e-02
9.376571240020115106e-03 3.051813430383604892e-02
7.991355128984078959e-03 2.721739402086900336e-02
6.716389031571567969e-03 2.385602858433546677e-02
5.551814645166519568e-03 2.049286753597825278e-02
4.497761398421062928e-03 1.719055618587821133e-02
3.554346436871580472e-03 1.401417218266917154e-02
2.721674609919344512e-03 1.102979248816744230e-02
1.999838459177394334e-03 8.299209369123981481e-03
1.388918208186096237e-03 5.880915049662404845e-03
8.889817534969424173e-04 3.825952948525749783e-03
5.000846571264760954e-04 2.180126142623838199e-03
2.222701403818971855e-04 9.776088926725645927e-04
5.556907905679420168e-05 2.458133358636239128e-04
0.000000000000000000e+00 -4.467631394352334867e-09
0.000000000000000000e+00 3.704786441273824897e-09
5.556907905679420168e-05 -1.446760128325670625e-04
2.222701403818971855e-04 -5.750127625589002102e-04
5.000846571264760954e-04 -1.281258914313349821e-03
8.889817534969424173e-04 -2.245600320053612025e-03
1.388918208186096237e-03 -3.445843645081826580e-03
1.999838459177394334e-03 -4.852372305089933981e-03
2.721674609919344512e-03 -6.431926145517900817e-03
3.554346436871580472e-03 -8.145814288956075566e-03
4.497761398421062928e-03 -9.953175940950654069e-03
5.551814645166519568e-03 -1.181045414966475429e-02
6.716389031571567969e-03 -1.367364080033184326e-02
7.991355128984078959e-03 -1.549855769384453873e-02
9.376571240020115106e-03 -1.724391792135947926e-02
1.087188341431266636e-02 -1.887249270702234805e-02
1.247712546562085301e-02 -2.035220185792484260e-02
1.419211899029970692e-02 -2.165703215767039377e-02
1.601667338712764455e-02 -2.277334500606731718e-02
1.795058587848985532e-02 -2.369971553083296059e-02
1.999364153291383062e-02 -2.444681320318081025e-02
2.214561328895736647e-02 -2.503718207229903639e-02
2.440626198044326678e-02 -2.552509024873814147e-02
2.677533636303963682e-02 -2.598224841906877566e-02
2.925257314218321358e-02 -2.644330279531712305e-02
3.183769700234129196e-02 -2.691964102640229117e-02
3.453042063760936031e-02 -2.740664407133635780e-02
3.733044478364233587e-02 -2.789298023029871537e-02
4.023745825091396000e-02 -2.837224647453787801e-02
4.325113795930202176e-02 -2.883892209075602370e-02
4.637114897399441382e-02 -2.928178227305135509e-02
4.959714454271368922e-02 -2.968826756941360390e-02
5.292876613425423482e-02 -3.004813600590773917e-02
5.636564347832906385e-02 -3.035371705208141091e-02
5.990739460672012129e-02 -3.060426309894597949e-02
6.355362589573076981e-02 -3.080074636534814447e-02
6.730393210993146358e-02 -3.094467035119426168e-02
7.115789644719716645e-02 -3.103825101111906334e-02
7.511509058502996439e-02 -3.108520981301035602e-02
7.917507472816209813e-02 -3.109026560193149311e-02
8.333739765743386485e-02 -3.105971373089038909e-02
8.760159677994161509e-02 -3.100051090598394954e-02
9.196719818044885031e-02 -3.092046066262446602e-02
9.643371667405697956e-02 -3.082967394186557353e-02
1.010006558601274085e-01 -3.074128516561044910e-02
1.056675081774507419e-01 -3.066323871024694697e-02
1.104337549606562163e-01 -3.059683082172009322e-02
1.152988664978553679e-01 -3.054064742682848985e-02
1.202623020895129402e-01 -3.049092886602297256e-02
1.253235101085391490e-01 -3.044406513304341588e-02
1.304819280615971966e-01 -3.039661914729909278e-02
1.357369826516168221e-01 -3.034452788292030592e-02
1.410880898415101115e-01 -3.028317412083390836e-02
1.465346549190801317e-01 -3.020689782783483185e-02
1.520760725631161714e-01 -3.010974709406146269e-02
1.577117269106679265e-01 -2.998866077202205771e-02
1.634409916254914164e-01 -2.984231219513722513e-02
1.692632299676588570e-01 -2.967116293034260249e-02
1.751777948643248317e-01 -2.947635182659497435e-02
1.811840289816407656e-01 -2.925856950010505969e-02
1.872812647978095990e-01 -2.901847477503674902e-02
1.934688246772731102e-01 -2.875732319782725935e-02
1.997460209460230063e-01 -2.847649391124263199e-02
2.061121559680280102e-01 -2.817717093191758268e-02
2.125665222227673956e-01 -2.786043229985851744e-02
2.191084023838638650e-01 -2.752716894798058755e-02
2.257370693988056676e-01 -2.717830857192861035e-02
2.324517865697500740e-01 -2.681497278641492565e-02
2.392518076353984391e-01 -2.643837237676074925e-02
2.461363768539343022e-01 -2.604984509992601047e-02
2.531047290870154232e-01 -2.565082361769141159e-02
2.601560898848094272e-01 -2.524288509923023824e-02
2.672896755720651774e-01 -2.482771970280299792e-02
2.745046933352085494e-01 -2.440716955224827428e-02
2.818003413104546162e-01 -2.398317115576356628e-02
2.891758086729252497e-01 -2.355777290972914384e-02
2.966302757267624823e-01 -2.313320476046154886e-02
3.041629139962280792e-01 -2.271182148882508120e-02
3.117728863177794407e-01 -2.229469434872477160e-02
3.194593469331089564e-01 -2.188169845185293158e-02
3.272214415831418144e-01 -2.147254261020585184e-02
3.350583076029753915e-01 -2.106684161817021228e-02
3.429690740177547825e-01 -2.066421581926299392e-02
3.509528616394713696e-01 -2.026428143823183134e-02
3.590087831646743277e-01 -1.986656688758727668e-02
3.671359432730831873e-01 -1.947055460283788481e-02
3.753334387270930161e-01 -1.907574308954902015e-02
3.836003584721576765e-01 -1.868161192576124965e-02
3.919357837380436083e-01 -1.828747709734598187e-02
4.003387881409395943e-01 -1.789265939751846432e-02
4.088084377864137364e-01 -1.749681919416430295e-02
4.173437913732044313e-01 -1.709981127163759385e-02
4.259439002978354649e-01 -1.670185342480465587e-02
4.346078087600411255e-01 -1.630323223793614731e-02
4.433345538689928977e-01 -1.590414678903648640e-02
4.521231657503131940e-01 -1.550478850642361683e-02
4.609726676538650203e-01 -1.510538016916554774e-02
4.698820760623064752e-01 -1.470616181113955714e-02
4.788504008003974244e-01 -1.430740075712297159e-02
4.878766451450451402e-01 -1.390932825731504285e-02
4.969598059360780251e-01 -1.351210026432829621e-02
5.060988736877365390e-01 -1.311608584668839603e-02
5.152928327008634568e-01 -1.272202212595381111e-02
5.245406611757882365e-01 -1.233081619999882445e-02
5.338413313258880688e-01 -1.194356364027472119e-02
5.431938094918128401e-01 -1.156138953289194242e-02
5.525970562563653488e-01 -1.118543591231896395e-02
5.620500265600203438e-01 -1.081681451001114888e-02
5.715516698170692855e-01 -1.045661782626842833e-02
5.811009300323815019e-01 -1.010613157623596776e-02
5.906967459187653091e-01 -9.766765915371953752e-03
6.003380510149177729e-01 -9.439455283028815036e-03
6.100237738039482327e-01 -9.124454611088777395e-03
6.197528378324663745e-01 -8.818482763134781813e-03
6.295241618302156450e-01 -8.516228210135612722e-03
6.393366598302444581e-01 -8.212718645471772314e-03
6.491892412895989839e-01 -7.903084082081558021e-03
6.590808112105230876e-01 -7.581935252282347507e-03
6.690102702621547603e-01 -7.243722946637025893e-03
6.789765149027036095e-01 -6.883191336760980522e-03
6.889784375020977514e-01 -6.494967818746903536e-03
6.990149264650814542e-01 -6.072704806782618960e-03
7.090848663547572039e-01 -5.612791921841737280e-03
7.191871380165538730e-01 -5.122761346416270650e-03
7.293206187026060050e-01 -4.613033872323133756e-03
7.394841821965345563e-01 -4.094982352047486264e-03
7.496766989386134394e-01 -3.580256088760474208e-03
7.598970361513051053e-01 -3.080745163215346805e-03
7.701440579651563922e-01 -2.608255804000023537e-03
7.804166255450371015e-01 -2.174347931860842915e-03
7.907135972167069760e-01 -1.791364938098320529e-03
8.010338285937002034e-01 -1.472946367440276273e-03
8.113761727045106786e-01 -1.225374447839224249e-03
8.217394801200630372e-01 -1.043788731703680639e-03
8.321225990814590245e-01 -9.211343038368443497e-04
8.425243756279822138e-01 -8.487529260790808603e-04
8.529436537253458628e-01 -8.182637318774306848e-04
8.633792753941731402e-01 -8.216706266670894621e-04
8.738300808386934015e-01 -8.507346393411360395e-04
8.842949085756387495e-01 -8.969699676500014242e-04
8.947725955633289985e-01 -9.516775420551095137e-04
9.052619773309316109e-01 -1.006338747312386303e-03
9.157618881078770645e-01 -1.056196092403747545e-03
9.262711609534211021e-01 -1.098918407985532671e-03
9.367886278863364335e-01 -1.132688121425025818e-03
9.473131200147204556e-01 -1.155908942502248318e-03
9.578434676659028923e-01 -1.166763829975624818e-03
9.683785005164411430e-01 -1.163359901053032412e-03
9.789170477221889044e-01 -1.143938278840354612e-03
9.894579380484205267e-01 -1.106766371781852396e-03
9.999999999999998890e-01 -1.049999498577261102e-03
