9.999999999999998890e-01 1.219926550476196610e-03
9.894579380484205267e-01 2.605851801844178903e-03
9.789170477221889044e-01 4.113905065943259699e-03
9.683785005164411430e-01 5.707194978923479239e-03
9.578434676659028923e-01 7.311882308030071519e-03
9.473131200147204556e-01 8.868785760549991598e-03
9.367886278863364335e-01 1.037937287441777733e-02
9.262711609534211021e-01 1.185564620779139614e-02
9.157618881078770645e-01 1.331026715799143306e-02
9.052619773309316109e-01 1.475266018793554637e-02
8.947725955633289985e-01 1.618593693764756522e-02
8.842949085756387495e-01 1.761170434406052546e-02
8.738300808386934015e-01 1.903021174030356324e-02
8.633792753941731402e-01 2.043819953617783541e-02
8.529436537253458628e-01 2.182795174802261082e-02
8.425243756279822138e-01 2.319365564446425679e-02
8.321225990814590245e-01 2.453210819502209955e-02
8.217394801200630372e-01 2.584258012569590202e-02
8.113761727045106786e-01 2.712648663759012826e-02
8.010338285937002034e-01 2.838405654738936079e-02
7.907135972167069760e-01 2.961455490700995105e-02
7.804166255450371015e-01 3.081794081273854860e-02
7.701440579651563922e-01 3.199462567603188201e-02
7.598970361513051053e-01 3.314467601747188297e-02
7.496766989386134394e-01 3.426797587695603470e-02
7.394841821965345563e-01 3.536455314858494292e-02
7.293206187026060050e-01 3.643451757398141061e-02
7.191871380165538730e-01 3.747805916882013255e-02
7.090848663547572039e-01 3.849534003916482011e-02
6.990149264650814542e-01 3.948620936382159219e-02
6.889784375020977514e-01 4.045019879227697290e-02
6.789765149027036095e-01 4.138591039262805998e-02
6.690102702621547603e-01 4.229213285060188371e-02
6.590808112105230876e-01 4.316921311438573494e-02
6.491892412895989839e-01 4.401768209285861905e-02
6.393366598302444581e-01 4.483759325752698782e-02
6.295241618302156450e-01 4.562901533705140261e-02
6.197528378324663745e-01 4.639226647123211034e-02
6.100237738039482327e-01 4.712764368354266376e-02
6.003380510149177729e-01 4.783532604114234393e-02
5.906967459187653091e-01 4.851553556945208123e-02
5.811009300323815019e-01 4.916859085634552040e-02
5.715516698170692855e-01 4.979477179861303837e-02
5.620500265600203438e-01 5.039429214696787562e-02
5.525970562563653488e-01 5.096745132259645344e-02
5.431938094918128401e-01 5.151465222549630324e-02
5.338413313258880688e-01 5.203615834329664014e-02
5.245406611757882365e-01 5.253210325863377772e-02
5.152928327008634568e-01 5.300294246851956076e-02
5.060988736877365390e-01 5.344934902451627112e-02
4.969598059360780251e-01 5.387112390233001619e-02
4.878766451450451402e-01 5.426746438708579534e-02
4.788504008003974244e-01 5.463792070184658040e-02
4.698820760623064752e-01 5.498232686721742785e-02
4.609726676538650203e-01 5.530103895139489023e-02
4.521231657503131940e-01 5.559466519688237296e-02
4.433345538689928977e-01 5.586372795688786252e-02
4.346078087600411255e-01 5.610867400974808850e-02
4.259439002978354649e-01 5.632973300723975729e-02
4.173437913732044313e-01 5.652721136087553166e-02
4.088084377864137364e-01 5.670213298384060158e-02
4.003387881409395943e-01 5.685513375751158338e-02
3.919357837380436083e-01 5.698455071461543814e-02
3.836003584721576765e-01 5.708861109451118104e-02
3.753334387270930161e-01 5.716694716025746970e-02
3.671359432730831873e-01 5.721970086084963297e-02
3.590087831646743277e-01 5.724762264223379887e-02
3.509528616394713696e-01 5.725152473269166931e-02
3.429690740177547825e-01 5.723213719611826289e-02
3.350583076029753915e-01 5.719001146043561912e-02
3.272214415831418144e-01 5.712540164200460152e-02
3.194593469331089564e-01 5.703907289908915351e-02
3.117728863177794407e-01 5.693258153630234575e-02
3.041629139962280792e-01 5.680595134903275445e-02
2.966302757267624823e-01 5.665715254445729404e-02
2.891758086729252497e-01 5.648441288533465054e-02
2.818003413104546162e-01 5.628646652807439699e-02
2.745046933352085494e-01 5.606360014287723598e-02
2.672896755720651774e-01 5.581746523556902623e-02
2.601560898848094272e-01 5.554913537533978651e-02
2.531047290870154232e-01 5.525920960465673104e-02
2.461363768539343022e-01 5.494843844814460004e-02
2.392518076353984391e-01 5.461770755140896161e-02
2.324517865697500740e-01 5.426816682890329285e-02
2.257370693988056676e-01 5.390100575957118556e-02
2.191084023838638650e-01 5.351662546367167567e-02
2.125665222227673956e-01 5.311441448199238913e-02
2.061121559680280102e-01 5.268974338017543002e-02
1.997460209460230063e-01 5.223769219663652180e-02
1.934688246772731102e-01 5.175960923854257267e-02
1.872812647978095990e-01 5.125832916357972446e-02
1.811840289816407656e-01 5.073464281326539593e-02
1.751777948643248317e-01 5.018922779028696379e-02
1.692632299676588570e-01 4.962419312668220339e-02
1.634409916254914164e-01 4.904137006336958121e-02
1.577117269106679265e-01 4.844094190608413258e-02
1.520760725631161714e-01 4.782393343478729547e-02
1.465346549190801317e-01 4.719399894462325551e-02
1.410880898415101115e-01 4.655171850603291583e-02
1.357369826516168221e-01 4.589093069100027428e-02
1.304819280615971966e-01 4.520674939564014311e-02
1.253235101085391490e-01 4.449771861050651200e-02
1.202623020895129402e-01 4.376465448620456278e-02
1.152988664978553679e-01 4.301104257559814487e-02
1.104337549606562163e-01 4.223949056929970219e-02
1.056675081774507419e-01 4.145137890776470768e-02
1.010006558601274085e-01 4.064859630844586819e-02
9.643371667405697956e-02 3.983357672096542873e-02
9.196719818044885031e-02 3.900837519252112195e-02
8.760159677994161509e-02 3.817474701782196805e-02
8.333739765743386485e-02 3.733488679706321173e-02
7.917507472816209813e-02 3.649029079763432132e-02
7.511509058502996439e-02 3.563205510359295641e-02
7.115789644719716645e-02 3.474683376213317382e-02
6.730393210993146358e-02 3.383502469259971890e-02
6.355362589573076981e-02 3.290331976816579518e-02
5.990739460672012129e-02 3.195503371131481335e-02
5.636564347832906385e-02 3.099250563631870611e-02
5.292876613425423482e-02 3.002042458798704141e-02
4.959714454271368922e-02 2.904355155509986616e-02
4.637114897399441382e-02 2.806336836907976154e-02
4.325113795930202176e-02 2.708186599276922804e-02
4.023745825091396000e-02 2.610632678236690651e-02
3.733044478364233587e-02 2.514141042763613082e-02
3.453042063760936031e-02 2.418003413059010773e-02
3.183769700234129196e-02 2.321151833809322745e-02
2.925257314218321358e-02 2.222178838761074138e-02
2.677533636303963682e-02 2.120561470454844499e-02
2.440626198044326678e-02 2.017745989623666303e-02
2.214561328895736647e-02 1.914893448896697395e-02
1.999364153291383062e-02 1.812222893465535029e-02
1.795058587848985532e-02 1.709898650929099484e-02
1.601667338712764455e-02 1.608142691191278423e-02
1.419211899029970692e-02 1.507060728111571726e-02
1.247712546562085301e-02 1.406662891482335538e-02
1.087188341431266636e-02 1.308351702992137204e-02
9.376571240020115106e-03 1.214794252671039243e-02
7.991355128984078959e-03 1.124783715359783942e-02
6.716389031571567969e-03 1.033862848239173668e-02
5.551814645166519568e-03 9.410780198502336630e-03
4.497761398421062928e-03 8.481268210560053908e-03
3.554346436871580472e-03 7.560483687789856973e-03
2.721674609919344512e-03 6.660607224422112650e-03
1.999838459177394334e-03 5.850887403511507989e-03
1.388918208186096237e-03 5.179107074174127412e-03
8.889817534969424173e-04 4.317664197382887516e-03
5.000846571264760954e-04 2.901277759826545281e-03
2.222701403818971855e-04 1.324239317174273232e-03
5.556907905679420168e-05 1.914785078292251220e-04
0.000000000000000000e+00 -2.245659983586696900e-04
0.000000000000000000e+00 -2.500461863495720286e-04
5.556907905679420168e-05 -3.202544246576055891e-04
2.222701403818971855e-04 -5.281171330824047279e-04
5.000846571264760954e-04 -8.705367633924788844e-04
8.889817534969424173e-04 -1.336844818343519044e-03
1.388918208186096237e-03 -1.914588036956025750e-03
1.999838459177394334e-03 -2.590672591910688025e-03
2.721674609919344512e-03 -3.347399455583760855e-03
3.554346436871580472e-03 -4.156913851121078057e-03
4.497761398421062928e-03 -4.993581180059000237e-03
5.551814645166519568e-03 -5.838362937622994589e-03
6.716389031571567969e-03 -6.656819774175368361e-03
7.991355128984078959e-03 -7.390141992405336105e-03
9.376571240020115106e-03 -8.029716577097209540e-03
1.087188341431266636e-02 -8.636125188352456600e-03
1.247712546562085301e-02 -9.250101952550321763e-03
1.419211899029970692e-02 -9.883936078257677532e-03
1.601667338712764455e-02 -1.053569561931823502e-02
1.795058587848985532e-02 -1.119184253469372378e-02
1.999364153291383062e-02 -1.184630393219473360e-02
2.214561328895736647e-02 -1.249911011770023922e-02
2.440626198044326678e-02 -1.314714834666587569e-02
2.677533636303963682e-02 -1.378513103649070363e-02
2.925257314218321358e-02 -1.440841491336124214e-02
3.183769700234129196e-02 -1.501229622140899320e-02
3.453042063760936031e-02 -1.558851745195298164e-02
3.733044478364233587e-02 -1.612973461530209721e-02
4.023745825091396000e-02 -1.664532434524944662e-02
4.325113795930202176e-02 -1.714901893583963347e-02
4.637114897399441382e-02 -1.764266570263358855e-02
4.959714454271368922e-02 -1.812366744067340357e-02
5.292876613425423482e-02 -1.858707013651248255e-02
5.636564347832906385e-02 -1.902877050913017939e-02
5.990739460672012129e-02 -1.944995858623659382e-02
6.355362589573076981e-02 -1.985326678820350035e-02
6.730393210993146358e-02 -2.024210053850708513e-02
7.115789644719716645e-02 -2.061800550256747896e-02
7.511509058502996439e-02 -2.097765448313352460e-02
7.917507472816209813e-02 -2.131768264658030071e-02
8.333739765743386485e-02 -2.163616101277756817e-02
8.760159677994161509e-02 -2.193385276267900696e-02
9.196719818044885031e-02 -2.221575619218654762e-02
9.643371667405697956e-02 -2.248461488123698268e-02
1.010006558601274085e-01 -2.273933688865662286e-02
1.056675081774507419e-01 -2.297805779814415805e-02
1.104337549606562163e-01 -2.319842286541113491e-02
1.152988664978553679e-01 -2.340009400035370640e-02
1.202623020895129402e-01 -2.358481925300378451e-02
1.253235101085391490e-01 -2.375444204892176309e-02
1.304819280615971966e-01 -2.391064180110153564e-02
1.357369826516168221e-01 -2.405283531360228461e-02
1.410880898415101115e-01 -2.417890494499012541e-02
1.465346549190801317e-01 -2.428780698835817514e-02
1.520760725631161714e-01 -2.437944482896734280e-02
1.577117269106679265e-01 -2.445606503529441228e-02
1.634409916254914164e-01 -2.452070455855843295e-02
1.692632299676588570e-01 -2.457361682738398029e-02
1.751777948643248317e-01 -2.461385322301723466e-02
1.811840289816407656e-01 -2.464038874658225353e-02
1.872812647978095990e-01 -2.465249150481486212e-02
1.934688246772731102e-01 -2.465091904523789013e-02
1.997460209460230063e-01 -2.463675715476353403e-02
2.061121559680280102e-01 -2.461068091469777175e-02
2.125665222227673956e-01 -2.457290045411152438e-02
2.191084023838638650e-01 -2.452246551473622957e-02
2.257370693988056676e-01 -2.445857108804380675e-02
2.324517865697500740e-01 -2.438139893905503022e-02
2.392518076353984391e-01 -2.429190699549418561e-02
2.461363768539343022e-01 -2.419238805238914380e-02
2.531047290870154232e-01 -2.408418236254965608e-02
2.601560898848094272e-01 -2.396657253875201024e-02
2.672896755720651774e-01 -2.383891975531701041e-02
2.745046933352085494e-01 -2.370105114388844705e-02
2.818003413104546162e-01 -2.355318593553598974e-02
2.891758086729252497e-01 -2.339598848306016082e-02
2.966302757267624823e-01 -2.322986078355524994e-02
3.041629139962280792e-01 -2.305487054478434772e-02
3.117728863177794407e-01 -2.287075381213587652e-02
3.194593469331089564e-01 -2.267699897725125244e-02
3.272214415831418144e-01 -2.247372348679992082e-02
3.350583076029753915e-01 -2.226154009654345359e-02
3.429690740177547825e-01 -2.204106736025750884e-02
3.509528616394713696e-01 -2.181284100664617268e-02
3.590087831646743277e-01 -2.157666230061600077e-02
3.671359432730831873e-01 -2.133201584346005111e-02
3.753334387270930161e-01 -2.107903168227406865e-02
3.836003584721576765e-01 -2.081821922095877797e-02
3.919357837380436083e-01 -2.055059422318715120e-02
4.003387881409395943e-01 -2.027715022446999887e-02
4.088084377864137364e-01 -1.999779574097269169e-02
4.173437913732044313e-01 -1.971218572803195776e-02
4.259439002978354649e-01 -1.942034421838605140e-02
4.346078087600411255e-01 -1.912236585771397157e-02
4.433345538689928977e-01 -1.881825846687203846e-02
4.521231657503131940e-01 -1.850801234330997844e-02
4.609726676538650203e-01 -1.819162062170157773e-02
4.698820760623064752e-01 -1.786904391412025978e-02
4.788504008003974244e-01 -1.754016745351065498e-02
4.878766451450451402e-01 -1.720514191643505997e-02
4.969598059360780251e-01 -1.686465548953250404e-02
5.060988736877365390e-01 -1.651914590969223370e-02
5.152928327008634568e-01 -1.616853793392434777e-02
5.245406611757882365e-01 -1.581278847396991316e-02
5.338413313258880688e-01 -1.545195337005656963e-02
5.431938094918128401e-01 -1.508573892034379554e-02
5.525970562563653488e-01 -1.471345106054481634e-02
5.620500265600203438e-01 -1.433473446248838268e-02
5.715516698170692855e-01 -1.394959111054541040e-02
5.811009300323815019e-01 -1.355805764703510441e-02
5.906967459187653091e-01 -1.316013298844465225e-02
6.003380510149177729e-01 -1.275511407951004060e-02
6.100237738039482327e-01 -1.234191677326284403e-02
6.197528378324663745e-01 -1.192057895479995029e-02
6.295241618302156450e-01 -1.149164709467744017e-02
6.393366598302444581e-01 -1.105438156025707018e-02
6.491892412895989839e-01 -1.060740244289083006e-02
6.590808112105230876e-01 -1.014930633403814640e-02
6.690102702621547603e-01 -9.678780800505949397e-03
6.789765149027036095e-01 -9.195054123010979255e-03
6.889784375020977514e-01 -8.698151333673726990e-03
6.990149264650814542e-01 -8.190852486065380855e-03
7.090848663547572039e-01 -7.676108921091108830e-03
7.191871380165538730e-01 -7.154642021052787237e-03
7.293206187026060050e-01 -6.626857412287166099e-03
7.394841821965345563e-01 -6.093774522436814882e-03
7.496766989386134394e-01 -5.557978964506779009e-03
7.598970361513051053e-01 -5.025705834789947341e-03
7.701440579651563922e-01 -4.500983832774486590e-03
7.804166255450371015e-01 -3.982025085402320780e-03
7.907135972167069760e-01 -3.468917613854204628e-03
8.010338285937002034e-01 -2.966308624731863863e-03
8.113761727045106786e-01 -2.476710262273881889e-03
8.217394801200630372e-01 -1.998857082872738770e-03
8.321225990814590245e-01 -1.533900569279300283e-03
8.425243756279822138e-01 -1.086301366121743620e-03
8.529436537253458628e-01 -6.583977815573176890e-04
8.633792753941731402e-01 -2.502155249874283421e-04
8.738300808386934015e-01 1.356165021455269524e-04
8.842949085756387495e-01 4.941498756602609238e-04
8.947725955633289985e-01 8.217346187074253162e-04
9.052619773309316109e-01 1.115835876832228053e-03
9.157618881078770645e-01 1.374841323901742143e-03
9.262711609534211021e-01 1.597006970771983406e-03
9.367886278863364335e-01 1.774325986419013302e-03
9.473131200147204556e-01 1.895862520851871293e-03
9.578434676659028923e-01 1.953468071427609358e-03
9.683785005164411430e-01 1.938764740954898287e-03
9.789170477221889044e-01 1.834642685465287439e-03
9.894579380484205267e-01 1.615526780088013441e-03
9.999999999999998890e-01 1.230270287797271579e-03
