9.999999999999998890e-01 7.500000142154618528e-03
9.894579380484205267e-01 8.930105364913976454e-03
9.789170477221889044e-01 1.039583523188672941e-02
9.683785005164411430e-01 1.189693292246662461e-02
9.578434676659028923e-01 1.343315795958702728e-02
9.473131200147204556e-01 1.500425144687885307e-02
9.367886278863364335e-01 1.660989523049675315e-02
9.262711609534211021e-01 1.824978225055856260e-02
9.157618881078770645e-01 1.992365241930777950e-02
9.052619773309316109e-01 2.163116313430446871e-02
8.947725955633289985e-01 2.337178868377226548e-02
8.842949085756387495e-01 2.514404853279496310e-02
8.738300808386934015e-01 2.694497938357413511e-02
8.633792753941731402e-01 2.877157556718591691e-02
8.529436537253458628e-01 3.062094963314552359e-02
8.425243756279822138e-01 3.249018893721496160e-02
8.321225990814590245e-01 3.437634571272529804e-02
8.217394801200630372e-01 3.627652491362786530e-02
8.113761727045106786e-01 3.818788183142729498e-02
8.010338285937002034e-01 4.010754700752325319e-02
7.907135972167069760e-01 4.203261143130612026e-02
7.804166255450371015e-01 4.395994189426717658e-02
7.701440579651563922e-01 4.588626067409846965e-02
7.598970361513051053e-01 4.780835157075791209e-02
7.496766989386134394e-01 4.972304392902632264e-02
7.394841821965345563e-01 5.162723874886166603e-02
7.293206187026060050e-01 5.351787404884694038e-02
7.191871380165538730e-01 5.539190851426675777e-02
7.090848663547572039e-01 5.724634924785470397e-02
6.990149264650814542e-01 5.907841551628013194e-02
6.889784375020977514e-01 6.088594837245158570e-02
6.789765149027036095e-01 6.266917707061878118e-02
6.690102702621547603e-01 6.442891856538442152e-02
6.590808112105230876e-01 6.616578453971436180e-02
6.491892412895989839e-01 6.788039451385455281e-02
6.393366598302444581e-01 6.957352486421357340e-02
6.295241618302156450e-01 7.124587697151217591e-02
6.197528378324663745e-01 7.289790111929399241e-02
6.100237738039482327e-01 7.453023469959546565e-02
6.003380510149177729e-01 7.614394827853189496e-02
5.906967459187653091e-01 7.773832966693222657e-02
5.811009300323815019e-01 7.930953474473412257e-02
5.715516698170692855e-01 8.085315963290259922e-02
5.620500265600203438e-01 8.236444224169676975e-02
5.525970562563653488e-01 8.383882891334835941e-02
5.431938094918128401e-01 8.527205856843246556e-02
5.338413313258880688e-01 8.666006547868372600e-02
5.245406611757882365e-01 8.799896219421989019e-02
5.152928327008634568e-01 8.928481354470685361e-02
5.060988736877365390e-01 9.051370903182226479e-02
4.969598059360780251e-01 9.168272861530377127e-02
4.878766451450451402e-01 9.278985092492907094e-02
4.788504008003974244e-01 9.383501406293669189e-02
4.698820760623064752e-01 9.481928675937889572e-02
4.609726676538650203e-01 9.574330189308381811e-02
4.521231657503131940e-01 9.660750700728522322e-02
4.433345538689928977e-01 9.741266615008389862e-02
4.346078087600411255e-01 9.815964300439196377e-02
4.259439002978354649e-01 9.884909708384233273e-02
4.173437913732044313e-01 9.948169292935335473e-02
4.088084377864137364e-01 1.000584568273462371e-01
4.003387881409395943e-01 1.005802989616397525e-01
3.919357837380436083e-01 1.010472762452788303e-01
3.836003584721576765e-01 1.014589730056777994e-01
3.753334387270930161e-01 1.018141259590661513e-01
3.671359432730831873e-01 1.021114710127987019e-01
3.590087831646743277e-01 1.023501819732384743e-01
3.509528616394713696e-01 1.025295194890099293e-01
3.429690740177547825e-01 1.026487800952186891e-01
3.350583076029753915e-01 1.027073801573405304e-01
3.272214415831418144e-01 1.027049476230407626e-01
3.194593469331089564e-01 1.026412047505472908e-01
3.117728863177794407e-01 1.025159868135906427e-01
3.041629139962280792e-01 1.023292460996463732e-01
2.966302757267624823e-01 1.020810892380804025e-01
2.891758086729252497e-01 1.017720470257923865e-01
2.818003413104546162e-01 1.014031048356091869e-01
2.745046933352085494e-01 1.009753284863551953e-01
2.672896755720651774e-01 1.004898433194682111e-01
2.601560898848094272e-01 9.994787534157927034e-02
2.531047290870154232e-01 9.935072805891087544e-02
2.461363768539343022e-01 9.869971880267813802e-02
2.392518076353984391e-01 9.799619263608669306e-02
2.324517865697500740e-01 9.724168280751377402e-02
2.257370693988056676e-01 9.643780309559397967e-02
2.191084023838638650e-01 9.558599777707502132e-02
2.125665222227673956e-01 9.468772815124827658e-02
2.061121559680280102e-01 9.374504232350255872e-02
1.997460209460230063e-01 9.275983504846158079e-02
1.934688246772731102e-01 9.173209414936195349e-02
1.872812647978095990e-01 9.066088405002038775e-02
1.811840289816407656e-01 8.954393059655724185e-02
1.751777948643248317e-01 8.837898383681544456e-02
1.692632299676588570e-01 8.716506787834667203e-02
1.634409916254914164e-01 8.590140247937502749e-02
1.577117269106679265e-01 8.458699258507998420e-02
1.520760725631161714e-01 8.322150127146565879e-02
1.465346549190801317e-01 8.180624158469448903e-02
1.410880898415101115e-01 8.034462041709329594e-02
1.357369826516168221e-01 7.884368071758518504e-02
1.304819280615971966e-01 7.731035834694492681e-02
1.253235101085391490e-01 7.575071284192604060e-02
1.202623020895129402e-01 7.417048337505958988e-02
1.152988664978553679e-01 7.257507699778732724e-02
1.104337549606562163e-01 7.096983454095831534e-02
1.056675081774507419e-01 6.935999850841292891e-02
1.010006558601274085e-01 6.774970650737457967e-02
9.643371667405697956e-02 6.614165509965867773e-02
9.196719818044885031e-02 6.453249160339852297e-02
8.760159677994161509e-02 6.291404388045962470e-02
8.333739765743386485e-02 6.128009673856203016e-02
7.917507472816209813e-02 5.962603172868267964e-02
7.511509058502996439e-02 5.794852211163539074e-02
7.115789644719716645e-02 5.624530522833815632e-02
6.730393210993146358e-02 5.451678773887421586e-02
6.355362589573076981e-02 5.276479833748437542e-02
5.990739460672012129e-02 5.099192727616418813e-02
5.636564347832906385e-02 4.920102135669900123e-02
5.292876613425423482e-02 4.739464216402996394e-02
4.959714454271368922e-02 4.557617901696492391e-02
4.637114897399441382e-02 4.375318098663914107e-02
4.325113795930202176e-02 4.193484209264433660e-02
4.023745825091396000e-02 4.013211829541222381e-02
3.733044478364233587e-02 3.835546691055709972e-02
3.453042063760936031e-02 3.661257972010355938e-02
3.183769700234129196e-02 3.491056719165702010e-02
2.925257314218321358e-02 3.325639194622998646e-02
2.677533636303963682e-02 3.165582353221105955e-02
2.440626198044326678e-02 3.011195840368577695e-02
2.214561328895736647e-02 2.860952099809322205e-02
1.999364153291383062e-02 2.710163719554153916e-02
1.795058587848985532e-02 2.554990382255915154e-02
1.601667338712764455e-02 2.393349648094399845e-02
1.419211899029970692e-02 2.224176400063971118e-02
1.247712546562085301e-02 2.047528748502144488e-02
1.087188341431266636e-02 1.864270360243808558e-02
9.376571240020115106e-03 1.676065415306183734e-02
7.991355128984078959e-03 1.485087896073779799e-02
6.716389031571567969e-03 1.293949743744810497e-02
5.551814645166519568e-03 1.105535213948585262e-02
4.497761398421062928e-03 9.229229688843909249e-03
3.554346436871580472e-03 7.492118004961891009e-03
2.721674609919344512e-03 5.874885454337883985e-03
1.999838459177394334e-03 4.406450244148124584e-03
1.388918208186096237e-03 3.114183795440884570e-03
8.889817534969424173e-04 2.021707143602441328e-03
5.000846571264760954e-04 1.150095330737255575e-03
2.222701403818971855e-04 5.151192459455911218e-04
5.556907905679420168e-05 1.294341718337616238e-04
0.000000000000000000e+00 -2.472383399682636798e-09
0.000000000000000000e+00 3.226553696610357086e-09
5.556907905679420168e-05 -1.226747486269948661e-04
2.222701403818971855e-04 -4.872820392790234620e-04
5.000846571264760954e-04 -1.084737928528545833e-03
8.889817534969424173e-04 -1.898534025276895493e-03
1.388918208186096237e-03 -2.908112980084975874e-03
1.999838459177394334e-03 -4.086037279666442611e-03
2.721674609919344512e-03 -5.401596078528489095e-03
3.554346436871580472e-03 -6.819280559670576856e-03
4.497761398421062928e-03 -8.301664362849887555e-03
5.551814645166519568e-03 -9.808944774427504759e-03
6.716389031571567969e-03 -1.130133703556369246e-02
7.991355128984078959e-03 -1.273957182646134542e-02
9.376571240020115106e-03 -1.408719057517187311e-02
1.087188341431266636e-02 -1.531163764262033142e-02
1.247712546562085301e-02 -1.638646989581986346e-02
1.419211899029970692e-02 -1.729234345016930283e-02
1.601667338712764455e-02 -1.802091994823284624e-02
1.795058587848985532e-02 -1.857492805842939770e-02
1.999364153291383062e-02 -1.897248689345201744e-02
2.214561328895736647e-02 -1.924564110961154290e-02
2.440626198044326678e-02 -1.945036238500966186e-02
2.677533636303963682e-02 -1.965411194194763636e-02
2.925257314218321358e-02 -1.988095774821067169e-02
3.183769700234129196e-02 -2.012967723067711143e-02
3.453042063760936031e-02 -2.039488379636310647e-02
3.733044478364233587e-02 -2.066930619096380220e-02
4.023745825091396000e-02 -2.094539147797124662e-02
4.325113795930202176e-02 -2.121449886220312664e-02
4.637114897399441382e-02 -2.146282700230500717e-02
4.959714454271368922e-02 -2.167590072789993966e-02
5.292876613425423482e-02 -2.184364256500941764e-02
5.636564347832906385e-02 -2.196021282305603631e-02
5.990739460672012129e-02 -2.203062480243467292e-02
6.355362589573076981e-02 -2.206206327522378455e-02
6.730393210993146358e-02 -2.206100705997330810e-02
7.115789644719716645e-02 -2.203569256030987050e-02
7.511509058502996439e-02 -2.199892408528063281e-02
7.917507472816209813e-02 -2.195977862401364902e-02
8.333739765743386485e-02 -2.191835850740109573e-02
8.760159677994161509e-02 -2.187296679790233511e-02
9.196719818044885031e-02 -2.182068988848817614e-02
9.643371667405697956e-02 -2.175824728442651845e-02
1.010006558601274085e-01 -2.168205412545294239e-02
1.056675081774507419e-01 -2.159020567527859119e-02
1.104337549606562163e-01 -2.148287764756301801e-02
1.152988664978553679e-01 -2.136090514085867836e-02
1.202623020895129402e-01 -2.122567540468779310e-02
1.253235101085391490e-01 -2.107870843904912153e-02
1.304819280615971966e-01 -2.092163635589646548e-02
1.357369826516168221e-01 -2.075635599478770424e-02
1.410880898415101115e-01 -2.058499947304383640e-02
1.465346549190801317e-01 -2.041019642454363486e-02
1.520760725631161714e-01 -2.023472897410620586e-02
1.577117269106679265e-01 -2.006011067747385385e-02
1.634409916254914164e-01 -1.988714867037035677e-02
1.692632299676588570e-01 -1.971624827598776955e-02
1.751777948643248317e-01 -1.954767839086044012e-02
1.811840289816407656e-01 -1.938189222805926024e-02
1.872812647978095990e-01 -1.921939829095136928e-02
1.934688246772731102e-01 -1.906065796996398928e-02
1.997460209460230063e-01 -1.890612308320744478e-02
2.061121559680280102e-01 -1.875626162759027812e-02
2.125665222227673956e-01 -1.861152182392642254e-02
2.191084023838638650e-01 -1.847227687758470557e-02
2.257370693988056676e-01 -1.833889934372984545e-02
2.324517865697500740e-01 -1.821179899385641857e-02
2.392518076353984391e-01 -1.809138923007010472e-02
2.461363768539343022e-01 -1.797807828934173610e-02
2.531047290870154232e-01 -1.787228136740744849e-02
2.601560898848094272e-01 -1.777442767978486965e-02
2.672896755720651774e-01 -1.768495121133499201e-02
2.745046933352085494e-01 -1.760429109499910341e-02
2.818003413104546162e-01 -1.753289138419184337e-02
2.891758086729252497e-01 -1.747120224817076337e-02
2.966302757267624823e-01 -1.741968277810992255e-02
3.041629139962280792e-01 -1.737880203321149827e-02
3.117728863177794407e-01 -1.734904292767582012e-02
3.194593469331089564e-01 -1.733090222601881003e-02
3.272214415831418144e-01 -1.732490060033529608e-02
3.350583076029753915e-01 -1.733157487632616678e-02
3.429690740177547825e-01 -1.735143846792519193e-02
3.509528616394713696e-01 -1.738499670772204395e-02
3.590087831646743277e-01 -1.743282521319830178e-02
3.671359432730831873e-01 -1.749552266775286635e-02
3.753334387270930161e-01 -1.757356999783200174e-02
3.836003584721576765e-01 -1.766743981733405813e-02
3.919357837380436083e-01 -1.777788717488908501e-02
4.003387881409395943e-01 -1.790557446122692173e-02
4.088084377864137364e-01 -1.805015075053886114e-02
4.173437913732044313e-01 -1.821070493302003393e-02
4.259439002978354649e-01 -1.838532549427250584e-02
4.346078087600411255e-01 -1.857189056668239607e-02
4.433345538689928977e-01 -1.876844817744015292e-02
4.521231657503131940e-01 -1.897297040996790557e-02
4.609726676538650203e-01 -1.918311178611377746e-02
4.698820760623064752e-01 -1.939650078965670515e-02
4.788504008003974244e-01 -1.961083405043637443e-02
4.878766451450451402e-01 -1.982360790033935866e-02
4.969598059360780251e-01 -2.003191538928664889e-02
5.060988736877365390e-01 -2.023342473980621614e-02
5.152928327008634568e-01 -2.042683524748127588e-02
5.245406611757882365e-01 -2.061128679713022938e-02
5.338413313258880688e-01 -2.078639225293914261e-02
5.431938094918128401e-01 -2.095166661720595028e-02
5.525970562563653488e-01 -2.110647212158305724e-02
5.620500265600203438e-01 -2.125020522604421924e-02
5.715516698170692855e-01 -2.138230468813366592e-02
5.811009300323815019e-01 -2.150221218100563728e-02
5.906967459187653091e-01 -2.160936077209174924e-02
6.003380510149177729e-01 -2.170305941173225270e-02
6.100237738039482327e-01 -2.178244839183618095e-02
6.197528378324663745e-01 -2.184582516469361566e-02
6.295241618302156450e-01 -2.189100199440408359e-02
6.393366598302444581e-01 -2.191586115682242139e-02
6.491892412895989839e-01 -2.191830552305542093e-02
6.590808112105230876e-01 -2.189612450487084597e-02
6.690102702621547603e-01 -2.184706275413403689e-02
6.789765149027036095e-01 -2.176887528136468852e-02
6.889784375020977514e-01 -2.165929592906020926e-02
6.990149264650814542e-01 -2.151594729389932903e-02
7.090848663547572039e-01 -2.133667795918714818e-02
7.191871380165538730e-01 -2.112028840975006469e-02
7.293206187026060050e-01 -2.086581948582384022e-02
7.394841821965345563e-01 -2.057237375009358590e-02
7.496766989386134394e-01 -2.023906248246258935e-02
7.598970361513051053e-01 -1.986498935137380115e-02
7.701440579651563922e-01 -1.944925916902293453e-02
7.804166255450371015e-01 -1.899098190998967789e-02
7.907135972167069760e-01 -1.848929046653163127e-02
8.010338285937002034e-01 -1.794335300524154894e-02
8.113761727045106786e-01 -1.735212860381292466e-02
8.217394801200630372e-01 -1.671425968967489573e-02
8.321225990814590245e-01 -1.602831852059811643e-02
8.425243756279822138e-01 -1.529282356290042125e-02
8.529436537253458628e-01 -1.450633916189239883e-02
8.633792753941731402e-01 -1.366747884228608489e-02
8.738300808386934015e-01 -1.277480659472890641e-02
8.842949085756387495e-01 -1.182685090120524397e-02
8.947725955633289985e-01 -1.082229202061413958e-02
9.052619773309316109e-01 -9.759761553793650304e-03
9.157618881078770645e-01 -8.636051184663609548e-03
9.262711609534211021e-01 -7.446770737538785379e-03
9.367886278863364335e-01 -6.187329908049397052e-03
9.473131200147204556e-01 -4.853056161726659531e-03
9.578434676659028923e-01 -3.439377796169569047e-03
9.683785005164411430e-01 -1.941765284584364565e-03
9.789170477221889044e-01 -3.556729983607309653e-04
9.894579380484205267e-01 1.323432896426960477e-03
9.999999999999998890e-01 3.099999794028052928e-03
