9.999999999999998890e-01 -2.797657786530308491e-04
9.894579380484205267e-01 2.823692093325586017e-03
9.789170477221889044e-01 6.294182460662887772e-03
9.683785005164411430e-01 9.747898965034272611e-03
9.578434676659028923e-01 1.305698295012981854e-02
9.473131200147204556e-01 1.617931116556517793e-02
9.367886278863364335e-01 1.916291564753783150e-02
9.262711609534211021e-01 2.206212695362307769e-02
9.157618881078770645e-01 2.491102568985291768e-02
9.052619773309316109e-01 2.773385927012754840e-02
8.947725955633289985e-01 3.054148763303626835e-02
8.842949085756387495e-01 3.334043359726565625e-02
8.738300808386934015e-01 3.613267151922190668e-02
8.633792753941731402e-01 3.891885544508325717e-02
8.529436537253458628e-01 4.169841577350016232e-02
8.425243756279822138e-01 4.447077621857899871e-02
8.321225990814590245e-01 4.723544321020863024e-02
8.217394801200630372e-01 4.999180404966822866e-02
8.113761727045106786e-01 5.273908359400773099e-02
8.010338285937002034e-01 5.547578968139244698e-02
7.907135972167069760e-01 5.819985980149915833e-02
7.804166255450371015e-01 6.090922712425284047e-02
7.701440579651563922e-01 6.360183925333298682e-02
7.598970361513051053e-01 6.627570765990394019e-02
7.496766989386134394e-01 6.892889935487417352e-02
7.394841821965345563e-01 7.155963490513600478e-02
7.293206187026060050e-01 7.416612479357455323e-02
7.191871380165538730e-01 7.674604772491269711e-02
7.090848663547572039e-01 7.929683236602333429e-02
6.990149264650814542e-01 8.181569894706185175e-02
6.889784375020977514e-01 8.429984132750770187e-02
6.789765149027036095e-01 8.674663391668008261e-02
6.690102702621547603e-01 8.915346489574711708e-02
6.590808112105230876e-01 9.151759784208106374e-02
6.491892412895989839e-01 9.383637513455071744e-02
6.393366598302444581e-01 9.610745040275413265e-02
6.295241618302156450e-01 9.832797309997542978e-02
6.197528378324663745e-01 1.004937267680519608e-01
6.100237738039482327e-01 1.026005351017572342e-01
6.003380510149177729e-01 1.046447109872889053e-01
5.906967459187653091e-01 1.066220539438913345e-01
5.811009300323815019e-01 1.085273757259997973e-01
5.715516698170692855e-01 1.103548027460071190e-01
5.620500265600203438e-01 1.120976259436794603e-01
5.525970562563653488e-01 1.137493612295522732e-01
5.431938094918128401e-01 1.153039755127556049e-01
5.338413313258880688e-01 1.167578667341866994e-01
5.245406611757882365e-01 1.181098736145343026e-01
5.152928327008634568e-01 1.193587562476365743e-01
5.060988736877365390e-01 1.205032289178217531e-01
4.969598059360780251e-01 1.215435853126237697e-01
4.878766451450451402e-01 1.224814925809229044e-01
4.788504008003974244e-01 1.233210800925507444e-01
4.698820760623064752e-01 1.240679011392381154e-01
4.609726676538650203e-01 1.247270174949669103e-01
4.521231657503131940e-01 1.253029931141247666e-01
4.433345538689928977e-01 1.257987422321290294e-01
4.346078087600411255e-01 1.262163357711899858e-01
4.259439002978354649e-01 1.265570351086764411e-01
4.173437913732044313e-01 1.268219062209007264e-01
4.088084377864137364e-01 1.270124350211760123e-01
4.003387881409395943e-01 1.271302400876190841e-01
3.919357837380436083e-01 1.271769782534504789e-01
3.836003584721576765e-01 1.271543731870926341e-01
3.753334387270930161e-01 1.270643311265371167e-01
3.671359432730831873e-01 1.269086929223039728e-01
3.590087831646743277e-01 1.266890318615581101e-01
3.509528616394713696e-01 1.264066551308916098e-01
3.429690740177547825e-01 1.260623838222892645e-01
3.350583076029753915e-01 1.256570301981033422e-01
3.272214415831418144e-01 1.251915100975012629e-01
3.194593469331089564e-01 1.246668948649832659e-01
3.117728863177794407e-01 1.240844825822206704e-01
3.041629139962280792e-01 1.234457798779051985e-01
2.966302757267624823e-01 1.227525392001806714e-01
2.891758086729252497e-01 1.220065556806354257e-01
2.818003413104546162e-01 1.212096416378696667e-01
2.745046933352085494e-01 1.203633798455227694e-01
2.672896755720651774e-01 1.194691224473096586e-01
2.601560898848094272e-01 1.185279355849141458e-01
2.531047290870154232e-01 1.175406916636674987e-01
2.461363768539343022e-01 1.165085152478022162e-01
2.392518076353984391e-01 1.154326727497680533e-01
2.324517865697500740e-01 1.143141854014233932e-01
2.257370693988056676e-01 1.131539253587364319e-01
2.191084023838638650e-01 1.119526636992945051e-01
2.125665222227673956e-01 1.107111680223095002e-01
2.061121559680280102e-01 1.094304660337899332e-01
1.997460209460230063e-01 1.081116541979424556e-01
1.934688246772731102e-01 1.067556751331761866e-01
1.872812647978095990e-01 1.053634072870903715e-01
1.811840289816407656e-01 1.039356642787027524e-01
1.751777948643248317e-01 1.024733356003141582e-01
1.692632299676588570e-01 1.009776281769765860e-01
1.634409916254914164e-01 9.944975130582410505e-02
1.577117269106679265e-01 9.789072863177518402e-02
1.520760725631161714e-01 9.630147447227022095e-02
1.465346549190801317e-01 9.468272479197335778e-02
1.410880898415101115e-01 9.303543364059732590e-02
1.357369826516168221e-01 9.136102991504070625e-02
1.304819280615971966e-01 8.966077480149012291e-02
1.253235101085391490e-01 8.793555799631032344e-02
1.202623020895129402e-01 8.618601872599754299e-02
1.152988664978553679e-01 8.441250991255171143e-02
1.104337549606562163e-01 8.261575242766945604e-02
1.056675081774507419e-01 8.079692682924716207e-02
1.010006558601274085e-01 7.895736380908170704e-02
9.643371667405697956e-02 7.709850997581826904e-02
9.196719818044885031e-02 7.522170760548702040e-02
8.760159677994161509e-02 7.332826172803197373e-02
8.333739765743386485e-02 7.142017170070476262e-02
7.917507472816209813e-02 6.949985586401463689e-02
7.511509058502996439e-02 6.756903857564106053e-02
7.115789644719716645e-02 6.562867035958480644e-02
6.730393210993146358e-02 6.367672743668927049e-02
6.355362589573076981e-02 6.171004685179035110e-02
5.990739460672012129e-02 5.972761525744350181e-02
5.636564347832906385e-02 5.772945075619410893e-02
5.292876613425423482e-02 5.571636740903922191e-02
4.959714454271368922e-02 5.369097234603256025e-02
4.637114897399441382e-02 5.166272114374799440e-02
4.325113795930202176e-02 4.964207795298423292e-02
4.023745825091396000e-02 4.763612040546445769e-02
3.733044478364233587e-02 4.565224076576210321e-02
3.453042063760936031e-02 4.370115288374801232e-02
3.183769700234129196e-02 4.178252290173897765e-02
2.925257314218321358e-02 3.986652050760751409e-02
2.677533636303963682e-02 3.792594799334703115e-02
2.440626198044326678e-02 3.594880132856416444e-02
2.214561328895736647e-02 3.392261523174470994e-02
1.999364153291383062e-02 3.183135808995001675e-02
1.795058587848985532e-02 2.969253165647916387e-02
1.601667338712764455e-02 2.757340390144700712e-02
1.419211899029970692e-02 2.552753320882070881e-02
1.247712546562085301e-02 2.358695295525744737e-02
1.087188341431266636e-02 2.179820017769118143e-02
9.376571240020115106e-03 2.021870085524528696e-02
7.991355128984078959e-03 1.879730764584896727e-02
6.716389031571567969e-03 1.738846215938967543e-02
5.551814645166519568e-03 1.588232249520688324e-02
4.497761398421062928e-03 1.420163015114567218e-02
3.554346436871580472e-03 1.230703740340223333e-02
2.721674609919344512e-03 1.020455866199539846e-02
1.999838459177394334e-03 8.097594817872703216e-03
1.388918208186096237e-03 6.275090366459273178e-03
8.889817534969424173e-04 4.891408319890024059e-03
5.000846571264760954e-04 3.930677698476206169e-03
2.222701403818971855e-04 2.722492099890723698e-03
5.556907905679420168e-05 8.156631879720169665e-04
0.000000000000000000e+00 -7.499262623618492419e-06
0.000000000000000000e+00 -1.089181661485948684e-05
5.556907905679420168e-05 -1.478782895239595012e-03
2.222701403818971855e-04 -2.539641325779254302e-03
5.000846571264760954e-04 -3.401242844402157638e-03
8.889817534969424173e-04 -4.130589355184323408e-03
1.388918208186096237e-03 -4.773935070726941649e-03
1.999838459177394334e-03 -5.399770739741060858e-03
2.721674609919344512e-03 -6.054234654431303771e-03
3.554346436871580472e-03 -6.724405021573466243e-03
4.497761398421062928e-03 -7.397991851399983096e-03
5.551814645166519568e-03 -8.079222615651800860e-03
6.716389031571567969e-03 -8.770147582615810469e-03
7.991355128984078959e-03 -9.466492795945408503e-03
9.376571240020115106e-03 -1.016566664131866166e-02
1.087188341431266636e-02 -1.086801847643613372e-02
1.247712546562085301e-02 -1.157235513326402773e-02
1.419211899029970692e-02 -1.227557015546588623e-02
1.601667338712764455e-02 -1.297568948072187062e-02
1.795058587848985532e-02 -1.367178596430638354e-02
1.999364153291383062e-02 -1.436091880757596820e-02
2.214561328895736647e-02 -1.503871642928072093e-02
2.440626198044326678e-02 -1.570350442405520422e-02
2.677533636303963682e-02 -1.635563353585976071e-02
2.925257314218321358e-02 -1.699717354185084281e-02
3.183769700234129196e-02 -1.763084648930983434e-02
3.453042063760936031e-02 -1.825698530971434780e-02
3.733044478364233587e-02 -1.887470442080201385e-02
4.023745825091396000e-02 -1.948260650996727281e-02
4.325113795930202176e-02 -2.007932051219970399e-02
4.637114897399441382e-02 -2.066466348230776989e-02
4.959714454271368922e-02 -2.123893864450096883e-02
5.292876613425423482e-02 -2.180286744895646930e-02
5.636564347832906385e-02 -2.235696536601520373e-02
5.990739460672012129e-02 -2.290061267670833595e-02
6.355362589573076981e-02 -2.343303538479792753e-02
6.730393210993146358e-02 -2.395374862948868380e-02
7.115789644719716645e-02 -2.446252773421205007e-02
7.511509058502996439e-02 -2.495965354328867278e-02
7.917507472816209813e-02 -2.544548966185558245e-02
8.333739765743386485e-02 -2.592041176526740931e-02
8.760159677994161509e-02 -2.638459078631626153e-02
9.196719818044885031e-02 -2.683785034361432786e-02
9.643371667405697956e-02 -2.728017437749674298e-02
1.010006558601274085e-01 -2.771183291908810645e-02
1.056675081774507419e-01 -2.813338029940569765e-02
1.104337549606562163e-01 -2.854567265300786416e-02
1.152988664978553679e-01 -2.894922818020879279e-02
1.202623020895129402e-01 -2.934418888771254605e-02
1.253235101085391490e-01 -2.973044465193198232e-02
1.304819280615971966e-01 -3.010769896489932929e-02
1.357369826516168221e-01 -3.047586867605955527e-02
1.410880898415101115e-01 -3.083503304695464631e-02
1.465346549190801317e-01 -3.118530962246778351e-02
1.520760725631161714e-01 -3.152682188754571402e-02
1.577117269106679265e-01 -3.185956270525648615e-02
1.634409916254914164e-01 -3.218346344875410575e-02
1.692632299676588570e-01 -3.249849207205635776e-02
1.751777948643248317e-01 -3.280465764527810968e-02
1.811840289816407656e-01 -3.310211345777641645e-02
1.872812647978095990e-01 -3.339104802350290752e-02
1.934688246772731102e-01 -3.367157631496489612e-02
1.997460209460230063e-01 -3.394375434431968347e-02
2.061121559680280102e-01 -3.420749399079014291e-02
2.125665222227673956e-01 -3.446270268182507340e-02
2.191084023838638650e-01 -3.470938364759609818e-02
2.257370693988056676e-01 -3.494757475001785546e-02
2.324517865697500740e-01 -3.517735475918845611e-02
2.392518076353984391e-01 -3.539875592799320014e-02
2.461363768539343022e-01 -3.561169434528574373e-02
2.531047290870154232e-01 -3.581606606057797376e-02
2.601560898848094272e-01 -3.601175917928036568e-02
2.672896755720651774e-01 -3.619869961149789483e-02
2.745046933352085494e-01 -3.637687161190902158e-02
2.818003413104546162e-01 -3.654622681066078960e-02
2.891758086729252497e-01 -3.670666593381526066e-02
2.966302757267624823e-01 -3.685802373742547849e-02
3.041629139962280792e-01 -3.700006837932080100e-02
3.117728863177794407e-01 -3.713259845156299810e-02
3.194593469331089564e-01 -3.725544337702522274e-02
3.272214415831418144e-01 -3.736842928392635627e-02
3.350583076029753915e-01 -3.747137552764744084e-02
3.429690740177547825e-01 -3.756406212715214521e-02
3.509528616394713696e-01 -3.764624326190871978e-02
3.590087831646743277e-01 -3.771767055684147746e-02
3.671359432730831873e-01 -3.777809845137754252e-02
3.753334387270930161e-01 -3.782731148126294851e-02
3.836003584721576765e-01 -3.786508744181475705e-02
3.919357837380436083e-01 -3.789107748778424573e-02
4.003387881409395943e-01 -3.790487599173707894e-02
4.088084377864137364e-01 -3.790603427882440618e-02
4.173437913732044313e-01 -3.789409269844123268e-02
4.259439002978354649e-01 -3.786860228850567889e-02
4.346078087600411255e-01 -3.782910907075703877e-02
4.433345538689928977e-01 -3.777513235161351207e-02
4.521231657503131940e-01 -3.770616882755835342e-02
4.609726676538650203e-01 -3.762166747136092004e-02
4.698820760623064752e-01 -3.752109074345844064e-02
4.788504008003974244e-01 -3.740395171401541402e-02
4.878766451450451402e-01 -3.726967428947194211e-02
4.969598059360780251e-01 -3.711749132335859236e-02
5.060988736877365390e-01 -3.694648010415110817e-02
5.152928327008634568e-01 -3.675549961935802024e-02
5.245406611757882365e-01 -3.654343939292654941e-02
5.338413313258880688e-01 -3.630925192365374449e-02
5.431938094918128401e-01 -3.605166699051731011e-02
5.525970562563653488e-01 -3.576912983146255526e-02
5.620500265600203438e-01 -3.545964449960705561e-02
5.715516698170692855e-01 -3.512081956939316213e-02
5.811009300323815019e-01 -3.475064200011415694e-02
5.906967459187653091e-01 -3.434727210836916594e-02
6.003380510149177729e-01 -3.390686112404639463e-02
6.100237738039482327e-01 -3.342406293114284777e-02
6.197528378324663745e-01 -3.289262500185105575e-02
6.295241618302156450e-01 -3.230579531844301328e-02
6.393366598302444581e-01 -3.165695004583206351e-02
6.491892412895989839e-01 -3.094011481797881435e-02
6.590808112105230876e-01 -3.015321872671272024e-02
6.690102702621547603e-01 -2.929566156975415767e-02
6.789765149027036095e-01 -2.836612926097082515e-02
6.889784375020977514e-01 -2.736359490015593046e-02
6.990149264650814542e-01 -2.628942284198814219e-02
7.090848663547572039e-01 -2.514626919232401323e-02
7.191871380165538730e-01 -2.393908383268795667e-02
7.293206187026060050e-01 -2.267319163834768600e-02
7.394841821965345563e-01 -2.135344463284831115e-02
7.496766989386134394e-01 -1.998523145508683888e-02
7.598970361513051053e-01 -1.857552377992533962e-02
7.701440579651563922e-01 -1.713127970327842781e-02
7.804166255450371015e-01 -1.565893284072846642e-02
7.907135972167069760e-01 -1.416687567865393058e-02
8.010338285937002034e-01 -1.266709065101665442e-02
8.113761727045106786e-01 -1.117280864530173674e-02
8.217394801200630372e-01 -9.698531929710140290e-03
8.321225990814590245e-01 -8.257515186296608342e-03
8.425243756279822138e-01 -6.861282243588999463e-03
8.529436537253458628e-01 -5.520154861033074040e-03
8.633792753941731402e-01 -4.243366542905094296e-03
8.738300808386934015e-01 -3.041314672898217004e-03
8.842949085756387495e-01 -1.925459371023400612e-03
8.947725955633289985e-01 -9.070162134492859877e-04
9.052619773309316109e-01 2.662749249994642169e-06
9.157618881078770645e-01 7.883115632138622481e-04
9.262711609534211021e-01 1.431834953021035887e-03
9.367886278863364335e-01 1.911872555425659032e-03
9.473131200147204556e-01 2.205232712048416002e-03
9.578434676659028923e-01 2.287799199520167397e-03
9.683785005164411430e-01 2.132422110309117012e-03
9.789170477221889044e-01 1.696346390366375127e-03
9.894579380484205267e-01 9.233963397457501353e-04
9.999999999999998890e-01 -2.800192660120122802e-04
