9.999999999999998890e-01 2.250001368830537897e-03
9.894579380484205267e-01 5.565201628966362155e-03
9.789170477221889044e-01 8.718207027397185602e-03
9.683785005164411430e-01 1.172814334662539842e-02
9.578434676659028923e-01 1.461449825099211952e-02
9.473131200147204556e-01 1.739670307349999723e-02
9.367886278863364335e-01 2.009383389992752331e-02
9.262711609534211021e-01 2.272514440474617675e-02
9.157618881078770645e-01 2.531041950634798157e-02
9.052619773309316109e-01 2.786876222063407876e-02
8.947725955633289985e-01 3.041769462243798863e-02
8.842949085756387495e-01 3.296489725407374116e-02
8.738300808386934015e-01 3.550270809289499119e-02
8.633792753941731402e-01 3.802280353972937316e-02
8.529436537253458628e-01 4.051779131079332602e-02
8.425243756279822138e-01 4.298018862125447398e-02
8.321225990814590245e-01 4.540233925927740499e-02
8.217394801200630372e-01 4.777661766289842404e-02
8.113761727045106786e-01 5.009547696640404002e-02
8.010338285937002034e-01 5.235201964839918815e-02
7.907135972167069760e-01 5.454038627167686476e-02
7.804166255450371015e-01 5.666115507119906525e-02
7.701440579651563922e-01 5.871917534657886129e-02
7.598970361513051053e-01 6.071870481550100535e-02
7.496766989386134394e-01 6.266364838256920089e-02
7.394841821965345563e-01 6.455813821399902785e-02
7.293206187026060050e-01 6.640638804789124328e-02
7.191871380165538730e-01 6.821242944861131974e-02
7.090848663547572039e-01 6.998020598439634588e-02
6.990149264650814542e-01 7.171357858275574648e-02
6.889784375020977514e-01 7.341558428829725313e-02
6.789765149027036095e-01 7.508581427936071584e-02
6.690102702621547603e-01 7.672297674356265418e-02
6.590808112105230876e-01 7.832595151620308505e-02
6.491892412895989839e-01 7.989365378851209787e-02
6.393366598302444581e-01 8.142499058161774272e-02
6.295241618302156450e-01 8.291890706244642306e-02
6.197528378324663745e-01 8.437444502951743641e-02
6.100237738039482327e-01 8.579066171505513039e-02
6.003380510149177729e-01 8.716661833120528668e-02
5.906967459187653091e-01 8.850152904188311742e-02
5.811009300323815019e-01 8.979486879315864978e-02
5.715516698170692855e-01 9.104618781419877849e-02
5.620500265600203438e-01 9.225510901256929464e-02
5.525970562563653488e-01 9.342129947248850597e-02
5.431938094918128401e-01 9.454447288131292981e-02
5.338413313258880688e-01 9.562434548625277364e-02
5.245406611757882365e-01 9.666064038089167143e-02
5.152928327008634568e-01 9.765320594366794227e-02
5.060988736877365390e-01 9.860198140934973987e-02
4.969598059360780251e-01 9.950668130372204712e-02
4.878766451450451402e-01 1.003667896778220742e-01
4.788504008003974244e-01 1.011810843891449846e-01
4.698820760623064752e-01 1.019479497460355766e-01
4.609726676538650203e-01 1.026660579919058125e-01
4.521231657503131940e-01 1.033342338437845814e-01
4.433345538689928977e-01 1.039513202358939015e-01
4.346078087600411255e-01 1.045162041649363716e-01
4.259439002978354649e-01 1.050279823453762890e-01
4.173437913732044313e-01 1.054858276732867084e-01
4.088084377864137364e-01 1.058889227111676490e-01
4.003387881409395943e-01 1.062365615493663512e-01
3.919357837380436083e-01 1.065284566440610620e-01
3.836003584721576765e-01 1.067645836084494260e-01
3.753334387270930161e-01 1.069454334851353550e-01
3.671359432730831873e-01 1.070715825639231567e-01
3.590087831646743277e-01 1.071435636645544226e-01
3.509528616394713696e-01 1.071619561205087584e-01
3.429690740177547825e-01 1.071274564084179759e-01
3.350583076029753915e-01 1.070407889461946621e-01
3.272214415831418144e-01 1.069027019354162611e-01
3.194593469331089564e-01 1.067140023503735102e-01
3.117728863177794407e-01 1.064755834731271056e-01
3.041629139962280792e-01 1.061883450129843393e-01
2.966302757267624823e-01 1.058532030983394684e-01
2.891758086729252497e-01 1.054715465631924087e-01
2.818003413104546162e-01 1.050452781638569894e-01
2.745046933352085494e-01 1.045763134963928476e-01
2.672896755720651774e-01 1.040665579736205909e-01
2.601560898848094272e-01 1.035179445372774176e-01
2.531047290870154232e-01 1.029324161762950052e-01
2.461363768539343022e-01 1.023117790264300442e-01
2.392518076353984391e-01 1.016577723542445022e-01
2.324517865697500740e-01 1.009723483031437219e-01
2.257370693988056676e-01 1.002575092146775759e-01
2.191084023838638650e-01 9.951474872865966048e-02
2.125665222227673956e-01 9.874549106400434817e-02
2.061121559680280102e-01 9.795217229726974062e-02
1.997460209460230063e-01 9.713692808526754041e-02
1.934688246772731102e-01 9.629842286293130438e-02
1.872812647978095990e-01 9.543343757075328782e-02
1.811840289816407656e-01 9.453547379319102162e-02
1.751777948643248317e-01 9.359780456581795471e-02
1.692632299676588570e-01 9.261583894256110450e-02
1.634409916254914164e-01 9.158549397470355791e-02
1.577117269106679265e-01 9.050283367602020290e-02
1.520760725631161714e-01 8.936454381300393268e-02
1.465346549190801317e-01 8.816872209082533829e-02
1.410880898415101115e-01 8.691511432754610300e-02
1.357369826516168221e-01 8.560630176488728815e-02
1.304819280615971966e-01 8.424514789032208628e-02
1.253235101085391490e-01 8.283444232021509868e-02
1.202623020895129402e-01 8.137712752578660225e-02
1.152988664978553679e-01 7.987636692124726323e-02
1.104337549606562163e-01 7.833533418840249452e-02
1.056675081774507419e-01 7.675720569607012711e-02
1.010006558601274085e-01 7.514537126042040993e-02
9.643371667405697956e-02 7.350356899270864275e-02
9.196719818044885031e-02 7.183786468923122892e-02
8.760159677994161509e-02 7.015619923049988549e-02
8.333739765743386485e-02 6.846593462905578575e-02
7.917507472816209813e-02 6.677390863501006524e-02
7.511509058502996439e-02 6.508614091020561987e-02
7.115789644719716645e-02 6.340687985943133098e-02
6.730393210993146358e-02 6.172968110221390553e-02
6.355362589573076981e-02 6.004343046150031199e-02
5.990739460672012129e-02 5.834093966108416102e-02
5.636564347832906385e-02 5.661671330051860213e-02
5.292876613425423482e-02 5.486562409574428228e-02
4.959714454271368922e-02 5.308439490862734700e-02
4.637114897399441382e-02 5.127751190595031955e-02
4.325113795930202176e-02 4.945283520113922388e-02
4.023745825091396000e-02 4.762263886388629769e-02
3.733044478364233587e-02 4.579938346204286831e-02
3.453042063760936031e-02 4.399298204456486561e-02
3.183769700234129196e-02 4.221226719603649036e-02
2.925257314218321358e-02 4.046456687909598393e-02
2.677533636303963682e-02 3.875754560310070568e-02
2.440626198044326678e-02 3.709977756479084648e-02
2.214561328895736647e-02 3.547446311685904796e-02
1.999364153291383062e-02 3.382008336938789606e-02
1.795058587848985532e-02 3.208400885133198821e-02
1.601667338712764455e-02 3.023393714746535135e-02
1.419211899029970692e-02 2.825317523764983574e-02
1.247712546562085301e-02 2.614287323444367678e-02
1.087188341431266636e-02 2.391502677341662483e-02
9.376571240020115106e-03 2.159227622373521144e-02
7.991355128984078959e-03 1.920500346842191411e-02
6.716389031571567969e-03 1.679027275260109101e-02
5.551814645166519568e-03 1.438882340687835763e-02
4.497761398421062928e-03 1.204401701969880049e-02
3.554346436871580472e-03 9.799697508083736117e-03
2.721674609919344512e-03 7.699659152607311527e-03
1.999838459177394334e-03 5.784874006701370974e-03
1.388918208186096237e-03 4.094098591496124658e-03
8.889817534969424173e-04 2.660836133630159646e-03
5.000846571264760954e-04 1.515003407240768461e-03
2.222701403818971855e-04 6.789666144410156767e-04
5.556907905679420168e-05 1.706683616190499033e-04
0.000000000000000000e+00 -3.384407893855017972e-09
0.000000000000000000e+00 2.104441525584886894e-09
5.556907905679420168e-05 -7.911488932928542736e-05
2.222701403818971855e-04 -3.142547668654451453e-04
5.000846571264760954e-04 -6.995637253239856031e-04
8.889817534969424173e-04 -1.224386820687380735e-03
1.388918208186096237e-03 -1.875448851699639463e-03
1.999838459177394334e-03 -2.635018903688688807e-03
2.721674609919344512e-03 -3.483223477247385843e-03
3.554346436871580472e-03 -4.397030008940326466e-03
4.497761398421062928e-03 -5.352119053569307644e-03
5.551814645166519568e-03 -6.322558724875071250e-03
6.716389031571567969e-03 -7.282313411427911165e-03
7.991355128984078959e-03 -8.205508268058729973e-03
9.376571240020115106e-03 -9.067961069036178934e-03
1.087188341431266636e-02 -9.847856332046820912e-03
1.247712546562085301e-02 -1.052702181909968317e-02
1.419211899029970692e-02 -1.109153132372830107e-02
1.601667338712764455e-02 -1.153439316202790887e-02
1.795058587848985532e-02 -1.185556818575230278e-02
1.999364153291383062e-02 -1.206420094865706151e-02
2.214561328895736647e-02 -1.217785121966645338e-02
2.440626198044326678e-02 -1.222980216613109641e-02
2.677533636303963682e-02 -1.226112885140304490e-02
2.925257314218321358e-02 -1.228662742246876272e-02
3.183769700234129196e-02 -1.230567437583999363e-02
3.453042063760936031e-02 -1.231437504413239632e-02
3.733044478364233587e-02 -1.230744811285969763e-02
4.023745825091396000e-02 -1.228015032069323074e-02
4.325113795930202176e-02 -1.222742307873278533e-02
4.637114897399441382e-02 -1.214141116542858702e-02
4.959714454271368922e-02 -1.201397787198379453e-02
5.292876613425423482e-02 -1.183973253598787599e-02
5.636564347832906385e-02 -1.161590204026301774e-02
5.990739460672012129e-02 -1.134638842517891530e-02
6.355362589573076981e-02 -1.103658629725362203e-02
6.730393210993146358e-02 -1.069191803937230220e-02
7.115789644719716645e-02 -1.031919331366915916e-02
7.511509058502996439e-02 -9.928569579931056238e-03
7.917507472816209813e-02 -9.527628518420185044e-03
8.333739765743386485e-02 -9.117690984821883241e-03
8.760159677994161509e-02 -8.698765161172964527e-03
9.196719818044885031e-02 -8.269917630755411336e-03
9.643371667405697956e-02 -7.830197854138338728e-03
1.010006558601274085e-01 -7.378773947550220508e-03
1.056675081774507419e-01 -6.915215735951395042e-03
1.104337549606562163e-01 -6.439576550682891455e-03
1.152988664978553679e-01 -5.952157995800494601e-03
1.202623020895129402e-01 -5.453483074352125440e-03
1.253235101085391490e-01 -4.944042262024155900e-03
1.304819280615971966e-01 -4.424300845009860629e-03
1.357369826516168221e-01 -3.894877894374018136e-03
1.410880898415101115e-01 -3.356499423420270835e-03
1.465346549190801317e-01 -2.809837760034691791e-03
1.520760725631161714e-01 -2.255648306197339040e-03
1.577117269106679265e-01 -1.695695779780388799e-03
1.634409916254914164e-01 -1.132360346024160070e-03
1.692632299676588570e-01 -5.687245653853880822e-04
1.751777948643248317e-01 -8.157627230060049059e-06
1.811840289816407656e-01 5.460312799192221234e-04
1.872812647978095990e-01 1.090332156300325176e-03
1.934688246772731102e-01 1.620195093526803328e-03
1.997460209460230063e-01 2.131217182654943608e-03
2.061121559680280102e-01 2.620729682648658982e-03
2.125665222227673956e-01 3.087291661574375397e-03
2.191084023838638650e-01 3.532032878935330820e-03
2.257370693988056676e-01 3.956429188106668285e-03
2.324517865697500740e-01 4.361531897402688707e-03
2.392518076353984391e-01 4.748558762143562616e-03
2.461363768539343022e-01 5.119241913784192480e-03
2.531047290870154232e-01 5.475421558105357349e-03
2.601560898848094272e-01 5.819014563070732358e-03
2.672896755720651774e-01 6.152131358035446695e-03
2.745046933352085494e-01 6.477170540388457048e-03
2.818003413104546162e-01 6.796691666217451536e-03
2.891758086729252497e-01 7.113437604541744154e-03
2.966302757267624823e-01 7.430344318715659084e-03
3.041629139962280792e-01 7.750422031730483559e-03
3.117728863177794407e-01 8.074246813087219282e-03
3.194593469331089564e-01 8.400141586087640083e-03
3.272214415831418144e-01 8.726231218209793208e-03
3.350583076029753915e-01 9.050545123040598661e-03
3.429690740177547825e-01 9.371032640640524630e-03
3.509528616394713696e-01 9.685569896086307362e-03
3.590087831646743277e-01 9.991821010515909013e-03
3.671359432730831873e-01 1.028734149023478525e-02
3.753334387270930161e-01 1.056973920923888477e-02
3.836003584721576765e-01 1.083656005095732545e-02
3.919357837380436083e-01 1.108481607236535757e-02
4.003387881409395943e-01 1.131158582762514277e-02
4.088084377864137364e-01 1.151531292695009631e-02
4.173437913732044313e-01 1.169517758771980442e-02
4.259439002978354649e-01 1.185163256548197805e-02
4.346078087600411255e-01 1.198536803335626191e-02
4.433345538689928977e-01 1.209675473401353174e-02
4.521231657503131940e-01 1.218618588120398000e-02
4.609726676538650203e-01 1.225431146460268829e-02
4.698820760623064752e-01 1.230180212149850107e-02
4.788504008003974244e-01 1.232927175018385703e-02
4.878766451450451402e-01 1.233741082186390163e-02
4.969598059360780251e-01 1.232707400896589957e-02
5.060988736877365390e-01 1.229899556646944087e-02
5.152928327008634568e-01 1.225367910520729769e-02
5.245406611757882365e-01 1.219155533863283854e-02
5.338413313258880688e-01 1.211298538796394368e-02
5.431938094918128401e-01 1.201837594646971291e-02
5.525970562563653488e-01 1.190819344849217663e-02
5.620500265600203438e-01 1.178292062487758772e-02
5.715516698170692855e-01 1.164305490717842083e-02
5.811009300323815019e-01 1.148912715070006009e-02
5.906967459187653091e-01 1.132169799187772788e-02
6.003380510149177729e-01 1.114136130959042167e-02
6.100237738039482327e-01 1.094874334871014966e-02
6.197528378324663745e-01 1.074457046653005260e-02
6.295241618302156450e-01 1.052962899299043735e-02
6.393366598302444581e-01 1.030471748642159194e-02
6.491892412895989839e-01 1.007064874002729093e-02
6.590808112105230876e-01 9.828293035392078256e-03
6.690102702621547603e-01 9.578541661566773030e-03
6.789765149027036095e-01 9.322271896138122071e-03
6.889784375020977514e-01 9.060385129273977600e-03
6.990149264650814542e-01 8.793912715612695052e-03
7.090848663547572039e-01 8.523456425262419464e-03
7.191871380165538730e-01 8.247893264110415026e-03
7.293206187026060050e-01 7.965661797285720699e-03
7.394841821965345563e-01 7.675079748065230002e-03
7.496766989386134394e-01 7.374430947680707740e-03
7.598970361513051053e-01 7.061971681187925731e-03
7.701440579651563922e-01 6.735967289508103077e-03
7.804166255450371015e-01 6.394710095335475256e-03
7.907135972167069760e-01 6.036396991270499141e-03
8.010338285937002034e-01 5.659070205178967118e-03
8.113761727045106786e-01 5.261803095803664274e-03
8.217394801200630372e-01 4.845228005543884831e-03
8.321225990814590245e-01 4.410334505190603889e-03
8.425243756279822138e-01 3.958395214158438348e-03
8.529436537253458628e-01 3.490546660473848109e-03
8.633792753941731402e-01 3.007777184012663720e-03
8.738300808386934015e-01 2.511331725658422134e-03
8.842949085756387495e-01 2.002653728956289066e-03
8.947725955633289985e-01 1.482674165617217871e-03
9.052619773309316109e-01 9.525737618227066595e-04
9.157618881078770645e-01 4.207316652911877891e-04
9.262711609534211021e-01 -9.984025483622764716e-05
9.367886278863364335e-01 -5.952593538585569319e-04
9.473131200147204556e-01 -1.051258004687442718e-03
9.578434676659028923e-01 -1.453840318979832645e-03
9.683785005164411430e-01 -1.789099303300260716e-03
9.789170477221889044e-01 -2.042933863905066656e-03
9.894579380484205267e-01 -2.201212224261769879e-03
9.999999999999998890e-01 -2.250000733855608923e-03
