9.999999999999998890e-01 4.083147016125787999e-06
9.894579380484205267e-01 2.894968882131099437e-03
9.789170477221889044e-01 4.790073848263374200e-03
9.683785005164411430e-01 6.676479094002962453e-03
9.578434676659028923e-01 8.628047138716562342e-03
9.473131200147204556e-01 1.056364283997012800e-02
9.367886278863364335e-01 1.249148513781744504e-02
9.262711609534211021e-01 1.442512879054580130e-02
9.157618881078770645e-01 1.635611960950162855e-02
9.052619773309316109e-01 1.827866915744261536e-02
8.947725955633289985e-01 2.019770742764097002e-02
8.842949085756387495e-01 2.211541899959280216e-02
8.738300808386934015e-01 2.402782008458134028e-02
8.633792753941731402e-01 2.593402761534817358e-02
8.529436537253458628e-01 2.783808889041486379e-02
8.425243756279822138e-01 2.974580952646133439e-02
8.321225990814590245e-01 3.166436135715392647e-02
8.217394801200630372e-01 3.359614485192485150e-02
8.113761727045106786e-01 3.553904625514468091e-02
8.010338285937002034e-01 3.749238845647356877e-02
7.907135972167069760e-01 3.945672482335088604e-02
7.804166255450371015e-01 4.143179920791840304e-02
7.701440579651563922e-01 4.341683304832889834e-02
7.598970361513051053e-01 4.541152057650083007e-02
7.496766989386134394e-01 4.741578847872846003e-02
7.394841821965345563e-01 4.942923458204138976e-02
7.293206187026060050e-01 5.145134071769506823e-02
7.191871380165538730e-01 5.348185571311498548e-02
7.090848663547572039e-01 5.552058343484923830e-02
6.990149264650814542e-01 5.756705997244862538e-02
6.889784375020977514e-01 5.962011489218797811e-02
6.789765149027036095e-01 6.167590237572991713e-02
6.690102702621547603e-01 6.373082460963806761e-02
6.590808112105230876e-01 6.578473974673536284e-02
6.491892412895989839e-01 6.783793451421522847e-02
6.393366598302444581e-01 6.988969751291533583e-02
6.295241618302156450e-01 7.193945467790097137e-02
6.197528378324663745e-01 7.398740783829602097e-02
6.100237738039482327e-01 7.603338942260945421e-02
6.003380510149177729e-01 7.807622410975317839e-02
5.906967459187653091e-01 8.011297175965149953e-02
5.811009300323815019e-01 8.213794998951635951e-02
5.715516698170692855e-01 8.414794560387170441e-02
5.620500265600203438e-01 8.614364928809559174e-02
5.525970562563653488e-01 8.812551432401102836e-02
5.431938094918128401e-01 9.009332995981643444e-02
5.338413313258880688e-01 9.204650080948216517e-02
5.245406611757882365e-01 9.398417302653395977e-02
5.152928327008634568e-01 9.590713369290276846e-02
5.060988736877365390e-01 9.781704447382061351e-02
4.969598059360780251e-01 9.970813213209615833e-02
4.878766451450451402e-01 1.015697782342400435e-01
4.788504008003974244e-01 1.033973695997516540e-01
4.698820760623064752e-01 1.051901547412672361e-01
4.609726676538650203e-01 1.069485724900763879e-01
4.521231657503131940e-01 1.086735075292564051e-01
4.433345538689928977e-01 1.103649104528577063e-01
4.346078087600411255e-01 1.120225166652130400e-01
4.259439002978354649e-01 1.136471113172031894e-01
4.173437913732044313e-01 1.152396156037241437e-01
4.088084377864137364e-01 1.167998495526077762e-01
4.003387881409395943e-01 1.183233632531224266e-01
3.919357837380436083e-01 1.197905194517768779e-01
3.836003584721576765e-01 1.211841105435053079e-01
3.753334387270930161e-01 1.225062088759436701e-01
3.671359432730831873e-01 1.237610755338958285e-01
3.590087831646743277e-01 1.249487149142624737e-01
3.509528616394713696e-01 1.260693568299069700e-01
3.429690740177547825e-01 1.271252240393933863e-01
3.350583076029753915e-01 1.281181624942845931e-01
3.272214415831418144e-01 1.290488623049689532e-01
3.194593469331089564e-01 1.299186697687858549e-01
3.117728863177794407e-01 1.307299182271913496e-01
3.041629139962280792e-01 1.314770399812980051e-01
2.966302757267624823e-01 1.321445749341337295e-01
2.891758086729252497e-01 1.327280151913096395e-01
2.818003413104546162e-01 1.332344347443855104e-01
2.745046933352085494e-01 1.336500800974826375e-01
2.672896755720651774e-01 1.339430618834368258e-01
2.601560898848094272e-01 1.341047381999512511e-01
2.531047290870154232e-01 1.341445596939271900e-01
2.461363768539343022e-01 1.340666309388632293e-01
2.392518076353984391e-01 1.338718434890720232e-01
2.324517865697500740e-01 1.335665955626964829e-01
2.257370693988056676e-01 1.331584147533281526e-01
2.191084023838638650e-01 1.326402818921448290e-01
2.125665222227673956e-01 1.320003492961923097e-01
2.061121559680280102e-01 1.312381481105221182e-01
1.997460209460230063e-01 1.303578655355439597e-01
1.934688246772731102e-01 1.293652470076759042e-01
1.872812647978095990e-01 1.282663230238176855e-01
1.811840289816407656e-01 1.270662770637715488e-01
1.751777948643248317e-01 1.257701466392767142e-01
1.692632299676588570e-01 1.243832235441819090e-01
1.634409916254914164e-01 1.229108854671402268e-01
1.577117269106679265e-01 1.213585980336584907e-01
1.520760725631161714e-01 1.197315130947299300e-01
1.465346549190801317e-01 1.180340049132061198e-01
1.410880898415101115e-01 1.162698363604104251e-01
1.357369826516168221e-01 1.144418094439219741e-01
1.304819280615971966e-01 1.125540107514448468e-01
1.253235101085391490e-01 1.106127969525259880e-01
1.202623020895129402e-01 1.086235282174761868e-01
1.152988664978553679e-01 1.065899468837919195e-01
1.104337549606562163e-01 1.045173356624825023e-01
1.056675081774507419e-01 1.024127665642556168e-01
1.010006558601274085e-01 1.002801275687102145e-01
9.643371667405697956e-02 9.812050127864019311e-02
9.196719818044885031e-02 9.594209937018975676e-02
8.760159677994161509e-02 9.375694366356691900e-02
8.333739765743386485e-02 9.154839002775294610e-02
7.917507472816209813e-02 8.928119140069255832e-02
7.511509058502996439e-02 8.693583754564333799e-02
7.115789644719716645e-02 8.450697336976555063e-02
6.730393210993146358e-02 8.202780339764347006e-02
6.355362589573076981e-02 7.955070558079480048e-02
5.990739460672012129e-02 7.712984735611250198e-02
5.636564347832906385e-02 7.480684328027083219e-02
5.292876613425423482e-02 7.255087851530658827e-02
4.959714454271368922e-02 7.029948779953604232e-02
4.637114897399441382e-02 6.795873511394262545e-02
4.325113795930202176e-02 6.545585581369754713e-02
4.023745825091396000e-02 6.282913025525443951e-02
3.733044478364233587e-02 6.015600648414771295e-02
3.453042063760936031e-02 5.755502174104152463e-02
3.183769700234129196e-02 5.512134041394323170e-02
2.925257314218321358e-02 5.287100730272482896e-02
2.677533636303963682e-02 5.076696064012124060e-02
2.440626198044326678e-02 4.868672504018636132e-02
2.214561328895736647e-02 4.654547592034059128e-02
1.999364153291383062e-02 4.434403288655450887e-02
1.795058587848985532e-02 4.209975277630334523e-02
1.601667338712764455e-02 3.984150389867910369e-02
1.419211899029970692e-02 3.759609904141607284e-02
1.247712546562085301e-02 3.538623597164242129e-02
1.087188341431266636e-02 3.322466434376129124e-02
9.376571240020115106e-03 3.111145286239249894e-02
7.991355128984078959e-03 2.900005954751086121e-02
6.716389031571567969e-03 2.681242379889732866e-02
5.551814645166519568e-03 2.460473890350967779e-02
4.497761398421062928e-03 2.251402296535834346e-02
3.554346436871580472e-03 2.044538057620272700e-02
2.721674609919344512e-03 1.820527360746222040e-02
1.999838459177394334e-03 1.603940638088035067e-02
1.388918208186096237e-03 1.426872353670136095e-02
8.889817534969424173e-04 1.206592510592707258e-02
5.000846571264760954e-04 8.423801484184097188e-03
2.222701403818971855e-04 4.278632458542316191e-03
5.556907905679420168e-05 1.163200774684164992e-03
0.000000000000000000e+00 3.874875023037041766e-05
0.000000000000000000e+00 -3.251245926543907323e-07
5.556907905679420168e-05 -2.189939143431795480e-04
2.222701403818971855e-04 -8.727293477586625095e-04
5.000846571264760954e-04 -1.852427520672302605e-03
8.889817534969424173e-04 -3.080172739054727084e-03
1.388918208186096237e-03 -4.421506579640929399e-03
1.999838459177394334e-03 -5.571122555720448358e-03
2.721674609919344512e-03 -6.354842296424845910e-03
3.554346436871580472e-03 -6.960179918752296829e-03
4.497761398421062928e-03 -7.549197266098893466e-03
5.551814645166519568e-03 -8.141481098972478542e-03
6.716389031571567969e-03 -8.736279445294731216e-03
7.991355128984078959e-03 -9.325842030306227132e-03
9.376571240020115106e-03 -9.907753534465392128e-03
1.087188341431266636e-02 -1.048734106746449131e-02
1.247712546562085301e-02 -1.106397188776011078e-02
1.419211899029970692e-02 -1.163030585416162735e-02
1.601667338712764455e-02 -1.219181313953645977e-02
1.795058587848985532e-02 -1.276537816380483165e-02
1.999364153291383062e-02 -1.335033411932566236e-02
2.214561328895736647e-02 -1.393205258475193643e-02
2.440626198044326678e-02 -1.450184880875926736e-02
2.677533636303963682e-02 -1.505489034652127828e-02
2.925257314218321358e-02 -1.558211554093995310e-02
3.183769700234129196e-02 -1.607450298666840416e-02
3.453042063760936031e-02 -1.654265778423450600e-02
3.733044478364233587e-02 -1.700377772378538349e-02
4.023745825091396000e-02 -1.745749311902973847e-02
4.325113795930202176e-02 -1.789807064647570486e-02
4.637114897399441382e-02 -1.832821678561607701e-02
4.959714454271368922e-02 -1.875219806074336984e-02
5.292876613425423482e-02 -1.916904470525085044e-02
5.636564347832906385e-02 -1.957727788013871942e-02
5.990739460672012129e-02 -1.997864660254034669e-02
6.355362589573076981e-02 -2.037731856038800526e-02
6.730393210993146358e-02 -2.078244037549892287e-02
7.115789644719716645e-02 -2.119803419756608256e-02
7.511509058502996439e-02 -2.161336258820389586e-02
7.917507472816209813e-02 -2.200826207525067441e-02
8.333739765743386485e-02 -2.234806746398414548e-02
8.760159677994161509e-02 -2.261035170171168257e-02
9.196719818044885031e-02 -2.279704773905944643e-02
9.643371667405697956e-02 -2.293750226345989823e-02
1.010006558601274085e-01 -2.309607423631592285e-02
1.056675081774507419e-01 -2.331113951157578676e-02
1.104337549606562163e-01 -2.358527854678941701e-02
1.152988664978553679e-01 -2.389159355687234601e-02
1.202623020895129402e-01 -2.417630343434771720e-02
1.253235101085391490e-01 -2.440212984952861569e-02
1.304819280615971966e-01 -2.454995743876276990e-02
1.357369826516168221e-01 -2.464109680856702012e-02
1.410880898415101115e-01 -2.472463944105377995e-02
1.465346549190801317e-01 -2.483826725270513874e-02
1.520760725631161714e-01 -2.500748206229865336e-02
1.577117269106679265e-01 -2.521599706054932638e-02
1.634409916254914164e-01 -2.542616905663155208e-02
1.692632299676588570e-01 -2.559959943401604598e-02
1.751777948643248317e-01 -2.570519393133363639e-02
1.811840289816407656e-01 -2.575487993357959346e-02
1.872812647978095990e-01 -2.577796784759318893e-02
1.934688246772731102e-01 -2.581394661223154058e-02
1.997460209460230063e-01 -2.589486359298779142e-02
2.061121559680280102e-01 -2.601271981965057323e-02
2.125665222227673956e-01 -2.614541470886638450e-02
2.191084023838638650e-01 -2.625668858071654455e-02
2.257370693988056676e-01 -2.631899474439062386e-02
2.324517865697500740e-01 -2.633505183134708313e-02
2.392518076353984391e-01 -2.632100462765923216e-02
2.461363768539343022e-01 -2.631148229057109905e-02
2.531047290870154232e-01 -2.633041500387663450e-02
2.601560898848094272e-01 -2.637754261070858128e-02
2.672896755720651774e-01 -2.643961242909926429e-02
2.745046933352085494e-01 -2.648768768961464598e-02
2.818003413104546162e-01 -2.650325885505068479e-02
2.891758086729252497e-01 -2.648350577666384875e-02
2.966302757267624823e-01 -2.643978560465791439e-02
3.041629139962280792e-01 -2.639721457411442831e-02
3.117728863177794407e-01 -2.637017667120808775e-02
3.194593469331089564e-01 -2.636164693300974832e-02
3.272214415831418144e-01 -2.636083623040898216e-02
3.350583076029753915e-01 -2.634740266978637807e-02
3.429690740177547825e-01 -2.631033027416416689e-02
3.509528616394713696e-01 -2.624638693023259930e-02
3.590087831646743277e-01 -2.616673563664056665e-02
3.671359432730831873e-01 -2.608914133727532891e-02
3.753334387270930161e-01 -2.602215578052463965e-02
3.836003584721576765e-01 -2.596770777464379662e-02
3.919357837380436083e-01 -2.591310401876101635e-02
4.003387881409395943e-01 -2.584193123362168651e-02
4.088084377864137364e-01 -2.574709130974169036e-02
4.173437913732044313e-01 -2.562824196018632927e-02
4.259439002978354649e-01 -2.550090524814052628e-02
4.346078087600411255e-01 -2.538135719385343006e-02
4.433345538689928977e-01 -2.527432955874362591e-02
4.521231657503131940e-01 -2.517673278530787803e-02
4.609726676538650203e-01 -2.507035557414064378e-02
4.698820760623064752e-01 -2.494016645831527434e-02
4.788504008003974244e-01 -2.478489903186975596e-02
4.878766451450451402e-01 -2.461206608886906330e-02
4.969598059360780251e-01 -2.444238796968859970e-02
5.060988736877365390e-01 -2.428802469882345230e-02
5.152928327008634568e-01 -2.414437717372868927e-02
5.245406611757882365e-01 -2.399851265794014643e-02
5.338413313258880688e-01 -2.382864154000833082e-02
5.431938094918128401e-01 -2.362842655844516956e-02
5.525970562563653488e-01 -2.341042264711482718e-02
5.620500265600203438e-01 -2.319030528633110599e-02
5.715516698170692855e-01 -2.298459576291386058e-02
5.811009300323815019e-01 -2.279008006119715227e-02
5.906967459187653091e-01 -2.258754091102049485e-02
6.003380510149177729e-01 -2.236302785045941877e-02
6.100237738039482327e-01 -2.210873484051461765e-02
6.197528378324663745e-01 -2.183865416630690129e-02
6.295241618302156450e-01 -2.157707708834982405e-02
6.393366598302444581e-01 -2.132810859842738938e-02
6.491892412895989839e-01 -2.108354355266532643e-02
6.590808112105230876e-01 -2.081977468223496566e-02
6.690102702621547603e-01 -2.051390582562885243e-02
6.789765149027036095e-01 -2.018135984272457009e-02
6.889784375020977514e-01 -1.984761239157226478e-02
6.990149264650814542e-01 -1.952467140971435658e-02
7.090848663547572039e-01 -1.921255437991143539e-02
7.191871380165538730e-01 -1.888092936291305493e-02
7.293206187026060050e-01 -1.850585072331441261e-02
7.394841821965345563e-01 -1.810426940408462956e-02
7.496766989386134394e-01 -1.769494030295701986e-02
7.598970361513051053e-01 -1.728148499643419878e-02
7.701440579651563922e-01 -1.685952080972193817e-02
7.804166255450371015e-01 -1.641279558030094704e-02
7.907135972167069760e-01 -1.592667799483683116e-02
8.010338285937002034e-01 -1.539214699980035427e-02
8.113761727045106786e-01 -1.480610855997567012e-02
8.217394801200630372e-01 -1.417341227960325530e-02
8.321225990814590245e-01 -1.349958744631294533e-02
8.425243756279822138e-01 -1.278996502010188059e-02
8.529436537253458628e-01 -1.204365977190399901e-02
8.633792753941731402e-01 -1.125340544495637141e-02
8.738300808386934015e-01 -1.041466939846432370e-02
8.842949085756387495e-01 -9.526799004382503766e-03
8.947725955633289985e-01 -8.606125488558422076e-03
9.052619773309316109e-01 -7.679042920328688765e-03
9.157618881078770645e-01 -6.743091018716560955e-03
9.262711609534211021e-01 -5.781457096461173513e-03
9.367886278863364335e-01 -4.813280317916291025e-03
9.473131200147204556e-01 -3.872059353811361463e-03
9.578434676659028923e-01 -2.956542126596010088e-03
9.683785005164411430e-01 -2.073417866778902267e-03
9.789170477221889044e-01 -1.367834986008280946e-03
9.894579380484205267e-01 -8.921976849510339976e-04
9.999999999999998890e-01 -7.341825205545068463e-07
