9.999999999999998890e-01 2.000000049483370134e-03
9.894579380484205267e-01 3.060713313670991587e-03
9.789170477221889044e-01 4.106115058226667003e-03
9.683785005164411430e-01 5.136587680322857695e-03
9.578434676659028923e-01 6.152531619644317773e-03
9.473131200147204556e-01 7.154348862368506944e-03
9.367886278863364335e-01 8.142435546865479934e-03
9.262711609534211021e-01 9.117197907855052047e-03
9.157618881078770645e-01 1.007906708278289570e-02
9.052619773309316109e-01 1.102845495152904830e-02
8.947725955633289985e-01 1.196572614459500208e-02
8.842949085756387495e-01 1.289096557819729288e-02
8.738300808386934015e-01 1.380382271488868676e-02
8.633792753941731402e-01 1.470393655338839839e-02
8.529436537253458628e-01 1.559098374896420933e-02
8.425243756279822138e-01 1.646464208222942274e-02
8.321225990814590245e-01 1.732458802078884821e-02
8.217394801200630372e-01 1.817050584291260429e-02
8.113761727045106786e-01 1.900208881110235226e-02
8.010338285937002034e-01 1.981905397747412562e-02
7.907135972167069760e-01 2.062114890671141662e-02
7.804166255450371015e-01 2.140826627828960882e-02
7.701440579651563922e-01 2.218039554736644589e-02
7.598970361513051053e-01 2.293751907031558318e-02
7.496766989386134394e-01 2.367961586880359959e-02
7.394841821965345563e-01 2.440667864170676868e-02
7.293206187026060050e-01 2.511870773010881769e-02
7.191871380165538730e-01 2.581571070143564434e-02
7.090848663547572039e-01 2.649769807933487556e-02
6.990149264650814542e-01 2.716468099159320346e-02
6.889784375020977514e-01 2.781663982045261968e-02
6.789765149027036095e-01 2.845342114997706506e-02
6.690102702621547603e-01 2.907484195340484176e-02
6.590808112105230876e-01 2.968074251100911651e-02
6.491892412895989839e-01 3.027097141026182173e-02
6.393366598302444581e-01 3.084538643851278406e-02
6.295241618302156450e-01 3.140385426283606729e-02
6.197528378324663745e-01 3.194625913033059816e-02
6.100237738039482327e-01 3.247249242550120235e-02
6.003380510149177729e-01 3.298245494078941298e-02
5.906967459187653091e-01 3.347606708553915733e-02
5.811009300323815019e-01 3.395328089368154778e-02
5.715516698170692855e-01 3.441405864054614822e-02
5.620500265600203438e-01 3.485837330162053910e-02
5.525970562563653488e-01 3.528621302411991123e-02
5.431938094918128401e-01 3.569758321103288362e-02
5.338413313258880688e-01 3.609248846729159327e-02
5.245406611757882365e-01 3.647093366841038659e-02
5.152928327008634568e-01 3.683296141198055818e-02
5.060988736877365390e-01 3.717864143268204136e-02
4.969598059360780251e-01 3.750797187600046073e-02
4.878766451450451402e-01 3.782088296367250302e-02
4.788504008003974244e-01 3.811713866599333173e-02
4.698820760623064752e-01 3.839641200247951441e-02
4.609726676538650203e-01 3.865845680127932837e-02
4.521231657503131940e-01 3.890306830484124151e-02
4.433345538689928977e-01 3.913003824785522833e-02
4.346078087600411255e-01 3.933916909329557982e-02
4.259439002978354649e-01 3.953033372505036780e-02
4.173437913732044313e-01 3.970342345204504186e-02
4.088084377864137364e-01 3.985829934530082941e-02
4.003387881409395943e-01 3.999487053422971783e-02
3.919357837380436083e-01 4.011326506772496664e-02
3.836003584721576765e-01 4.021373383772924165e-02
3.753334387270930161e-01 4.029675030072716463e-02
3.671359432730831873e-01 4.036280986661924114e-02
3.590087831646743277e-01 4.041235012261631260e-02
3.509528616394713696e-01 4.044581226292816301e-02
3.429690740177547825e-01 4.046366576008003646e-02
3.350583076029753915e-01 4.046637664524527916e-02
3.272214415831418144e-01 4.045439791900844184e-02
3.194593469331089564e-01 4.042818574185258473e-02
3.117728863177794407e-01 4.038820317695732826e-02
3.041629139962280792e-01 4.033491095309447300e-02
2.966302757267624823e-01 4.026874733492444292e-02
2.891758086729252497e-01 4.018964708999696323e-02
2.818003413104546162e-01 4.009700072033534762e-02
2.745046933352085494e-01 3.999024010449362537e-02
2.672896755720651774e-01 3.986886490784458115e-02
2.601560898848094272e-01 3.973244374948347452e-02
2.531047290870154232e-01 3.958060369838511255e-02
2.461363768539343022e-01 3.941305382728196860e-02
2.392518076353984391e-01 3.922956200034616314e-02
2.324517865697500740e-01 3.902995478321692746e-02
2.257370693988056676e-01 3.881410432682348005e-02
2.191084023838638650e-01 3.858198858175534984e-02
2.125665222227673956e-01 3.833363404367921834e-02
2.061121559680280102e-01 3.806906886947578061e-02
1.997460209460230063e-01 3.778838977708783714e-02
1.934688246772731102e-01 3.749203751785172567e-02
1.872812647978095990e-01 3.718062949223356617e-02
1.811840289816407656e-01 3.685506653013541356e-02
1.751777948643248317e-01 3.651627993324850496e-02
1.692632299676588570e-01 3.616505316933760900e-02
1.634409916254914164e-01 3.580219356960909899e-02
1.577117269106679265e-01 3.542866489916617068e-02
1.520760725631161714e-01 3.504531295976380523e-02
1.465346549190801317e-01 3.465263775201903040e-02
1.410880898415101115e-01 3.425058111821908252e-02
1.357369826516168221e-01 3.383809037774227618e-02
1.304819280615971966e-01 3.341422265577453921e-02
1.253235101085391490e-01 3.297840809884444030e-02
1.202623020895129402e-01 3.253021550404914392e-02
1.152988664978553679e-01 3.206936122980213327e-02
1.104337549606562163e-01 3.159568332503021743e-02
1.056675081774507419e-01 3.110916047470509149e-02
1.010006558601274085e-01 3.061002763722013922e-02
9.643371667405697956e-02 3.009880636689007960e-02
9.196719818044885031e-02 2.957673074401746816e-02
8.760159677994161509e-02 2.904561826448300715e-02
8.333739765743386485e-02 2.850731380103259729e-02
7.917507472816209813e-02 2.796361700191458619e-02
7.511509058502996439e-02 2.741579288846338058e-02
7.115789644719716645e-02 2.686419946175261364e-02
6.730393210993146358e-02 2.630430267992889953e-02
6.355362589573076981e-02 2.572957477462375908e-02
5.990739460672012129e-02 2.513623549938765606e-02
5.636564347832906385e-02 2.452154485604933140e-02
5.292876613425423482e-02 2.388224956509323038e-02
4.959714454271368922e-02 2.321646812163795370e-02
4.637114897399441382e-02 2.252927787348371971e-02
4.325113795930202176e-02 2.182846559158055019e-02
4.023745825091396000e-02 2.112460886749711192e-02
3.733044478364233587e-02 2.042779704747072628e-02
3.453042063760936031e-02 1.974465942403747995e-02
3.183769700234129196e-02 1.908106477367996212e-02
2.925257314218321358e-02 1.844261433323844332e-02
2.677533636303963682e-02 1.783364204690375890e-02
2.440626198044326678e-02 1.725571614035674439e-02
2.214561328895736647e-02 1.669415564234475943e-02
1.999364153291383062e-02 1.610641807640458487e-02
1.795058587848985532e-02 1.545726741705111956e-02
1.601667338712764455e-02 1.472672400378039446e-02
1.419211899029970692e-02 1.390368045171183273e-02
1.247712546562085301e-02 1.298683350826331136e-02
1.087188341431266636e-02 1.198192429690208075e-02
9.376571240020115106e-03 1.090169808329856035e-02
7.991355128984078959e-03 9.763408212398592967e-03
6.716389031571567969e-03 8.588187890233241889e-03
5.551814645166519568e-03 7.399634750433487472e-03
4.497761398421062928e-03 6.223118338891106723e-03
3.554346436871580472e-03 5.084307186010542622e-03
2.721674609919344512e-03 4.008858998077772899e-03
1.999838459177394334e-03 3.020881467667691465e-03
1.388918208186096237e-03 2.143236099650101291e-03
8.889817534969424173e-04 1.395686634973609215e-03
5.000846571264760954e-04 7.958855303361118049e-04
2.222701403818971855e-04 3.570554516687216321e-04
5.556907905679420168e-05 8.981314944695713103e-05
0.000000000000000000e+00 -2.074716243097373510e-09
0.000000000000000000e+00 2.074716243097373510e-09
5.556907905679420168e-05 -8.981314944695713103e-05
2.222701403818971855e-04 -3.570554516687216321e-04
5.000846571264760954e-04 -7.958855303361118049e-04
8.889817534969424173e-04 -1.395686634973609215e-03
1.388918208186096237e-03 -2.143236099650101291e-03
1.999838459177394334e-03 -3.020881467667691465e-03
2.721674609919344512e-03 -4.008858998077772899e-03
3.554346436871580472e-03 -5.084307186010542622e-03
4.497761398421062928e-03 -6.223118338891106723e-03
5.551814645166519568e-03 -7.399634750433487472e-03
6.716389031571567969e-03 -8.588187890233241889e-03
7.991355128984078959e-03 -9.763408212398592967e-03
9.376571240020115106e-03 -1.090169808329856035e-02
1.087188341431266636e-02 -1.198192429690208075e-02
1.247712546562085301e-02 -1.298683350826331136e-02
1.419211899029970692e-02 -1.390368045171183273e-02
1.601667338712764455e-02 -1.472672400378039446e-02
1.795058587848985532e-02 -1.545726741705111956e-02
1.999364153291383062e-02 -1.610641807640458487e-02
2.214561328895736647e-02 -1.669415564234475943e-02
2.440626198044326678e-02 -1.725571614035674439e-02
2.677533636303963682e-02 -1.783364204690375890e-02
2.925257314218321358e-02 -1.844261433323844332e-02
3.183769700234129196e-02 -1.908106477367996212e-02
3.453042063760936031e-02 -1.974465942403747995e-02
3.733044478364233587e-02 -2.042779704747072628e-02
4.023745825091396000e-02 -2.112460886749711192e-02
4.325113795930202176e-02 -2.182846559158055019e-02
4.637114897399441382e-02 -2.252927787348371971e-02
4.959714454271368922e-02 -2.321646812163795370e-02
5.292876613425423482e-02 -2.388224956509323038e-02
5.636564347832906385e-02 -2.452154485604933140e-02
5.990739460672012129e-02 -2.513623549938765606e-02
6.355362589573076981e-02 -2.572957477462375908e-02
6.730393210993146358e-02 -2.630430267992889953e-02
7.115789644719716645e-02 -2.686419946175261364e-02
7.511509058502996439e-02 -2.741579288846338058e-02
7.917507472816209813e-02 -2.796361700191458619e-02
8.333739765743386485e-02 -2.850731380103259729e-02
8.760159677994161509e-02 -2.904561826448300715e-02
9.196719818044885031e-02 -2.957673074401746816e-02
9.643371667405697956e-02 -3.009880636689007960e-02
1.010006558601274085e-01 -3.061002763722013922e-02
1.056675081774507419e-01 -3.110916047470509149e-02
1.104337549606562163e-01 -3.159568332503021743e-02
1.152988664978553679e-01 -3.206936122980213327e-02
1.202623020895129402e-01 -3.253021550404914392e-02
1.253235101085391490e-01 -3.297840809884444030e-02
1.304819280615971966e-01 -3.341422265577453921e-02
1.357369826516168221e-01 -3.383809037774227618e-02
1.410880898415101115e-01 -3.425058111821908252e-02
1.465346549190801317e-01 -3.465263775201903040e-02
1.520760725631161714e-01 -3.504531295976380523e-02
1.577117269106679265e-01 -3.542866489916617068e-02
1.634409916254914164e-01 -3.580219356960909899e-02
1.692632299676588570e-01 -3.616505316933760900e-02
1.751777948643248317e-01 -3.651627993324850496e-02
1.811840289816407656e-01 -3.685506653013541356e-02
1.872812647978095990e-01 -3.718062949223356617e-02
1.934688246772731102e-01 -3.749203751785172567e-02
1.997460209460230063e-01 -3.778838977708783714e-02
2.061121559680280102e-01 -3.806906886947578061e-02
2.125665222227673956e-01 -3.833363404367921834e-02
2.191084023838638650e-01 -3.858198858175534984e-02
2.257370693988056676e-01 -3.881410432682348005e-02
2.324517865697500740e-01 -3.902995478321692746e-02
2.392518076353984391e-01 -3.922956200034616314e-02
2.461363768539343022e-01 -3.941305382728196860e-02
2.531047290870154232e-01 -3.958060369838511255e-02
2.601560898848094272e-01 -3.973244374948347452e-02
2.672896755720651774e-01 -3.986886490784458115e-02
2.745046933352085494e-01 -3.999024010449362537e-02
2.818003413104546162e-01 -4.009700072033534762e-02
2.891758086729252497e-01 -4.018964708999696323e-02
2.966302757267624823e-01 -4.026874733492444292e-02
3.041629139962280792e-01 -4.033491095309447300e-02
3.117728863177794407e-01 -4.038820317695732826e-02
3.194593469331089564e-01 -4.042818574185258473e-02
3.272214415831418144e-01 -4.045439791900844184e-02
3.350583076029753915e-01 -4.046637664524527916e-02
3.429690740177547825e-01 -4.046366576008003646e-02
3.509528616394713696e-01 -4.044581226292816301e-02
3.590087831646743277e-01 -4.041235012261631260e-02
3.671359432730831873e-01 -4.036280986661924114e-02
3.753334387270930161e-01 -4.029675030072716463e-02
3.836003584721576765e-01 -4.021373383772924165e-02
3.919357837380436083e-01 -4.011326506772496664e-02
4.003387881409395943e-01 -3.999487053422971783e-02
4.088084377864137364e-01 -3.985829934530082941e-02
4.173437913732044313e-01 -3.970342345204504186e-02
4.259439002978354649e-01 -3.953033372505036780e-02
4.346078087600411255e-01 -3.933916909329557982e-02
4.433345538689928977e-01 -3.913003824785522833e-02
4.521231657503131940e-01 -3.890306830484124151e-02
4.609726676538650203e-01 -3.865845680127932837e-02
4.698820760623064752e-01 -3.839641200247951441e-02
4.788504008003974244e-01 -3.811713866599333173e-02
4.878766451450451402e-01 -3.782088296367250302e-02
4.969598059360780251e-01 -3.750797187600046073e-02
5.060988736877365390e-01 -3.717864143268204136e-02
5.152928327008634568e-01 -3.683296141198055818e-02
5.245406611757882365e-01 -3.647093366841038659e-02
5.338413313258880688e-01 -3.609248846729159327e-02
5.431938094918128401e-01 -3.569758321103288362e-02
5.525970562563653488e-01 -3.528621302411991123e-02
5.620500265600203438e-01 -3.485837330162053910e-02
5.715516698170692855e-01 -3.441405864054614822e-02
5.811009300323815019e-01 -3.395328089368154778e-02
5.906967459187653091e-01 -3.347606708553915733e-02
6.003380510149177729e-01 -3.298245494078941298e-02
6.100237738039482327e-01 -3.247249242550120235e-02
6.197528378324663745e-01 -3.194625913033059816e-02
6.295241618302156450e-01 -3.140385426283606729e-02
6.393366598302444581e-01 -3.084538643851278406e-02
6.491892412895989839e-01 -3.027097141026182173e-02
6.590808112105230876e-01 -2.968074251100911651e-02
6.690102702621547603e-01 -2.907484195340484176e-02
6.789765149027036095e-01 -2.845342114997706506e-02
6.889784375020977514e-01 -2.781663982045261968e-02
6.990149264650814542e-01 -2.716468099159320346e-02
7.090848663547572039e-01 -2.649769807933487556e-02
7.191871380165538730e-01 -2.581571070143564434e-02
7.293206187026060050e-01 -2.511870773010881769e-02
7.394841821965345563e-01 -2.440667864170676868e-02
7.496766989386134394e-01 -2.367961586880359959e-02
7.598970361513051053e-01 -2.293751907031558318e-02
7.701440579651563922e-01 -2.218039554736644589e-02
7.804166255450371015e-01 -2.140826627828960882e-02
7.907135972167069760e-01 -2.062114890671141662e-02
8.010338285937002034e-01 -1.981905397747412562e-02
8.113761727045106786e-01 -1.900208881110235226e-02
8.217394801200630372e-01 -1.817050584291260429e-02
8.321225990814590245e-01 -1.732458802078884821e-02
8.425243756279822138e-01 -1.646464208222942274e-02
8.529436537253458628e-01 -1.559098374896420933e-02
8.633792753941731402e-01 -1.470393655338839839e-02
8.738300808386934015e-01 -1.380382271488868676e-02
8.842949085756387495e-01 -1.289096557819729288e-02
8.947725955633289985e-01 -1.196572614459500208e-02
9.052619773309316109e-01 -1.102845495152904830e-02
9.157618881078770645e-01 -1.007906708278289570e-02
9.262711609534211021e-01 -9.117197907855052047e-03
9.367886278863364335e-01 -8.142435546865479934e-03
9.473131200147204556e-01 -7.154348862368506944e-03
9.578434676659028923e-01 -6.152531619644317773e-03
9.683785005164411430e-01 -5.136587680322857695e-03
9.789170477221889044e-01 -4.106115058226667003e-03
9.894579380484205267e-01 -3.060713313670991587e-03
9.999999999999998890e-01 -2.000000049483370134e-03
