9.999999999999998890e-01 -9.657343777144506252e-11
9.894579380484205267e-01 2.428787203597771848e-03
9.789170477221889044e-01 4.779058700156733897e-03
9.683785005164411430e-01 7.053693742709707740e-03
9.578434676659028923e-01 9.255580733956814826e-03
9.473131200147204556e-01 1.138763148615555207e-02
9.367886278863364335e-01 1.345281647269651673e-02
9.262711609534211021e-01 1.545410345895455520e-02
9.157618881078770645e-01 1.739443219310428390e-02
9.052619773309316109e-01 1.927679763535097152e-02
8.947725955633289985e-01 2.110431309633609490e-02
8.842949085756387495e-01 2.288052088061524880e-02
8.738300808386934015e-01 2.460962438707258934e-02
8.633792753941731402e-01 2.629589833982445835e-02
8.529436537253458628e-01 2.794362983038724615e-02
8.425243756279822138e-01 2.955697598042106647e-02
8.321225990814590245e-01 3.113995751155829855e-02
8.217394801200630372e-01 3.269682420850762716e-02
8.113761727045106786e-01 3.423200149432801404e-02
8.010338285937002034e-01 3.574913435433676318e-02
7.907135972167069760e-01 3.725078598797859630e-02
7.804166255450371015e-01 3.873394326706425944e-02
7.701440579651563922e-01 4.019191153355384377e-02
7.598970361513051053e-01 4.161865201591571917e-02
7.496766989386134394e-01 4.300852794332839235e-02
7.394841821965345563e-01 4.435582523615577005e-02
7.293206187026060050e-01 4.565480852907707193e-02
7.191871380165538730e-01 4.689985584416124509e-02
7.090848663547572039e-01 4.808550169811517255e-02
6.990149264650814542e-01 4.920686758970870683e-02
6.889784375020977514e-01 5.026114258899425785e-02
6.789765149027036095e-01 5.125362501352712791e-02
6.690102702621547603e-01 5.219159449727010097e-02
6.590808112105230876e-01 5.308158284693394180e-02
6.491892412895989839e-01 5.393004071049084525e-02
6.393366598302444581e-01 5.474366814761989775e-02
6.295241618302156450e-01 5.552894022177183586e-02
6.197528378324663745e-01 5.629167489855041451e-02
6.100237738039482327e-01 5.703794056671364354e-02
6.003380510149177729e-01 5.777446988642002956e-02
5.906967459187653091e-01 5.850460524904815829e-02
5.811009300323815019e-01 5.922576391285136466e-02
5.715516698170692855e-01 5.993420047877853762e-02
5.620500265600203438e-01 6.062534011235500703e-02
5.525970562563653488e-01 6.129488503991440546e-02
5.431938094918128401e-01 6.193895452219601305e-02
5.338413313258880688e-01 6.255381801070725167e-02
5.245406611757882365e-01 6.313586626605477425e-02
5.152928327008634568e-01 6.368138022039719626e-02
5.060988736877365390e-01 6.418663020662042362e-02
4.969598059360780251e-01 6.464909370516398746e-02
4.878766451450451402e-01 6.506735286668553775e-02
4.788504008003974244e-01 6.544246874589439156e-02
4.698820760623064752e-01 6.577692247872025944e-02
4.609726676538650203e-01 6.607255168652881316e-02
4.521231657503131940e-01 6.633089726331896363e-02
4.433345538689928977e-01 6.655379381262055416e-02
4.346078087600411255e-01 6.674315026912903959e-02
4.259439002978354649e-01 6.690058043170869773e-02
4.173437913732044313e-01 6.702764519224437001e-02
4.088084377864137364e-01 6.712614657925562722e-02
4.003387881409395943e-01 6.719775921908001381e-02
3.919357837380436083e-01 6.724339646784967262e-02
3.836003584721576765e-01 6.726355849888386584e-02
3.753334387270930161e-01 6.725801595566048563e-02
3.671359432730831873e-01 6.722649600677671478e-02
3.590087831646743277e-01 6.716899025096401132e-02
3.509528616394713696e-01 6.708551429026310409e-02
3.429690740177547825e-01 6.697604309609866968e-02
3.350583076029753915e-01 6.684059921537767457e-02
3.272214415831418144e-01 6.667930220940826436e-02
3.194593469331089564e-01 6.649229751566929081e-02
3.117728863177794407e-01 6.627975549272305256e-02
3.041629139962280792e-01 6.604188869432540965e-02
2.966302757267624823e-01 6.577897816150155008e-02
2.891758086729252497e-01 6.549175683344024557e-02
2.818003413104546162e-01 6.518144441805524825e-02
2.745046933352085494e-01 6.484925838483110438e-02
2.672896755720651774e-01 6.449639127041549569e-02
2.601560898848094272e-01 6.412403059575216835e-02
2.531047290870154232e-01 6.373335551385601871e-02
2.461363768539343022e-01 6.332548380026241375e-02
2.392518076353984391e-01 6.290149853934429158e-02
2.324517865697500740e-01 6.246253205396325864e-02
2.257370693988056676e-01 6.200972060379228434e-02
2.191084023838638650e-01 6.154402325596797230e-02
2.125665222227673956e-01 6.106636590625921096e-02
2.061121559680280102e-01 6.057797102841208647e-02
1.997460209460230063e-01 6.007994638235421986e-02
1.934688246772731102e-01 5.957224734158824558e-02
1.872812647978095990e-01 5.905433084630037216e-02
1.811840289816407656e-01 5.852509267192200493e-02
1.751777948643248317e-01 5.798335408439354161e-02
1.692632299676588570e-01 5.742818080136700282e-02
1.634409916254914164e-01 5.685888953273257607e-02
1.577117269106679265e-01 5.627535767440645931e-02
1.520760725631161714e-01 5.567714848858716647e-02
1.465346549190801317e-01 5.506284158492208425e-02
1.410880898415101115e-01 5.442910425153419524e-02
1.357369826516168221e-01 5.376914112547424851e-02
1.304819280615971966e-01 5.307661699548556211e-02
1.253235101085391490e-01 5.234663085057925103e-02
1.202623020895129402e-01 5.157510719178035052e-02
1.152988664978553679e-01 5.075893169324247056e-02
1.104337549606562163e-01 4.989514765123571199e-02
1.056675081774507419e-01 4.898099934852644805e-02
1.010006558601274085e-01 4.801594801229636805e-02
9.643371667405697956e-02 4.700222561210560396e-02
9.196719818044885031e-02 4.595217823190737155e-02
8.760159677994161509e-02 4.488625477776909956e-02
8.333739765743386485e-02 4.382238004564255329e-02
7.917507472816209813e-02 4.277612745038712749e-02
7.511509058502996439e-02 4.175881539223246647e-02
7.115789644719716645e-02 4.077641624891192168e-02
6.730393210993146358e-02 3.981121587984604027e-02
6.355362589573076981e-02 3.883531995092212585e-02
5.990739460672012129e-02 3.783057034096548588e-02
5.636564347832906385e-02 3.678267541061817220e-02
5.292876613425423482e-02 3.567646212766255320e-02
4.959714454271368922e-02 3.450073941101986646e-02
4.637114897399441382e-02 3.326358832599927984e-02
4.325113795930202176e-02 3.198056923464224349e-02
4.023745825091396000e-02 3.067488215113109429e-02
3.733044478364233587e-02 2.936901012256733223e-02
3.453042063760936031e-02 2.807785538404744541e-02
3.183769700234129196e-02 2.681454689705619135e-02
2.925257314218321358e-02 2.559136006716855247e-02
2.677533636303963682e-02 2.441829600117375113e-02
2.440626198044326678e-02 2.330063659351604838e-02
2.214561328895736647e-02 2.222512289731316468e-02
1.999364153291383062e-02 2.114703652891435429e-02
1.795058587848985532e-02 2.002909740041776410e-02
1.601667338712764455e-02 1.885003296067758530e-02
1.419211899029970692e-02 1.759794806848742968e-02
1.247712546562085301e-02 1.627132037217610128e-02
1.087188341431266636e-02 1.487603887245059729e-02
9.376571240020115106e-03 1.342535909965071779e-02
7.991355128984078959e-03 1.193730449020529577e-02
6.716389031571567969e-03 1.043400327378542387e-02
5.551814645166519568e-03 8.940183947034597428e-03
4.497761398421062928e-03 7.482445620348590967e-03
3.554346436871580472e-03 6.087717764007726309e-03
2.721674609919344512e-03 4.782929334400836882e-03
1.999838459177394334e-03 3.593387585410768876e-03
1.388918208186096237e-03 2.543094915206604596e-03
8.889817534969424173e-04 1.652805839528751451e-03
5.000846571264760954e-04 9.410600363754853797e-04
2.222701403818971855e-04 4.217454139288668853e-04
5.556907905679420168e-05 1.060133031047234386e-04
0.000000000000000000e+00 -2.176377921232166301e-09
0.000000000000000000e+00 1.885213319511964938e-09
5.556907905679420168e-05 -8.128147553949280335e-05
2.222701403818971855e-04 -3.231294940231436443e-04
5.000846571264760954e-04 -7.202355244653092401e-04
8.889817534969424173e-04 -1.262947858905701494e-03
1.388918208186096237e-03 -1.939239790362530351e-03
1.999838459177394334e-03 -2.733042229724024288e-03
2.721674609919344512e-03 -3.626348158306833512e-03
3.554346436871580472e-03 -4.598297850663581564e-03
4.497761398421062928e-03 -5.626859584713361610e-03
5.551814645166519568e-03 -6.688527088681573037e-03
6.716389031571567969e-03 -7.759716885647309666e-03
7.991355128984078959e-03 -8.817019429135953060e-03
9.376571240020115106e-03 -9.838528607616223859e-03
1.087188341431266636e-02 -1.080444159572296718e-02
1.247712546562085301e-02 -1.169832860648958514e-02
1.419211899029970692e-02 -1.250768482648607384e-02
1.601667338712764455e-02 -1.322615155218323166e-02
1.795058587848985532e-02 -1.385355479673127700e-02
1.999364153291383062e-02 -1.439835133699820559e-02
2.214561328895736647e-02 -1.487681231000064636e-02
2.440626198044326678e-02 -1.531868144581835164e-02
2.677533636303963682e-02 -1.576016844658553046e-02
2.925257314218321358e-02 -1.621301070243856210e-02
3.183769700234129196e-02 -1.667468960733849842e-02
3.453042063760936031e-02 -1.714039239468442138e-02
3.733044478364233587e-02 -1.760427250197508023e-02
4.023745825091396000e-02 -1.806034615489802639e-02
4.325113795930202176e-02 -1.850206197143647660e-02
4.637114897399441382e-02 -1.892015501487635462e-02
4.959714454271368922e-02 -1.930499498053866309e-02
5.292876613425423482e-02 -1.964921621664427603e-02
5.636564347832906385e-02 -1.994757420744556337e-02
5.990739460672012129e-02 -2.020019565307139969e-02
6.355362589573076981e-02 -2.040834691120049088e-02
6.730393210993146358e-02 -2.057313542542644688e-02
7.115789644719716645e-02 -2.069642031727064388e-02
7.511509058502996439e-02 -2.078196050056552516e-02
7.917507472816209813e-02 -2.083332629020979640e-02
8.333739765743386485e-02 -2.085313160374616809e-02
8.760159677994161509e-02 -2.084419462588499306e-02
9.196719818044885031e-02 -2.080989668859902289e-02
9.643371667405697956e-02 -2.075452963149682084e-02
1.010006558601274085e-01 -2.068355301319448405e-02
1.056675081774507419e-01 -2.060059304821218462e-02
1.104337549606562163e-01 -2.050694293438957636e-02
1.152988664978553679e-01 -2.040352245877781120e-02
1.202623020895129402e-01 -2.029103282423845231e-02
1.253235101085391490e-01 -2.017052872698375104e-02
1.304819280615971966e-01 -2.004337850500234608e-02
1.357369826516168221e-01 -1.991097403041993882e-02
1.410880898415101115e-01 -1.977476158783954274e-02
1.465346549190801317e-01 -1.963666881459227506e-02
1.520760725631161714e-01 -1.949876610592613316e-02
1.577117269106679265e-01 -1.936183509604944702e-02
1.634409916254914164e-01 -1.922593397475952717e-02
1.692632299676588570e-01 -1.909067179880674300e-02
1.751777948643248317e-01 -1.895548913933270060e-02
1.811840289816407656e-01 -1.881994278852855765e-02
1.872812647978095990e-01 -1.868357995601028013e-02
1.934688246772731102e-01 -1.854570982399574366e-02
1.997460209460230063e-01 -1.840564116444598844e-02
2.061121559680280102e-01 -1.826294868003066479e-02
2.125665222227673956e-01 -1.811737819189928808e-02
2.191084023838638650e-01 -1.796901529717317980e-02
2.257370693988056676e-01 -1.781798310168130478e-02
2.324517865697500740e-01 -1.766432692972305651e-02
2.392518076353984391e-01 -1.750810107929327841e-02
2.461363768539343022e-01 -1.734940692864132827e-02
2.531047290870154232e-01 -1.718834591461999156e-02
2.601560898848094272e-01 -1.702500842659859098e-02
2.672896755720651774e-01 -1.685949524347031894e-02
2.745046933352085494e-01 -1.669192495114788649e-02
2.818003413104546162e-01 -1.652241972133938405e-02
2.891758086729252497e-01 -1.635110474284921095e-02
2.966302757267624823e-01 -1.617811427353686715e-02
3.041629139962280792e-01 -1.600358849463304201e-02
3.117728863177794407e-01 -1.582759359636308830e-02
3.194593469331089564e-01 -1.565012723106743234e-02
3.272214415831418144e-01 -1.547118285750266782e-02
3.350583076029753915e-01 -1.529075251075479730e-02
3.429690740177547825e-01 -1.510882650320030315e-02
3.509528616394713696e-01 -1.492539365571285415e-02
3.590087831646743277e-01 -1.474043911506669330e-02
3.671359432730831873e-01 -1.455394612445838794e-02
3.753334387270930161e-01 -1.436589865772148339e-02
3.836003584721576765e-01 -1.417627949795804802e-02
3.919357837380436083e-01 -1.398506195821953152e-02
4.003387881409395943e-01 -1.379222040467453780e-02
4.088084377864137364e-01 -1.359775277861895865e-02
4.173437913732044313e-01 -1.340166993972572752e-02
4.259439002978354649e-01 -1.320400554336077607e-02
4.346078087600411255e-01 -1.300479740536494323e-02
4.433345538689928977e-01 -1.280407730256022912e-02
4.521231657503131940e-01 -1.260187737826760045e-02
4.609726676538650203e-01 -1.239823446417146618e-02
4.698820760623064752e-01 -1.219318545500267144e-02
4.788504008003974244e-01 -1.198676547555403531e-02
4.878766451450451402e-01 -1.177901141189365009e-02
4.969598059360780251e-01 -1.156996402401577057e-02
5.060988736877365390e-01 -1.135965894171452224e-02
5.152928327008634568e-01 -1.114812254778982381e-02
5.245406611757882365e-01 -1.093537740144068411e-02
5.338413313258880688e-01 -1.072144199225638118e-02
5.431938094918128401e-01 -1.050633555748566213e-02
5.525970562563653488e-01 -1.029007853225144369e-02
5.620500265600203438e-01 -1.007269090788272606e-02
5.715516698170692855e-01 -9.854192177337066372e-03
5.811009300323815019e-01 -9.634601907292504597e-03
5.906967459187653091e-01 -9.413939775150110406e-03
6.003380510149177729e-01 -9.192225875724430520e-03
6.100237738039482327e-01 -8.969480955824789270e-03
6.197528378324663745e-01 -8.745729485912833237e-03
6.295241618302156450e-01 -8.520998074885776513e-03
6.393366598302444581e-01 -8.295312970844289507e-03
6.491892412895989839e-01 -8.068700297468936466e-03
6.590808112105230876e-01 -7.841186625485456821e-03
6.690102702621547603e-01 -7.612798708990600217e-03
6.789765149027036095e-01 -7.383563298961032251e-03
6.889784375020977514e-01 -7.153507212780099885e-03
6.990149264650814542e-01 -6.922657572051986105e-03
7.090848663547572039e-01 -6.691041271981684573e-03
7.191871380165538730e-01 -6.458684053753211210e-03
7.293206187026060050e-01 -6.225611402472143972e-03
7.394841821965345563e-01 -5.991848836277445869e-03
7.496766989386134394e-01 -5.757421917838766341e-03
7.598970361513051053e-01 -5.522356306810197873e-03
7.701440579651563922e-01 -5.286677716347628828e-03
7.804166255450371015e-01 -5.050411940779676694e-03
7.907135972167069760e-01 -4.813584804526890512e-03
8.010338285937002034e-01 -4.576222171602633594e-03
8.113761727045106786e-01 -4.338350155011275015e-03
8.217394801200630372e-01 -4.099995233180287087e-03
8.321225990814590245e-01 -3.861183990595702491e-03
8.425243756279822138e-01 -3.621943108606803970e-03
8.529436537253458628e-01 -3.382299304483900836e-03
8.633792753941731402e-01 -3.142279329412230125e-03
8.738300808386934015e-01 -2.901909981842577552e-03
8.842949085756387495e-01 -2.661218103719444408e-03
8.947725955633289985e-01 -2.420230579276062225e-03
9.052619773309316109e-01 -2.178974316728963558e-03
9.157618881078770645e-01 -1.937476150292511117e-03
9.262711609534211021e-01 -1.695762868611841922e-03
9.367886278863364335e-01 -1.453861273514326074e-03
9.473131200147204556e-01 -1.211798177871858560e-03
9.578434676659028923e-01 -9.696004213975535028e-04
9.683785005164411430e-01 -7.272948574771850340e-04
9.789170477221889044e-01 -4.849083504918414280e-04
9.894579380484205267e-01 -2.424677709938660350e-04
9.999999999999998890e-01 -1.633549031297896504e-14
