9.999999999999998890e-01 3.599921269617931347e-04
9.894579380484205267e-01 3.955176379634856021e-03
9.789170477221889044e-01 7.928466116144845810e-03
9.683785005164411430e-01 1.199563486218341649e-02
9.578434676659028923e-01 1.600798971554028352e-02
9.473131200147204556e-01 1.987150616348182242e-02
9.367886278863364335e-01 2.356522599179374997e-02
9.262711609534211021e-01 2.709162371193997443e-02
9.157618881078770645e-01 3.047831002124336622e-02
9.052619773309316109e-01 3.375327375406222963e-02
8.947725955633289985e-01 3.693853711735426565e-02
8.842949085756387495e-01 4.004684368293282004e-02
8.738300808386934015e-01 4.307721701706176270e-02
8.633792753941731402e-01 4.602622570031902893e-02
8.529436537253458628e-01 4.888870854615601919e-02
8.425243756279822138e-01 5.165725035872360121e-02
8.321225990814590245e-01 5.432229243289493636e-02
8.217394801200630372e-01 5.687971255589713282e-02
8.113761727045106786e-01 5.933070009935799416e-02
8.010338285937002034e-01 6.167701054893761498e-02
7.907135972167069760e-01 6.392074043692606844e-02
7.804166255450371015e-01 6.606467605491828099e-02
7.701440579651563922e-01 6.811206599183797228e-02
7.598970361513051053e-01 7.006618436279143936e-02
7.496766989386134394e-01 7.193021031250554365e-02
7.394841821965345563e-01 7.370649676727307475e-02
7.293206187026060050e-01 7.539700577991394204e-02
7.191871380165538730e-01 7.700370732718862798e-02
7.090848663547572039e-01 7.852858786011025771e-02
6.990149264650814542e-01 7.997369907315968196e-02
6.889784375020977514e-01 8.134110660411601745e-02
6.789765149027036095e-01 8.263284396201633908e-02
6.690102702621547603e-01 8.385098571081912866e-02
6.590808112105230876e-01 8.499778351881827343e-02
6.491892412895989839e-01 8.607559033983837316e-02
6.393366598302444581e-01 8.708694078339575262e-02
6.295241618302156450e-01 8.803433225484774693e-02
6.197528378324663745e-01 8.892008903356787841e-02
6.100237738039482327e-01 8.974629032307386567e-02
6.003380510149177729e-01 9.051456959806872260e-02
5.906967459187653091e-01 9.122650250396709126e-02
5.811009300323815019e-01 9.188366009160058023e-02
5.715516698170692855e-01 9.248770334440756247e-02
5.620500265600203438e-01 9.304042449439367535e-02
5.525970562563653488e-01 9.354368361282092148e-02
5.431938094918128401e-01 9.399940916818169678e-02
5.338413313258880688e-01 9.440950158599595299e-02
5.245406611757882365e-01 9.477578090634487806e-02
5.152928327008634568e-01 9.509922086436949085e-02
5.060988736877365390e-01 9.538006536557527837e-02
4.969598059360780251e-01 9.561847241434164035e-02
4.878766451450451402e-01 9.581457193208565981e-02
4.788504008003974244e-01 9.596867619334456534e-02
4.698820760623064752e-01 9.608126012271112071e-02
4.609726676538650203e-01 9.615323950247417484e-02
4.521231657503131940e-01 9.618575458515384036e-02
4.433345538689928977e-01 9.617994950571145951e-02
4.346078087600411255e-01 9.613693554689536902e-02
4.259439002978354649e-01 9.605763181317165944e-02
4.173437913732044313e-01 9.594279672745545384e-02
4.088084377864137364e-01 9.579275501283719685e-02
4.003387881409395943e-01 9.560775186723996510e-02
3.919357837380436083e-01 9.538821368719437033e-02
3.836003584721576765e-01 9.513458074633805717e-02
3.753334387270930161e-01 9.484719914070750824e-02
3.671359432730831873e-01 9.452638673364412158e-02
3.590087831646743277e-01 9.417243627754556812e-02
3.509528616394713696e-01 9.378565942294184166e-02
3.429690740177547825e-01 9.336641844709493709e-02
3.350583076029753915e-01 9.291512590386992454e-02
3.272214415831418144e-01 9.243227461618586105e-02
3.194593469331089564e-01 9.191840040321286320e-02
3.117728863177794407e-01 9.137409338594605634e-02
3.041629139962280792e-01 9.080000234661864122e-02
2.966302757267624823e-01 9.019684283937549896e-02
2.891758086729252497e-01 8.956525064582589180e-02
2.818003413104546162e-01 8.890575937648143023e-02
2.745046933352085494e-01 8.821869341883477322e-02
2.672896755720651774e-01 8.750419976038051328e-02
2.601560898848094272e-01 8.676257825024978609e-02
2.531047290870154232e-01 8.599425020370232708e-02
2.461363768539343022e-01 8.519961153724901759e-02
2.392518076353984391e-01 8.437902590269094616e-02
2.324517865697500740e-01 8.353272906437794743e-02
2.257370693988056676e-01 8.266090662329379779e-02
2.191084023838638650e-01 8.176389299768342667e-02
2.125665222227673956e-01 8.084210280133991011e-02
2.061121559680280102e-01 7.989602318809675696e-02
1.997460209460230063e-01 7.892617761623926809e-02
1.934688246772731102e-01 7.793313408166979706e-02
1.872812647978095990e-01 7.691749219331173171e-02
1.811840289816407656e-01 7.587992469795584727e-02
1.751777948643248317e-01 7.482117724812875625e-02
1.692632299676588570e-01 7.374217977232877530e-02
1.634409916254914164e-01 7.264365270837461197e-02
1.577117269106679265e-01 7.152561244343712266e-02
1.520760725631161714e-01 7.038799659246393337e-02
1.465346549190801317e-01 6.923084922086343573e-02
1.410880898415101115e-01 6.805436532761680035e-02
1.357369826516168221e-01 6.685900641966069369e-02
1.304819280615971966e-01 6.564528964577800996e-02
1.253235101085391490e-01 6.441377313006969862e-02
1.202623020895129402e-01 6.316503473115191170e-02
1.152988664978553679e-01 6.189968424636659028e-02
1.104337549606562163e-01 6.061863766222033018e-02
1.056675081774507419e-01 5.932315130628905420e-02
1.010006558601274085e-01 5.801417911829229168e-02
9.643371667405697956e-02 5.669232161085617505e-02
9.196719818044885031e-02 5.535755371411912179e-02
8.760159677994161509e-02 5.400939705822960235e-02
8.333739765743386485e-02 5.264806913026232743e-02
7.917507472816209813e-02 5.127429623837174988e-02
7.511509058502996439e-02 4.988893242294025615e-02
7.115789644719716645e-02 4.849291422315400030e-02
6.730393210993146358e-02 4.708728964288210611e-02
6.355362589573076981e-02 4.567317763464263242e-02
5.990739460672012129e-02 4.425180798511325897e-02
5.636564347832906385e-02 4.282466792583270593e-02
5.292876613425423482e-02 4.139440580426863997e-02
4.959714454271368922e-02 3.996320838831899508e-02
4.637114897399441382e-02 3.852941034786112190e-02
4.325113795930202176e-02 3.709049769530933099e-02
4.023745825091396000e-02 3.564482125254400668e-02
3.733044478364233587e-02 3.419138671159866610e-02
3.453042063760936031e-02 3.273059033700668335e-02
3.183769700234129196e-02 3.126402148020789723e-02
2.925257314218321358e-02 2.979561675956638248e-02
2.677533636303963682e-02 2.832936452991783802e-02
2.440626198044326678e-02 2.686861667652247140e-02
2.214561328895736647e-02 2.541875569061928866e-02
1.999364153291383062e-02 2.398880902073454585e-02
1.795058587848985532e-02 2.258393605423804351e-02
1.601667338712764455e-02 2.120287312961825765e-02
1.419211899029970692e-02 1.983899248636189494e-02
1.247712546562085301e-02 1.847958121102736759e-02
1.087188341431266636e-02 1.711080368442455257e-02
9.376571240020115106e-03 1.571953491594953872e-02
7.991355128984078959e-03 1.432057761468299127e-02
6.716389031571567969e-03 1.295050975553280019e-02
5.551814645166519568e-03 1.160280538789047744e-02
4.497761398421062928e-03 1.024616303282339935e-02
3.554346436871580472e-03 8.940391494416475432e-03
2.721674609919344512e-03 7.783172742205302086e-03
1.999838459177394334e-03 6.692670324404665846e-03
1.388918208186096237e-03 5.521193071891902782e-03
8.889817534969424173e-04 4.335034221464350961e-03
5.000846571264760954e-04 3.268730225491951573e-03
2.222701403818971855e-04 2.299194821428488661e-03
5.556907905679420168e-05 1.378046674106867941e-03
0.000000000000000000e+00 6.159244926919845483e-04
0.000000000000000000e+00 -9.722397628390308280e-06
5.556907905679420168e-05 -4.128312389821348137e-04
2.222701403818971855e-04 -1.044585624219996007e-03
5.000846571264760954e-04 -1.662966458810070545e-03
8.889817534969424173e-04 -2.301174490992131515e-03
1.388918208186096237e-03 -3.015980916612591954e-03
1.999838459177394334e-03 -3.774234421205723521e-03
2.721674609919344512e-03 -4.545654050367289867e-03
3.554346436871580472e-03 -5.340759753935097123e-03
4.497761398421062928e-03 -6.168115119728999340e-03
5.551814645166519568e-03 -7.021976269941257801e-03
6.716389031571567969e-03 -7.896574192602156400e-03
7.991355128984078959e-03 -8.788563857872539603e-03
9.376571240020115106e-03 -9.692157356192677639e-03
1.087188341431266636e-02 -1.059808890621270414e-02
1.247712546562085301e-02 -1.149910050590427328e-02
1.419211899029970692e-02 -1.239071984984762426e-02
1.601667338712764455e-02 -1.327378699849691805e-02
1.795058587848985532e-02 -1.415405229974266328e-02
1.999364153291383062e-02 -1.503730061123373200e-02
2.214561328895736647e-02 -1.592866652365171679e-02
2.440626198044326678e-02 -1.682681920368893011e-02
2.677533636303963682e-02 -1.772633053946128315e-02
2.925257314218321358e-02 -1.862432803302953993e-02
3.183769700234129196e-02 -1.951943255057947760e-02
3.453042063760936031e-02 -2.041025211508831066e-02
3.733044478364233587e-02 -2.129540925880653995e-02
4.023745825091396000e-02 -2.217371131610782614e-02
4.325113795930202176e-02 -2.304402539532683994e-02
4.637114897399441382e-02 -2.390514850842824501e-02
4.959714454271368922e-02 -2.475617603927805083e-02
5.292876613425423482e-02 -2.559759318970880257e-02
5.636564347832906385e-02 -2.643025745528873593e-02
5.990739460672012129e-02 -2.725501416872470190e-02
6.355362589573076981e-02 -2.807219598887726597e-02
6.730393210993146358e-02 -2.888063786715348510e-02
7.115789644719716645e-02 -2.967913175719739949e-02
7.511509058502996439e-02 -3.046703288355438050e-02
7.917507472816209813e-02 -3.124393430214961187e-02
8.333739765743386485e-02 -3.200973938484177883e-02
8.760159677994161509e-02 -3.276422282961814758e-02
9.196719818044885031e-02 -3.350687502560464187e-02
9.643371667405697956e-02 -3.423711035560580290e-02
1.010006558601274085e-01 -3.495428230868637132e-02
1.056675081774507419e-01 -3.565801556926861959e-02
1.104337549606562163e-01 -3.634826730977033793e-02
1.152988664978553679e-01 -3.702499640908027412e-02
1.202623020895129402e-01 -3.768812929507599913e-02
1.253235101085391490e-01 -3.833734316043095613e-02
1.304819280615971966e-01 -3.897211595832151404e-02
1.357369826516168221e-01 -3.959211011962917443e-02
1.410880898415101115e-01 -4.019714124953249756e-02
1.465346549190801317e-01 -4.078718553436194022e-02
1.520760725631161714e-01 -4.136227701973575061e-02
1.577117269106679265e-01 -4.192212373008281923e-02
1.634409916254914164e-01 -4.246626523855527580e-02
1.692632299676588570e-01 -4.299423014049658098e-02
1.751777948643248317e-01 -4.350557094702106609e-02
1.811840289816407656e-01 -4.399999975442864947e-02
1.872812647978095990e-01 -4.447727752431462206e-02
1.934688246772731102e-01 -4.493712994140974804e-02
1.997460209460230063e-01 -4.537926120347034881e-02
2.061121559680280102e-01 -4.580333256542477166e-02
2.125665222227673956e-01 -4.620903803359363571e-02
2.191084023838638650e-01 -4.659620820100156269e-02
2.257370693988056676e-01 -4.696469933511024375e-02
2.324517865697500740e-01 -4.731436357762490441e-02
2.392518076353984391e-01 -4.764493152500719891e-02
2.461363768539343022e-01 -4.795587012981291503e-02
2.531047290870154232e-01 -4.824665570661504366e-02
2.601560898848094272e-01 -4.851684534619719186e-02
2.672896755720651774e-01 -4.876600976401242182e-02
2.745046933352085494e-01 -4.899372409496854236e-02
2.818003413104546162e-01 -4.919943782943644178e-02
2.891758086729252497e-01 -4.938243407533453311e-02
2.966302757267624823e-01 -4.954189269807745405e-02
3.041629139962280792e-01 -4.967690259501203465e-02
3.117728863177794407e-01 -4.978673946314847443e-02
3.194593469331089564e-01 -4.987080067754035007e-02
3.272214415831418144e-01 -4.992766460106953796e-02
3.350583076029753915e-01 -4.995523783816595287e-02
3.429690740177547825e-01 -4.995103374317313299e-02
3.509528616394713696e-01 -4.991230421977303766e-02
3.590087831646743277e-01 -4.983614941929716963e-02
3.671359432730831873e-01 -4.971966514644385327e-02
3.753334387270930161e-01 -4.956052601375759287e-02
3.836003584721576765e-01 -4.935672338737304848e-02
3.919357837380436083e-01 -4.910656617819194464e-02
4.003387881409395943e-01 -4.880847338139225611e-02
4.088084377864137364e-01 -4.846081160800676246e-02
4.173437913732044313e-01 -4.806183199849902582e-02
4.259439002978354649e-01 -4.760937447137079948e-02
4.346078087600411255e-01 -4.710112087062769126e-02
4.433345538689928977e-01 -4.653457766356947772e-02
4.521231657503131940e-01 -4.590713415116728230e-02
4.609726676538650203e-01 -4.521595640445870423e-02
4.698820760623064752e-01 -4.445875192098294043e-02
4.788504008003974244e-01 -4.363459466639251633e-02
4.878766451450451402e-01 -4.274302082034141942e-02
4.969598059360780251e-01 -4.178408773673721738e-02
5.060988736877365390e-01 -4.075782843986015813e-02
5.152928327008634568e-01 -3.966414917469000129e-02
5.245406611757882365e-01 -3.850351878421218177e-02
5.338413313258880688e-01 -3.727720328960034551e-02
5.431938094918128401e-01 -3.598658678668854860e-02
5.525970562563653488e-01 -3.463313199629099864e-02
5.620500265600203438e-01 -3.321850404617960467e-02
5.715516698170692855e-01 -3.174465086019666316e-02
5.811009300323815019e-01 -3.021500091921702422e-02
5.906967459187653091e-01 -2.863417528877615012e-02
6.003380510149177729e-01 -2.700645355030132158e-02
6.100237738039482327e-01 -2.533599414218487902e-02
6.197528378324663745e-01 -2.362842507704202011e-02
6.295241618302156450e-01 -2.189043355941981336e-02
6.393366598302444581e-01 -2.013030198939634585e-02
6.491892412895989839e-01 -1.835713632930180417e-02
6.590808112105230876e-01 -1.658033979322408313e-02
6.690102702621547603e-01 -1.480910848985052090e-02
6.789765149027036095e-01 -1.305084972690704129e-02
6.889784375020977514e-01 -1.131220792135640210e-02
6.990149264650814542e-01 -9.599135187119607962e-03
7.090848663547572039e-01 -7.917473477226608450e-03
7.191871380165538730e-01 -6.273375974263558155e-03
7.293206187026060050e-01 -4.672538533757966163e-03
7.394841821965345563e-01 -3.119041613431528578e-03
7.496766989386134394e-01 -1.616678550086375187e-03
7.598970361513051053e-01 -1.692947310728744206e-04
7.701440579651563922e-01 1.218985992785615773e-03
7.804166255450371015e-01 2.543464150622589542e-03
7.907135972167069760e-01 3.798858198531322033e-03
8.010338285937002034e-01 4.978993275873119621e-03
8.113761727045106786e-01 6.077879643455925268e-03
8.217394801200630372e-01 7.089925552387086119e-03
8.321225990814590245e-01 8.009168023342283504e-03
8.425243756279822138e-01 8.829170650570015294e-03
8.529436537253458628e-01 9.544239817424436667e-03
8.633792753941731402e-01 1.014930976786602296e-02
8.738300808386934015e-01 1.063584892514607937e-02
8.842949085756387495e-01 1.099227772736831310e-02
8.947725955633289985e-01 1.120783490748769769e-02
9.052619773309316109e-01 1.127157387884768734e-02
9.157618881078770645e-01 1.116265780644493458e-02
9.262711609534211021e-01 1.085371153214672799e-02
9.367886278863364335e-01 1.031462755462088723e-02
9.473131200147204556e-01 9.512748499121021981e-03
9.578434676659028923e-01 8.406997437524574984e-03
9.683785005164411430e-01 6.954954426993368785e-03
9.789170477221889044e-01 5.128235229382103674e-03
9.894579380484205267e-01 2.915140033770288307e-03
9.999999999999998890e-01 3.600232615807129875e-04
