9.999999999999998890e-01 5.479486262204095652e-08
9.894579380484205267e-01 2.026543224832423953e-03
9.789170477221889044e-01 4.107616269718308150e-03
9.683785005164411430e-01 6.225115479162299063e-03
9.578434676659028923e-01 8.374828088136995058e-03
9.473131200147204556e-01 1.054749912219396166e-02
9.367886278863364335e-01 1.271234849402483325e-02
9.262711609534211021e-01 1.484169811793461212e-02
9.157618881078770645e-01 1.692332768838489612e-02
9.052619773309316109e-01 1.896951104926005230e-02
8.947725955633289985e-01 2.103431724692092150e-02
8.842949085756387495e-01 2.314110635332258803e-02
8.738300808386934015e-01 2.525746317230135804e-02
8.633792753941731402e-01 2.736291580737684054e-02
8.529436537253458628e-01 2.945945866658420884e-02
8.425243756279822138e-01 3.154673976789550138e-02
8.321225990814590245e-01 3.361992016328327337e-02
8.217394801200630372e-01 3.567238571308523065e-02
8.113761727045106786e-01 3.769608374263082318e-02
8.010338285937002034e-01 3.968330018049593538e-02
7.907135972167069760e-01 4.162711437343245141e-02
7.804166255450371015e-01 4.352650319375451354e-02
7.701440579651563922e-01 4.538439405039833979e-02
7.598970361513051053e-01 4.720351461002751658e-02
7.496766989386134394e-01 4.898619034992208326e-02
7.394841821965345563e-01 5.073279785965188748e-02
7.293206187026060050e-01 5.244250927311467497e-02
7.191871380165538730e-01 5.411269402292998021e-02
7.090848663547572039e-01 5.574020735235605400e-02
6.990149264650814542e-01 5.732293730975642626e-02
6.889784375020977514e-01 5.885959675571404009e-02
6.789765149027036095e-01 6.035099945597718896e-02
6.690102702621547603e-01 6.179869065141820050e-02
6.590808112105230876e-01 6.320479799256890907e-02
6.491892412895989839e-01 6.457092239439438108e-02
6.393366598302444581e-01 6.589673428169555425e-02
6.295241618302156450e-01 6.718082019764602675e-02
6.197528378324663745e-01 6.841998576150287725e-02
6.100237738039482327e-01 6.961097744437547141e-02
6.003380510149177729e-01 7.075097530930084255e-02
5.906967459187653091e-01 7.183821878633342428e-02
5.811009300323815019e-01 7.287267006867970132e-02
5.715516698170692855e-01 7.385482481202634841e-02
5.620500265600203438e-01 7.478569638434567901e-02
5.525970562563653488e-01 7.566612546387997684e-02
5.431938094918128401e-01 7.649668766833017663e-02
5.338413313258880688e-01 7.727774502937977130e-02
5.245406611757882365e-01 7.800945315735648145e-02
5.152928327008634568e-01 7.869187474098485180e-02
5.060988736877365390e-01 7.932502818013346946e-02
4.969598059360780251e-01 7.990930823205615041e-02
4.878766451450451402e-01 8.044544448904608624e-02
4.788504008003974244e-01 8.093482606336623031e-02
4.698820760623064752e-01 8.137922432460202582e-02
4.609726676538650203e-01 8.178028245334788282e-02
4.521231657503131940e-01 8.213955516903999332e-02
4.433345538689928977e-01 8.245845601186729823e-02
4.346078087600411255e-01 8.273827667467674452e-02
4.259439002978354649e-01 8.297995572925867536e-02
4.173437913732044313e-01 8.318434761930476595e-02
4.088084377864137364e-01 8.335249663471928916e-02
4.003387881409395943e-01 8.348542241830990418e-02
3.919357837380436083e-01 8.358383633205750118e-02
3.836003584721576765e-01 8.364834321566122499e-02
3.753334387270930161e-01 8.367944457981552064e-02
3.671359432730831873e-01 8.367731333145672634e-02
3.590087831646743277e-01 8.364131341689869104e-02
3.509528616394713696e-01 8.357067869889875378e-02
3.429690740177547825e-01 8.346463815575384804e-02
3.350583076029753915e-01 8.332173070254432490e-02
3.272214415831418144e-01 8.313927384956126820e-02
3.194593469331089564e-01 8.291669444579397030e-02
3.117728863177794407e-01 8.265687875040142463e-02
3.041629139962280792e-01 8.236384819928302403e-02
2.966302757267624823e-01 8.204261244729230129e-02
2.891758086729252497e-01 8.169553785150233949e-02
2.818003413104546162e-01 8.132205599785313765e-02
2.745046933352085494e-01 8.092185907082179164e-02
2.672896755720651774e-01 8.049509601403104231e-02
2.601560898848094272e-01 8.004314619735379555e-02
2.531047290870154232e-01 7.956820933204487856e-02
2.461363768539343022e-01 7.907106302093286354e-02
2.392518076353984391e-01 7.855135384921715924e-02
2.324517865697500740e-01 7.800695698747950324e-02
2.257370693988056676e-01 7.743497750008848657e-02
2.191084023838638650e-01 7.683396245059800900e-02
2.125665222227673956e-01 7.620319898454626373e-02
2.061121559680280102e-01 7.554244062797910164e-02
1.997460209460230063e-01 7.485166142710292236e-02
1.934688246772731102e-01 7.413105882414595948e-02
1.872812647978095990e-01 7.338095292609833620e-02
1.811840289816407656e-01 7.260188144874842042e-02
1.751777948643248317e-01 7.179450390566753659e-02
1.692632299676588570e-01 7.095970346377963867e-02
1.634409916254914164e-01 7.009861967708302943e-02
1.577117269106679265e-01 6.921298120379137941e-02
1.520760725631161714e-01 6.830436149630011999e-02
1.465346549190801317e-01 6.737371939165168189e-02
1.410880898415101115e-01 6.642106741841040385e-02
1.357369826516168221e-01 6.544474031602116881e-02
1.304819280615971966e-01 6.444328566368168199e-02
1.253235101085391490e-01 6.341592967382136958e-02
1.202623020895129402e-01 6.236231314899035039e-02
1.152988664978553679e-01 6.128257506825192380e-02
1.104337549606562163e-01 6.017724480359293998e-02
1.056675081774507419e-01 5.904726689634753889e-02
1.010006558601274085e-01 5.789365184900160943e-02
9.643371667405697956e-02 5.671741281960153425e-02
9.196719818044885031e-02 5.551890485507805090e-02
8.760159677994161509e-02 5.429798299995116512e-02
8.333739765743386485e-02 5.305510393758455789e-02
7.917507472816209813e-02 5.179116853364787443e-02
7.511509058502996439e-02 5.050720829909942367e-02
7.115789644719716645e-02 4.920425983360202787e-02
6.730393210993146358e-02 4.788281216764864873e-02
6.355362589573076981e-02 4.654316779800726084e-02
5.990739460672012129e-02 4.518618639781856600e-02
5.636564347832906385e-02 4.381314471897199830e-02
5.292876613425423482e-02 4.242634707224979262e-02
4.959714454271368922e-02 4.102818196703403308e-02
4.637114897399441382e-02 3.961984509985546493e-02
4.325113795930202176e-02 3.820230261966455626e-02
4.023745825091396000e-02 3.677691157301658104e-02
3.733044478364233587e-02 3.534509269133703779e-02
3.453042063760936031e-02 3.390818542119674456e-02
3.183769700234129196e-02 3.246761491345671186e-02
2.925257314218321358e-02 3.102506499946029034e-02
2.677533636303963682e-02 2.958272584898039709e-02
2.440626198044326678e-02 2.814373127695971033e-02
2.214561328895736647e-02 2.670797771062685677e-02
1.999364153291383062e-02 2.526950488357792429e-02
1.795058587848985532e-02 2.382525673453327747e-02
1.601667338712764455e-02 2.237758145905426044e-02
1.419211899029970692e-02 2.093682694765493235e-02
1.247712546562085301e-02 1.952173447191543273e-02
1.087188341431266636e-02 1.812490056934555616e-02
9.376571240020115106e-03 1.671202127422496617e-02
7.991355128984078959e-03 1.527054494252511573e-02
6.716389031571567969e-03 1.380937994257327300e-02
5.551814645166519568e-03 1.235183653993842182e-02
4.497761398421062928e-03 1.092525647653884956e-02
3.554346436871580472e-03 9.487125427452919313e-03
2.721674609919344512e-03 7.960872563314059375e-03
1.999838459177394334e-03 6.360388666301917959e-03
1.388918208186096237e-03 4.751854131312411265e-03
8.889817534969424173e-04 3.231582361172549104e-03
5.000846571264760954e-04 1.907235990095813676e-03
2.222701403818971855e-04 8.760572142557015779e-04
5.556907905679420168e-05 2.239041373135149181e-04
0.000000000000000000e+00 -2.326709700854141437e-08
0.000000000000000000e+00 1.846815774204785633e-08
5.556907905679420168e-05 -1.261182586823626545e-04
2.222701403818971855e-04 -4.908332119024843643e-04
5.000846571264760954e-04 -1.060616008790277653e-03
8.889817534969424173e-04 -1.776740066259002802e-03
1.388918208186096237e-03 -2.573860002577542209e-03
1.999838459177394334e-03 -3.382774861874491765e-03
2.721674609919344512e-03 -4.144835660901740812e-03
3.554346436871580472e-03 -4.827132288115094753e-03
4.497761398421062928e-03 -5.439763685215852178e-03
5.551814645166519568e-03 -6.066840458996292790e-03
6.716389031571567969e-03 -6.755103001281327624e-03
7.991355128984078959e-03 -7.478899912320711822e-03
9.376571240020115106e-03 -8.209082688438623307e-03
1.087188341431266636e-02 -8.921118100846272755e-03
1.247712546562085301e-02 -9.610823102733881407e-03
1.419211899029970692e-02 -1.029562695505410221e-02
1.601667338712764455e-02 -1.097325784333117761e-02
1.795058587848985532e-02 -1.162225582892343831e-02
1.999364153291383062e-02 -1.223125056147413015e-02
2.214561328895736647e-02 -1.279861392918112822e-02
2.440626198044326678e-02 -1.333559064376125744e-02
2.677533636303963682e-02 -1.386054613899257229e-02
2.925257314218321358e-02 -1.437814849007264945e-02
3.183769700234129196e-02 -1.488514533165829871e-02
3.453042063760936031e-02 -1.537776042547350959e-02
3.733044478364233587e-02 -1.585228298683270115e-02
4.023745825091396000e-02 -1.630674501576358931e-02
4.325113795930202176e-02 -1.674062480075841006e-02
4.637114897399441382e-02 -1.715738197557987316e-02
4.959714454271368922e-02 -1.756146854775257615e-02
5.292876613425423482e-02 -1.795598922626975152e-02
5.636564347832906385e-02 -1.834290633617615893e-02
5.990739460672012129e-02 -1.872141288899369094e-02
6.355362589573076981e-02 -1.909041387240691806e-02
6.730393210993146358e-02 -1.944977758819119162e-02
7.115789644719716645e-02 -1.979953343142177788e-02
7.511509058502996439e-02 -2.013967506679237990e-02
7.917507472816209813e-02 -2.047027592736449728e-02
8.333739765743386485e-02 -2.079158293654693665e-02
8.760159677994161509e-02 -2.110389990721703996e-02
9.196719818044885031e-02 -2.140759778118191473e-02
9.643371667405697956e-02 -2.170334800814876022e-02
1.010006558601274085e-01 -2.199222496622399783e-02
1.056675081774507419e-01 -2.227473144197321744e-02
1.104337549606562163e-01 -2.255064173075533099e-02
1.152988664978553679e-01 -2.281967269569227380e-02
1.202623020895129402e-01 -2.308152681075688675e-02
1.253235101085391490e-01 -2.333590499707020177e-02
1.304819280615971966e-01 -2.358248531216947802e-02
1.357369826516168221e-01 -2.382064413231869265e-02
1.410880898415101115e-01 -2.404953759931240456e-02
1.465346549190801317e-01 -2.426829653467448000e-02
1.520760725631161714e-01 -2.447609430994936164e-02
1.577117269106679265e-01 -2.467257767785668507e-02
1.634409916254914164e-01 -2.485767649936953053e-02
1.692632299676588570e-01 -2.503161158553050131e-02
1.751777948643248317e-01 -2.519471689095069411e-02
1.811840289816407656e-01 -2.534727025050062879e-02
1.872812647978095990e-01 -2.548956693175850885e-02
1.934688246772731102e-01 -2.562207720811767939e-02
1.997460209460230063e-01 -2.574527893620450272e-02
2.061121559680280102e-01 -2.585948248472109273e-02
2.125665222227673956e-01 -2.596489567543388763e-02
2.191084023838638650e-01 -2.606152874046649415e-02
2.257370693988056676e-01 -2.614928726925666233e-02
2.324517865697500740e-01 -2.622790229912888571e-02
2.392518076353984391e-01 -2.629661199340542488e-02
2.461363768539343022e-01 -2.635364876549819296e-02
2.531047290870154232e-01 -2.639801959689902847e-02
2.601560898848094272e-01 -2.643040965803217929e-02
2.672896755720651774e-01 -2.645284729865427648e-02
2.745046933352085494e-01 -2.646910101011592381e-02
2.818003413104546162e-01 -2.648127245020712520e-02
2.891758086729252497e-01 -2.648908986820858874e-02
2.966302757267624823e-01 -2.649138374384049990e-02
3.041629139962280792e-01 -2.648627863332296550e-02
3.117728863177794407e-01 -2.647388862981464239e-02
3.194593469331089564e-01 -2.645607665455704249e-02
3.272214415831418144e-01 -2.643301333230295425e-02
3.350583076029753915e-01 -2.640285029075402010e-02
3.429690740177547825e-01 -2.635598433423432668e-02
3.509528616394713696e-01 -2.627859304729331796e-02
3.590087831646743277e-01 -2.616446093379147866e-02
3.671359432730831873e-01 -2.601190385450147941e-02
3.753334387270930161e-01 -2.582167553660935991e-02
3.836003584721576765e-01 -2.559605581935417429e-02
3.919357837380436083e-01 -2.533997860785716996e-02
4.003387881409395943e-01 -2.505873741084075484e-02
4.088084377864137364e-01 -2.475434196727174102e-02
4.173437913732044313e-01 -2.442704585176113871e-02
4.259439002978354649e-01 -2.407410851501108964e-02
4.346078087600411255e-01 -2.369205663294457476e-02
4.433345538689928977e-01 -2.327757312657450714e-02
4.521231657503131940e-01 -2.282808861253931773e-02
4.609726676538650203e-01 -2.234305825912793683e-02
4.698820760623064752e-01 -2.182327920370467564e-02
4.788504008003974244e-01 -2.127186548139054639e-02
4.878766451450451402e-01 -2.069211293714167538e-02
4.969598059360780251e-01 -2.008701667939829030e-02
5.060988736877365390e-01 -1.945913860734333964e-02
5.152928327008634568e-01 -1.881037587839161362e-02
5.245406611757882365e-01 -1.814214026140200178e-02
5.338413313258880688e-01 -1.745526220449434077e-02
5.431938094918128401e-01 -1.675068764960928325e-02
5.525970562563653488e-01 -1.602961637223785513e-02
5.620500265600203438e-01 -1.529480465724260968e-02
5.715516698170692855e-01 -1.455057401180753773e-02
5.811009300323815019e-01 -1.380206739733194458e-02
5.906967459187653091e-01 -1.305500043565897828e-02
6.003380510149177729e-01 -1.231438258042330189e-02
6.100237738039482327e-01 -1.158441994511554690e-02
6.197528378324663745e-01 -1.086626428566422019e-02
6.295241618302156450e-01 -1.015926221883243184e-02
6.393366598302444581e-01 -9.462608366222842807e-03
6.491892412895989839e-01 -8.775688658416026799e-03
6.590808112105230876e-01 -8.099594594216863105e-03
6.690102702621547603e-01 -7.436465577588625107e-03
6.789765149027036095e-01 -6.790346043336414374e-03
6.889784375020977514e-01 -6.165848820007036914e-03
6.990149264650814542e-01 -5.567230436038892762e-03
7.090848663547572039e-01 -4.997028353997211465e-03
7.191871380165538730e-01 -4.451789467664835943e-03
7.293206187026060050e-01 -3.926112222125968491e-03
7.394841821965345563e-01 -3.412878694320495027e-03
7.496766989386134394e-01 -2.905568713637858309e-03
7.598970361513051053e-01 -2.399998874967924911e-03
7.701440579651563922e-01 -1.892295203769952085e-03
7.804166255450371015e-01 -1.378488798876931166e-03
7.907135972167069760e-01 -8.562777225471103742e-04
8.010338285937002034e-01 -3.262287490874533295e-04
8.113761727045106786e-01 2.157679992519828172e-04
8.217394801200630372e-01 7.806557718613900149e-04
8.321225990814590245e-01 1.360973382017196653e-03
8.425243756279822138e-01 1.925306928952701981e-03
8.529436537253458628e-01 2.434130755889542426e-03
8.633792753941731402e-01 2.842380512463093482e-03
8.738300808386934015e-01 3.131485134847377880e-03
8.842949085756387495e-01 3.304822767596125779e-03
8.947725955633289985e-01 3.339675059592783248e-03
9.052619773309316109e-01 3.201821515223304652e-03
9.157618881078770645e-01 2.954184803251904985e-03
9.262711609534211021e-01 2.710591852608321226e-03
9.367886278863364335e-01 2.490138677722259202e-03
9.473131200147204556e-01 2.259194479727027159e-03
9.578434676659028923e-01 1.968249812763920008e-03
9.683785005164411430e-01 1.572277334907434647e-03
9.789170477221889044e-01 1.093164326820139079e-03
9.894579380484205267e-01 5.692993755993650852e-04
9.999999999999998890e-01 -1.503597855135375392e-07
