9.999999999999998890e-01 -5.999999106771244407e-03
9.894579380484205267e-01 -3.322192150891128005e-03
9.789170477221889044e-01 -7.347078716032382851e-04
9.683785005164411430e-01 1.774282178496533382e-03
9.578434676659028923e-01 4.216836287220834638e-03
9.473131200147204556e-01 6.604972123579052994e-03
9.367886278863364335e-01 8.950468553662585883e-03
9.262711609534211021e-01 1.126521865763601034e-02
9.157618881078770645e-01 1.356146095576282046e-02
9.052619773309316109e-01 1.585097712493731270e-02
8.947725955633289985e-01 1.814450792323556508e-02
8.842949085756387495e-01 2.044719253178637480e-02
8.738300808386934015e-01 2.275546494072715545e-02
8.633792753941731402e-01 2.506548895839186622e-02
8.529436537253458628e-01 2.737409245826242371e-02
8.425243756279822138e-01 2.967791536484423384e-02
8.321225990814590245e-01 3.197334451258789650e-02
8.217394801200630372e-01 3.425698873980120157e-02
8.113761727045106786e-01 3.652566684570510147e-02
8.010338285937002034e-01 3.877597647604414527e-02
7.907135972167069760e-01 4.100422636714713687e-02
7.804166255450371015e-01 4.320542660164621018e-02
7.701440579651563922e-01 4.537373478133968629e-02
7.598970361513051053e-01 4.750350247417006039e-02
7.496766989386134394e-01 4.958921924396071657e-02
7.394841821965345563e-01 5.162552281155057682e-02
7.293206187026060050e-01 5.360712064484968176e-02
7.191871380165538730e-01 5.552872081926955167e-02
7.090848663547572039e-01 5.738514482856837268e-02
6.990149264650814542e-01 5.917181047538595806e-02
6.889784375020977514e-01 6.088600471478486376e-02
6.789765149027036095e-01 6.253225235898142442e-02
6.690102702621547603e-01 6.411685418868647013e-02
6.590808112105230876e-01 6.564547043026341955e-02
6.491892412895989839e-01 6.712369615157874614e-02
6.393366598302444581e-01 6.855735285068012552e-02
6.295241618302156450e-01 6.995206800419316584e-02
6.197528378324663745e-01 7.131289751233955976e-02
6.100237738039482327e-01 7.264512917003768111e-02
6.003380510149177729e-01 7.395465590752779705e-02
5.906967459187653091e-01 7.524432540189171514e-02
5.811009300323815019e-01 7.651166132348928561e-02
5.715516698170692855e-01 7.775313771932192142e-02
5.620500265600203438e-01 7.896447732043786194e-02
5.525970562563653488e-01 8.014168504208848964e-02
5.431938094918128401e-01 8.128117974311548088e-02
5.338413313258880688e-01 8.237948244400354614e-02
5.245406611757882365e-01 8.343319376957963884e-02
5.152928327008634568e-01 8.443892788985188358e-02
5.060988736877365390e-01 8.539336505461102289e-02
4.969598059360780251e-01 8.629397117781283100e-02
4.878766451450451402e-01 8.713892492449190619e-02
4.788504008003974244e-01 8.792796992366826159e-02
4.698820760623064752e-01 8.866175868770515001e-02
4.609726676538650203e-01 8.934064575412736797e-02
4.521231657503131940e-01 8.996485548996020765e-02
4.433345538689928977e-01 9.053481135114606337e-02
4.346078087600411255e-01 9.105102250752704351e-02
4.259439002978354649e-01 9.151400067315614006e-02
4.173437913732044313e-01 9.192425685415932246e-02
4.088084377864137364e-01 9.228229506324266140e-02
4.003387881409395943e-01 9.258870972051964909e-02
3.919357837380436083e-01 9.284445096714000201e-02
3.836003584721576765e-01 9.305068427351316507e-02
3.753334387270930161e-01 9.320898658131591963e-02
3.671359432730831873e-01 9.332096676415650716e-02
3.590087831646743277e-01 9.338810404942267385e-02
3.509528616394713696e-01 9.341187571749455520e-02
3.429690740177547825e-01 9.339380046707214389e-02
3.350583076029753915e-01 9.333538034540002359e-02
3.272214415831418144e-01 9.323807696733729666e-02
3.194593469331089564e-01 9.310334694173039161e-02
3.117728863177794407e-01 9.293264541795226430e-02
3.041629139962280792e-01 9.272741289663201381e-02
2.966302757267624823e-01 9.248899420068319721e-02
2.891758086729252497e-01 9.221666238754076816e-02
2.818003413104546162e-01 9.190745101825986696e-02
2.745046933352085494e-01 9.155855969224412083e-02
2.672896755720651774e-01 9.116746133990538681e-02
2.601560898848094272e-01 9.073188661196172899e-02
2.531047290870154232e-01 9.024978771027122870e-02
2.461363768539343022e-01 8.971946661301800907e-02
2.392518076353984391e-01 8.913946921844895233e-02
2.324517865697500740e-01 8.850852302078279776e-02
2.257370693988056676e-01 8.782552144636825153e-02
2.191084023838638650e-01 8.708987843955930119e-02
2.125665222227673956e-01 8.630121133547893897e-02
2.061121559680280102e-01 8.545892521952290488e-02
1.997460209460230063e-01 8.456277255069932774e-02
1.934688246772731102e-01 8.361467395781248257e-02
1.872812647978095990e-01 8.261762556607457619e-02
1.811840289816407656e-01 8.157625237414575792e-02
1.751777948643248317e-01 8.049531743558244190e-02
1.692632299676588570e-01 7.937860714359598613e-02
1.634409916254914164e-01 7.822989220955663126e-02
1.577117269106679265e-01 7.705348755807328587e-02
1.520760725631161714e-01 7.585315465229712506e-02
1.465346549190801317e-01 7.463111431160622533e-02
1.410880898415101115e-01 7.338741829554609741e-02
1.357369826516168221e-01 7.211830659832052515e-02
1.304819280615971966e-01 7.082028897066630635e-02
1.253235101085391490e-01 6.949105711153172327e-02
1.202623020895129402e-01 6.812884914289754623e-02
1.152988664978553679e-01 6.673251052272138883e-02
1.104337549606562163e-01 6.530102136498608378e-02
1.056675081774507419e-01 6.383353536882015178e-02
1.010006558601274085e-01 6.233073545667992821e-02
9.643371667405697956e-02 6.079520905901432404e-02
9.196719818044885031e-02 5.923643989629352041e-02
8.760159677994161509e-02 5.766944120021204323e-02
8.333739765743386485e-02 5.610757213199321636e-02
7.917507472816209813e-02 5.456262140775906821e-02
7.511509058502996439e-02 5.304333335919200060e-02
7.115789644719716645e-02 5.155482576285374402e-02
6.730393210993146358e-02 5.008691685627778695e-02
6.355362589573076981e-02 4.862274480792604103e-02
5.990739460672012129e-02 4.715102977844246729e-02
5.636564347832906385e-02 4.566300081285186441e-02
5.292876613425423482e-02 4.415096742274039754e-02
4.959714454271368922e-02 4.260897468813892863e-02
4.637114897399441382e-02 4.103722889087752651e-02
4.325113795930202176e-02 3.943846433296951948e-02
4.023745825091396000e-02 3.781836512246298382e-02
3.733044478364233587e-02 3.618311920984071395e-02
3.453042063760936031e-02 3.453837124651213536e-02
3.183769700234129196e-02 3.288999909970241609e-02
2.925257314218321358e-02 3.124472955833257001e-02
2.677533636303963682e-02 2.960906516870470337e-02
2.440626198044326678e-02 2.798864496660447357e-02
2.214561328895736647e-02 2.637920762948164910e-02
1.999364153291383062e-02 2.475934229852444837e-02
1.795058587848985532e-02 2.311257058957285823e-02
1.601667338712764455e-02 2.143245736363496440e-02
1.419211899029970692e-02 1.971833729683796638e-02
1.247712546562085301e-02 1.797590417074678218e-02
1.087188341431266636e-02 1.621532017040594117e-02
9.376571240020115106e-03 1.445117288209513823e-02
7.991355128984078959e-03 1.270075529203150942e-02
6.716389031571567969e-03 1.098366448341579066e-02
5.551814645166519568e-03 9.320762269540849507e-03
4.497761398421062928e-03 7.733776189009285151e-03
3.554346436871580472e-03 6.244187696314459218e-03
2.721674609919344512e-03 4.873137794890898371e-03
1.999838459177394334e-03 3.640220243181435493e-03
1.388918208186096237e-03 2.563851926137548400e-03
8.889817534969424173e-04 1.659825300589420297e-03
5.000846571264760954e-04 9.421752664550977433e-04
2.222701403818971855e-04 4.213654281565289909e-04
5.556907905679420168e-05 1.057735290720519621e-04
0.000000000000000000e+00 -1.631429733953620019e-09
0.000000000000000000e+00 2.245742359506346375e-09
5.556907905679420168e-05 -7.893395077778111578e-05
2.222701403818971855e-04 -3.133561188500055611e-04
5.000846571264760954e-04 -6.969410458085727221e-04
8.889817534969424173e-04 -1.218199052748271567e-03
1.388918208186096237e-03 -1.862831463583363226e-03
1.999838459177394334e-03 -2.611774063721461134e-03
2.721674609919344512e-03 -3.443713053460835741e-03
3.554346436871580472e-03 -4.334051822443596956e-03
4.497761398421062928e-03 -5.256918680985238866e-03
5.551814645166519568e-03 -6.184887433218964198e-03
6.716389031571567969e-03 -7.090648665344889169e-03
7.991355128984078959e-03 -7.947403470686904836e-03
9.376571240020115106e-03 -8.730471970859394679e-03
1.087188341431266636e-02 -9.418098337962057393e-03
1.247712546562085301e-02 -9.993021741598107077e-03
1.419211899029970692e-02 -1.044319288148853019e-02
1.601667338712764455e-02 -1.076455330377987761e-02
1.795058587848985532e-02 -1.096107632612676117e-02
1.999364153291383062e-02 -1.104789650710271721e-02
2.214561328895736647e-02 -1.105023767509287144e-02
2.440626198044326678e-02 -1.101055887686651705e-02
2.677533636303963682e-02 -1.097936987179679892e-02
2.925257314218321358e-02 -1.097371892452330376e-02
3.183769700234129196e-02 -1.099097160499743105e-02
3.453042063760936031e-02 -1.102378663595863020e-02
3.733044478364233587e-02 -1.106251632515301356e-02
4.023745825091396000e-02 -1.109637525757325473e-02
4.325113795930202176e-02 -1.111277479731172767e-02
4.637114897399441382e-02 -1.109197916200397455e-02
4.959714454271368922e-02 -1.101316966519027066e-02
5.292876613425423482e-02 -1.086096994047769382e-02
5.636564347832906385e-02 -1.062535642870924071e-02
5.990739460672012129e-02 -1.031012217534411218e-02
6.355362589573076981e-02 -9.921769386014123865e-03
6.730393210993146358e-02 -9.465737268153627884e-03
7.115789644719716645e-02 -8.949061449553518885e-03
7.511509058502996439e-02 -8.383131909724689940e-03
7.917507472816209813e-02 -7.778479266280871954e-03
8.333739765743386485e-02 -7.142570473458517179e-03
8.760159677994161509e-02 -6.482980193102999035e-03
9.196719818044885031e-02 -5.808131478975346595e-03
9.643371667405697956e-02 -5.128089787801790554e-03
1.010006558601274085e-01 -4.455025618431746395e-03
1.056675081774507419e-01 -3.796989184153109174e-03
1.104337549606562163e-01 -3.156824270791610404e-03
1.152988664978553679e-01 -2.536267631612678861e-03
1.202623020895129402e-01 -1.936259687438824468e-03
1.253235101085391490e-01 -1.357995155433772269e-03
1.304819280615971966e-01 -8.028948216284341943e-04
1.357369826516168221e-01 -2.720664947464857030e-04
1.410880898415101115e-01 2.335991595873175607e-04
1.465346549190801317e-01 7.130526120761925078e-04
1.520760725631161714e-01 1.165306106303890237e-03
1.577117269106679265e-01 1.590762256190533753e-03
1.634409916254914164e-01 1.990649085977361666e-03
1.692632299676588570e-01 2.367003380447639440e-03
1.751777948643248317e-01 2.722221588888061507e-03
1.811840289816407656e-01 3.058802107098350376e-03
1.872812647978095990e-01 3.379495583366949954e-03
1.934688246772731102e-01 3.688065736398616484e-03
1.997460209460230063e-01 3.988281794224233893e-03
2.061121559680280102e-01 4.282795870755155311e-03
2.125665222227673956e-01 4.573441122870807417e-03
2.191084023838638650e-01 4.860306066547621581e-03
2.257370693988056676e-01 5.143344834207834969e-03
2.324517865697500740e-01 5.423063939769957702e-03
2.392518076353984391e-01 5.699985217911878940e-03
2.461363768539343022e-01 5.974469398707843264e-03
2.531047290870154232e-01 6.246951827110313119e-03
2.601560898848094272e-01 6.518043105822740602e-03
2.672896755720651774e-01 6.788374880808900440e-03
2.745046933352085494e-01 7.058584275610334594e-03
2.818003413104546162e-01 7.329377871131698662e-03
2.891758086729252497e-01 7.601552782089062051e-03
2.966302757267624823e-01 7.875947614407796671e-03
3.041629139962280792e-01 8.153367074478942017e-03
3.117728863177794407e-01 8.433176761422505469e-03
3.194593469331089564e-01 8.713408673133332671e-03
3.272214415831418144e-01 8.991900438467082673e-03
3.350583076029753915e-01 9.266368673223446262e-03
3.429690740177547825e-01 9.534426990356304268e-03
3.509528616394713696e-01 9.793602193804651357e-03
3.590087831646743277e-01 1.004121792438694184e-02
3.671359432730831873e-01 1.027448333866363452e-02
3.753334387270930161e-01 1.049057778224628083e-02
3.836003584721576765e-01 1.068660173876805411e-02
3.919357837380436083e-01 1.085925001229189057e-02
4.003387881409395943e-01 1.100521121721484419e-02
4.088084377864137364e-01 1.112192413572186608e-02
4.173437913732044313e-01 1.120721320109599461e-02
4.259439002978354649e-01 1.125952240994635041e-02
4.346078087600411255e-01 1.127741621661323967e-02
4.433345538689928977e-01 1.125932011418959502e-02
4.521231657503131940e-01 1.120357786614489294e-02
4.609726676538650203e-01 1.110838661203871446e-02
4.698820760623064752e-01 1.097206024521922736e-02
4.788504008003974244e-01 1.079324395661543194e-02
4.878766451450451402e-01 1.057018842224891585e-02
4.969598059360780251e-01 1.030030793244976831e-02
5.060988736877365390e-01 9.983086402286213412e-03
5.152928327008634568e-01 9.621602151910345346e-03
5.245406611757882365e-01 9.220588402344374879e-03
5.338413313258880688e-01 8.786601495130295925e-03
5.431938094918128401e-01 8.326163107936379593e-03
5.525970562563653488e-01 7.845611260514119556e-03
5.620500265600203438e-01 7.351555130132350277e-03
5.715516698170692855e-01 6.850908704645770723e-03
5.811009300323815019e-01 6.351056632254583646e-03
5.906967459187653091e-01 5.859706181125955496e-03
6.003380510149177729e-01 5.383819242155374503e-03
6.100237738039482327e-01 4.929252785981030546e-03
6.197528378324663745e-01 4.495937602723370542e-03
6.295241618302156450e-01 4.080419539112325154e-03
6.393366598302444581e-01 3.679963464321212626e-03
6.491892412895989839e-01 3.292132683027955073e-03
6.590808112105230876e-01 2.913974462372062677e-03
6.690102702621547603e-01 2.542352191943055093e-03
6.789765149027036095e-01 2.174287422109253808e-03
6.889784375020977514e-01 1.806786592932125169e-03
6.990149264650814542e-01 1.436545183151370815e-03
7.090848663547572039e-01 1.060712553129992009e-03
7.191871380165538730e-01 6.784409397130833786e-04
7.293206187026060050e-01 2.893856221999861625e-04
7.394841821965345563e-01 -1.066765049660632197e-04
7.496766989386134394e-01 -5.099760018615626458e-04
7.598970361513051053e-01 -9.208205008539613150e-04
7.701440579651563922e-01 -1.339488131889441866e-03
7.804166255450371015e-01 -1.766170625890339622e-03
7.907135972167069760e-01 -2.201140112862665262e-03
8.010338285937002034e-01 -2.644813869492242293e-03
8.113761727045106786e-01 -3.096775453473220308e-03
8.217394801200630372e-01 -3.555346440942869918e-03
8.321225990814590245e-01 -4.018614912638932522e-03
8.425243756279822138e-01 -4.484504493693854295e-03
8.529436537253458628e-01 -4.950929286146845548e-03
8.633792753941731402e-01 -5.415805687569013975e-03
8.738300808386934015e-01 -5.877077299611800296e-03
8.842949085756387495e-01 -6.332699343858508301e-03
8.947725955633289985e-01 -6.780448259091438959e-03
9.052619773309316109e-01 -7.218191212617935948e-03
9.157618881078770645e-01 -7.646330270646354080e-03
9.262711609534211021e-01 -8.066899360543656333e-03
9.367886278863364335e-01 -8.482243608557165152e-03
9.473131200147204556e-01 -8.894844872411466694e-03
9.578434676659028923e-01 -9.307080256803998766e-03
9.683785005164411430e-01 -9.721293052512279889e-03
9.789170477221889044e-01 -1.013990378976663449e-02
9.894579380484205267e-01 -1.056534842547787734e-02
9.999999999999998890e-01 -1.099999972993918711e-02
