9.999999999999998890e-01 2.543726740951930514e-03
9.894579380484205267e-01 3.740217737612734454e-03
9.789170477221889044e-01 5.109927818717550571e-03
9.683785005164411430e-01 6.622929003113486521e-03
9.578434676659028923e-01 8.242824188572490246e-03
9.473131200147204556e-01 9.936754536935613058e-03
9.367886278863364335e-01 1.168514729170010147e-02
9.262711609534211021e-01 1.347502776888971805e-02
9.157618881078770645e-01 1.530327856866100719e-02
9.052619773309316109e-01 1.716665388842483070e-02
8.947725955633289985e-01 1.905911003581386640e-02
8.842949085756387495e-01 2.097511374653021968e-02
8.738300808386934015e-01 2.291042620909863187e-02
8.633792753941731402e-01 2.486046626139855331e-02
8.529436537253458628e-01 2.682005233042719650e-02
8.425243756279822138e-01 2.878428666255430923e-02
8.321225990814590245e-01 3.074863166118281185e-02
8.217394801200630372e-01 3.270841437665631540e-02
8.113761727045106786e-01 3.465891431976447778e-02
8.010338285937002034e-01 3.659699374135901018e-02
7.907135972167069760e-01 3.852079027402050687e-02
7.804166255450371015e-01 4.042849441644340985e-02
7.701440579651563922e-01 4.231831289412436858e-02
7.598970361513051053e-01 4.418849922607333280e-02
7.496766989386134394e-01 4.603733772918432166e-02
7.394841821965345563e-01 4.786314749517259909e-02
7.293206187026060050e-01 4.966427109871629497e-02
7.191871380165538730e-01 5.143909690558153003e-02
7.090848663547572039e-01 5.318604180771267093e-02
6.990149264650814542e-01 5.490357773437463257e-02
6.889784375020977514e-01 5.659020405650713736e-02
6.789765149027036095e-01 5.824446089549132483e-02
6.690102702621547603e-01 5.986492317276703029e-02
6.590808112105230876e-01 6.145025049078758905e-02
6.491892412895989839e-01 6.299912011196498463e-02
6.393366598302444581e-01 6.451020639793092482e-02
6.295241618302156450e-01 6.598236200848071886e-02
6.197528378324663745e-01 6.741487600526016588e-02
6.100237738039482327e-01 6.880717147854684135e-02
6.003380510149177729e-01 7.015881148975731951e-02
5.906967459187653091e-01 7.146937853949680841e-02
5.811009300323815019e-01 7.273846011796626654e-02
5.715516698170692855e-01 7.396568232792852249e-02
5.620500265600203438e-01 7.515072660371518998e-02
5.525970562563653488e-01 7.629330180260526784e-02
5.431938094918128401e-01 7.739314633119635800e-02
5.338413313258880688e-01 7.845003734444400134e-02
5.245406611757882365e-01 7.946379163688366276e-02
5.152928327008634568e-01 8.043426181048890511e-02
5.060988736877365390e-01 8.136133266323053448e-02
4.969598059360780251e-01 8.224492966256460869e-02
4.878766451450451402e-01 8.308501088350968289e-02
4.788504008003974244e-01 8.388157656524089512e-02
4.698820760623064752e-01 8.463465701060120250e-02
4.609726676538650203e-01 8.534432407190502279e-02
4.521231657503131940e-01 8.601067779411397662e-02
4.433345538689928977e-01 8.663386840772577258e-02
4.346078087600411255e-01 8.721401026333094886e-02
4.259439002978354649e-01 8.775089211487241414e-02
4.173437913732044313e-01 8.824420258730091005e-02
4.088084377864137364e-01 8.869370034510276612e-02
4.003387881409395943e-01 8.909918557702939390e-02
3.919357837380436083e-01 8.946053939638863584e-02
3.836003584721576765e-01 8.977768560040737256e-02
3.753334387270930161e-01 9.005062169089110558e-02
3.671359432730831873e-01 9.027938854392239532e-02
3.590087831646743277e-01 9.046410279763990314e-02
3.509528616394713696e-01 9.060492377378034923e-02
3.429690740177547825e-01 9.070207762445949007e-02
3.350583076029753915e-01 9.075583789632654663e-02
3.272214415831418144e-01 9.076654920962123896e-02
3.194593469331089564e-01 9.073459700574731945e-02
3.117728863177794407e-01 9.066041920070237736e-02
3.041629139962280792e-01 9.054451257476750503e-02
2.966302757267624823e-01 9.038744500536954884e-02
2.891758086729252497e-01 9.018980863401299120e-02
2.818003413104546162e-01 8.995222203587133203e-02
2.745046933352085494e-01 8.967540585313658885e-02
2.672896755720651774e-01 8.936016679827597786e-02
2.601560898848094272e-01 8.900721348183433801e-02
2.531047290870154232e-01 8.861711659619612991e-02
2.461363768539343022e-01 8.818974552977315584e-02
2.392518076353984391e-01 8.772454392699662040e-02
2.324517865697500740e-01 8.722123537512949110e-02
2.257370693988056676e-01 8.667971566104777648e-02
2.191084023838638650e-01 8.609999220462087599e-02
2.125665222227673956e-01 8.548215289150788709e-02
2.061121559680280102e-01 8.482647142979010679e-02
1.997460209460230063e-01 8.413332248420726800e-02
1.934688246772731102e-01 8.340323380088070226e-02
1.872812647978095990e-01 8.263681081919661831e-02
1.811840289816407656e-01 8.183478147514648693e-02
1.751777948643248317e-01 8.099771016077715602e-02
1.692632299676588570e-01 8.012549233978021046e-02
1.634409916254914164e-01 7.921799312451845154e-02
1.577117269106679265e-01 7.827539683651191238e-02
1.520760725631161714e-01 7.729802788583696460e-02
1.465346549190801317e-01 7.628640928035004820e-02
1.410880898415101115e-01 7.524123123785929346e-02
1.357369826516168221e-01 7.416345691497447379e-02
1.304819280615971966e-01 7.305413552127407173e-02
1.253235101085391490e-01 7.191441135373496940e-02
1.202623020895129402e-01 7.074569090739869781e-02
1.152988664978553679e-01 6.954970198584954633e-02
1.104337549606562163e-01 6.832729061070150212e-02
1.056675081774507419e-01 6.707825402766018352e-02
1.010006558601274085e-01 6.580251493684348418e-02
9.643371667405697956e-02 6.450020079617180269e-02
9.196719818044885031e-02 6.317182978364507817e-02
8.760159677994161509e-02 6.181827305176307297e-02
8.333739765743386485e-02 6.044086821304468782e-02
7.917507472816209813e-02 5.904127504958450734e-02
7.511509058502996439e-02 5.762118753733588145e-02
7.115789644719716645e-02 5.618243341664432705e-02
6.730393210993146358e-02 5.472780989530717788e-02
6.355362589573076981e-02 5.326026096243384467e-02
5.990739460672012129e-02 5.178052206984595784e-02
5.636564347832906385e-02 5.028828139101274020e-02
5.292876613425423482e-02 4.878246136579610787e-02
4.959714454271368922e-02 4.726208315627033335e-02
4.637114897399441382e-02 4.572777939270430969e-02
4.325113795930202176e-02 4.418095133310159794e-02
4.023745825091396000e-02 4.262416897791222042e-02
3.733044478364233587e-02 4.106026946003514533e-02
3.453042063760936031e-02 3.949208266076636303e-02
3.183769700234129196e-02 3.792337384554422819e-02
2.925257314218321358e-02 3.636026678408552787e-02
2.677533636303963682e-02 3.480745807304470169e-02
2.440626198044326678e-02 3.326581725964383729e-02
2.214561328895736647e-02 3.173173098021901672e-02
1.999364153291383062e-02 3.019459743767908058e-02
1.795058587848985532e-02 2.864665474551512589e-02
1.601667338712764455e-02 2.708557042725454750e-02
1.419211899029970692e-02 2.551522969802725790e-02
1.247712546562085301e-02 2.394656663625900628e-02
1.087188341431266636e-02 2.238657780292985580e-02
9.376571240020115106e-03 2.083845349338908290e-02
7.991355128984078959e-03 1.932041705309414312e-02
6.716389031571567969e-03 1.786243930022433576e-02
5.551814645166519568e-03 1.646912310968173462e-02
4.497761398421062928e-03 1.512676210822721731e-02
3.554346436871580472e-03 1.383295231756515031e-02
2.721674609919344512e-03 1.258266435481575872e-02
1.999838459177394334e-03 1.128065361071869943e-02
1.388918208186096237e-03 9.835987024410597704e-03
8.889817534969424173e-04 8.535854233770351004e-03
5.000846571264760954e-04 7.664033405951564681e-03
2.222701403818971855e-04 6.493563912142411021e-03
5.556907905679420168e-05 3.995192278169655553e-03
0.000000000000000000e+00 -5.253161137402099145e-04
0.000000000000000000e+00 -5.803286290099210444e-04
5.556907905679420168e-05 -6.580440146203431206e-04
2.222701403818971855e-04 -8.883716430805271933e-04
5.000846571264760954e-04 -1.263718167792040074e-03
8.889817534969424173e-04 -1.770571056205703800e-03
1.388918208186096237e-03 -2.392268115305981255e-03
1.999838459177394334e-03 -3.106876679082975351e-03
2.721674609919344512e-03 -3.890478498248283942e-03
3.554346436871580472e-03 -4.716670471368394901e-03
4.497761398421062928e-03 -5.558638859876961595e-03
5.551814645166519568e-03 -6.389481944939182263e-03
6.716389031571567969e-03 -7.184983057907890110e-03
7.991355128984078959e-03 -7.925323365047901372e-03
9.376571240020115106e-03 -8.595844701996667447e-03
1.087188341431266636e-02 -9.188677869656016600e-03
1.247712546562085301e-02 -9.708092767129078773e-03
1.419211899029970692e-02 -1.017201110615667883e-02
1.601667338712764455e-02 -1.060922940851012457e-02
1.795058587848985532e-02 -1.105657086009672468e-02
1.999364153291383062e-02 -1.152509587460722601e-02
2.214561328895736647e-02 -1.200512747812879609e-02
2.440626198044326678e-02 -1.248926007366293715e-02
2.677533636303963682e-02 -1.297144257884195150e-02
2.925257314218321358e-02 -1.343997296240342573e-02
3.183769700234129196e-02 -1.388055578853270022e-02
3.453042063760936031e-02 -1.428387520602870421e-02
3.733044478364233587e-02 -1.464401056906230320e-02
4.023745825091396000e-02 -1.496156205114821530e-02
4.325113795930202176e-02 -1.523977383862166676e-02
4.637114897399441382e-02 -1.548226702494137456e-02
4.959714454271368922e-02 -1.569373238091213360e-02
5.292876613425423482e-02 -1.588296117185091297e-02
5.636564347832906385e-02 -1.605795765968945008e-02
5.990739460672012129e-02 -1.621998023349830245e-02
6.355362589573076981e-02 -1.636852155489106758e-02
6.730393210993146358e-02 -1.650229477597935090e-02
7.115789644719716645e-02 -1.662001296847411339e-02
7.511509058502996439e-02 -1.672073631085996617e-02
7.917507472816209813e-02 -1.680359767072426777e-02
8.333739765743386485e-02 -1.686777824812207144e-02
8.760159677994161509e-02 -1.691293195154254872e-02
9.196719818044885031e-02 -1.693950873475266738e-02
9.643371667405697956e-02 -1.694806973262794406e-02
1.010006558601274085e-01 -1.693923719022557423e-02
1.056675081774507419e-01 -1.691405975597498959e-02
1.104337549606562163e-01 -1.687407740016430915e-02
1.152988664978553679e-01 -1.682043154890042538e-02
1.202623020895129402e-01 -1.675380685227440339e-02
1.253235101085391490e-01 -1.667450349004974755e-02
1.304819280615971966e-01 -1.658252618497462610e-02
1.357369826516168221e-01 -1.647811287114120393e-02
1.410880898415101115e-01 -1.636168247339537737e-02
1.465346549190801317e-01 -1.623370984282356336e-02
1.520760725631161714e-01 -1.609466592842032778e-02
1.577117269106679265e-01 -1.594471596699183202e-02
1.634409916254914164e-01 -1.578386755826867091e-02
1.692632299676588570e-01 -1.561211730905337144e-02
1.751777948643248317e-01 -1.542947067386251161e-02
1.811840289816407656e-01 -1.523600711655652591e-02
1.872812647978095990e-01 -1.503183914321495028e-02
1.934688246772731102e-01 -1.481711142206598025e-02
1.997460209460230063e-01 -1.459199359583390060e-02
2.061121559680280102e-01 -1.435671529467581579e-02
2.125665222227673956e-01 -1.411153393066806074e-02
2.191084023838638650e-01 -1.385674933391361704e-02
2.257370693988056676e-01 -1.359270037542029824e-02
2.324517865697500740e-01 -1.331980617229302534e-02
2.392518076353984391e-01 -1.303845630594909454e-02
2.461363768539343022e-01 -1.274894736078309443e-02
2.531047290870154232e-01 -1.245155815434753101e-02
2.601560898848094272e-01 -1.214655815779322988e-02
2.672896755720651774e-01 -1.183425632195884286e-02
2.745046933352085494e-01 -1.151502340773191344e-02
2.818003413104546162e-01 -1.118922325891543064e-02
2.891758086729252497e-01 -1.085720141614280806e-02
2.966302757267624823e-01 -1.051923260561685863e-02
3.041629139962280792e-01 -1.017551718765204866e-02
3.117728863177794407e-01 -9.826283011421226704e-03
3.194593469331089564e-01 -9.471787774619357114e-03
3.272214415831418144e-01 -9.112306505670832169e-03
3.350583076029753915e-01 -8.748124550318080520e-03
3.429690740177547825e-01 -8.379500573331078589e-03
3.509528616394713696e-01 -8.006676521141073768e-03
3.590087831646743277e-01 -7.629902589201765541e-03
3.671359432730831873e-01 -7.249434645486984956e-03
3.753334387270930161e-01 -6.865536083924592310e-03
3.836003584721576765e-01 -6.478482826804895199e-03
3.919357837380436083e-01 -6.088606990461562472e-03
4.003387881409395943e-01 -5.696275835067294603e-03
4.088084377864137364e-01 -5.301926129926273074e-03
4.173437913732044313e-01 -4.906020536802805851e-03
4.259439002978354649e-01 -4.509038288917398621e-03
4.346078087600411255e-01 -4.111465219212938511e-03
4.433345538689928977e-01 -3.713794965220198335e-03
4.521231657503131940e-01 -3.316477217872613147e-03
4.609726676538650203e-01 -2.919832665504488133e-03
4.698820760623064752e-01 -2.524174965821520972e-03
4.788504008003974244e-01 -2.129854399173964317e-03
4.878766451450451402e-01 -1.737216763506917172e-03
4.969598059360780251e-01 -1.346591254106398530e-03
5.060988736877365390e-01 -9.584806864157473195e-04
5.152928327008634568e-01 -5.736769049242793506e-04
5.245406611757882365e-01 -1.930078745003716706e-04
5.338413313258880688e-01 1.826838562323858004e-04
5.431938094918128401e-01 5.525001499690576114e-04
5.525970562563653488e-01 9.154927640256360069e-04
5.620500265600203438e-01 1.271012343623588101e-03
5.715516698170692855e-01 1.618710046301595354e-03
5.811009300323815019e-01 1.958301897647605951e-03
5.906967459187653091e-01 2.289547315394234450e-03
6.003380510149177729e-01 2.612206662715374061e-03
6.100237738039482327e-01 2.926019153731346419e-03
6.197528378324663745e-01 3.230509302403292843e-03
6.295241618302156450e-01 3.525068127414886059e-03
6.393366598302444581e-01 3.809024989303489220e-03
6.491892412895989839e-01 4.081682549499743989e-03
6.590808112105230876e-01 4.342362437957516391e-03
6.690102702621547603e-01 4.590435580915219055e-03
6.789765149027036095e-01 4.825499672444043611e-03
6.889784375020977514e-01 5.047236708694344612e-03
6.990149264650814542e-01 5.255360755585316256e-03
7.090848663547572039e-01 5.449575982703272828e-03
7.191871380165538730e-01 5.629516636878517145e-03
7.293206187026060050e-01 5.794748140964871459e-03
7.394841821965345563e-01 5.944675248911818199e-03
7.496766989386134394e-01 6.078685551188201322e-03
7.598970361513051053e-01 6.196200772580338044e-03
7.701440579651563922e-01 6.296697687822112172e-03
7.804166255450371015e-01 6.379758940510152528e-03
7.907135972167069760e-01 6.445071937297180975e-03
8.010338285937002034e-01 6.492481045220900408e-03
8.113761727045106786e-01 6.521621069271921547e-03
8.217394801200630372e-01 6.531786198209268805e-03
8.321225990814590245e-01 6.522025011427988635e-03
8.425243756279822138e-01 6.491116772165746174e-03
8.529436537253458628e-01 6.437906157900069939e-03
8.633792753941731402e-01 6.361357912412527252e-03
8.738300808386934015e-01 6.261063903112697344e-03
8.842949085756387495e-01 6.137103585112063490e-03
8.947725955633289985e-01 5.988631836363656619e-03
9.052619773309316109e-01 5.814120611777512208e-03
9.157618881078770645e-01 5.612295338968179698e-03
9.262711609534211021e-01 5.381743851166597738e-03
9.367886278863364335e-01 5.118285600785278493e-03
9.473131200147204556e-01 4.816672341799646019e-03
9.578434676659028923e-01 4.474533290496521959e-03
9.683785005164411430e-01 4.089613968705383025e-03
9.789170477221889044e-01 3.652785482345299525e-03
9.894579380484205267e-01 3.148403035975454525e-03
9.999999999999998890e-01 2.541414828496759565e-03
