9.999999999999998890e-01 1.592445166267520788e-09
9.894579380484205267e-01 2.362992749774800796e-03
9.789170477221889044e-01 4.581280351948052373e-03
9.683785005164411430e-01 6.674067367018883708e-03
9.578434676659028923e-01 8.660962899650171548e-03
9.473131200147204556e-01 1.056150320780886893e-02
9.367886278863364335e-01 1.239479967819218272e-02
9.262711609534211021e-01 1.418017021743313462e-02
9.157618881078770645e-01 1.593755492895692835e-02
9.052619773309316109e-01 1.768609234078557038e-02
8.947725955633289985e-01 1.944309567307454106e-02
8.842949085756387495e-01 2.121638632388656714e-02
8.738300808386934015e-01 2.299904435319204132e-02
8.633792753941731402e-01 2.478363777228149989e-02
8.529436537253458628e-01 2.656379191515537835e-02
8.425243756279822138e-01 2.833297409285966822e-02
8.321225990814590245e-01 3.008439349750197458e-02
8.217394801200630372e-01 3.181131526937616000e-02
8.113761727045106786e-01 3.350710668439602080e-02
8.010338285937002034e-01 3.516570630662093494e-02
7.907135972167069760e-01 3.678187561916654996e-02
7.804166255450371015e-01 3.835493333081216316e-02
7.701440579651563922e-01 3.988721023849237796e-02
7.598970361513051053e-01 4.138052285607456832e-02
7.496766989386134394e-01 4.283639270572933699e-02
7.394841821965345563e-01 4.425657233280420877e-02
7.293206187026060050e-01 4.564290759599575614e-02
7.191871380165538730e-01 4.699712817269233872e-02
7.090848663547572039e-01 4.832090551676283124e-02
6.990149264650814542e-01 4.961584782970603069e-02
6.889784375020977514e-01 5.088313604874776519e-02
6.789765149027036095e-01 5.212219295844398165e-02
6.690102702621547603e-01 5.333201997361461388e-02
6.590808112105230876e-01 5.451180983024560278e-02
6.491892412895989839e-01 5.566077904416122379e-02
6.393366598302444581e-01 5.677808916478208762e-02
6.295241618302156450e-01 5.786295369258435267e-02
6.197528378324663745e-01 5.891473675559741330e-02
6.100237738039482327e-01 5.993275494041885171e-02
6.003380510149177729e-01 6.091619155672545888e-02
5.906967459187653091e-01 6.186492674038756440e-02
5.811009300323815019e-01 6.278005733893086970e-02
5.715516698170692855e-01 6.366289713015581275e-02
5.620500265600203438e-01 6.451490023630410131e-02
5.525970562563653488e-01 6.533750389073832154e-02
5.431938094918128401e-01 6.613210782387107800e-02
5.338413313258880688e-01 6.690001339672003999e-02
5.245406611757882365e-01 6.764243446565934570e-02
5.152928327008634568e-01 6.836076706369981215e-02
5.060988736877365390e-01 6.905651336826307274e-02
4.969598059360780251e-01 6.973044281548225476e-02
4.878766451450451402e-01 7.038265542949292963e-02
4.788504008003974244e-01 7.101178385558604145e-02
4.698820760623064752e-01 7.161563172160391455e-02
4.609726676538650203e-01 7.219248160001656700e-02
4.521231657503131940e-01 7.274085408161681809e-02
4.433345538689928977e-01 7.325918244174114968e-02
4.346078087600411255e-01 7.374590601552415137e-02
4.259439002978354649e-01 7.419971516066117823e-02
4.173437913732044313e-01 7.461938495184675113e-02
4.088084377864137364e-01 7.500367150203735012e-02
4.003387881409395943e-01 7.535143610748398779e-02
3.919357837380436083e-01 7.566196618817908059e-02
3.836003584721576765e-01 7.593477434410089710e-02
3.753334387270930161e-01 7.616976229187061298e-02
3.671359432730831873e-01 7.636690337529936090e-02
3.590087831646743277e-01 7.652615724923525486e-02
3.509528616394713696e-01 7.664752979870521898e-02
3.429690740177547825e-01 7.673113299574006729e-02
3.350583076029753915e-01 7.677711571560764947e-02
3.272214415831418144e-01 7.678566949177655088e-02
3.194593469331089564e-01 7.675703674095796236e-02
3.117728863177794407e-01 7.669153183498085558e-02
3.041629139962280792e-01 7.658950648438046793e-02
2.966302757267624823e-01 7.645132507415899892e-02
2.891758086729252497e-01 7.627660805439530345e-02
2.818003413104546162e-01 7.606417146089319847e-02
2.745046933352085494e-01 7.581295315874658769e-02
2.672896755720651774e-01 7.552205055297848968e-02
2.601560898848094272e-01 7.519071739982718938e-02
2.531047290870154232e-01 7.481833942921682634e-02
2.461363768539343022e-01 7.440448368035301741e-02
2.392518076353984391e-01 7.394884864115382206e-02
2.324517865697500740e-01 7.345127676076951273e-02
2.257370693988056676e-01 7.291171652135430836e-02
2.191084023838638650e-01 7.233033129745919387e-02
2.125665222227673956e-01 7.170739155564002931e-02
2.061121559680280102e-01 7.104322392565036448e-02
1.997460209460230063e-01 7.033829278246835071e-02
1.934688246772731102e-01 6.959365192780633813e-02
1.872812647978095990e-01 6.881066387446119204e-02
1.811840289816407656e-01 6.799120199048999669e-02
1.751777948643248317e-01 6.713720173967203941e-02
1.692632299676588570e-01 6.625035672739154613e-02
1.634409916254914164e-01 6.533244189739971508e-02
1.577117269106679265e-01 6.438560751341723676e-02
1.520760725631161714e-01 6.341175610390267781e-02
1.465346549190801317e-01 6.241204494010380022e-02
1.410880898415101115e-01 6.138648954530432494e-02
1.357369826516168221e-01 6.033308167298505331e-02
1.304819280615971966e-01 5.925003385761781066e-02
1.253235101085391490e-01 5.813631599574117792e-02
1.202623020895129402e-01 5.699129983260894233e-02
1.152988664978553679e-01 5.581481728741596177e-02
1.104337549606562163e-01 5.460677361589460349e-02
1.056675081774507419e-01 5.336716990856513188e-02
1.010006558601274085e-01 5.209711522181299098e-02
9.643371667405697956e-02 5.079907879977394597e-02
9.196719818044885031e-02 4.948016796469158901e-02
8.760159677994161509e-02 4.815120655783017983e-02
8.333739765743386485e-02 4.682191169161825650e-02
7.917507472816209813e-02 4.550093011549690564e-02
7.511509058502996439e-02 4.419467394851787911e-02
7.115789644719716645e-02 4.290676378574716926e-02
6.730393210993146358e-02 4.162852961756864645e-02
6.355362589573076981e-02 4.034606528576249740e-02
5.990739460672012129e-02 3.905082519561632604e-02
5.636564347832906385e-02 3.773638288949214548e-02
5.292876613425423482e-02 3.639577949977520349e-02
4.959714454271368922e-02 3.502428945859709097e-02
4.637114897399441382e-02 3.362805415878621779e-02
4.325113795930202176e-02 3.221738932979733433e-02
4.023745825091396000e-02 3.080675928146953124e-02
3.733044478364233587e-02 2.941012636146040152e-02
3.453042063760936031e-02 2.803699272934540368e-02
3.183769700234129196e-02 2.669590226560007371e-02
2.925257314218321358e-02 2.539511017900460826e-02
2.677533636303963682e-02 2.414131112492985676e-02
2.440626198044326678e-02 2.293783909743318111e-02
2.214561328895736647e-02 2.177310839524591868e-02
1.999364153291383062e-02 2.061013168800568396e-02
1.795058587848985532e-02 1.941848673141145787e-02
1.601667338712764455e-02 1.818151015299980175e-02
1.419211899029970692e-02 1.689034121232907762e-02
1.247712546562085301e-02 1.554470922638365692e-02
1.087188341431266636e-02 1.415059705055581214e-02
9.376571240020115106e-03 1.272020943241683466e-02
7.991355128984078959e-03 1.126968897242536932e-02
6.716389031571567969e-03 9.818562516395071965e-03
5.551814645166519568e-03 8.388502838850502019e-03
4.497761398421062928e-03 7.002719650468488231e-03
3.554346436871580472e-03 5.684617369174410975e-03
2.721674609919344512e-03 4.457539125952030001e-03
1.999838459177394334e-03 3.343383410504842477e-03
1.388918208186096237e-03 2.362895325542558461e-03
8.889817534969424173e-04 1.533988471328926644e-03
5.000846571264760954e-04 8.726519069952343470e-04
2.222701403818971855e-04 3.908565677285183579e-04
5.556907905679420168e-05 9.821114949955017572e-05
0.000000000000000000e+00 -1.882815770816426328e-09
0.000000000000000000e+00 1.924435847094952799e-09
5.556907905679420168e-05 -6.647954214424633729e-05
2.222701403818971855e-04 -2.638779390076561172e-04
5.000846571264760954e-04 -5.867723000423598258e-04
8.889817534969424173e-04 -1.025314899262519527e-03
1.388918208186096237e-03 -1.567254185819314492e-03
1.999838459177394334e-03 -2.196263580881723312e-03
2.721674609919344512e-03 -2.894100416909696580e-03
3.554346436871580472e-03 -3.639732144690812406e-03
4.497761398421062928e-03 -4.411058093909626422e-03
5.551814645166519568e-03 -5.184686498650771698e-03
6.716389031571567969e-03 -5.937369585335310236e-03
7.991355128984078959e-03 -6.646361095793571795e-03
9.376571240020115106e-03 -7.290798395967479535e-03
1.087188341431266636e-02 -7.852410990541890470e-03
1.247712546562085301e-02 -8.316883059231798894e-03
1.419211899029970692e-02 -8.674480137095624821e-03
1.601667338712764455e-02 -8.922452080098751404e-03
1.795058587848985532e-02 -9.065067950704391517e-03
1.999364153291383062e-02 -9.116359310002495123e-03
2.214561328895736647e-02 -9.099174878585924303e-03
2.440626198044326678e-02 -9.051340796754821574e-03
2.677533636303963682e-02 -9.017719666900838801e-03
2.925257314218321358e-02 -9.014502041044742883e-03
3.183769700234129196e-02 -9.041068736566291661e-03
3.453042063760936031e-02 -9.093219497609479271e-03
3.733044478364233587e-02 -9.164996030519458395e-03
4.023745825091396000e-02 -9.249489139718928762e-03
4.325113795930202176e-02 -9.338422378881485950e-03
4.637114897399441382e-02 -9.418283758067483302e-03
4.959714454271368922e-02 -9.474631026440310730e-03
5.292876613425423482e-02 -9.496416047185828740e-03
5.636564347832906385e-02 -9.476030934657443325e-03
5.990739460672012129e-02 -9.414847167040978765e-03
6.355362589573076981e-02 -9.315789339613713554e-03
6.730393210993146358e-02 -9.180481005960638985e-03
7.115789644719716645e-02 -9.011357433445750867e-03
7.511509058502996439e-02 -8.813399418996493290e-03
7.917507472816209813e-02 -8.590172858356124111e-03
8.333739765743386485e-02 -8.341592151287945817e-03
8.760159677994161509e-02 -8.067000520752804979e-03
9.196719818044885031e-02 -7.765525448049651752e-03
9.643371667405697956e-02 -7.436424480440411919e-03
1.010006558601274085e-01 -7.079159913250368356e-03
1.056675081774507419e-01 -6.692824480273151105e-03
1.104337549606562163e-01 -6.276045577223189446e-03
1.152988664978553679e-01 -5.827425305177810766e-03
1.202623020895129402e-01 -5.345559676488456126e-03
1.253235101085391490e-01 -4.828893272457794941e-03
1.304819280615971966e-01 -4.275759067051135981e-03
1.357369826516168221e-01 -3.684738337575137451e-03
1.410880898415101115e-01 -3.054526558348483450e-03
1.465346549190801317e-01 -2.383085574747939844e-03
1.520760725631161714e-01 -1.668564780227693636e-03
1.577117269106679265e-01 -9.145889786486249536e-04
1.634409916254914164e-01 -1.280341122396869331e-04
1.692632299676588570e-01 6.810375704239702167e-04
1.751777948643248317e-01 1.501264623277492969e-03
1.811840289816407656e-01 2.321554847763839143e-03
1.872812647978095990e-01 3.130080937791066518e-03
1.934688246772731102e-01 3.911125249735358800e-03
1.997460209460230063e-01 4.649337640913512280e-03
2.061121559680280102e-01 5.335153619780027244e-03
2.125665222227673956e-01 5.963123245609549053e-03
2.191084023838638650e-01 6.536430759561283853e-03
2.257370693988056676e-01 7.059329649367273099e-03
2.324517865697500740e-01 7.534402440683278870e-03
2.392518076353984391e-01 7.964665626089623834e-03
2.461363768539343022e-01 8.354675559079916686e-03
2.531047290870154232e-01 8.709204920883267115e-03
2.601560898848094272e-01 9.033059077691958302e-03
2.672896755720651774e-01 9.331550710388302958e-03
2.745046933352085494e-01 9.610773313340044421e-03
2.818003413104546162e-01 9.877170130436915829e-03
2.891758086729252497e-01 1.013756962842425960e-02
2.966302757267624823e-01 1.039932192101267541e-02
3.041629139962280792e-01 1.067008261992564815e-02
3.117728863177794407e-01 1.095285517816061739e-02
3.194593469331089564e-01 1.124633551379389945e-02
3.272214415831418144e-01 1.154893562963925369e-02
3.350583076029753915e-01 1.185896492473800107e-02
3.429690740177547825e-01 1.217465583970410437e-02
3.509528616394713696e-01 1.249416912625727835e-02
3.590087831646743277e-01 1.281544761499343876e-02
3.671359432730831873e-01 1.313632294501860739e-02
3.753334387270930161e-01 1.345468428678449520e-02
3.836003584721576765e-01 1.376835844257936169e-02
3.919357837380436083e-01 1.407462137836216175e-02
4.003387881409395943e-01 1.437081866627216813e-02
4.088084377864137364e-01 1.465570945432042443e-02
4.173437913732044313e-01 1.492883994416370486e-02
4.259439002978354649e-01 1.519117502018907037e-02
4.346078087600411255e-01 1.544392953041404809e-02
4.433345538689928977e-01 1.568791183686039925e-02
4.521231657503131940e-01 1.592398675142576644e-02
4.609726676538650203e-01 1.615342429536947150e-02
4.698820760623064752e-01 1.637743837143136941e-02
4.788504008003974244e-01 1.659694662146206021e-02
4.878766451450451402e-01 1.681317109931669898e-02
4.969598059360780251e-01 1.702799447028670657e-02
5.060988736877365390e-01 1.724197308076523202e-02
5.152928327008634568e-01 1.745333643346181837e-02
5.245406611757882365e-01 1.765927111176378295e-02
5.338413313258880688e-01 1.785582395286655286e-02
5.431938094918128401e-01 1.803910274095986421e-02
5.525970562563653488e-01 1.820537676456014317e-02
5.620500265600203438e-01 1.835076684505073871e-02
5.715516698170692855e-01 1.847122462891627112e-02
5.811009300323815019e-01 1.856246249351542824e-02
5.906967459187653091e-01 1.862003440027938314e-02
6.003380510149177729e-01 1.863993950679975614e-02
6.100237738039482327e-01 1.861882956967675709e-02
6.197528378324663745e-01 1.855682790210140889e-02
6.295241618302156450e-01 1.845604410039216117e-02
6.393366598302444581e-01 1.831819499346012264e-02
6.491892412895989839e-01 1.814484115798247268e-02
6.590808112105230876e-01 1.793787615131286345e-02
6.690102702621547603e-01 1.769931612250848565e-02
6.789765149027036095e-01 1.743109731283829650e-02
6.889784375020977514e-01 1.713518262350571114e-02
6.990149264650814542e-01 1.681377774643542933e-02
7.090848663547572039e-01 1.646870097699163274e-02
7.191871380165538730e-01 1.610008465170463879e-02
7.293206187026060050e-01 1.570764039030438791e-02
7.394841821965345563e-01 1.529098575285007394e-02
7.496766989386134394e-01 1.484973990486210954e-02
7.598970361513051053e-01 1.438357124825070076e-02
7.701440579651563922e-01 1.389214834944826719e-02
7.804166255450371015e-01 1.337512413483155950e-02
7.907135972167069760e-01 1.283216346076937464e-02
8.010338285937002034e-01 1.226295818668466167e-02
8.113761727045106786e-01 1.166733355845363598e-02
8.217394801200630372e-01 1.104531220580368643e-02
8.321225990814590245e-01 1.039706224480252406e-02
8.425243756279822138e-01 9.722906377358765673e-03
8.529436537253458628e-01 9.022992618465742673e-03
8.633792753941731402e-01 8.297296228901207896e-03
8.738300808386934015e-01 7.546190670632639194e-03
8.842949085756387495e-01 6.770345385513659719e-03
8.947725955633289985e-01 5.969495993355766576e-03
9.052619773309316109e-01 5.143846788666970801e-03
9.157618881078770645e-01 4.306852625830701400e-03
9.262711609534211021e-01 3.480498841640735676e-03
9.367886278863364335e-01 2.688399690092511517e-03
9.473131200147204556e-01 1.954889534604413708e-03
9.578434676659028923e-01 1.303785820603008518e-03
9.683785005164411430e-01 7.587372174387394278e-04
9.789170477221889044e-01 3.437632608748293021e-04
9.894579380484205267e-01 8.294495936811564069e-05
9.999999999999998890e-01 -1.383403099825096129e-09
