9.999999999999998890e-01 5.810233920334632656e-04
9.894579380484205267e-01 1.679739717091631706e-03
9.789170477221889044e-01 2.743986596511355409e-03
9.683785005164411430e-01 3.778526047437857395e-03
9.578434676659028923e-01 4.801361985563403975e-03
9.473131200147204556e-01 5.827616489313385689e-03
9.367886278863364335e-01 6.857141099842629581e-03
9.262711609534211021e-01 7.887886263502652193e-03
9.157618881078770645e-01 8.919323971152411795e-03
9.052619773309316109e-01 9.950312763561171975e-03
8.947725955633289985e-01 1.097816867049909544e-02
8.842949085756387495e-01 1.200101221885471921e-02
8.738300808386934015e-01 1.301850101764463752e-02
8.633792753941731402e-01 1.402985517984342047e-02
8.529436537253458628e-01 1.503355274629934735e-02
8.425243756279822138e-01 1.602876038250414942e-02
8.321225990814590245e-01 1.701544663382982894e-02
8.217394801200630372e-01 1.799291639933748091e-02
8.113761727045106786e-01 1.895986640091975109e-02
8.010338285937002034e-01 1.991600113005864009e-02
7.907135972167069760e-01 2.086182768721245653e-02
7.804166255450371015e-01 2.179754224974692067e-02
7.701440579651563922e-01 2.272309639998573716e-02
7.598970361513051053e-01 2.363825329848635165e-02
7.496766989386134394e-01 2.454272609347576961e-02
7.394841821965345563e-01 2.543665769789506259e-02
7.293206187026060050e-01 2.632040614555779257e-02
7.191871380165538730e-01 2.719439772276065551e-02
7.090848663547572039e-01 2.805889943045025703e-02
6.990149264650814542e-01 2.891320088398666860e-02
6.889784375020977514e-01 2.975642335500071345e-02
6.789765149027036095e-01 3.058834504965294090e-02
6.690102702621547603e-01 3.140883342020774766e-02
6.590808112105230876e-01 3.221744145220827721e-02
6.491892412895989839e-01 3.301360861355599058e-02
6.393366598302444581e-01 3.379664784550316659e-02
6.295241618302156450e-01 3.456634749746811952e-02
6.197528378324663745e-01 3.532370233863458414e-02
6.100237738039482327e-01 3.606862917104645960e-02
6.003380510149177729e-01 3.679851084530101624e-02
5.906967459187653091e-01 3.751230627318814098e-02
5.811009300323815019e-01 3.821213566010567969e-02
5.715516698170692855e-01 3.889813167853694437e-02
5.620500265600203438e-01 3.956721154568042936e-02
5.525970562563653488e-01 4.021845273558744688e-02
5.431938094918128401e-01 4.085375196527209207e-02
5.338413313258880688e-01 4.147306840583096094e-02
5.245406611757882365e-01 4.207432687659400095e-02
5.152928327008634568e-01 4.265734919360863325e-02
5.060988736877365390e-01 4.322353908277178081e-02
4.969598059360780251e-01 4.377259099472093073e-02
4.878766451450451402e-01 4.430301831837563098e-02
4.788504008003974244e-01 4.481434183564293738e-02
4.698820760623064752e-01 4.530668592530114752e-02
4.609726676538650203e-01 4.577995092000236577e-02
4.521231657503131940e-01 4.623395870695131554e-02
4.433345538689928977e-01 4.666881233771109916e-02
4.346078087600411255e-01 4.708471375523977376e-02
4.259439002978354649e-01 4.748174433444440901e-02
4.173437913732044313e-01 4.785981161074062684e-02
4.088084377864137364e-01 4.821821028187992658e-02
4.003387881409395943e-01 4.855629960324187727e-02
3.919357837380436083e-01 4.887437564659034839e-02
3.836003584721576765e-01 4.917297560258901412e-02
3.753334387270930161e-01 4.945268570861017371e-02
3.671359432730831873e-01 4.971347094367464109e-02
3.590087831646743277e-01 4.995364620804856187e-02
3.509528616394713696e-01 5.017245164303631155e-02
3.429690740177547825e-01 5.037171848865209384e-02
3.350583076029753915e-01 5.055219726388118090e-02
3.272214415831418144e-01 5.071205664741971347e-02
3.194593469331089564e-01 5.085024335025195574e-02
3.117728863177794407e-01 5.096732084124146189e-02
3.041629139962280792e-01 5.106401667753095175e-02
2.966302757267624823e-01 5.114104412866227883e-02
2.891758086729252497e-01 5.119778755411250742e-02
2.818003413104546162e-01 5.123227623139164910e-02
2.745046933352085494e-01 5.124432845045086976e-02
2.672896755720651774e-01 5.123539356414554685e-02
2.601560898848094272e-01 5.120577922863919079e-02
2.531047290870154232e-01 5.115486578446196836e-02
2.461363768539343022e-01 5.108208990185997278e-02
2.392518076353984391e-01 5.098701763749850790e-02
2.324517865697500740e-01 5.086993663979939156e-02
2.257370693988056676e-01 5.073138592161293564e-02
2.191084023838638650e-01 5.057082098703455375e-02
2.125665222227673956e-01 5.038737684688381069e-02
2.061121559680280102e-01 5.018128254912041647e-02
1.997460209460230063e-01 4.995304001508010100e-02
1.934688246772731102e-01 4.970241841372247116e-02
1.872812647978095990e-01 4.942905417797661266e-02
1.811840289816407656e-01 4.913299387239106197e-02
1.751777948643248317e-01 4.881442952513454642e-02
1.692632299676588570e-01 4.847368579667901689e-02
1.634409916254914164e-01 4.811080745772076950e-02
1.577117269106679265e-01 4.772496945101632054e-02
1.520760725631161714e-01 4.731582096528393760e-02
1.465346549190801317e-01 4.688447583204151392e-02
1.410880898415101115e-01 4.643118526105787652e-02
1.357369826516168221e-01 4.595412087245971666e-02
1.304819280615971966e-01 4.545295331506492981e-02
1.253235101085391490e-01 4.493017490890419824e-02
1.202623020895129402e-01 4.438666138100881564e-02
1.152988664978553679e-01 4.382072620680856762e-02
1.104337549606562163e-01 4.323169613673207012e-02
1.056675081774507419e-01 4.262029489588173292e-02
1.010006558601274085e-01 4.198720977594874726e-02
9.643371667405697956e-02 4.133297942286755233e-02
9.196719818044885031e-02 4.065754835207001372e-02
8.760159677994161509e-02 3.996041161100791911e-02
8.333739765743386485e-02 3.924156369893184310e-02
7.917507472816209813e-02 3.850138469436510669e-02
7.511509058502996439e-02 3.774052871362629236e-02
7.115789644719716645e-02 3.695979261768095325e-02
6.730393210993146358e-02 3.615985964436756184e-02
6.355362589573076981e-02 3.534126655325142696e-02
5.990739460672012129e-02 3.450395033258984306e-02
5.636564347832906385e-02 3.364775975236797279e-02
5.292876613425423482e-02 3.277340655655099771e-02
4.959714454271368922e-02 3.188178695308113014e-02
4.637114897399441382e-02 3.097330481311274392e-02
4.325113795930202176e-02 3.004809115125624958e-02
4.023745825091396000e-02 2.910577941329591661e-02
3.733044478364233587e-02 2.814593425392953110e-02
3.453042063760936031e-02 2.716826126568565314e-02
3.183769700234129196e-02 2.617237857992776862e-02
2.925257314218321358e-02 2.515761426421886035e-02
2.677533636303963682e-02 2.412307206039057683e-02
2.440626198044326678e-02 2.306748657810742814e-02
2.214561328895736647e-02 2.199028431642461104e-02
1.999364153291383062e-02 2.089220872535899054e-02
1.795058587848985532e-02 1.977486860955541409e-02
1.601667338712764455e-02 1.864091383707346117e-02
1.419211899029970692e-02 1.749153974232381739e-02
1.247712546562085301e-02 1.632608418835537409e-02
1.087188341431266636e-02 1.514541470148907804e-02
9.376571240020115106e-03 1.395209597939078318e-02
7.991355128984078959e-03 1.274803921189260683e-02
6.716389031571567969e-03 1.153484418816880068e-02
5.551814645166519568e-03 1.031900542802596105e-02
4.497761398421062928e-03 9.109952764590098853e-03
3.554346436871580472e-03 7.908777458958564377e-03
2.721674609919344512e-03 6.712688308340157735e-03
1.999838459177394334e-03 5.531672436240039382e-03
1.388918208186096237e-03 4.381249156788789671e-03
8.889817534969424173e-04 3.267773610775142994e-03
5.000846571264760954e-04 2.195162027208408338e-03
2.222701403818971855e-04 1.177012949622649029e-03
5.556907905679420168e-05 2.979434125522242112e-04
0.000000000000000000e+00 -2.940466674179562930e-05
0.000000000000000000e+00 -3.602014951643765995e-05
5.556907905679420168e-05 -1.635310891544722875e-03
2.222701403818971855e-04 -2.335178380645544852e-03
5.000846571264760954e-04 -3.046606495244518452e-03
8.889817534969424173e-04 -3.688452893343487776e-03
1.388918208186096237e-03 -4.090825463842676264e-03
1.999838459177394334e-03 -4.397674151606945601e-03
2.721674609919344512e-03 -4.738656077925291164e-03
3.554346436871580472e-03 -5.091232757597661043e-03
4.497761398421062928e-03 -5.426283553686163386e-03
5.551814645166519568e-03 -5.741789900494014172e-03
6.716389031571567969e-03 -6.033640462011023893e-03
7.991355128984078959e-03 -6.289904904753850640e-03
9.376571240020115106e-03 -6.510172012153550569e-03
1.087188341431266636e-02 -6.710173156900243498e-03
1.247712546562085301e-02 -6.901087121010769307e-03
1.419211899029970692e-02 -7.087488788185125968e-03
1.601667338712764455e-02 -7.269470982804887051e-03
1.795058587848985532e-02 -7.443293800958459411e-03
1.999364153291383062e-02 -7.606691975807864693e-03
2.214561328895736647e-02 -7.758688148078886522e-03
2.440626198044326678e-02 -7.898097523538283662e-03
2.677533636303963682e-02 -8.023656584123788071e-03
2.925257314218321358e-02 -8.134946486930780957e-03
3.183769700234129196e-02 -8.232132935289413270e-03
3.453042063760936031e-02 -8.316204117053308670e-03
3.733044478364233587e-02 -8.388591573370013724e-03
4.023745825091396000e-02 -8.451084728172892843e-03
4.325113795930202176e-02 -8.505308504406068615e-03
4.637114897399441382e-02 -8.551282880730065594e-03
4.959714454271368922e-02 -8.588625068238233545e-03
5.292876613425423482e-02 -8.617485064518452462e-03
5.636564347832906385e-02 -8.638226626439165015e-03
5.990739460672012129e-02 -8.651461538604233309e-03
6.355362589573076981e-02 -8.657792690471587116e-03
6.730393210993146358e-02 -8.657634288892525343e-03
7.115789644719716645e-02 -8.651211896265784476e-03
7.511509058502996439e-02 -8.638376053253953024e-03
7.917507472816209813e-02 -8.619035088831231151e-03
8.333739765743386485e-02 -8.593328809924227416e-03
8.760159677994161509e-02 -8.561431026327139676e-03
9.196719818044885031e-02 -8.523527626702569540e-03
9.643371667405697956e-02 -8.479901151322922701e-03
1.010006558601274085e-01 -8.430972408502220017e-03
1.056675081774507419e-01 -8.377221260184142260e-03
1.104337549606562163e-01 -8.319191703635870141e-03
1.152988664978553679e-01 -8.257565110282352391e-03
1.202623020895129402e-01 -8.193161351393358008e-03
1.253235101085391490e-01 -8.126847551989939411e-03
1.304819280615971966e-01 -8.059546724449093494e-03
1.357369826516168221e-01 -7.992463901297127207e-03
1.410880898415101115e-01 -7.926943860479023635e-03
1.465346549190801317e-01 -7.863652344016537968e-03
1.520760725631161714e-01 -7.802801780313028436e-03
1.577117269106679265e-01 -7.744278842300299226e-03
1.634409916254914164e-01 -7.687816092276456535e-03
1.692632299676588570e-01 -7.633208372631411671e-03
1.751777948643248317e-01 -7.580262049275773503e-03
1.811840289816407656e-01 -7.528694996076085166e-03
1.872812647978095990e-01 -7.478184441885712616e-03
1.934688246772731102e-01 -7.428363979213396459e-03
1.997460209460230063e-01 -7.378854827337453549e-03
2.061121559680280102e-01 -7.329279620869460186e-03
2.125665222227673956e-01 -7.279351541936264838e-03
2.191084023838638650e-01 -7.229069772257922834e-03
2.257370693988056676e-01 -7.178473293017863764e-03
2.324517865697500740e-01 -7.127557159017278154e-03
2.392518076353984391e-01 -7.076317432815384598e-03
2.461363768539343022e-01 -7.024767873019221488e-03
2.531047290870154232e-01 -6.972919001711715137e-03
2.601560898848094272e-01 -6.920771200096683187e-03
2.672896755720651774e-01 -6.868326190165132891e-03
2.745046933352085494e-01 -6.815589342176795948e-03
2.818003413104546162e-01 -6.762563797177234028e-03
2.891758086729252497e-01 -6.709249424092044931e-03
2.966302757267624823e-01 -6.655646139169011689e-03
3.041629139962280792e-01 -6.601754068339473445e-03
3.117728863177794407e-01 -6.547571802478724390e-03
3.194593469331089564e-01 -6.493096465412791056e-03
3.272214415831418144e-01 -6.438324472515746626e-03
3.350583076029753915e-01 -6.383251622790560818e-03
3.429690740177547825e-01 -6.327872423640069216e-03
3.509528616394713696e-01 -6.272180429291085782e-03
3.590087831646743277e-01 -6.216168062736699730e-03
3.671359432730831873e-01 -6.159826979976436995e-03
3.753334387270930161e-01 -6.103147655816902259e-03
3.836003584721576765e-01 -6.046119785542734999e-03
3.919357837380436083e-01 -5.988731572462420091e-03
4.003387881409395943e-01 -5.930970484014215678e-03
4.088084377864137364e-01 -5.872823135076035532e-03
4.173437913732044313e-01 -5.814275340291670535e-03
4.259439002978354649e-01 -5.755310702963890683e-03
4.346078087600411255e-01 -5.695912385652870773e-03
4.433345538689928977e-01 -5.636064007877115284e-03
4.521231657503131940e-01 -5.575747551676006782e-03
4.609726676538650203e-01 -5.514940106581329993e-03
4.698820760623064752e-01 -5.453622475738975107e-03
4.788504008003974244e-01 -5.391786257933537350e-03
4.878766451450451402e-01 -5.329430963415523158e-03
4.969598059360780251e-01 -5.266568559468763101e-03
5.060988736877365390e-01 -5.203210568999284968e-03
5.152928327008634568e-01 -5.139365432725326831e-03
5.245406611757882365e-01 -5.075042615025135082e-03
5.338413313258880688e-01 -5.010253379920617638e-03
5.431938094918128401e-01 -4.945008683598410386e-03
5.525970562563653488e-01 -4.879318996207958684e-03
5.620500265600203438e-01 -4.813195366526059650e-03
5.715516698170692855e-01 -4.746649441365421128e-03
5.811009300323815019e-01 -4.679692904003786812e-03
5.906967459187653091e-01 -4.612337475644759030e-03
6.003380510149177729e-01 -4.544595249243436885e-03
6.100237738039482327e-01 -4.476478594285931110e-03
6.197528378324663745e-01 -4.408000057758181510e-03
6.295241618302156450e-01 -4.339172322600826776e-03
6.393366598302444581e-01 -4.270008359574817454e-03
6.491892412895989839e-01 -4.200521313040568756e-03
6.590808112105230876e-01 -4.130724546031977126e-03
6.690102702621547603e-01 -4.060631555539278084e-03
6.789765149027036095e-01 -3.990256082968705008e-03
6.889784375020977514e-01 -3.919612000013008093e-03
6.990149264650814542e-01 -3.848713390574343834e-03
7.090848663547572039e-01 -3.777574453755905802e-03
7.191871380165538730e-01 -3.706209594447279834e-03
7.293206187026060050e-01 -3.634633324298934889e-03
7.394841821965345563e-01 -3.562860335717677341e-03
7.496766989386134394e-01 -3.490905419296524460e-03
7.598970361513051053e-01 -3.418783527465159983e-03
7.701440579651563922e-01 -3.346509702693648610e-03
7.804166255450371015e-01 -3.274099124871350606e-03
7.907135972167069760e-01 -3.201567055690690555e-03
8.010338285937002034e-01 -3.128928871644184786e-03
8.113761727045106786e-01 -3.056200021447872794e-03
8.217394801200630372e-01 -2.983396045116026938e-03
8.321225990814590245e-01 -2.910532544046795858e-03
8.425243756279822138e-01 -2.837625188890093107e-03
8.529436537253458628e-01 -2.764689698682921276e-03
8.633792753941731402e-01 -2.691741840580481188e-03
8.738300808386934015e-01 -2.618797415206404813e-03
8.842949085756387495e-01 -2.545872251990786549e-03
8.947725955633289985e-01 -2.472982196333126277e-03
9.052619773309316109e-01 -2.400143104568399927e-03
9.157618881078770645e-01 -2.327370829887525500e-03
9.262711609534211021e-01 -2.254681220523543569e-03
9.367886278863364335e-01 -2.182090099455378639e-03
9.473131200147204556e-01 -2.109613269900433366e-03
9.578434676659028923e-01 -2.037266488259572347e-03
9.683785005164411430e-01 -1.965065477886326645e-03
9.789170477221889044e-01 -1.893025888409841356e-03
9.894579380484205267e-01 -1.821163324116885883e-03
9.999999999999998890e-01 -1.749493300208869451e-03
