9.999999999999998890e-01 1.656302919841870218e-08
9.894579380484205267e-01 2.812424407354900679e-03
9.789170477221889044e-01 5.536554986203623061e-03
9.683785005164411430e-01 8.170643787803246252e-03
9.578434676659028923e-01 1.071364281739653132e-02
9.473131200147204556e-01 1.317793485179644467e-02
9.367886278863364335e-01 1.561202121261692950e-02
9.262711609534211021e-01 1.805278002211427313e-02
9.157618881078770645e-01 2.049698646581955830e-02
9.052619773309316109e-01 2.293966108698151582e-02
8.947725955633289985e-01 2.538292434550160764e-02
8.842949085756387495e-01 2.782814985804574551e-02
8.738300808386934015e-01 3.027427373061871915e-02
8.633792753941731402e-01 3.272017756030520808e-02
8.529436537253458628e-01 3.516474023441792246e-02
8.425243756279822138e-01 3.760054900999785371e-02
8.321225990814590245e-01 4.001351658052157423e-02
8.217394801200630372e-01 4.239814651220072395e-02
8.113761727045106786e-01 4.475730636796110273e-02
8.010338285937002034e-01 4.709163374091071552e-02
7.907135972167069760e-01 4.939978164813838002e-02
7.804166255450371015e-01 5.168126933398051182e-02
7.701440579651563922e-01 5.393626570628715783e-02
7.598970361513051053e-01 5.616519946598814289e-02
7.496766989386134394e-01 5.836843867270614938e-02
7.394841821965345563e-01 6.054476082501110412e-02
7.293206187026060050e-01 6.269282054080410616e-02
7.191871380165538730e-01 6.481533785316223595e-02
7.090848663547572039e-01 6.691439023485629134e-02
6.990149264650814542e-01 6.898020907677654412e-02
6.889784375020977514e-01 7.100036057344565055e-02
6.789765149027036095e-01 7.296767574777301979e-02
6.690102702621547603e-01 7.487801887198670958e-02
6.590808112105230876e-01 7.673298383834353809e-02
6.491892412895989839e-01 7.853461396432377672e-02
6.393366598302444581e-01 8.028253031070352319e-02
6.295241618302156450e-01 8.197634078223831056e-02
6.197528378324663745e-01 8.361669950579822541e-02
6.100237738039482327e-01 8.520435011240314049e-02
6.003380510149177729e-01 8.673989619963572151e-02
5.906967459187653091e-01 8.822359505154435400e-02
5.811009300323815019e-01 8.965516600128350944e-02
5.715516698170692855e-01 9.103540078438573935e-02
5.620500265600203438e-01 9.236658850646474461e-02
5.525970562563653488e-01 9.364737016366111999e-02
5.431938094918128401e-01 9.487190355251379215e-02
5.338413313258880688e-01 9.603556308005389841e-02
5.245406611757882365e-01 9.713542582224157784e-02
5.152928327008634568e-01 9.817200627101008159e-02
5.060988736877365390e-01 9.914838393493048685e-02
4.969598059360780251e-01 1.000632557091271635e-01
4.878766451450451402e-01 1.009123970420043453e-01
4.788504008003974244e-01 1.016949383333287105e-01
4.698820760623064752e-01 1.024120713195509486e-01
4.609726676538650203e-01 1.030648004352663905e-01
4.521231657503131940e-01 1.036540788344377795e-01
4.433345538689928977e-01 1.041812730394432313e-01
4.346078087600411255e-01 1.046477956878196086e-01
4.259439002978354649e-01 1.050543179638615959e-01
4.173437913732044313e-01 1.054016159358496796e-01
4.088084377864137364e-01 1.056921824850446945e-01
4.003387881409395943e-01 1.059271567510413486e-01
3.919357837380436083e-01 1.061005413614301007e-01
3.836003584721576765e-01 1.062064696094215249e-01
3.753334387270930161e-01 1.062449306113497360e-01
3.671359432730831873e-01 1.062172956138769525e-01
3.590087831646743277e-01 1.061255237843328758e-01
3.509528616394713696e-01 1.059715066917844284e-01
3.429690740177547825e-01 1.057567812445024957e-01
3.350583076029753915e-01 1.054829520458992614e-01
3.272214415831418144e-01 1.051518319890586695e-01
3.194593469331089564e-01 1.047652005050643681e-01
3.117728863177794407e-01 1.043247526479790105e-01
3.041629139962280792e-01 1.038322150289073820e-01
2.966302757267624823e-01 1.032893642103731302e-01
2.891758086729252497e-01 1.026979775880412643e-01
2.818003413104546162e-01 1.020598292391407952e-01
2.745046933352085494e-01 1.013766807575407769e-01
2.672896755720651774e-01 1.006502852324395042e-01
2.601560898848094272e-01 9.988243826316398066e-02
2.531047290870154232e-01 9.907497307750981475e-02
2.461363768539343022e-01 9.822977518134565211e-02
2.392518076353984391e-01 9.734882139704204018e-02
2.324517865697500740e-01 9.643463190190257328e-02
2.257370693988056676e-01 9.548979311562888483e-02
2.191084023838638650e-01 9.451514274862689302e-02
2.125665222227673956e-01 9.351125219043562864e-02
2.061121559680280102e-01 9.248199728264636099e-02
1.997460209460230063e-01 9.143066330446171508e-02
1.934688246772731102e-01 9.035117417470313328e-02
1.872812647978095990e-01 8.923576246230578712e-02
1.811840289816407656e-01 8.808190839802626515e-02
1.751777948643248317e-01 8.688951227307323277e-02
1.692632299676588570e-01 8.566208897608745820e-02
1.634409916254914164e-01 8.440332763659892656e-02
1.577117269106679265e-01 8.311522442544649891e-02
1.520760725631161714e-01 8.179982122592990845e-02
1.465346549190801317e-01 8.045996401937560716e-02
1.410880898415101115e-01 7.909839418579973913e-02
1.357369826516168221e-01 7.771742293305596017e-02
1.304819280615971966e-01 7.631939829016964882e-02
1.253235101085391490e-01 7.490681023067254085e-02
1.202623020895129402e-01 7.348212454904105850e-02
1.152988664978553679e-01 7.204775100761273698e-02
1.104337549606562163e-01 7.060596355025559878e-02
1.056675081774507419e-01 6.915890353062402462e-02
1.010006558601274085e-01 6.770917685215620263e-02
9.643371667405697956e-02 6.625941738165000428e-02
9.196719818044885031e-02 6.480493315938620769e-02
8.760159677994161509e-02 6.333558066893107963e-02
8.333739765743386485e-02 6.184939868047092948e-02
7.917507472816209813e-02 6.035041346114893707e-02
7.511509058502996439e-02 5.884417290788655774e-02
7.115789644719716645e-02 5.733532116357396846e-02
6.730393210993146358e-02 5.581426296294308975e-02
6.355362589573076981e-02 5.426662150055908823e-02
5.990739460672012129e-02 5.269292887766052064e-02
5.636564347832906385e-02 5.109969641259681089e-02
5.292876613425423482e-02 4.949257601614089064e-02
4.959714454271368922e-02 4.787707129984688365e-02
4.637114897399441382e-02 4.625936286740055248e-02
4.325113795930202176e-02 4.464526360952254108e-02
4.023745825091396000e-02 4.303852234684089895e-02
3.733044478364233587e-02 4.144354312189243300e-02
3.453042063760936031e-02 3.986817957188330819e-02
3.183769700234129196e-02 3.831812679436283342e-02
2.925257314218321358e-02 3.679199928739959602e-02
2.677533636303963682e-02 3.529349846950673858e-02
2.440626198044326678e-02 3.383917487742445912e-02
2.214561328895736647e-02 3.243040375007018306e-02
1.999364153291383062e-02 3.103888073154475319e-02
1.795058587848985532e-02 2.963136098093592866e-02
1.601667338712764455e-02 2.817282779499459544e-02
1.419211899029970692e-02 2.666619967016643777e-02
1.247712546562085301e-02 2.516063381775728719e-02
1.087188341431266636e-02 2.367420131313124204e-02
9.376571240020115106e-03 2.219160273099080732e-02
7.991355128984078959e-03 2.074232364194835906e-02
6.716389031571567969e-03 1.939120578256802591e-02
5.551814645166519568e-03 1.811930828522795300e-02
4.497761398421062928e-03 1.685239288142890285e-02
3.554346436871580472e-03 1.561081890899979063e-02
2.721674609919344512e-03 1.443217389944442125e-02
1.999838459177394334e-03 1.296491816630783098e-02
1.388918208186096237e-03 1.073642977900701387e-02
8.889817534969424173e-04 7.891498310141919353e-03
5.000846571264760954e-04 4.872802062628214109e-03
2.222701403818971855e-04 2.268516340983874318e-03
5.556907905679420168e-05 6.247197080107586703e-04
0.000000000000000000e+00 2.530896803916654961e-05
0.000000000000000000e+00 1.887196817996906870e-08
5.556907905679420168e-05 -9.659181295510439551e-05
2.222701403818971855e-04 -3.830673776773667674e-04
5.000846571264760954e-04 -8.553407860248043873e-04
8.889817534969424173e-04 -1.500238725708608533e-03
1.388918208186096237e-03 -2.302281876720022741e-03
1.999838459177394334e-03 -3.244786660816136124e-03
2.721674609919344512e-03 -4.305529309582695197e-03
3.554346436871580472e-03 -5.450229793578024486e-03
4.497761398421062928e-03 -6.646825463195688705e-03
5.551814645166519568e-03 -7.870304838359411248e-03
6.716389031571567969e-03 -9.078093620043213574e-03
7.991355128984078959e-03 -1.019976551352739028e-02
9.376571240020115106e-03 -1.121619792576301032e-02
1.087188341431266636e-02 -1.217951297971005785e-02
1.247712546562085301e-02 -1.312658998245992865e-02
1.419211899029970692e-02 -1.407084726582206839e-02
1.601667338712764455e-02 -1.501065028459605197e-02
1.795058587848985532e-02 -1.593116973549047258e-02
1.999364153291383062e-02 -1.681635483120379193e-02
2.214561328895736647e-02 -1.765192058406280309e-02
2.440626198044326678e-02 -1.845239955869346082e-02
2.677533636303963682e-02 -1.924940224756733001e-02
2.925257314218321358e-02 -2.005130129895464977e-02
3.183769700234129196e-02 -2.085300473660673184e-02
3.453042063760936031e-02 -2.164873699023943387e-02
3.733044478364233587e-02 -2.243277015132197350e-02
4.023745825091396000e-02 -2.320129818712509187e-02
4.325113795930202176e-02 -2.395303861443560250e-02
4.637114897399441382e-02 -2.469598468122810239e-02
4.959714454271368922e-02 -2.543863388736341408e-02
5.292876613425423482e-02 -2.617852459973307386e-02
5.636564347832906385e-02 -2.691071625615464383e-02
5.990739460672012129e-02 -2.763198853673597827e-02
6.355362589573076981e-02 -2.833999579943759922e-02
6.730393210993146358e-02 -2.903384338246504243e-02
7.115789644719716645e-02 -2.971457538290418060e-02
7.511509058502996439e-02 -3.038729296258005710e-02
7.917507472816209813e-02 -3.105445346204427706e-02
8.333739765743386485e-02 -3.171192816038149315e-02
8.760159677994161509e-02 -3.235646409925139327e-02
9.196719818044885031e-02 -3.298767523171317051e-02
9.643371667405697956e-02 -3.360616001118228724e-02
1.010006558601274085e-01 -3.421347865531867982e-02
1.056675081774507419e-01 -3.480964610246860963e-02
1.104337549606562163e-01 -3.539272073043662342e-02
1.152988664978553679e-01 -3.596063110571555421e-02
1.202623020895129402e-01 -3.651133214731287074e-02
1.253235101085391490e-01 -3.704348649453136078e-02
1.304819280615971966e-01 -3.755664602967985488e-02
1.357369826516168221e-01 -3.805422327797149812e-02
1.410880898415101115e-01 -3.854190739065522370e-02
1.465346549190801317e-01 -3.902003491582126810e-02
1.520760725631161714e-01 -3.948585343586134833e-02
1.577117269106679265e-01 -3.993835042245536676e-02
1.634409916254914164e-01 -4.037726083431084079e-02
1.692632299676588570e-01 -4.080118135406229224e-02
1.751777948643248317e-01 -4.120845272710762369e-02
1.811840289816407656e-01 -4.159873471484276664e-02
1.872812647978095990e-01 -4.197200726030391599e-02
1.934688246772731102e-01 -4.232756458759910634e-02
1.997460209460230063e-01 -4.266450137654256153e-02
2.061121559680280102e-01 -4.298191555360678789e-02
2.125665222227673956e-01 -4.327876452980611299e-02
2.191084023838638650e-01 -4.355355873500157959e-02
2.257370693988056676e-01 -4.380526172862813511e-02
2.324517865697500740e-01 -4.403425733162905087e-02
2.392518076353984391e-01 -4.424092512444138814e-02
2.461363768539343022e-01 -4.442512914851125261e-02
2.531047290870154232e-01 -4.458632862593762958e-02
2.601560898848094272e-01 -4.472336946799201907e-02
2.672896755720651774e-01 -4.483516031113476963e-02
2.745046933352085494e-01 -4.492080657023735102e-02
2.818003413104546162e-01 -4.497944199055079612e-02
2.891758086729252497e-01 -4.501020747117254889e-02
2.966302757267624823e-01 -4.501203130034624883e-02
3.041629139962280792e-01 -4.498364110359608786e-02
3.117728863177794407e-01 -4.492438432531275366e-02
3.194593469331089564e-01 -4.483406444193674401e-02
3.272214415831418144e-01 -4.471062877468580388e-02
3.350583076029753915e-01 -4.455065429641087010e-02
3.429690740177547825e-01 -4.435168404391776065e-02
3.509528616394713696e-01 -4.411194371059316138e-02
3.590087831646743277e-01 -4.382992710906880723e-02
3.671359432730831873e-01 -4.350446209100147787e-02
3.753334387270930161e-01 -4.313584289510175723e-02
3.836003584721576765e-01 -4.272519470225698279e-02
3.919357837380436083e-01 -4.227463280804615031e-02
4.003387881409395943e-01 -4.178597517026793468e-02
4.088084377864137364e-01 -4.125763506320494212e-02
4.173437913732044313e-01 -4.068765018367326292e-02
4.259439002978354649e-01 -4.007696284267875386e-02
4.346078087600411255e-01 -3.942738820510646724e-02
4.433345538689928977e-01 -3.874114335593659836e-02
4.521231657503131940e-01 -3.801939700549527429e-02
4.609726676538650203e-01 -3.726011438275660115e-02
4.698820760623064752e-01 -3.646228835914693683e-02
4.788504008003974244e-01 -3.562864599187027387e-02
4.878766451450451402e-01 -3.476217708540423057e-02
4.969598059360780251e-01 -3.386531222803963043e-02
5.060988736877365390e-01 -3.293871102300676562e-02
5.152928327008634568e-01 -3.198028917788620779e-02
5.245406611757882365e-01 -3.099052474325507400e-02
5.338413313258880688e-01 -2.997373839253301281e-02
5.431938094918128401e-01 -2.893274720493881763e-02
5.525970562563653488e-01 -2.786825044855848615e-02
5.620500265600203438e-01 -2.678007782966823624e-02
5.715516698170692855e-01 -2.566754868267151490e-02
5.811009300323815019e-01 -2.453379827000413266e-02
5.906967459187653091e-01 -2.338481082842382153e-02
6.003380510149177729e-01 -2.222220425681465869e-02
6.100237738039482327e-01 -2.104467500169420954e-02
6.197528378324663745e-01 -1.985290692933827997e-02
6.295241618302156450e-01 -1.864895870969999342e-02
6.393366598302444581e-01 -1.743629655397492192e-02
6.491892412895989839e-01 -1.621838534365635867e-02
6.590808112105230876e-01 -1.499409791459724306e-02
6.690102702621547603e-01 -1.376181024735445395e-02
6.789765149027036095e-01 -1.252750056070695700e-02
6.889784375020977514e-01 -1.129852144580219958e-02
6.990149264650814542e-01 -1.007676269976996372e-02
7.090848663547572039e-01 -8.862742902211390508e-03
7.191871380165538730e-01 -7.657589183091830128e-03
7.293206187026060050e-01 -6.464851385708473598e-03
7.394841821965345563e-01 -5.295033507509080972e-03
7.496766989386134394e-01 -4.155728652852638295e-03
7.598970361513051053e-01 -3.043848914770613898e-03
7.701440579651563922e-01 -1.958760084468600445e-03
7.804166255450371015e-01 -9.084731691827565908e-04
7.907135972167069760e-01 1.003839596277521034e-04
8.010338285937002034e-01 1.065564741940692658e-03
8.113761727045106786e-01 1.985860092142520492e-03
8.217394801200630372e-01 2.860684248151370603e-03
8.321225990814590245e-01 3.680505983686193847e-03
8.425243756279822138e-01 4.425126278790199839e-03
8.529436537253458628e-01 5.088150235547575853e-03
8.633792753941731402e-01 5.677740731840186239e-03
8.738300808386934015e-01 6.189501082940015129e-03
8.842949085756387495e-01 6.608135506118306343e-03
8.947725955633289985e-01 6.930868363667198537e-03
9.052619773309316109e-01 7.163367026425388265e-03
9.157618881078770645e-01 7.297538090411003452e-03
9.262711609534211021e-01 7.310625898932272652e-03
9.367886278863364335e-01 7.127221505934562898e-03
9.473131200147204556e-01 6.655527334268328786e-03
9.578434676659028923e-01 5.886230893213364491e-03
9.683785005164411430e-01 4.841771886363054923e-03
9.789170477221889044e-01 3.516330840973199735e-03
9.894579380484205267e-01 1.898464127980226557e-03
9.999999999999998890e-01 9.537371249458050478e-08
