9.999999999999998890e-01 -2.861189975355837422e-03
9.894579380484205267e-01 -1.926466744887874848e-03
9.789170477221889044e-01 -7.916476153100901296e-04
9.683785005164411430e-01 4.315175072155041577e-04
9.578434676659028923e-01 1.693816582477978942e-03
9.473131200147204556e-01 2.968141060364140431e-03
9.367886278863364335e-01 4.252563626630481014e-03
9.262711609534211021e-01 5.548454818975530160e-03
9.157618881078770645e-01 6.855028002625402489e-03
9.052619773309316109e-01 8.170657883369684266e-03
8.947725955633289985e-01 9.492697667676321810e-03
8.842949085756387495e-01 1.081867177237536524e-02
8.738300808386934015e-01 1.214653605358679243e-02
8.633792753941731402e-01 1.347341202304618880e-02
8.529436537253458628e-01 1.479531587879603927e-02
8.425243756279822138e-01 1.610997254754040209e-02
8.321225990814590245e-01 1.741708134257859836e-02
8.217394801200630372e-01 1.871558461252653335e-02
8.113761727045106786e-01 2.000366214996094488e-02
8.010338285937002034e-01 2.128040232736975665e-02
7.907135972167069760e-01 2.254554880664516939e-02
7.804166255450371015e-01 2.379763429938976799e-02
7.701440579651563922e-01 2.503454369117757983e-02
7.598970361513051053e-01 2.625596052683410245e-02
7.496766989386134394e-01 2.746230814475235718e-02
7.394841821965345563e-01 2.865172944555863938e-02
7.293206187026060050e-01 2.982167503223971325e-02
7.191871380165538730e-01 3.097213652457728172e-02
7.090848663547572039e-01 3.210383043810530884e-02
6.990149264650814542e-01 3.321598794332941001e-02
6.889784375020977514e-01 3.430759481817001466e-02
6.789765149027036095e-01 3.537868373628527685e-02
6.690102702621547603e-01 3.642942065218411629e-02
6.590808112105230876e-01 3.745943828764052019e-02
6.491892412895989839e-01 3.846784844885648563e-02
6.393366598302444581e-01 3.945258345554420593e-02
6.295241618302156450e-01 4.041222549805904146e-02
6.197528378324663745e-01 4.134746249011526237e-02
6.100237738039482327e-01 4.225876541505903944e-02
6.003380510149177729e-01 4.314552756114289206e-02
5.906967459187653091e-01 4.400724232731568347e-02
5.811009300323815019e-01 4.484380168831482438e-02
5.715516698170692855e-01 4.565539976011718376e-02
5.620500265600203438e-01 4.644257695850877860e-02
5.525970562563653488e-01 4.720487723726842638e-02
5.431938094918128401e-01 4.794065202367814305e-02
5.338413313258880688e-01 4.864920704968549170e-02
5.245406611757882365e-01 4.933089084388044693e-02
5.152928327008634568e-01 4.998605187023573426e-02
5.060988736877365390e-01 5.061492033219234382e-02
4.969598059360780251e-01 5.121665981541528162e-02
4.878766451450451402e-01 5.178979780020456780e-02
4.788504008003974244e-01 5.233429622130500447e-02
4.698820760623064752e-01 5.285094752741491958e-02
4.609726676538650203e-01 5.334009806460376923e-02
4.521231657503131940e-01 5.380176699142334013e-02
4.433345538689928977e-01 5.423532205597608735e-02
4.346078087600411255e-01 5.464007294799617942e-02
4.259439002978354649e-01 5.501657309037577548e-02
4.173437913732044313e-01 5.536567771913029207e-02
4.088084377864137364e-01 5.568759616785118327e-02
4.003387881409395943e-01 5.598207131232811606e-02
3.919357837380436083e-01 5.624777792492794554e-02
3.836003584721576765e-01 5.648374014274346044e-02
3.753334387270930161e-01 5.669090364001581894e-02
3.671359432730831873e-01 5.687030348892766624e-02
3.590087831646743277e-01 5.702220965019295928e-02
3.509528616394713696e-01 5.714629914404684152e-02
3.429690740177547825e-01 5.724123387543219449e-02
3.350583076029753915e-01 5.730646727653729983e-02
3.272214415831418144e-01 5.734313924354173669e-02
3.194593469331089564e-01 5.735228339528763986e-02
3.117728863177794407e-01 5.733447145561227504e-02
3.041629139962280792e-01 5.728934748560091106e-02
2.966302757267624823e-01 5.721545411290203387e-02
2.891758086729252497e-01 5.711253714192580933e-02
2.818003413104546162e-01 5.698173394402460123e-02
2.745046933352085494e-01 5.682423802139372621e-02
2.672896755720651774e-01 5.664111099487966622e-02
2.601560898848094272e-01 5.643161533295923404e-02
2.531047290870154232e-01 5.619376841764445879e-02
2.461363768539343022e-01 5.592731118161528570e-02
2.392518076353984391e-01 5.563320199786710163e-02
2.324517865697500740e-01 5.531306529366115249e-02
2.257370693988056676e-01 5.496853143039467926e-02
2.191084023838638650e-01 5.459859571679024498e-02
2.125665222227673956e-01 5.420130462382677372e-02
2.061121559680280102e-01 5.377630226156648180e-02
1.997460209460230063e-01 5.332415624687417838e-02
1.934688246772731102e-01 5.284701466423445682e-02
1.872812647978095990e-01 5.234688727200475372e-02
1.811840289816407656e-01 5.182313716728028513e-02
1.751777948643248317e-01 5.127455602991658895e-02
1.692632299676588570e-01 5.070033578659541296e-02
1.634409916254914164e-01 5.010065119989429855e-02
1.577117269106679265e-01 4.947821207986306813e-02
1.520760725631161714e-01 4.883522924449790192e-02
1.465346549190801317e-01 4.817168901011394111e-02
1.410880898415101115e-01 4.748649486453920820e-02
1.357369826516168221e-01 4.677708311213603365e-02
1.304819280615971966e-01 4.604292725308924833e-02
1.253235101085391490e-01 4.528711664483824062e-02
1.202623020895129402e-01 4.451235152052916005e-02
1.152988664978553679e-01 4.372025034975315916e-02
1.104337549606562163e-01 4.290996703960854586e-02
1.056675081774507419e-01 4.207800465605794626e-02
1.010006558601274085e-01 4.122370864656662443e-02
9.643371667405697956e-02 4.034943151408099810e-02
9.196719818044885031e-02 3.945862428373243108e-02
8.760159677994161509e-02 3.855514467338982953e-02
8.333739765743386485e-02 3.763765227445044909e-02
7.917507472816209813e-02 3.670146349267287139e-02
7.511509058502996439e-02 3.574499654537097171e-02
7.115789644719716645e-02 3.476899166402334235e-02
6.730393210993146358e-02 3.377796125901491586e-02
6.355362589573076981e-02 3.277742914756519299e-02
5.990739460672012129e-02 3.176734875584216050e-02
5.636564347832906385e-02 3.074523796501012554e-02
5.292876613425423482e-02 2.970782044179605397e-02
4.959714454271368922e-02 2.865323910033594490e-02
4.637114897399441382e-02 2.758722305389718285e-02
4.325113795930202176e-02 2.651660371800930796e-02
4.023745825091396000e-02 2.544440269925991871e-02
3.733044478364233587e-02 2.436920514627390066e-02
3.453042063760936031e-02 2.327876145957457829e-02
3.183769700234129196e-02 2.216541260395212334e-02
2.925257314218321358e-02 2.103830692709593442e-02
2.677533636303963682e-02 1.990711225499027306e-02
2.440626198044326678e-02 1.877707103779132497e-02
2.214561328895736647e-02 1.765214428866056576e-02
1.999364153291383062e-02 1.653496855267525337e-02
1.795058587848985532e-02 1.542532310033755197e-02
1.601667338712764455e-02 1.431936256984808926e-02
1.419211899029970692e-02 1.322757217372498052e-02
1.247712546562085301e-02 1.217737197402492602e-02
1.087188341431266636e-02 1.116348422838785159e-02
9.376571240020115106e-03 1.014532817412211636e-02
7.991355128984078959e-03 9.086381407837906821e-03
6.716389031571567969e-03 7.958730987051909622e-03
5.551814645166519568e-03 6.784929966707957047e-03
4.497761398421062928e-03 5.622884234557056805e-03
3.554346436871580472e-03 4.505333500515990887e-03
2.721674609919344512e-03 3.449481593693485334e-03
1.999838459177394334e-03 2.480392626054574168e-03
1.388918208186096237e-03 1.625931565859138140e-03
8.889817534969424173e-04 9.031585054331355998e-04
5.000846571264760954e-04 3.243444016711440558e-04
2.222701403818971855e-04 -9.825630534929179313e-05
5.556907905679420168e-05 -3.540144234159056788e-04
0.000000000000000000e+00 -4.402119224746764837e-04
0.000000000000000000e+00 -4.566156870054227158e-04
5.556907905679420168e-05 -1.356353732718377971e-03
2.222701403818971855e-04 -3.978973304294219394e-03
5.000846571264760954e-04 -5.813391748491042801e-03
8.889817534969424173e-04 -6.782044898874792400e-03
1.388918208186096237e-03 -7.312253932006366509e-03
1.999838459177394334e-03 -7.842582719150972131e-03
2.721674609919344512e-03 -8.626042919934366962e-03
3.554346436871580472e-03 -9.491833469614061047e-03
4.497761398421062928e-03 -1.030627350580037675e-02
5.551814645166519568e-03 -1.111575006983567433e-02
6.716389031571567969e-03 -1.194779175208831624e-02
7.991355128984078959e-03 -1.276903539520839181e-02
9.376571240020115106e-03 -1.357769956912135458e-02
1.087188341431266636e-02 -1.442009143662816885e-02
1.247712546562085301e-02 -1.530578571480281820e-02
1.419211899029970692e-02 -1.620011463760067522e-02
1.601667338712764455e-02 -1.708694442543116573e-02
1.795058587848985532e-02 -1.796989860010075532e-02
1.999364153291383062e-02 -1.885096854306286471e-02
2.214561328895736647e-02 -1.973016595651747376e-02
2.440626198044326678e-02 -2.060697286046293125e-02
2.677533636303963682e-02 -2.147965849787010842e-02
2.925257314218321358e-02 -2.233772470053229514e-02
3.183769700234129196e-02 -2.316773480246320585e-02
3.453042063760936031e-02 -2.397227552738479678e-02
3.733044478364233587e-02 -2.476181141021098139e-02
4.023745825091396000e-02 -2.554839657332353547e-02
4.325113795930202176e-02 -2.634194683605964662e-02
4.637114897399441382e-02 -2.713791831812737212e-02
4.959714454271368922e-02 -2.792852618890701022e-02
5.292876613425423482e-02 -2.871246018285314450e-02
5.636564347832906385e-02 -2.948896537402408841e-02
5.990739460672012129e-02 -3.025303389551667679e-02
6.355362589573076981e-02 -3.099994496268891966e-02
6.730393210993146358e-02 -3.172859395855288922e-02
7.115789644719716645e-02 -3.243640153154974531e-02
7.511509058502996439e-02 -3.311562267314922814e-02
7.917507472816209813e-02 -3.376341204477817382e-02
8.333739765743386485e-02 -3.438843234210149646e-02
8.760159677994161509e-02 -3.499897722534460465e-02
9.196719818044885031e-02 -3.560025577672015079e-02
9.643371667405697956e-02 -3.619334467316603909e-02
1.010006558601274085e-01 -3.677389344254942960e-02
1.056675081774507419e-01 -3.733923489429234743e-02
1.104337549606562163e-01 -3.788917464716362593e-02
1.152988664978553679e-01 -3.842213435064308763e-02
1.202623020895129402e-01 -3.893505650400922585e-02
1.253235101085391490e-01 -3.942626986993388871e-02
1.304819280615971966e-01 -3.989518553292613345e-02
1.357369826516168221e-01 -4.033896282850797654e-02
1.410880898415101115e-01 -4.075381558586988612e-02
1.465346549190801317e-01 -4.114359748680650880e-02
1.520760725631161714e-01 -4.151619587001515593e-02
1.577117269106679265e-01 -4.187405308197937603e-02
1.634409916254914164e-01 -4.221669875042698139e-02
1.692632299676588570e-01 -4.254294111173800158e-02
1.751777948643248317e-01 -4.285135162237346113e-02
1.811840289816407656e-01 -4.314084715810750925e-02
1.872812647978095990e-01 -4.341044773736300183e-02
1.934688246772731102e-01 -4.365908298347875166e-02
1.997460209460230063e-01 -4.388561206660415714e-02
2.061121559680280102e-01 -4.408872487267471996e-02
2.125665222227673956e-01 -4.426719809691478935e-02
2.191084023838638650e-01 -4.442021588740312915e-02
2.257370693988056676e-01 -4.454863252100293297e-02
2.324517865697500740e-01 -4.465746302052926719e-02
2.392518076353984391e-01 -4.475010494834977953e-02
2.461363768539343022e-01 -4.482495711696752455e-02
2.531047290870154232e-01 -4.488055737044399640e-02
2.601560898848094272e-01 -4.491689283910609704e-02
2.672896755720651774e-01 -4.493350726733492256e-02
2.745046933352085494e-01 -4.492904540107277994e-02
2.818003413104546162e-01 -4.490277694548907433e-02
2.891758086729252497e-01 -4.485483372889177006e-02
2.966302757267624823e-01 -4.478421166560883626e-02
3.041629139962280792e-01 -4.468876536476137917e-02
3.117728863177794407e-01 -4.456946423504406368e-02
3.194593469331089564e-01 -4.443013789825969034e-02
3.272214415831418144e-01 -4.427378964261623195e-02
3.350583076029753915e-01 -4.410251371069850990e-02
3.429690740177547825e-01 -4.391620704133259584e-02
3.509528616394713696e-01 -4.371345969265163361e-02
3.590087831646743277e-01 -4.349391655263647183e-02
3.671359432730831873e-01 -4.325773510563876711e-02
3.753334387270930161e-01 -4.300448211276896443e-02
3.836003584721576765e-01 -4.273351165457843492e-02
3.919357837380436083e-01 -4.244455095850267756e-02
4.003387881409395943e-01 -4.213741548388731661e-02
4.088084377864137364e-01 -4.181164526372038726e-02
4.173437913732044313e-01 -4.146676820821672271e-02
4.259439002978354649e-01 -4.110262341569961841e-02
4.346078087600411255e-01 -4.071899991969134269e-02
4.433345538689928977e-01 -4.031523861847585016e-02
4.521231657503131940e-01 -3.989086753813926578e-02
4.609726676538650203e-01 -3.944621996378375184e-02
4.698820760623064752e-01 -3.898302850212102127e-02
4.788504008003974244e-01 -3.850596520431472797e-02
4.878766451450451402e-01 -3.801806936706322165e-02
4.969598059360780251e-01 -3.751836017718353927e-02
5.060988736877365390e-01 -3.700608839160651753e-02
5.152928327008634568e-01 -3.648164577596246794e-02
5.245406611757882365e-01 -3.594516474418291141e-02
5.338413313258880688e-01 -3.539627851569240174e-02
5.431938094918128401e-01 -3.483479058799657246e-02
5.525970562563653488e-01 -3.426074165152697554e-02
5.620500265600203438e-01 -3.367409007576561975e-02
5.715516698170692855e-01 -3.307470115017835388e-02
5.811009300323815019e-01 -3.246245713234167940e-02
5.906967459187653091e-01 -3.183726352373583701e-02
6.003380510149177729e-01 -3.119910260289186776e-02
6.100237738039482327e-01 -3.054799063029518119e-02
6.197528378324663745e-01 -2.988374618109657099e-02
6.295241618302156450e-01 -2.920612585529764813e-02
6.393366598302444581e-01 -2.851533743336269119e-02
6.491892412895989839e-01 -2.781165827269458171e-02
6.590808112105230876e-01 -2.709434113717223633e-02
6.690102702621547603e-01 -2.636303639555733283e-02
6.789765149027036095e-01 -2.562187484565798395e-02
6.889784375020977514e-01 -2.487572796764076985e-02
6.990149264650814542e-01 -2.412593926977148542e-02
7.090848663547572039e-01 -2.337276571461750427e-02
7.191871380165538730e-01 -2.261611261595949593e-02
7.293206187026060050e-01 -2.185590029710405419e-02
7.394841821965345563e-01 -2.109234278914721983e-02
7.496766989386134394e-01 -2.032560709022976017e-02
7.598970361513051053e-01 -1.955560096276800011e-02
7.701440579651563922e-01 -1.878234556958704657e-02
7.804166255450371015e-01 -1.800618279749778561e-02
7.907135972167069760e-01 -1.722721053888967568e-02
8.010338285937002034e-01 -1.644503563395474308e-02
8.113761727045106786e-01 -1.565980069625824006e-02
8.217394801200630372e-01 -1.487247959953446295e-02
8.321225990814590245e-01 -1.408278834672971325e-02
8.425243756279822138e-01 -1.328896370526439288e-02
8.529436537253458628e-01 -1.249359879723519785e-02
8.633792753941731402e-01 -1.170381720506094222e-02
8.738300808386934015e-01 -1.092392119860193488e-02
8.842949085756387495e-01 -1.015545262908626109e-02
8.947725955633289985e-01 -9.399047459293902174e-03
9.052619773309316109e-01 -8.654688986630897432e-03
9.157618881078770645e-01 -7.921844036487180399e-03
9.262711609534211021e-01 -7.199904740695531845e-03
9.367886278863364335e-01 -6.490431044160544644e-03
9.473131200147204556e-01 -5.795294859181893479e-03
9.578434676659028923e-01 -5.110294379545763342e-03
9.683785005164411430e-01 -4.434971500922197177e-03
9.789170477221889044e-01 -3.806980443983946569e-03
9.894579380484205267e-01 -3.271031535857159625e-03
9.999999999999998890e-01 -2.838114701112462879e-03
