9.999999999999998890e-01 3.200125856148395512e-03
9.894579380484205267e-01 5.093486639837804635e-03
9.789170477221889044e-01 6.881976912774247397e-03
9.683785005164411430e-01 8.542699986118635486e-03
9.578434676659028923e-01 1.012825601371921715e-02
9.473131200147204556e-01 1.168000697755794577e-02
9.367886278863364335e-01 1.316651327013368053e-02
9.262711609534211021e-01 1.457342864629355278e-02
9.157618881078770645e-01 1.595265759119950458e-02
9.052619773309316109e-01 1.733233253229458232e-02
8.947725955633289985e-01 1.867871556176749909e-02
8.842949085756387495e-01 1.997642446507709099e-02
8.738300808386934015e-01 2.124973192965586705e-02
8.633792753941731402e-01 2.250798236844576625e-02
8.529436537253458628e-01 2.373611122441238869e-02
8.425243756279822138e-01 2.492519148515901645e-02
8.321225990814590245e-01 2.607595237289431905e-02
8.217394801200630372e-01 2.720664131599933450e-02
8.113761727045106786e-01 2.834836327568550710e-02
8.010338285937002034e-01 2.947960375611259967e-02
7.907135972167069760e-01 3.054246042687893542e-02
7.804166255450371015e-01 3.155619780922010176e-02
7.701440579651563922e-01 3.258395231512757617e-02
7.598970361513051053e-01 3.360068708824792000e-02
7.496766989386134394e-01 3.454287012698345483e-02
7.394841821965345563e-01 3.544216258259918345e-02
7.293206187026060050e-01 3.636035479941293613e-02
7.191871380165538730e-01 3.726080615487373932e-02
7.090848663547572039e-01 3.808617171570493481e-02
6.990149264650814542e-01 3.887549030611055917e-02
6.889784375020977514e-01 3.967970371503252297e-02
6.789765149027036095e-01 4.046452776128094814e-02
6.690102702621547603e-01 4.118878884090075576e-02
6.590808112105230876e-01 4.186878182481623689e-02
6.491892412895989839e-01 4.252469206693968579e-02
6.393366598302444581e-01 4.315060358046843292e-02
6.295241618302156450e-01 4.374281912957457552e-02
6.197528378324663745e-01 4.431460267558212651e-02
6.100237738039482327e-01 4.487151617887902288e-02
6.003380510149177729e-01 4.539839193423515773e-02
5.906967459187653091e-01 4.588389454537134676e-02
5.811009300323815019e-01 4.632764215198143659e-02
5.715516698170692855e-01 4.673725944978848051e-02
5.620500265600203438e-01 4.712959218242280396e-02
5.525970562563653488e-01 4.749834375140160603e-02
5.431938094918128401e-01 4.781044741881337878e-02
5.338413313258880688e-01 4.807954427471643893e-02
5.245406611757882365e-01 4.836445312380248385e-02
5.152928327008634568e-01 4.865397515777249160e-02
5.060988736877365390e-01 4.888082037234949689e-02
4.969598059360780251e-01 4.905643954662069345e-02
4.878766451450451402e-01 4.924402499005363365e-02
4.788504008003974244e-01 4.943592551095845472e-02
4.698820760623064752e-01 4.958601161320440320e-02
4.609726676538650203e-01 4.969441832359523109e-02
4.521231657503131940e-01 4.978390394456293222e-02
4.433345538689928977e-01 4.986832253909753709e-02
4.346078087600411255e-01 4.995207201962107574e-02
4.259439002978354649e-01 5.000773829676066762e-02
4.173437913732044313e-01 5.000966364559009808e-02
4.088084377864137364e-01 4.999295171073700472e-02
4.003387881409395943e-01 4.999675047737418138e-02
3.919357837380436083e-01 5.000749033007922256e-02
3.836003584721576765e-01 5.000097561017965986e-02
3.753334387270930161e-01 4.995953532350971144e-02
3.671359432730831873e-01 4.987884323842258633e-02
3.590087831646743277e-01 4.978616577559999423e-02
3.509528616394713696e-01 4.970402393573927768e-02
3.429690740177547825e-01 4.963326215506408401e-02
3.350583076029753915e-01 4.955980285638007105e-02
3.272214415831418144e-01 4.944806604039682363e-02
3.194593469331089564e-01 4.929161637921047889e-02
3.117728863177794407e-01 4.913156306080751490e-02
3.041629139962280792e-01 4.898610369725722030e-02
2.966302757267624823e-01 4.883861188804437120e-02
2.891758086729252497e-01 4.867035986663457992e-02
2.818003413104546162e-01 4.846438094035799421e-02
2.745046933352085494e-01 4.823428291389571243e-02
2.672896755720651774e-01 4.801823576174322344e-02
2.601560898848094272e-01 4.780226080943743988e-02
2.531047290870154232e-01 4.753697610945043645e-02
2.461363768539343022e-01 4.724070645165892590e-02
2.392518076353984391e-01 4.696884827487290970e-02
2.324517865697500740e-01 4.670408316184601616e-02
2.257370693988056676e-01 4.639703168602939826e-02
2.191084023838638650e-01 4.606006818993630542e-02
2.125665222227673956e-01 4.572594796037660059e-02
2.061121559680280102e-01 4.537760892559346976e-02
1.997460209460230063e-01 4.499067165352196168e-02
1.934688246772731102e-01 4.460001486537180926e-02
1.872812647978095990e-01 4.424145590735644590e-02
1.811840289816407656e-01 4.387694521274687620e-02
1.751777948643248317e-01 4.346926775993204678e-02
1.692632299676588570e-01 4.304979915238194010e-02
1.634409916254914164e-01 4.264480271384971793e-02
1.577117269106679265e-01 4.222465511932496640e-02
1.520760725631161714e-01 4.177208753339133745e-02
1.465346549190801317e-01 4.132170299762391585e-02
1.410880898415101115e-01 4.088868515898152339e-02
1.357369826516168221e-01 4.043587608361149527e-02
1.304819280615971966e-01 3.994449681301902311e-02
1.253235101085391490e-01 3.943586994213309216e-02
1.202623020895129402e-01 3.892885888285437662e-02
1.152988664978553679e-01 3.843328202882635020e-02
1.104337549606562163e-01 3.794357929243538652e-02
1.056675081774507419e-01 3.743792185302049352e-02
1.010006558601274085e-01 3.691392232184404626e-02
9.643371667405697956e-02 3.638778897220529274e-02
9.196719818044885031e-02 3.585185302073185670e-02
8.760159677994161509e-02 3.528050002301134913e-02
8.333739765743386485e-02 3.468089695083875074e-02
7.917507472816209813e-02 3.408112893417340750e-02
7.511509058502996439e-02 3.348467426853690698e-02
7.115789644719716645e-02 3.288080516920800084e-02
6.730393210993146358e-02 3.226307251845881435e-02
6.355362589573076981e-02 3.162854190411421018e-02
5.990739460672012129e-02 3.098309713990714948e-02
5.636564347832906385e-02 3.033450962627179739e-02
5.292876613425423482e-02 2.968111651075626412e-02
4.959714454271368922e-02 2.901854718217185963e-02
4.637114897399441382e-02 2.834470996644893742e-02
4.325113795930202176e-02 2.765811295263540318e-02
4.023745825091396000e-02 2.695711153456380876e-02
3.733044478364233587e-02 2.623982231427184758e-02
3.453042063760936031e-02 2.550374275650986108e-02
3.183769700234129196e-02 2.474700722158944960e-02
2.925257314218321358e-02 2.396966273073243558e-02
2.677533636303963682e-02 2.317272623317453289e-02
2.440626198044326678e-02 2.235864829488560385e-02
2.214561328895736647e-02 2.153152447686131760e-02
1.999364153291383062e-02 2.069784379360761414e-02
1.795058587848985532e-02 1.985431478805638889e-02
1.601667338712764455e-02 1.898293467583138730e-02
1.419211899029970692e-02 1.806996551824538444e-02
1.247712546562085301e-02 1.710872722751384523e-02
1.087188341431266636e-02 1.609911862485606526e-02
9.376571240020115106e-03 1.504882470962605467e-02
7.991355128984078959e-03 1.399047732161246699e-02
6.716389031571567969e-03 1.297718721992994172e-02
5.551814645166519568e-03 1.204266556147979596e-02
4.497761398421062928e-03 1.119225109534189959e-02
3.554346436871580472e-03 1.028138056270776896e-02
2.721674609919344512e-03 9.092644134760517402e-03
1.999838459177394334e-03 7.599782241987813707e-03
1.388918208186096237e-03 5.888560592804802790e-03
8.889817534969424173e-04 4.119518123063251394e-03
5.000846571264760954e-04 2.483421207550113360e-03
2.222701403818971855e-04 1.156998080738195220e-03
5.556907905679420168e-05 2.983108347450269884e-04
0.000000000000000000e+00 -3.710519035693488111e-08
0.000000000000000000e+00 3.710484110263983214e-08
5.556907905679420168e-05 -2.983108309758312582e-04
2.222701403818971855e-04 -1.156998087148177357e-03
5.000846571264760954e-04 -2.483421196367267911e-03
8.889817534969424173e-04 -4.119518106703689252e-03
1.388918208186096237e-03 -5.888560607529841687e-03
1.999838459177394334e-03 -7.599782257548239051e-03
2.721674609919344512e-03 -9.092644101331395085e-03
3.554346436871580472e-03 -1.028138055054221740e-02
4.497761398421062928e-03 -1.119225118059546074e-02
5.551814645166519568e-03 -1.204266557815849084e-02
6.716389031571567969e-03 -1.297718701937525254e-02
7.991355128984078959e-03 -1.399047721536342270e-02
9.376571240020115106e-03 -1.504882495916654017e-02
1.087188341431266636e-02 -1.609911874416678629e-02
1.247712546562085301e-02 -1.710872702013747221e-02
1.419211899029970692e-02 -1.806996618946301106e-02
1.601667338712764455e-02 -1.898293651865482629e-02
1.795058587848985532e-02 -1.985431521171355726e-02
1.999364153291383062e-02 -2.069784185204902316e-02
2.214561328895736647e-02 -2.153152389326400823e-02
2.440626198044326678e-02 -2.235864915368582576e-02
2.677533636303963682e-02 -2.317272115232968388e-02
2.925257314218321358e-02 -2.396965498624005486e-02
3.183769700234129196e-02 -2.474701615757130685e-02
3.453042063760936031e-02 -2.550376487278912391e-02
3.733044478364233587e-02 -2.623982280526664795e-02
4.023745825091396000e-02 -2.695708893560804995e-02
4.325113795930202176e-02 -2.765810650708502502e-02
4.637114897399441382e-02 -2.834470368640330112e-02
4.959714454271368922e-02 -2.901848921897722325e-02
5.292876613425423482e-02 -2.968113893033581460e-02
5.636564347832906385e-02 -3.033479740466899985e-02
5.990739460672012129e-02 -3.098321090963432334e-02
6.355362589573076981e-02 -3.162784406577884289e-02
6.730393210993146358e-02 -3.226241842417284372e-02
7.115789644719716645e-02 -3.288173790757997067e-02
7.511509058502996439e-02 -3.348671063237328854e-02
7.917507472816209813e-02 -3.408163571027163219e-02
8.333739765743386485e-02 -3.467577000940468002e-02
8.760159677994161509e-02 -3.527253960128200888e-02
9.196719818044885031e-02 -3.586450505282753193e-02
9.643371667405697956e-02 -3.644765715188846150e-02
1.010006558601274085e-01 -3.702430127742335070e-02
1.056675081774507419e-01 -3.759343383310000813e-02
1.104337549606562163e-01 -3.814970145785786387e-02
1.152988664978553679e-01 -3.869302760466586388e-02
1.202623020895129402e-01 -3.922834338246622421e-02
1.253235101085391490e-01 -3.974953876615003323e-02
1.304819280615971966e-01 -4.024262511762226324e-02
1.357369826516168221e-01 -4.071812036149356079e-02
1.410880898415101115e-01 -4.120196299570088455e-02
1.465346549190801317e-01 -4.169311823062578359e-02
1.520760725631161714e-01 -4.217412052335714479e-02
1.577117269106679265e-01 -4.262928984480104933e-02
1.634409916254914164e-01 -4.304812439198167640e-02
1.692632299676588570e-01 -4.344904776104938776e-02
1.751777948643248317e-01 -4.385905134734170013e-02
1.811840289816407656e-01 -4.428383358148413329e-02
1.872812647978095990e-01 -4.471630368799919125e-02
1.934688246772731102e-01 -4.512483639437302879e-02
1.997460209460230063e-01 -4.548267595940515273e-02
2.061121559680280102e-01 -4.580935262447096562e-02
2.125665222227673956e-01 -4.613062840430566525e-02
2.191084023838638650e-01 -4.645672048932548287e-02
2.257370693988056676e-01 -4.678721727764399013e-02
2.324517865697500740e-01 -4.710192180113063898e-02
2.392518076353984391e-01 -4.738652417454057575e-02
2.461363768539343022e-01 -4.764655993419096569e-02
2.531047290870154232e-01 -4.788807600575711865e-02
2.601560898848094272e-01 -4.811330686225034903e-02
2.672896755720651774e-01 -4.832633506320226091e-02
2.745046933352085494e-01 -4.853435860203393626e-02
2.818003413104546162e-01 -4.873169161045468045e-02
2.891758086729252497e-01 -4.889669649679559416e-02
2.966302757267624823e-01 -4.903485306679085387e-02
3.041629139962280792e-01 -4.918002900197999266e-02
3.117728863177794407e-01 -4.932099715732322226e-02
3.194593469331089564e-01 -4.940834412251913360e-02
3.272214415831418144e-01 -4.946164866901105878e-02
3.350583076029753915e-01 -4.954777739064489955e-02
3.429690740177547825e-01 -4.964739629354645439e-02
3.509528616394713696e-01 -4.969269835300466759e-02
3.590087831646743277e-01 -4.969682380049480347e-02
3.671359432730831873e-01 -4.970881296145573947e-02
3.753334387270930161e-01 -4.971003263675000811e-02
3.836003584721576765e-01 -4.966055365333670729e-02
3.919357837380436083e-01 -4.958147203275613951e-02
4.003387881409395943e-01 -4.950572511801278747e-02
4.088084377864137364e-01 -4.940825121025133049e-02
4.173437913732044313e-01 -4.925906880156778050e-02
4.259439002978354649e-01 -4.908386600281674367e-02
4.346078087600411255e-01 -4.890792237738549736e-02
4.433345538689928977e-01 -4.870557303962090578e-02
4.521231657503131940e-01 -4.845114675760669315e-02
4.609726676538650203e-01 -4.814978329886359515e-02
4.698820760623064752e-01 -4.781264130393532430e-02
4.788504008003974244e-01 -4.745224715019839834e-02
4.878766451450451402e-01 -4.707333033613326362e-02
4.969598059360780251e-01 -4.666488143623871709e-02
5.060988736877365390e-01 -4.620996450770102626e-02
5.152928327008634568e-01 -4.568536322007382688e-02
5.245406611757882365e-01 -4.508798265314671594e-02
5.338413313258880688e-01 -4.444253001340556231e-02
5.431938094918128401e-01 -4.374919393367667636e-02
5.525970562563653488e-01 -4.297769392764597823e-02
5.620500265600203438e-01 -4.210796536039330268e-02
5.715516698170692855e-01 -4.113283879867626197e-02
5.811009300323815019e-01 -4.006465409590981991e-02
5.906967459187653091e-01 -3.893046418168826656e-02
6.003380510149177729e-01 -3.774397041277122861e-02
6.100237738039482327e-01 -3.650864175717680876e-02
6.197528378324663745e-01 -3.522198024036760772e-02
6.295241618302156450e-01 -3.387899274751688533e-02
6.393366598302444581e-01 -3.248203336945499481e-02
6.491892412895989839e-01 -3.103534969723369119e-02
6.590808112105230876e-01 -2.953153199751973670e-02
6.690102702621547603e-01 -2.796469116502662070e-02
6.789765149027036095e-01 -2.636349388028517635e-02
6.889784375020977514e-01 -2.476112473648521550e-02
6.990149264650814542e-01 -2.315817951726446833e-02
7.090848663547572039e-01 -2.154789175564536183e-02
7.191871380165538730e-01 -1.993014103223332209e-02
7.293206187026060050e-01 -1.830690451910342922e-02
7.394841821965345563e-01 -1.668186042280436418e-02
7.496766989386134394e-01 -1.505503857994070285e-02
7.598970361513051053e-01 -1.341651250144304877e-02
7.701440579651563922e-01 -1.176955275262312785e-02
7.804166255450371015e-01 -1.014836083738379809e-02
7.907135972167069760e-01 -8.578373734766428504e-03
8.010338285937002034e-01 -7.062598259632735243e-03
8.113761727045106786e-01 -5.598482826999221819e-03
8.217394801200630372e-01 -4.178906344868330534e-03
8.321225990814590245e-01 -2.806565350196228367e-03
8.425243756279822138e-01 -1.496978299974667222e-03
8.529436537253458628e-01 -2.687688042332865329e-04
8.633792753941731402e-01 8.570069625625242622e-04
8.738300808386934015e-01 1.859055625959537324e-03
8.842949085756387495e-01 2.716244232326108909e-03
8.947725955633289985e-01 3.411294344774978577e-03
9.052619773309316109e-01 3.928876468417341790e-03
9.157618881078770645e-01 4.243128545723624800e-03
9.262711609534211021e-01 4.325315886973104922e-03
9.367886278863364335e-01 4.180870036033258567e-03
9.473131200147204556e-01 3.828761212781639934e-03
9.578434676659028923e-01 3.254800291442520692e-03
9.683785005164411430e-01 2.431785736181213322e-03
9.789170477221889044e-01 1.342572186052146122e-03
9.894579380484205267e-01 -2.755236803514825197e-05
9.999999999999998890e-01 -1.699528306782095016e-03
