9.999999999999998890e-01 1.000000412365991635e-03
9.894579380484205267e-01 4.063068063811599642e-03
9.789170477221889044e-01 7.293850778152344803e-03
9.683785005164411430e-01 1.066459855511962818e-02
9.578434676659028923e-01 1.414763135200894015e-02
9.473131200147204556e-01 1.771525611338017198e-02
9.367886278863364335e-01 2.133970569747526552e-02
9.262711609534211021e-01 2.499333104550906237e-02
9.157618881078770645e-01 2.864877785211252317e-02
9.052619773309316109e-01 3.227861276751022718e-02
8.947725955633289985e-01 3.585536130857310683e-02
8.842949085756387495e-01 3.936336788541112963e-02
8.738300808386934015e-01 4.280577011099287454e-02
8.633792753941731402e-01 4.618757465056358424e-02
8.529436537253458628e-01 4.951405519874735317e-02
8.425243756279822138e-01 5.279044599630362128e-02
8.321225990814590245e-01 5.602190901925914457e-02
8.217394801200630372e-01 5.921346082011468698e-02
8.113761727045106786e-01 6.237000383825332811e-02
8.010338285937002034e-01 6.549676616962961384e-02
7.907135972167069760e-01 6.859876037496775991e-02
7.804166255450371015e-01 7.167504842073176008e-02
7.701440579651563922e-01 7.472062067151952203e-02
7.598970361513051053e-01 7.772993827256113875e-02
7.496766989386134394e-01 8.069724407427618373e-02
7.394841821965345563e-01 8.361708700405026673e-02
7.293206187026060050e-01 8.648418503221590170e-02
7.191871380165538730e-01 8.929340009128237943e-02
7.090848663547572039e-01 9.203963311717804074e-02
6.990149264650814542e-01 9.471769265188315079e-02
6.889784375020977514e-01 9.732282047853409168e-02
6.789765149027036095e-01 9.985226295883259384e-02
6.690102702621547603e-01 1.023040516903854086e-01
6.590808112105230876e-01 1.046770849451852947e-01
6.491892412895989839e-01 1.069703353009275465e-01
6.393366598302444581e-01 1.091824280283585635e-01
6.295241618302156450e-01 1.113121542702322081e-01
6.197528378324663745e-01 1.133588618559500244e-01
6.100237738039482327e-01 1.153216496053735829e-01
6.003380510149177729e-01 1.171989575790627902e-01
5.906967459187653091e-01 1.189904416715959062e-01
5.811009300323815019e-01 1.206980057575313958e-01
5.715516698170692855e-01 1.223257440993314599e-01
5.620500265600203438e-01 1.238805520174810632e-01
5.525970562563653488e-01 1.253687515560055477e-01
5.431938094918128401e-01 1.267957264708861331e-01
5.338413313258880688e-01 1.281671460311008814e-01
5.245406611757882365e-01 1.294889899730476968e-01
5.152928327008634568e-01 1.307665866190061421e-01
5.060988736877365390e-01 1.320047466305726280e-01
4.969598059360780251e-01 1.332090127102720789e-01
4.878766451450451402e-01 1.343847951961085474e-01
4.788504008003974244e-01 1.355302483600287489e-01
4.698820760623064752e-01 1.366389913644407983e-01
4.609726676538650203e-01 1.377036321184191281e-01
4.521231657503131940e-01 1.387164339233680765e-01
4.433345538689928977e-01 1.396706286409883369e-01
4.346078087600411255e-01 1.405598782953012271e-01
4.259439002978354649e-01 1.413779378889665206e-01
4.173437913732044313e-01 1.421187459282026166e-01
4.088084377864137364e-01 1.427769478007945292e-01
4.003387881409395943e-01 1.433474137114097990e-01
3.919357837380436083e-01 1.438250850757781807e-01
3.836003584721576765e-01 1.442060104861985215e-01
3.753334387270930161e-01 1.444896952837689263e-01
3.671359432730831873e-01 1.446764952649430003e-01
3.590087831646743277e-01 1.447672047190972089e-01
3.509528616394713696e-01 1.447627252472302728e-01
3.429690740177547825e-01 1.446640378739082189e-01
3.350583076029753915e-01 1.444721541378349849e-01
3.272214415831418144e-01 1.441881259799951132e-01
3.194593469331089564e-01 1.438132296342866101e-01
3.117728863177794407e-01 1.433490713077721912e-01
3.041629139962280792e-01 1.427969903814360619e-01
2.966302757267624823e-01 1.421579936902225283e-01
2.891758086729252497e-01 1.414343715461464368e-01
2.818003413104546162e-01 1.406299553401088864e-01
2.745046933352085494e-01 1.397509631308717082e-01
2.672896755720651774e-01 1.388056717419792752e-01
2.601560898848094272e-01 1.378014080475332970e-01
2.531047290870154232e-01 1.367447073978120820e-01
2.461363768539343022e-01 1.356421549824169681e-01
2.392518076353984391e-01 1.345003108574965023e-01
2.324517865697500740e-01 1.333250663065743691e-01
2.257370693988056676e-01 1.321219487689866412e-01
2.191084023838638650e-01 1.308965047990380548e-01
2.125665222227673956e-01 1.296541330265623126e-01
2.061121559680280102e-01 1.283992545896739668e-01
1.997460209460230063e-01 1.271361420737514292e-01
1.934688246772731102e-01 1.258702001456757924e-01
1.872812647978095990e-01 1.246029617376006315e-01
1.811840289816407656e-01 1.233183716207393449e-01
1.751777948643248317e-01 1.219953996713801642e-01
1.692632299676588570e-01 1.206116378473534034e-01
1.634409916254914164e-01 1.191467068011174968e-01
1.577117269106679265e-01 1.175867947482784198e-01
1.520760725631161714e-01 1.159176243767479908e-01
1.465346549190801317e-01 1.141212002795461145e-01
1.410880898415101115e-01 1.121896436209015024e-01
1.357369826516168221e-01 1.101360761568737773e-01
1.304819280615971966e-01 1.079836577161655264e-01
1.253235101085391490e-01 1.057679593877373231e-01
1.202623020895129402e-01 1.035216326836229939e-01
1.152988664978553679e-01 1.012715699824292687e-01
1.104337549606562163e-01 9.904056808739532258e-02
1.056675081774507419e-01 9.684731175482225174e-02
1.010006558601274085e-01 9.471421248028667750e-02
9.643371667405697956e-02 9.266608462670102020e-02
9.196719818044885031e-02 9.070272665262704703e-02
8.760159677994161509e-02 8.880133418924528177e-02
8.333739765743386485e-02 8.691624938682447621e-02
7.917507472816209813e-02 8.498754013775856875e-02
7.511509058502996439e-02 8.296796108484907895e-02
7.115789644719716645e-02 8.082046504425950684e-02
6.730393210993146358e-02 7.852915447959885054e-02
6.355362589573076981e-02 7.609245442121589931e-02
5.990739460672012129e-02 7.353534992053886721e-02
5.636564347832906385e-02 7.089158435563933103e-02
5.292876613425423482e-02 6.818336458631711616e-02
4.959714454271368922e-02 6.542947057164034963e-02
4.637114897399441382e-02 6.265097861120824674e-02
4.325113795930202176e-02 5.986789229583109467e-02
4.023745825091396000e-02 5.709385545114602223e-02
3.733044478364233587e-02 5.434160160362990627e-02
3.453042063760936031e-02 5.162556866334579858e-02
3.183769700234129196e-02 4.895808386824279657e-02
2.925257314218321358e-02 4.634533820986080216e-02
2.677533636303963682e-02 4.379615673308410312e-02
2.440626198044326678e-02 4.132676258944331660e-02
2.214561328895736647e-02 3.893993877376099311e-02
1.999364153291383062e-02 3.661291496080447405e-02
1.795058587848985532e-02 3.431033911562361705e-02
1.601667338712764455e-02 3.198264765875192400e-02
1.419211899029970692e-02 2.960000817058454706e-02
1.247712546562085301e-02 2.715894719049034844e-02
1.087188341431266636e-02 2.466434926529095101e-02
9.376571240020115106e-03 2.212868447176463346e-02
7.991355128984078959e-03 1.957442135376417924e-02
6.716389031571567969e-03 1.703280865015805931e-02
5.551814645166519568e-03 1.453825181729928757e-02
4.497761398421062928e-03 1.212744441710492116e-02
3.554346436871580472e-03 9.838788889020611689e-03
2.721674609919344512e-03 7.711449996263310125e-03
1.999838459177394334e-03 5.782070098739265293e-03
1.388918208186096237e-03 4.085352861000412887e-03
8.889817534969424173e-04 2.651656682599135267e-03
5.000846571264760954e-04 1.508258306343849327e-03
2.222701403818971855e-04 6.755040504584186416e-04
5.556907905679420168e-05 1.697157034809595717e-04
0.000000000000000000e+00 -2.568111482398452489e-09
0.000000000000000000e+00 2.511389983105546071e-09
5.556907905679420168e-05 -9.985863375636497860e-05
2.222701403818971855e-04 -3.969985820571802549e-04
5.000846571264760954e-04 -8.850065408289846001e-04
8.889817534969424173e-04 -1.552149886094843396e-03
1.388918208186096237e-03 -2.383829639693012172e-03
1.999838459177394334e-03 -3.360611580950825968e-03
2.721674609919344512e-03 -4.460692816497535858e-03
3.554346436871580472e-03 -5.658744348611795087e-03
4.497761398421062928e-03 -6.928114284210417327e-03
5.551814645166519568e-03 -8.240564081924446962e-03
6.716389031571567969e-03 -9.567650408651380556e-03
7.991355128984078959e-03 -1.088093906056947224e-02
9.376571240020115106e-03 -1.215423326332007621e-02
1.087188341431266636e-02 -1.336444275553005760e-02
1.247712546562085301e-02 -1.449196651916700822e-02
1.419211899029970692e-02 -1.552132005201557752e-02
1.601667338712764455e-02 -1.644609472482827864e-02
1.795058587848985532e-02 -1.726877685421739084e-02
1.999364153291383062e-02 -1.799945176559680435e-02
2.214561328895736647e-02 -1.865594060549454272e-02
2.440626198044326678e-02 -1.927988269738126204e-02
2.677533636303963682e-02 -1.992638243458590142e-02
2.925257314218321358e-02 -2.062612421548373071e-02
3.183769700234129196e-02 -2.139350271368326700e-02
3.453042063760936031e-02 -2.222489927438533672e-02
3.733044478364233587e-02 -2.310877658590305972e-02
4.023745825091396000e-02 -2.403714810886272563e-02
4.325113795930202176e-02 -2.500207300524553283e-02
4.637114897399441382e-02 -2.598835843268122031e-02
4.959714454271368922e-02 -2.697835921011455113e-02
5.292876613425423482e-02 -2.795410573220754799e-02
5.636564347832906385e-02 -2.890058591735834848e-02
5.990739460672012129e-02 -2.981362585493569500e-02
6.355362589573076981e-02 -3.069159491623161748e-02
6.730393210993146358e-02 -3.153325285119626398e-02
7.115789644719716645e-02 -3.233741385274335745e-02
7.511509058502996439e-02 -3.310286458229118323e-02
7.917507472816209813e-02 -3.383033224313052728e-02
8.333739765743386485e-02 -3.452451460260112098e-02
8.760159677994161509e-02 -3.519190716804070085e-02
9.196719818044885031e-02 -3.584130178004635986e-02
9.643371667405697956e-02 -3.648432760948178838e-02
1.010006558601274085e-01 -3.713619949035049800e-02
1.056675081774507419e-01 -3.780715004100353854e-02
1.104337549606562163e-01 -3.850085049962256173e-02
1.152988664978553679e-01 -3.921561556225786060e-02
1.202623020895129402e-01 -3.994474391709080391e-02
1.253235101085391490e-01 -4.068214883675956572e-02
1.304819280615971966e-01 -4.142238073324497338e-02
1.357369826516168221e-01 -4.215884867363857424e-02
1.410880898415101115e-01 -4.288399529310486791e-02
1.465346549190801317e-01 -4.358891733647697608e-02
1.520760725631161714e-01 -4.426419768840220842e-02
1.577117269106679265e-01 -4.490293985837482543e-02
1.634409916254914164e-01 -4.550004031130337745e-02
1.692632299676588570e-01 -4.605389829178088701e-02
1.751777948643248317e-01 -4.656422609012191710e-02
1.811840289816407656e-01 -4.702974933285523906e-02
1.872812647978095990e-01 -4.744900771105364790e-02
1.934688246772731102e-01 -4.782131118603027281e-02
1.997460209460230063e-01 -4.814610973094739926e-02
2.061121559680280102e-01 -4.842252605926804926e-02
2.125665222227673956e-01 -4.864937361953657752e-02
2.191084023838638650e-01 -4.882473481718058866e-02
2.257370693988056676e-01 -4.894657828297233754e-02
2.324517865697500740e-01 -4.901295337478947522e-02
2.392518076353984391e-01 -4.902191350300818401e-02
2.461363768539343022e-01 -4.897149276962134423e-02
2.531047290870154232e-01 -4.885976344562367041e-02
2.601560898848094272e-01 -4.868487155009258716e-02
2.672896755720651774e-01 -4.844493231777157599e-02
2.745046933352085494e-01 -4.813800521026630197e-02
2.818003413104546162e-01 -4.776227974561419315e-02
2.891758086729252497e-01 -4.731611039351622111e-02
2.966302757267624823e-01 -4.679761207911657672e-02
3.041629139962280792e-01 -4.620472560282928853e-02
3.117728863177794407e-01 -4.553734499222980570e-02
3.194593469331089564e-01 -4.479722458160185355e-02
3.272214415831418144e-01 -4.398698847366107334e-02
3.350583076029753915e-01 -4.310988887135851905e-02
3.429690740177547825e-01 -4.216926486325730389e-02
3.509528616394713696e-01 -4.116855850761680369e-02
3.590087831646743277e-01 -4.011174701881940058e-02
3.671359432730831873e-01 -3.900311576874587738e-02
3.753334387270930161e-01 -3.784706963648431371e-02
3.836003584721576765e-01 -3.664819369191638088e-02
3.919357837380436083e-01 -3.541185592715768993e-02
4.003387881409395943e-01 -3.414355741439080438e-02
4.088084377864137364e-01 -3.284796439805244550e-02
4.173437913732044313e-01 -3.152912556752689860e-02
4.259439002978354649e-01 -3.018961700100126003e-02
4.346078087600411255e-01 -2.883178533438588570e-02
4.433345538689928977e-01 -2.745850222357181306e-02
4.521231657503131940e-01 -2.607277950217259596e-02
4.609726676538650203e-01 -2.467770796233363650e-02
4.698820760623064752e-01 -2.327640494163272719e-02
4.788504008003974244e-01 -2.187201978525941601e-02
4.878766451450451402e-01 -2.046798188458827730e-02
4.969598059360780251e-01 -1.906824815963664016e-02
5.060988736877365390e-01 -1.767593101173462258e-02
5.152928327008634568e-01 -1.629263645821727932e-02
5.245406611757882365e-01 -1.491910876269410442e-02
5.338413313258880688e-01 -1.355509947811677288e-02
5.431938094918128401e-01 -1.220048744772948834e-02
5.525970562563653488e-01 -1.085538266226438245e-02
5.620500265600203438e-01 -9.519856200401945190e-03
5.715516698170692855e-01 -8.193917565611165757e-03
5.811009300323815019e-01 -6.877399883210322772e-03
5.906967459187653091e-01 -5.570037602676286385e-03
6.003380510149177729e-01 -4.272157444164892751e-03
6.100237738039482327e-01 -2.984924670323423849e-03
6.197528378324663745e-01 -1.713842656277616595e-03
6.295241618302156450e-01 -4.669133677047211705e-04
6.393366598302444581e-01 7.482136587143480011e-04
6.491892412895989839e-01 1.924001237324136091e-03
6.590808112105230876e-01 3.052396756110555866e-03
6.690102702621547603e-01 4.125149415978026160e-03
6.789765149027036095e-01 5.134083956608556480e-03
6.889784375020977514e-01 6.070931041821484540e-03
6.990149264650814542e-01 6.926881775847629381e-03
7.090848663547572039e-01 7.694942635533414711e-03
7.191871380165538730e-01 8.375398685535183352e-03
7.293206187026060050e-01 8.970339373705357375e-03
7.394841821965345563e-01 9.482224111969500546e-03
7.496766989386134394e-01 9.913614701878866939e-03
7.598970361513051053e-01 1.026715406584752244e-02
7.701440579651563922e-01 1.054549959117696833e-02
7.804166255450371015e-01 1.075131511652869902e-02
7.907135972167069760e-01 1.088748895462657990e-02
8.010338285937002034e-01 1.095726007519918881e-02
8.113761727045106786e-01 1.096157094019167139e-02
8.217394801200630372e-01 1.089789944526611300e-02
8.321225990814590245e-01 1.076322959166664366e-02
8.425243756279822138e-01 1.055427831500401273e-02
8.529436537253458628e-01 1.026776173181930679e-02
8.633792753941731402e-01 9.900421578749008314e-03
8.738300808386934015e-01 9.449165308236836050e-03
8.842949085756387495e-01 8.911012399552083532e-03
8.947725955633289985e-01 8.282492746907036893e-03
9.052619773309316109e-01 7.560689356479882717e-03
9.157618881078770645e-01 6.753083063166890991e-03
9.262711609534211021e-01 5.873813351551568536e-03
9.367886278863364335e-01 4.938005963278386395e-03
9.473131200147204556e-01 3.961219951486774117e-03
9.578434676659028923e-01 2.958771700103323635e-03
9.683785005164411430e-01 1.945911799148281659e-03
9.789170477221889044e-01 9.381468752265029794e-04
9.894579380484205267e-01 -4.895681072800139866e-05
9.999999999999998890e-01 -1.000000767699807825e-03
