9.999999999999998890e-01 2.433693848134956713e-06
9.894579380484205267e-01 5.472813240915552898e-04
9.789170477221889044e-01 1.337651589659189779e-03
9.683785005164411430e-01 2.177307759050364083e-03
9.578434676659028923e-01 3.026287860565373203e-03
9.473131200147204556e-01 3.874659985921582138e-03
9.367886278863364335e-01 4.706775632568520849e-03
9.262711609534211021e-01 5.512291217145368419e-03
9.157618881078770645e-01 6.295083185492004497e-03
9.052619773309316109e-01 7.062800524241200952e-03
8.947725955633289985e-01 7.826463586151691937e-03
8.842949085756387495e-01 8.593175382143644625e-03
8.738300808386934015e-01 9.363223043861133854e-03
8.633792753941731402e-01 1.013648768074707114e-02
8.529436537253458628e-01 1.091309367917941107e-02
8.425243756279822138e-01 1.169252653997208784e-02
8.321225990814590245e-01 1.247352291214383346e-02
8.217394801200630372e-01 1.325459866663978616e-02
8.113761727045106786e-01 1.403416984456866586e-02
8.010338285937002034e-01 1.481179998662507900e-02
7.907135972167069760e-01 1.558793884471164175e-02
7.804166255450371015e-01 1.636257248062531616e-02
7.701440579651563922e-01 1.713537627190169985e-02
7.598970361513051053e-01 1.790621787657135575e-02
7.496766989386134394e-01 1.867508013575975429e-02
7.394841821965345563e-01 1.944196704789736760e-02
7.293206187026060050e-01 2.020685079122711350e-02
7.191871380165538730e-01 2.096943848978893160e-02
7.090848663547572039e-01 2.172945910830038213e-02
6.990149264650814542e-01 2.248730794554275325e-02
6.889784375020977514e-01 2.324321975900392467e-02
6.789765149027036095e-01 2.399579060571063044e-02
6.690102702621547603e-01 2.474301753288588035e-02
6.590808112105230876e-01 2.548234251801989245e-02
6.491892412895989839e-01 2.621189043091099596e-02
6.393366598302444581e-01 2.693215428551452850e-02
6.295241618302156450e-01 2.764370678943065679e-02
6.197528378324663745e-01 2.834626143465434137e-02
6.100237738039482327e-01 2.903957186676098257e-02
6.003380510149177729e-01 2.972373462688900070e-02
5.906967459187653091e-01 3.039890926727400328e-02
5.811009300323815019e-01 3.106526262758982707e-02
5.715516698170692855e-01 3.172154037888226530e-02
5.620500265600203438e-01 3.236450259359935355e-02
5.525970562563653488e-01 3.299245991480952156e-02
5.431938094918128401e-01 3.360577051464124637e-02
5.338413313258880688e-01 3.420467850940982907e-02
5.245406611757882365e-01 3.478919194568370898e-02
5.152928327008634568e-01 3.535938825385698953e-02
5.060988736877365390e-01 3.591541533594588831e-02
4.969598059360780251e-01 3.645744589163166932e-02
4.878766451450451402e-01 3.698565911137784851e-02
4.788504008003974244e-01 3.750012870047821772e-02
4.698820760623064752e-01 3.800072973625642780e-02
4.609726676538650203e-01 3.848618103437604493e-02
4.521231657503131940e-01 3.895486387868401373e-02
4.433345538689928977e-01 3.940691272209839030e-02
4.346078087600411255e-01 3.984306450803096200e-02
4.259439002978354649e-01 4.026322682202972125e-02
4.173437913732044313e-01 4.066724031369069875e-02
4.088084377864137364e-01 4.105600783352315875e-02
4.003387881409395943e-01 4.143015391710406364e-02
3.919357837380436083e-01 4.178803872221783372e-02
3.836003584721576765e-01 4.212767753377278518e-02
3.753334387270930161e-01 4.244771961586563114e-02
3.671359432730831873e-01 4.274749135409139367e-02
3.590087831646743277e-01 4.302776630445812045e-02
3.509528616394713696e-01 4.328931386288908945e-02
3.429690740177547825e-01 4.353238276664188333e-02
3.350583076029753915e-01 4.375722879645188579e-02
3.272214415831418144e-01 4.396424784770141397e-02
3.194593469331089564e-01 4.415394835121897593e-02
3.117728863177794407e-01 4.432697950365852013e-02
3.041629139962280792e-01 4.448365529170173610e-02
2.966302757267624823e-01 4.462376326744083022e-02
2.891758086729252497e-01 4.474497238264519422e-02
2.818003413104546162e-01 4.484285186139471552e-02
2.745046933352085494e-01 4.491630591648731324e-02
2.672896755720651774e-01 4.496732519328781180e-02
2.601560898848094272e-01 4.499676425930242141e-02
2.531047290870154232e-01 4.500458837081041524e-02
2.461363768539343022e-01 4.499171134564308727e-02
2.392518076353984391e-01 4.495955452709964051e-02
2.324517865697500740e-01 4.490834622401976978e-02
2.257370693988056676e-01 4.483793388299265464e-02
2.191084023838638650e-01 4.475027105834783470e-02
2.125665222227673956e-01 4.464737328371798375e-02
2.061121559680280102e-01 4.452567060193587251e-02
1.997460209460230063e-01 4.437999521398455771e-02
1.934688246772731102e-01 4.420786917369454866e-02
1.872812647978095990e-01 4.400833655787194515e-02
1.811840289816407656e-01 4.378323784115838863e-02
1.751777948643248317e-01 4.353474554870317981e-02
1.692632299676588570e-01 4.326368080851565601e-02
1.634409916254914164e-01 4.297086288630615203e-02
1.577117269106679265e-01 4.265792236225342260e-02
1.520760725631161714e-01 4.232632040182048722e-02
1.465346549190801317e-01 4.197679013129380909e-02
1.410880898415101115e-01 4.161055516846262625e-02
1.357369826516168221e-01 4.122994392490034188e-02
1.304819280615971966e-01 4.083302938842891389e-02
1.253235101085391490e-01 4.041078736278231470e-02
1.202623020895129402e-01 3.995868764345369972e-02
1.152988664978553679e-01 3.947931952574008918e-02
1.104337549606562163e-01 3.897530563591986019e-02
1.056675081774507419e-01 3.844869096247227613e-02
1.010006558601274085e-01 3.790130947235812592e-02
9.643371667405697956e-02 3.733487563849466340e-02
9.196719818044885031e-02 3.675204389631114149e-02
8.760159677994161509e-02 3.615571135230794680e-02
8.333739765743386485e-02 3.554173269151941761e-02
7.917507472816209813e-02 3.490171496136253854e-02
7.511509058502996439e-02 3.423429554438010836e-02
7.115789644719716645e-02 3.354247427094309009e-02
6.730393210993146358e-02 3.283070530042035695e-02
6.355362589573076981e-02 3.210333419643496972e-02
5.990739460672012129e-02 3.135936821548194336e-02
5.636564347832906385e-02 3.059581786306418347e-02
5.292876613425423482e-02 2.981076190550078359e-02
4.959714454271368922e-02 2.900408403094411822e-02
4.637114897399441382e-02 2.818213857470591027e-02
4.325113795930202176e-02 2.735141199113773347e-02
4.023745825091396000e-02 2.651215145297072459e-02
3.733044478364233587e-02 2.566016387342177213e-02
3.453042063760936031e-02 2.478212531376802405e-02
3.183769700234129196e-02 2.386995536876328552e-02
2.925257314218321358e-02 2.293321742398931121e-02
2.677533636303963682e-02 2.198278643539383626e-02
2.440626198044326678e-02 2.102643556380218506e-02
2.214561328895736647e-02 2.006461338547300619e-02
1.999364153291383062e-02 1.908566404652075124e-02
1.795058587848985532e-02 1.808341972106563070e-02
1.601667338712764455e-02 1.706190354376433890e-02
1.419211899029970692e-02 1.603394790191977476e-02
1.247712546562085301e-02 1.502154365221589072e-02
1.087188341431266636e-02 1.402653597632953081e-02
9.376571240020115106e-03 1.302911250967209687e-02
7.991355128984078959e-03 1.201213000775317591e-02
6.716389031571567969e-03 1.096327637061082945e-02
5.551814645166519568e-03 9.892438281307954287e-03
4.497761398421062928e-03 8.823510503772134805e-03
3.554346436871580472e-03 7.752241339653311546e-03
2.721674609919344512e-03 6.660968544151451079e-03
1.999838459177394334e-03 5.572977624077070195e-03
1.388918208186096237e-03 4.523185755618714179e-03
8.889817534969424173e-04 3.472775729830580946e-03
5.000846571264760954e-04 2.368723522033275210e-03
2.222701403818971855e-04 1.267235230108902221e-03
5.556907905679420168e-05 3.274823984994919561e-04
0.000000000000000000e+00 1.414180020894008097e-05
0.000000000000000000e+00 -1.414180020894008097e-05
5.556907905679420168e-05 -3.274823984994919561e-04
2.222701403818971855e-04 -1.267235230108902221e-03
5.000846571264760954e-04 -2.368723522033275210e-03
8.889817534969424173e-04 -3.472775729830580946e-03
1.388918208186096237e-03 -4.523185755618714179e-03
1.999838459177394334e-03 -5.572977624077070195e-03
2.721674609919344512e-03 -6.660968544151451079e-03
3.554346436871580472e-03 -7.752241339653311546e-03
4.497761398421062928e-03 -8.823510503772134805e-03
5.551814645166519568e-03 -9.892438281307954287e-03
6.716389031571567969e-03 -1.096327637061082945e-02
7.991355128984078959e-03 -1.201213000775317591e-02
9.376571240020115106e-03 -1.302911250967209687e-02
1.087188341431266636e-02 -1.402653597632953081e-02
1.247712546562085301e-02 -1.502154365221589072e-02
1.419211899029970692e-02 -1.603394790191977476e-02
1.601667338712764455e-02 -1.706190354376433890e-02
1.795058587848985532e-02 -1.808341972106563070e-02
1.999364153291383062e-02 -1.908566404652075124e-02
2.214561328895736647e-02 -2.006461338547300619e-02
2.440626198044326678e-02 -2.102643556380218506e-02
2.677533636303963682e-02 -2.198278643539383626e-02
2.925257314218321358e-02 -2.293321742398931121e-02
3.183769700234129196e-02 -2.386995536876328552e-02
3.453042063760936031e-02 -2.478212531376802405e-02
3.733044478364233587e-02 -2.566016387342177213e-02
4.023745825091396000e-02 -2.651215145297072459e-02
4.325113795930202176e-02 -2.735141199113773347e-02
4.637114897399441382e-02 -2.818213857470591027e-02
4.959714454271368922e-02 -2.900408403094411822e-02
5.292876613425423482e-02 -2.981076190550078359e-02
5.636564347832906385e-02 -3.059581786306418347e-02
5.990739460672012129e-02 -3.135936821548194336e-02
6.355362589573076981e-02 -3.210333419643496972e-02
6.730393210993146358e-02 -3.283070530042035695e-02
7.115789644719716645e-02 -3.354247427094309009e-02
7.511509058502996439e-02 -3.423429554438010836e-02
7.917507472816209813e-02 -3.490171496136253854e-02
8.333739765743386485e-02 -3.554173269151941761e-02
8.760159677994161509e-02 -3.615571135230794680e-02
9.196719818044885031e-02 -3.675204389631114149e-02
9.643371667405697956e-02 -3.733487563849466340e-02
1.010006558601274085e-01 -3.790130947235812592e-02
1.056675081774507419e-01 -3.844869096247227613e-02
1.104337549606562163e-01 -3.897530563591986019e-02
1.152988664978553679e-01 -3.947931952574008918e-02
1.202623020895129402e-01 -3.995868764345369972e-02
1.253235101085391490e-01 -4.041078736278231470e-02
1.304819280615971966e-01 -4.083302938842891389e-02
1.357369826516168221e-01 -4.122994392490034188e-02
1.410880898415101115e-01 -4.161055516846262625e-02
1.465346549190801317e-01 -4.197679013129380909e-02
1.520760725631161714e-01 -4.232632040182048722e-02
1.577117269106679265e-01 -4.265792236225342260e-02
1.634409916254914164e-01 -4.297086288630615203e-02
1.692632299676588570e-01 -4.326368080851565601e-02
1.751777948643248317e-01 -4.353474554870317981e-02
1.811840289816407656e-01 -4.378323784115838863e-02
1.872812647978095990e-01 -4.400833655787194515e-02
1.934688246772731102e-01 -4.420786917369454866e-02
1.997460209460230063e-01 -4.437999521398455771e-02
2.061121559680280102e-01 -4.452567060193587251e-02
2.125665222227673956e-01 -4.464737328371798375e-02
2.191084023838638650e-01 -4.475027105834783470e-02
2.257370693988056676e-01 -4.483793388299265464e-02
2.324517865697500740e-01 -4.490834622401976978e-02
2.392518076353984391e-01 -4.495955452709964051e-02
2.461363768539343022e-01 -4.499171134564308727e-02
2.531047290870154232e-01 -4.500458837081041524e-02
2.601560898848094272e-01 -4.499676425930242141e-02
2.672896755720651774e-01 -4.496732519328781180e-02
2.745046933352085494e-01 -4.491630591648731324e-02
2.818003413104546162e-01 -4.484285186139471552e-02
2.891758086729252497e-01 -4.474497238264519422e-02
2.966302757267624823e-01 -4.462376326744083022e-02
3.041629139962280792e-01 -4.448365529170173610e-02
3.117728863177794407e-01 -4.432697950365852013e-02
3.194593469331089564e-01 -4.415394835121897593e-02
3.272214415831418144e-01 -4.396424784770141397e-02
3.350583076029753915e-01 -4.375722879645188579e-02
3.429690740177547825e-01 -4.353238276664188333e-02
3.509528616394713696e-01 -4.328931386288908945e-02
3.590087831646743277e-01 -4.302776630445812045e-02
3.671359432730831873e-01 -4.274749135409139367e-02
3.753334387270930161e-01 -4.244771961586563114e-02
3.836003584721576765e-01 -4.212767753377278518e-02
3.919357837380436083e-01 -4.178803872221783372e-02
4.003387881409395943e-01 -4.143015391710406364e-02
4.088084377864137364e-01 -4.105600783352315875e-02
4.173437913732044313e-01 -4.066724031369069875e-02
4.259439002978354649e-01 -4.026322682202972125e-02
4.346078087600411255e-01 -3.984306450803096200e-02
4.433345538689928977e-01 -3.940691272209839030e-02
4.521231657503131940e-01 -3.895486387868401373e-02
4.609726676538650203e-01 -3.848618103437604493e-02
4.698820760623064752e-01 -3.800072973625642780e-02
4.788504008003974244e-01 -3.750012870047821772e-02
4.878766451450451402e-01 -3.698565911137784851e-02
4.969598059360780251e-01 -3.645744589163166932e-02
5.060988736877365390e-01 -3.591541533594588831e-02
5.152928327008634568e-01 -3.535938825385698953e-02
5.245406611757882365e-01 -3.478919194568370898e-02
5.338413313258880688e-01 -3.420467850940982907e-02
5.431938094918128401e-01 -3.360577051464124637e-02
5.525970562563653488e-01 -3.299245991480952156e-02
5.620500265600203438e-01 -3.236450259359935355e-02
5.715516698170692855e-01 -3.172154037888226530e-02
5.811009300323815019e-01 -3.106526262758982707e-02
5.906967459187653091e-01 -3.039890926727400328e-02
6.003380510149177729e-01 -2.972373462688900070e-02
6.100237738039482327e-01 -2.903957186676098257e-02
6.197528378324663745e-01 -2.834626143465434137e-02
6.295241618302156450e-01 -2.764370678943065679e-02
6.393366598302444581e-01 -2.693215428551452850e-02
6.491892412895989839e-01 -2.621189043091099596e-02
6.590808112105230876e-01 -2.548234251801989245e-02
6.690102702621547603e-01 -2.474301753288588035e-02
6.789765149027036095e-01 -2.399579060571063044e-02
6.889784375020977514e-01 -2.324321975900392467e-02
6.990149264650814542e-01 -2.248730794554275325e-02
7.090848663547572039e-01 -2.172945910830038213e-02
7.191871380165538730e-01 -2.096943848978893160e-02
7.293206187026060050e-01 -2.020685079122711350e-02
7.394841821965345563e-01 -1.944196704789736760e-02
7.496766989386134394e-01 -1.867508013575975429e-02
7.598970361513051053e-01 -1.790621787657135575e-02
7.701440579651563922e-01 -1.713537627190169985e-02
7.804166255450371015e-01 -1.636257248062531616e-02
7.907135972167069760e-01 -1.558793884471164175e-02
8.010338285937002034e-01 -1.481179998662507900e-02
8.113761727045106786e-01 -1.403416984456866586e-02
8.217394801200630372e-01 -1.325459866663978616e-02
8.321225990814590245e-01 -1.247352291214383346e-02
8.425243756279822138e-01 -1.169252653997208784e-02
8.529436537253458628e-01 -1.091309367917941107e-02
8.633792753941731402e-01 -1.013648768074707114e-02
8.738300808386934015e-01 -9.363223043861133854e-03
8.842949085756387495e-01 -8.593175382143644625e-03
8.947725955633289985e-01 -7.826463586151691937e-03
9.052619773309316109e-01 -7.062800524241200952e-03
9.157618881078770645e-01 -6.295083185492004497e-03
9.262711609534211021e-01 -5.512291217145368419e-03
9.367886278863364335e-01 -4.706775632568520849e-03
9.473131200147204556e-01 -3.874659985921582138e-03
9.578434676659028923e-01 -3.026287860565373203e-03
9.683785005164411430e-01 -2.177307759050364083e-03
9.789170477221889044e-01 -1.337651589659189779e-03
9.894579380484205267e-01 -5.472813240915552898e-04
9.999999999999998890e-01 -2.433693848134956713e-06
