9.999999999999998890e-01 1.156992526210354176e-09
9.894579380484205267e-01 2.641744943270796231e-03
9.789170477221889044e-01 5.166236524167221178e-03
9.683785005164411430e-01 7.586553075921427351e-03
9.578434676659028923e-01 9.916074222589074325e-03
9.473131200147204556e-01 1.216813243316233230e-02
9.367886278863364335e-01 1.435576310467026953e-02
9.262711609534211021e-01 1.649215823564769562e-02
9.157618881078770645e-01 1.859097238882038983e-02
9.052619773309316109e-01 2.066528993538825978e-02
8.947725955633289985e-01 2.272688893074429478e-02
8.842949085756387495e-01 2.478062227324765582e-02
8.738300808386934015e-01 2.682058303339241237e-02
8.633792753941731402e-01 2.884048304811688210e-02
8.529436537253458628e-01 3.083479744738213540e-02
8.425243756279822138e-01 3.279793015727188593e-02
8.321225990814590245e-01 3.472414528882370593e-02
8.217394801200630372e-01 3.660771062953632055e-02
8.113761727045106786e-01 3.844294151698588596e-02
8.010338285937002034e-01 4.022474204992334407e-02
7.907135972167069760e-01 4.194885394336748952e-02
7.804166255450371015e-01 4.361556309376929397e-02
7.701440579651563922e-01 4.522816007253326054e-02
7.598970361513051053e-01 4.678943769846043849e-02
7.496766989386134394e-01 4.830189922564790544e-02
7.394841821965345563e-01 4.976824700478701957e-02
7.293206187026060050e-01 5.119126355825875246e-02
7.191871380165538730e-01 5.257362846291546710e-02
7.090848663547572039e-01 5.391795455858114372e-02
6.990149264650814542e-01 5.522671892104519947e-02
6.889784375020977514e-01 5.650174157424418808e-02
6.789765149027036095e-01 5.774219348014280467e-02
6.690102702621547603e-01 5.894660056870138637e-02
6.590808112105230876e-01 6.011374094243911170e-02
6.491892412895989839e-01 6.124243131205957258e-02
6.393366598302444581e-01 6.233143724886612558e-02
6.295241618302156450e-01 6.337958497963484816e-02
6.197528378324663745e-01 6.438587097590588171e-02
6.100237738039482327e-01 6.534926185233494444e-02
6.003380510149177729e-01 6.626862057295526687e-02
5.906967459187653091e-01 6.714348165754056852e-02
5.811009300323815019e-01 6.797454804978941834e-02
5.715516698170692855e-01 6.876277792605282879e-02
5.620500265600203438e-01 6.950933008476455066e-02
5.525970562563653488e-01 7.021530708405732124e-02
5.431938094918128401e-01 7.088172696493766356e-02
5.338413313258880688e-01 7.150965140372662898e-02
5.245406611757882365e-01 7.210018755599972851e-02
5.152928327008634568e-01 7.265437131579009777e-02
5.060988736877365390e-01 7.317318743941150783e-02
4.969598059360780251e-01 7.365778184011731455e-02
4.878766451450451402e-01 7.410945499986702767e-02
4.788504008003974244e-01 7.452990206280615815e-02
4.698820760623064752e-01 7.492103106009011249e-02
4.609726676538650203e-01 7.528453141013433103e-02
4.521231657503131940e-01 7.562200077764820449e-02
4.433345538689928977e-01 7.593518610889767040e-02
4.346078087600411255e-01 7.622582929883002512e-02
4.259439002978354649e-01 7.649527943150410958e-02
4.173437913732044313e-01 7.674487942167800003e-02
4.088084377864137364e-01 7.697659289031531793e-02
4.003387881409395943e-01 7.719198876842284229e-02
3.919357837380436083e-01 7.739041974502769428e-02
3.836003584721576765e-01 7.756997557141702415e-02
3.753334387270930161e-01 7.772643187332387016e-02
3.671359432730831873e-01 7.785548336472127018e-02
3.590087831646743277e-01 7.795381335402273848e-02
3.509528616394713696e-01 7.801824211720005675e-02
3.429690740177547825e-01 7.804554153898557445e-02
3.350583076029753915e-01 7.803270636523476633e-02
3.272214415831418144e-01 7.797715215843717407e-02
3.194593469331089564e-01 7.787644664586990118e-02
3.117728863177794407e-01 7.772832761522614764e-02
3.041629139962280792e-01 7.753074710509459677e-02
2.966302757267624823e-01 7.728201114623385604e-02
2.891758086729252497e-01 7.698301635424717460e-02
2.818003413104546162e-01 7.663745283043862933e-02
2.745046933352085494e-01 7.624900218621705195e-02
2.672896755720651774e-01 7.582120351593497898e-02
2.601560898848094272e-01 7.535751521208315651e-02
2.531047290870154232e-01 7.486131454831182475e-02
2.461363768539343022e-01 7.433571123544134573e-02
2.392518076353984391e-01 7.378365214180196419e-02
2.324517865697500740e-01 7.320818250320559883e-02
2.257370693988056676e-01 7.261231736042050855e-02
2.191084023838638650e-01 7.199842265087556814e-02
2.125665222227673956e-01 7.136871913106439258e-02
2.061121559680280102e-01 7.072636666262113736e-02
1.997460209460230063e-01 7.007405865194778205e-02
1.934688246772731102e-01 6.941031708063835626e-02
1.872812647978095990e-01 6.873168200023720142e-02
1.811840289816407656e-01 6.803192303927581286e-02
1.751777948643248317e-01 6.730467574861108415e-02
1.692632299676588570e-01 6.654558205397261006e-02
1.634409916254914164e-01 6.575070126561667616e-02
1.577117269106679265e-01 6.491606200498986623e-02
1.520760725631161714e-01 6.403835673028171471e-02
1.465346549190801317e-01 6.311586064924457062e-02
1.410880898415101115e-01 6.214835061125074250e-02
1.357369826516168221e-01 6.113810262798739792e-02
1.304819280615971966e-01 6.008757513072598977e-02
1.253235101085391490e-01 5.899905106308285518e-02
1.202623020895129402e-01 5.787488378340428785e-02
1.152988664978553679e-01 5.671755037886236361e-02
1.104337549606562163e-01 5.552964923822378829e-02
1.056675081774507419e-01 5.431389964053870423e-02
1.010006558601274085e-01 5.307280130707225929e-02
9.643371667405697956e-02 5.180853234730855433e-02
9.196719818044885031e-02 5.052160737906509491e-02
8.760159677994161509e-02 4.921121670490019584e-02
8.333739765743386485e-02 4.787713568317430307e-02
7.917507472816209813e-02 4.651965723666819791e-02
7.511509058502996439e-02 4.513989891015673939e-02
7.115789644719716645e-02 4.373984014780303575e-02
6.730393210993146358e-02 4.232462055061973760e-02
6.355362589573076981e-02 4.090080997120424527e-02
5.990739460672012129e-02 3.947416784482662977e-02
5.636564347832906385e-02 3.805002473608476432e-02
5.292876613425423482e-02 3.663320787948488172e-02
4.959714454271368922e-02 3.522846352661639091e-02
4.637114897399441382e-02 3.384094247133499767e-02
4.325113795930202176e-02 3.247594386979688746e-02
4.023745825091396000e-02 3.113889491407651963e-02
3.733044478364233587e-02 2.983480535782868232e-02
3.453042063760936031e-02 2.856732057373156941e-02
3.183769700234129196e-02 2.733983353733701951e-02
2.925257314218321358e-02 2.615574979852631696e-02
2.677533636303963682e-02 2.501765511038027759e-02
2.440626198044326678e-02 2.392621517990475150e-02
2.214561328895736647e-02 2.286547303407306456e-02
1.999364153291383062e-02 2.179077650194888999e-02
1.795058587848985532e-02 2.066544024534789845e-02
1.601667338712764455e-02 1.946915469338762750e-02
1.419211899029970692e-02 1.819107783850712826e-02
1.247712546562085301e-02 1.683082024830448789e-02
1.087188341431266636e-02 1.539551634265802320e-02
9.376571240020115106e-03 1.389978065247011486e-02
7.991355128984078959e-03 1.236300484379278600e-02
6.716389031571567969e-03 1.080868777621948017e-02
5.551814645166519568e-03 9.262914228591717300e-03
4.497761398421062928e-03 7.753621524184073355e-03
3.554346436871580472e-03 6.308995579470786860e-03
2.721674609919344512e-03 4.957157396242664778e-03
1.999838459177394334e-03 3.724488383582549595e-03
1.388918208186096237e-03 2.635981314358454546e-03
8.889817534969424173e-04 1.713221610436156499e-03
5.000846571264760954e-04 9.754775364059693234e-04
2.222701403818971855e-04 4.371748209003648001e-04
5.556907905679420168e-05 1.098926038696635402e-04
0.000000000000000000e+00 -2.263835316714416013e-09
0.000000000000000000e+00 1.403680372680248457e-09
5.556907905679420168e-05 -5.770227013664676628e-05
2.222701403818971855e-04 -2.293197787468071564e-04
5.000846571264760954e-04 -5.108938717079442200e-04
8.889817534969424173e-04 -8.952370307355391214e-04
1.388918208186096237e-03 -1.373408647644183949e-03
1.999838459177394334e-03 -1.933497291358927169e-03
2.721674609919344512e-03 -2.562197738733848398e-03
3.554346436871580472e-03 -3.244177938036657462e-03
4.497761398421062928e-03 -3.963335480096027291e-03
5.551814645166519568e-03 -4.702640894643455791e-03
6.716389031571567969e-03 -5.445187179967858962e-03
7.991355128984078959e-03 -6.174458826874208717e-03
9.376571240020115106e-03 -6.875339814310536812e-03
1.087188341431266636e-02 -7.534637424693954762e-03
1.247712546562085301e-02 -8.142086872818575863e-03
1.419211899029970692e-02 -8.690813717996856771e-03
1.601667338712764455e-02 -9.179088468109462828e-03
1.795058587848985532e-02 -9.610352494410790911e-03
1.999364153291383062e-02 -9.995254626584956087e-03
2.214561328895736647e-02 -1.035095076868297430e-02
2.440626198044326678e-02 -1.070561945785814678e-02
2.677533636303963682e-02 -1.109243216475972946e-02
2.925257314218321358e-02 -1.152163968728034740e-02
3.183769700234129196e-02 -1.198988410863984812e-02
3.453042063760936031e-02 -1.248954072946613196e-02
3.733044478364233587e-02 -1.301084854204371394e-02
4.023745825091396000e-02 -1.354287099373427221e-02
4.325113795930202176e-02 -1.407282453927638337e-02
4.637114897399441382e-02 -1.458062909370556014e-02
4.959714454271368922e-02 -1.504532441227978204e-02
5.292876613425423482e-02 -1.545248095363550497e-02
5.636564347832906385e-02 -1.579416013966142285e-02
5.990739460672012129e-02 -1.607924427064028397e-02
6.355362589573076981e-02 -1.631996583970341669e-02
6.730393210993146358e-02 -1.652741855955500508e-02
7.115789644719716645e-02 -1.671555273164728947e-02
7.511509058502996439e-02 -1.690573394979389202e-02
7.917507472816209813e-02 -1.711254602187904650e-02
8.333739765743386485e-02 -1.733451318453736040e-02
8.760159677994161509e-02 -1.756672429174876635e-02
9.196719818044885031e-02 -1.780171452258487788e-02
9.643371667405697956e-02 -1.803088670815656755e-02
1.010006558601274085e-01 -1.824449866775123066e-02
1.056675081774507419e-01 -1.843672114073689750e-02
1.104337549606562163e-01 -1.860660252680079035e-02
1.152988664978553679e-01 -1.875453679959023651e-02
1.202623020895129402e-01 -1.888199298113822644e-02
1.253235101085391490e-01 -1.899047301987455416e-02
1.304819280615971966e-01 -1.908149621042212404e-02
1.357369826516168221e-01 -1.915699770577693889e-02
1.410880898415101115e-01 -1.921927381621022987e-02
1.465346549190801317e-01 -1.927127146941677582e-02
1.520760725631161714e-01 -1.931609434814075127e-02
1.577117269106679265e-01 -1.935482612194333596e-02
1.634409916254914164e-01 -1.938740496183000844e-02
1.692632299676588570e-01 -1.941298101657245798e-02
1.751777948643248317e-01 -1.943042695956496285e-02
1.811840289816407656e-01 -1.943892509896000959e-02
1.872812647978095990e-01 -1.943767835865080687e-02
1.934688246772731102e-01 -1.942547232333972224e-02
1.997460209460230063e-01 -1.940115152156525469e-02
2.061121559680280102e-01 -1.936425636260588612e-02
2.125665222227673956e-01 -1.931477338813912190e-02
2.191084023838638650e-01 -1.925357314619103796e-02
2.257370693988056676e-01 -1.918167574792994934e-02
2.324517865697500740e-01 -1.910003560936916756e-02
2.392518076353984391e-01 -1.900969761385813347e-02
2.461363768539343022e-01 -1.891192805163615168e-02
2.531047290870154232e-01 -1.880807035839907743e-02
2.601560898848094272e-01 -1.869955722968655309e-02
2.672896755720651774e-01 -1.858792748121582128e-02
2.745046933352085494e-01 -1.847487058348852573e-02
2.818003413104546162e-01 -1.836217821839202305e-02
2.891758086729252497e-01 -1.825176165160822400e-02
2.966302757267624823e-01 -1.814564521371364592e-02
3.041629139962280792e-01 -1.804587231050712448e-02
3.117728863177794407e-01 -1.795259432061275737e-02
3.194593469331089564e-01 -1.786420871326932155e-02
3.272214415831418144e-01 -1.777889300688580490e-02
3.350583076029753915e-01 -1.769469908052434537e-02
3.429690740177547825e-01 -1.760961247743875885e-02
3.509528616394713696e-01 -1.752154864765852887e-02
3.590087831646743277e-01 -1.742815125200972495e-02
3.671359432730831873e-01 -1.732693133970092392e-02
3.753334387270930161e-01 -1.721551905769419175e-02
3.836003584721576765e-01 -1.709148177443812339e-02
3.919357837380436083e-01 -1.695165873366715620e-02
4.003387881409395943e-01 -1.679300541720623111e-02
4.088084377864137364e-01 -1.661446858240819835e-02
4.173437913732044313e-01 -1.641609119953882368e-02
4.259439002978354649e-01 -1.619986279915101857e-02
4.346078087600411255e-01 -1.596814151664461764e-02
4.433345538689928977e-01 -1.572281550731548239e-02
4.521231657503131940e-01 -1.546584714393718293e-02
4.609726676538650203e-01 -1.519969285889123146e-02
4.698820760623064752e-01 -1.492681178396334900e-02
4.788504008003974244e-01 -1.464946797228554483e-02
4.878766451450451402e-01 -1.437019798730507225e-02
4.969598059360780251e-01 -1.409211399187409834e-02
5.060988736877365390e-01 -1.381741697452478629e-02
5.152928327008634568e-01 -1.354668638807303253e-02
5.245406611757882365e-01 -1.327979474803842042e-02
5.338413313258880688e-01 -1.301585015104056962e-02
5.431938094918128401e-01 -1.275407789602367448e-02
5.525970562563653488e-01 -1.249390024421617555e-02
5.620500265600203438e-01 -1.223463423055670338e-02
5.715516698170692855e-01 -1.197548209758505545e-02
5.811009300323815019e-01 -1.171563917237946999e-02
5.906967459187653091e-01 -1.145430283596093717e-02
6.003380510149177729e-01 -1.119071957221088112e-02
6.100237738039482327e-01 -1.092423197298803342e-02
6.197528378324663745e-01 -1.065481775117573145e-02
6.295241618302156450e-01 -1.038281646741271401e-02
6.393366598302444581e-01 -1.010848078466864731e-02
6.491892412895989839e-01 -9.832026787870982651e-03
6.590808112105230876e-01 -9.553727518424990142e-03
6.690102702621547603e-01 -9.273875449602654586e-03
6.789765149027036095e-01 -8.992740816088841405e-03
6.889784375020977514e-01 -8.710593647547539009e-03
6.990149264650814542e-01 -8.427737192346069009e-03
7.090848663547572039e-01 -8.144423766060277306e-03
7.191871380165538730e-01 -7.860682670887670850e-03
7.293206187026060050e-01 -7.576487690725144421e-03
7.394841821965345563e-01 -7.291800567282160674e-03
7.496766989386134394e-01 -7.006581066354451888e-03
7.598970361513051053e-01 -6.720789744763811836e-03
7.701440579651563922e-01 -6.434387157540257494e-03
7.804166255450371015e-01 -6.147333553380675102e-03
7.907135972167069760e-01 -5.859585388499542920e-03
8.010338285937002034e-01 -5.571093170660568195e-03
8.113761727045106786e-01 -5.281842588877655974e-03
8.217394801200630372e-01 -4.991872572642425294e-03
8.321225990814590245e-01 -4.701232401419979355e-03
8.425243756279822138e-01 -4.409978837661501089e-03
8.529436537253458628e-01 -4.118167089369802192e-03
8.633792753941731402e-01 -3.825850289433677109e-03
8.738300808386934015e-01 -3.533082594211437322e-03
8.842949085756387495e-01 -3.239919215511487521e-03
8.947725955633289985e-01 -2.946416208523921099e-03
9.052619773309316109e-01 -2.652628560151957561e-03
9.157618881078770645e-01 -2.358592410831918465e-03
9.262711609534211021e-01 -2.064331753085740014e-03
9.367886278863364335e-01 -1.769868073704319953e-03
9.473131200147204556e-01 -1.475221770646461660e-03
9.578434676659028923e-01 -1.180414233021219797e-03
9.683785005164411430e-01 -8.854671855752668753e-04
9.789170477221889044e-01 -5.904017201649987626e-04
9.894579380484205267e-01 -2.952388120493430464e-04
9.999999999999998890e-01 -2.378347637168867754e-12
