9.999999999999998890e-01 4.127027025333634947e-04
9.894579380484205267e-01 9.999810568933665839e-04
9.789170477221889044e-01 1.979937520933733840e-03
9.683785005164411430e-01 2.980284195588666935e-03
9.578434676659028923e-01 3.957269408892005562e-03
9.473131200147204556e-01 4.926495365251849085e-03
9.367886278863364335e-01 5.881223613961881862e-03
9.262711609534211021e-01 6.818010776533003914e-03
9.157618881078770645e-01 7.749393119245713384e-03
9.052619773309316109e-01 8.687488826069761361e-03
8.947725955633289985e-01 9.639468608352583581e-03
8.842949085756387495e-01 1.061236945605752158e-02
8.738300808386934015e-01 1.161377618386434489e-02
8.633792753941731402e-01 1.264661749434783759e-02
8.529436537253458628e-01 1.370757761318005044e-02
8.425243756279822138e-01 1.479434615310486027e-02
8.321225990814590245e-01 1.590620052992033212e-02
8.217394801200630372e-01 1.704171308338724156e-02
8.113761727045106786e-01 1.819873489424887053e-02
8.010338285937002034e-01 1.937558564394847513e-02
7.907135972167069760e-01 2.057097671998822652e-02
7.804166255450371015e-01 2.178353157546223176e-02
7.701440579651563922e-01 2.301181927079034434e-02
7.598970361513051053e-01 2.425453159491515812e-02
7.496766989386134394e-01 2.551042377209723766e-02
7.394841821965345563e-01 2.677819697957325995e-02
7.293206187026060050e-01 2.805653434146765379e-02
7.191871380165538730e-01 2.934417023958640902e-02
7.090848663547572039e-01 3.063985919827469026e-02
6.990149264650814542e-01 3.194235476774301419e-02
6.889784375020977514e-01 3.325041681186406001e-02
6.789765149027036095e-01 3.456283394845654361e-02
6.690102702621547603e-01 3.587840883980901452e-02
6.590808112105230876e-01 3.719596648535859057e-02
6.491892412895989839e-01 3.851434308453055566e-02
6.393366598302444581e-01 3.983239320317590731e-02
6.295241618302156450e-01 4.114899262933396223e-02
6.197528378324663745e-01 4.246306064890402465e-02
6.100237738039482327e-01 4.377351521408265334e-02
6.003380510149177729e-01 4.507925567348645968e-02
5.906967459187653091e-01 4.637896992332385393e-02
5.811009300323815019e-01 4.767099060690068585e-02
5.715516698170692855e-01 4.895367162582657528e-02
5.620500265600203438e-01 5.022544777414843925e-02
5.525970562563653488e-01 5.148478985657021362e-02
5.431938094918128401e-01 5.273020676848255012e-02
5.338413313258880688e-01 5.396025949105672653e-02
5.245406611757882365e-01 5.517356263610082023e-02
5.152928327008634568e-01 5.636878334940650936e-02
5.060988736877365390e-01 5.754463573749274419e-02
4.969598059360780251e-01 5.869988744101950484e-02
4.878766451450451402e-01 5.983335043892709648e-02
4.788504008003974244e-01 6.094390860468634069e-02
4.698820760623064752e-01 6.203049404356608676e-02
4.609726676538650203e-01 6.309208230099724868e-02
4.521231657503131940e-01 6.412768682211464344e-02
4.433345538689928977e-01 6.513643311899575128e-02
4.346078087600411255e-01 6.611749148008734533e-02
4.259439002978354649e-01 6.707001600967625599e-02
4.173437913732044313e-01 6.799320945762318824e-02
4.088084377864137364e-01 6.888652906334984116e-02
4.003387881409395943e-01 6.974938285856181752e-02
3.919357837380436083e-01 7.058070356273053736e-02
3.836003584721576765e-01 7.137908788779755154e-02
3.753334387270930161e-01 7.214242979553894819e-02
3.671359432730831873e-01 7.286862961616989709e-02
3.590087831646743277e-01 7.355596933679937888e-02
3.509528616394713696e-01 7.420282887052555287e-02
3.429690740177547825e-01 7.480766802240047808e-02
3.350583076029753915e-01 7.536906030846138305e-02
3.272214415831418144e-01 7.588576954277935493e-02
3.194593469331089564e-01 7.635668130202749593e-02
3.117728863177794407e-01 7.678083827817745732e-02
3.041629139962280792e-01 7.715734599803468485e-02
2.966302757267624823e-01 7.748537256424679887e-02
2.891758086729252497e-01 7.776405073824081693e-02
2.818003413104546162e-01 7.799247928969590959e-02
2.745046933352085494e-01 7.816993506094434274e-02
2.672896755720651774e-01 7.829587005900129348e-02
2.601560898848094272e-01 7.836988700911315386e-02
2.531047290870154232e-01 7.839171206801062719e-02
2.461363768539343022e-01 7.836120870826447649e-02
2.392518076353984391e-01 7.827835132224611470e-02
2.324517865697500740e-01 7.814333389740894809e-02
2.257370693988056676e-01 7.795646621125051912e-02
2.191084023838638650e-01 7.771803120708092871e-02
2.125665222227673956e-01 7.742820230508290491e-02
2.061121559680280102e-01 7.708655627856245141e-02
1.997460209460230063e-01 7.669252392083382441e-02
1.934688246772731102e-01 7.624594712890100934e-02
1.872812647978095990e-01 7.574684651379691436e-02
1.811840289816407656e-01 7.519544616004532334e-02
1.751777948643248317e-01 7.459210459459129916e-02
1.692632299676588570e-01 7.393745974356237538e-02
1.634409916254914164e-01 7.323228206480013325e-02
1.577117269106679265e-01 7.247754826743522949e-02
1.520760725631161714e-01 7.167436479204125632e-02
1.465346549190801317e-01 7.082405847929204579e-02
1.410880898415101115e-01 6.992806878362496648e-02
1.357369826516168221e-01 6.898799567077885941e-02
1.304819280615971966e-01 6.800556933068581389e-02
1.253235101085391490e-01 6.698270481350854233e-02
1.202623020895129402e-01 6.592139159370923041e-02
1.152988664978553679e-01 6.482370370786758040e-02
1.104337549606562163e-01 6.369188464796830818e-02
1.056675081774507419e-01 6.252836548369763991e-02
1.010006558601274085e-01 6.133551980799029774e-02
9.643371667405697956e-02 6.011568005939271070e-02
9.196719818044885031e-02 5.887161132554340898e-02
8.760159677994161509e-02 5.760624826500823636e-02
8.333739765743386485e-02 5.632004285131206323e-02
7.917507472816209813e-02 5.501173289506518238e-02
7.511509058502996439e-02 5.368032560129712416e-02
7.115789644719716645e-02 5.232510667640287438e-02
6.730393210993146358e-02 5.094618142743882055e-02
6.355362589573076981e-02 4.954419557605536234e-02
5.990739460672012129e-02 4.812072133050226269e-02
5.636564347832906385e-02 4.667769842846576644e-02
5.292876613425423482e-02 4.521700426320580252e-02
4.959714454271368922e-02 4.374093360026935079e-02
4.637114897399441382e-02 4.225375504075370298e-02
4.325113795930202176e-02 4.075912310173504527e-02
4.023745825091396000e-02 3.925636773077750830e-02
3.733044478364233587e-02 3.774339891044740936e-02
3.453042063760936031e-02 3.621684758170971852e-02
3.183769700234129196e-02 3.467410481283042523e-02
2.925257314218321358e-02 3.311511110791251489e-02
2.677533636303963682e-02 3.154216525117466141e-02
2.440626198044326678e-02 2.996170926356563069e-02
2.214561328895736647e-02 2.838153100942960791e-02
1.999364153291383062e-02 2.681090064064629158e-02
1.795058587848985532e-02 2.526096450262881044e-02
1.601667338712764455e-02 2.374523451772353119e-02
1.419211899029970692e-02 2.227057505457694792e-02
1.247712546562085301e-02 2.083464249949559463e-02
1.087188341431266636e-02 1.941785341862558439e-02
9.376571240020115106e-03 1.798378899095922842e-02
7.991355128984078959e-03 1.650904184268905256e-02
6.716389031571567969e-03 1.498463948910541167e-02
5.551814645166519568e-03 1.343273049540684438e-02
4.497761398421062928e-03 1.189563044765694529e-02
3.554346436871580472e-03 1.038440130536683222e-02
2.721674609919344512e-03 8.899205396228588444e-03
1.999838459177394334e-03 7.522197189727750435e-03
1.388918208186096237e-03 6.352808538020546236e-03
8.889817534969424173e-04 5.300079402826533490e-03
5.000846571264760954e-04 4.206862857825207150e-03
2.222701403818971855e-04 3.022860159766845196e-03
5.556907905679420168e-05 1.699718564128299648e-03
0.000000000000000000e+00 7.217281447682994488e-06
0.000000000000000000e+00 -1.066293778329418424e-05
5.556907905679420168e-05 -6.079415772447950127e-04
2.222701403818971855e-04 -1.378317157047218760e-03
5.000846571264760954e-04 -2.046440321181872395e-03
8.889817534969424173e-04 -2.644837087745322435e-03
1.388918208186096237e-03 -3.246210966071514260e-03
1.999838459177394334e-03 -3.860226234592790961e-03
2.721674609919344512e-03 -4.488015079238907683e-03
3.554346436871580472e-03 -5.135433000875102953e-03
4.497761398421062928e-03 -5.804703355055117718e-03
5.551814645166519568e-03 -6.489984212951134014e-03
6.716389031571567969e-03 -7.187213742209409839e-03
7.991355128984078959e-03 -7.896554834784279969e-03
9.376571240020115106e-03 -8.617339385674768065e-03
1.087188341431266636e-02 -9.347224150887135583e-03
1.247712546562085301e-02 -1.008198025097541140e-02
1.419211899029970692e-02 -1.081551803500810718e-02
1.601667338712764455e-02 -1.154449919696265772e-02
1.795058587848985532e-02 -1.226849258013125617e-02
1.999364153291383062e-02 -1.299021518453841520e-02
2.214561328895736647e-02 -1.371453908000692425e-02
2.440626198044326678e-02 -1.444289420261881882e-02
2.677533636303963682e-02 -1.517422734919005207e-02
2.925257314218321358e-02 -1.590634871422661606e-02
3.183769700234129196e-02 -1.663662006064768606e-02
3.453042063760936031e-02 -1.736375054627398162e-02
3.733044478364233587e-02 -1.808713560368130358e-02
4.023745825091396000e-02 -1.880645044674330441e-02
4.325113795930202176e-02 -1.952139102097715309e-02
4.637114897399441382e-02 -2.023118850456624013e-02
4.959714454271368922e-02 -2.093500443187348153e-02
5.292876613425423482e-02 -2.163235808138528823e-02
5.636564347832906385e-02 -2.232312597470291829e-02
5.990739460672012129e-02 -2.300811196116166538e-02
6.355362589573076981e-02 -2.368824099726312207e-02
6.730393210993146358e-02 -2.436418681627233046e-02
7.115789644719716645e-02 -2.503621975863259269e-02
7.511509058502996439e-02 -2.570374042036459306e-02
7.917507472816209813e-02 -2.636626265280912762e-02
8.333739765743386485e-02 -2.702379639623319132e-02
8.760159677994161509e-02 -2.767654022282523343e-02
9.196719818044885031e-02 -2.832490910321935548e-02
9.643371667405697956e-02 -2.896921768670358832e-02
1.010006558601274085e-01 -2.960960600738258772e-02
1.056675081774507419e-01 -3.024617747615760202e-02
1.104337549606562163e-01 -3.087901826574263736e-02
1.152988664978553679e-01 -3.150846854244796630e-02
1.202623020895129402e-01 -3.213513000114968238e-02
1.253235101085391490e-01 -3.275964257647685091e-02
1.304819280615971966e-01 -3.338263578272519794e-02
1.357369826516168221e-01 -3.400428574326597175e-02
1.410880898415101115e-01 -3.462445040840376326e-02
1.465346549190801317e-01 -3.524309356139158217e-02
1.520760725631161714e-01 -3.586026497114424422e-02
1.577117269106679265e-01 -3.647616253013774568e-02
1.634409916254914164e-01 -3.709102056147974003e-02
1.692632299676588570e-01 -3.770480436788631318e-02
1.751777948643248317e-01 -3.831732500872249425e-02
1.811840289816407656e-01 -3.892816856034457540e-02
1.872812647978095990e-01 -3.953686452328396966e-02
1.934688246772731102e-01 -4.014304897346921558e-02
1.997460209460230063e-01 -4.074637978929823018e-02
2.061121559680280102e-01 -4.134647889594390835e-02
2.125665222227673956e-01 -4.194297242814745003e-02
2.191084023838638650e-01 -4.253552725993311329e-02
2.257370693988056676e-01 -4.312380667685187380e-02
2.324517865697500740e-01 -4.370744365112739366e-02
2.392518076353984391e-01 -4.428611461457625242e-02
2.461363768539343022e-01 -4.485959974206434053e-02
2.531047290870154232e-01 -4.542750362464897940e-02
2.601560898848094272e-01 -4.598908365498578094e-02
2.672896755720651774e-01 -4.654348561433454406e-02
2.745046933352085494e-01 -4.708973953226595899e-02
2.818003413104546162e-01 -4.762682185248089117e-02
2.891758086729252497e-01 -4.815365713305331391e-02
2.966302757267624823e-01 -4.866929353982844819e-02
3.041629139962280792e-01 -4.917293298647364141e-02
3.117728863177794407e-01 -4.966408464398021361e-02
3.194593469331089564e-01 -5.014253053335410160e-02
3.272214415831418144e-01 -5.060801713793298962e-02
3.350583076029753915e-01 -5.106025699641181942e-02
3.429690740177547825e-01 -5.149897992054005419e-02
3.509528616394713696e-01 -5.192389204536463493e-02
3.590087831646743277e-01 -5.233436561744705257e-02
3.671359432730831873e-01 -5.272959541269481992e-02
3.753334387270930161e-01 -5.310881663768440841e-02
3.836003584721576765e-01 -5.347127790734566150e-02
3.919357837380436083e-01 -5.381619108728447065e-02
4.003387881409395943e-01 -5.414280483178795372e-02
4.088084377864137364e-01 -5.445062485253372719e-02
4.173437913732044313e-01 -5.473923821333547685e-02
4.259439002978354649e-01 -5.500823312115471486e-02
4.346078087600411255e-01 -5.525720852325401167e-02
4.433345538689928977e-01 -5.548579900260344061e-02
4.521231657503131940e-01 -5.569351378916995859e-02
4.609726676538650203e-01 -5.587948583045303924e-02
4.698820760623064752e-01 -5.604276608559755068e-02
4.788504008003974244e-01 -5.618236810420716015e-02
4.878766451450451402e-01 -5.629730100931139986e-02
4.969598059360780251e-01 -5.638657725659548814e-02
5.060988736877365390e-01 -5.644931483270337197e-02
5.152928327008634568e-01 -5.648480520142468847e-02
5.245406611757882365e-01 -5.649237780682488802e-02
5.338413313258880688e-01 -5.647139073934460962e-02
5.431938094918128401e-01 -5.642115472439607898e-02
5.525970562563653488e-01 -5.634090891869081297e-02
5.620500265600203438e-01 -5.622958096549689200e-02
5.715516698170692855e-01 -5.608579767496492396e-02
5.811009300323815019e-01 -5.590821080074527549e-02
5.906967459187653091e-01 -5.569549507465524490e-02
6.003380510149177729e-01 -5.544621795512847534e-02
6.100237738039482327e-01 -5.515884336760841500e-02
6.197528378324663745e-01 -5.483154746179588063e-02
6.295241618302156450e-01 -5.446236981073279693e-02
6.393366598302444581e-01 -5.404960919989899165e-02
6.491892412895989839e-01 -5.359148487460439064e-02
6.590808112105230876e-01 -5.308482321540720916e-02
6.690102702621547603e-01 -5.252596591252100405e-02
6.789765149027036095e-01 -5.191173126694756390e-02
6.889784375020977514e-01 -5.123856839683214870e-02
6.990149264650814542e-01 -5.050053437388762195e-02
7.090848663547572039e-01 -4.968994739622294848e-02
7.191871380165538730e-01 -4.879517842877774403e-02
7.293206187026060050e-01 -4.780438657954454856e-02
7.394841821965345563e-01 -4.670787494081475588e-02
7.496766989386134394e-01 -4.549824776965631645e-02
7.598970361513051053e-01 -4.417289959640287311e-02
7.701440579651563922e-01 -4.273007344196997487e-02
7.804166255450371015e-01 -4.116829911621663896e-02
7.907135972167069760e-01 -3.949219795693440643e-02
8.010338285937002034e-01 -3.771706496374868656e-02
8.113761727045106786e-01 -3.585874029888785203e-02
8.217394801200630372e-01 -3.393218099717693753e-02
8.321225990814590245e-01 -3.194942437779961508e-02
8.425243756279822138e-01 -2.991895718643866608e-02
8.529436537253458628e-01 -2.784927590950546719e-02
8.633792753941731402e-01 -2.574911295035308204e-02
8.738300808386934015e-01 -2.362703443718632002e-02
8.842949085756387495e-01 -2.149143532449934724e-02
8.947725955633289985e-01 -1.935051639914720303e-02
9.052619773309316109e-01 -1.721211845667041176e-02
9.157618881078770645e-01 -1.508161508085802821e-02
9.262711609534211021e-01 -1.296294622406306621e-02
9.367886278863364335e-01 -1.086110243499615463e-02
9.473131200147204556e-01 -8.780984932906431284e-03
9.578434676659028923e-01 -6.722719089691099430e-03
9.683785005164411430e-01 -4.691731344614570587e-03
9.789170477221889044e-01 -2.737382815610033080e-03
9.894579380484205267e-01 -9.567032903359507477e-04
9.999999999999998890e-01 3.999003416180271775e-04
