9.999999999999998890e-01 1.413113353211118252e-03
9.894579380484205267e-01 6.443105603468681462e-03
9.789170477221889044e-01 1.170604240084433846e-02
9.683785005164411430e-01 1.658459741925360359e-02
9.578434676659028923e-01 2.095163354948065271e-02
9.473131200147204556e-01 2.484840245738006992e-02
9.367886278863364335e-01 2.849987969147420308e-02
9.262711609534211021e-01 3.206441811030330546e-02
9.157618881078770645e-01 3.547976200962413285e-02
9.052619773309316109e-01 3.871339306267317093e-02
8.947725955633289985e-01 4.184592435291829837e-02
8.842949085756387495e-01 4.492994171634738521e-02
8.738300808386934015e-01 4.795374761308461575e-02
8.633792753941731402e-01 5.091008006175665179e-02
8.529436537253458628e-01 5.380513937459054097e-02
8.425243756279822138e-01 5.664303074236369528e-02
8.321225990814590245e-01 5.942459605186371091e-02
8.217394801200630372e-01 6.215384405147609398e-02
8.113761727045106786e-01 6.483760923738553228e-02
8.010338285937002034e-01 6.747715480737076499e-02
7.907135972167069760e-01 7.006941162750708607e-02
7.804166255450371015e-01 7.261411610296983343e-02
7.701440579651563922e-01 7.511282629471155436e-02
7.598970361513051053e-01 7.756555830197101042e-02
7.496766989386134394e-01 7.997154351574346787e-02
7.394841821965345563e-01 8.233088567490778886e-02
7.293206187026060050e-01 8.464404624708890545e-02
7.191871380165538730e-01 8.691109408084735088e-02
7.090848663547572039e-01 8.913196671434364671e-02
6.990149264650814542e-01 9.130673279017972876e-02
6.889784375020977514e-01 9.343555888963853140e-02
6.789765149027036095e-01 9.551884878339922391e-02
6.690102702621547603e-01 9.755666495037339236e-02
6.590808112105230876e-01 9.954762721271623316e-02
6.491892412895989839e-01 1.014904016625219063e-01
6.393366598302444581e-01 1.033847336795890026e-01
6.295241618302156450e-01 1.052307653185373532e-01
6.197528378324663745e-01 1.070291228227849417e-01
6.100237738039482327e-01 1.087802046545391643e-01
6.003380510149177729e-01 1.104838075699406952e-01
5.906967459187653091e-01 1.121403165875923397e-01
5.811009300323815019e-01 1.137511946281422603e-01
5.715516698170692855e-01 1.153156464470025400e-01
5.620500265600203438e-01 1.168295416656199154e-01
5.525970562563653488e-01 1.182901632171050876e-01
5.431938094918128401e-01 1.196968512791051070e-01
5.338413313258880688e-01 1.210500189245836689e-01
5.245406611757882365e-01 1.223509998088930101e-01
5.152928327008634568e-01 1.236003108373190107e-01
5.060988736877365390e-01 1.247978198955516371e-01
4.969598059360780251e-01 1.259445923876111317e-01
4.878766451450451402e-01 1.270423638840574576e-01
4.788504008003974244e-01 1.280905883800743938e-01
4.698820760623064752e-01 1.290871642985198520e-01
4.609726676538650203e-01 1.300286397688887874e-01
4.521231657503131940e-01 1.309114715688771413e-01
4.433345538689928977e-01 1.317362088757808025e-01
4.346078087600411255e-01 1.325049899192799474e-01
4.259439002978354649e-01 1.332190709004364149e-01
4.173437913732044313e-01 1.338792533493755599e-01
4.088084377864137364e-01 1.344856811913477390e-01
4.003387881409395943e-01 1.350390108787020149e-01
3.919357837380436083e-01 1.355426079957131325e-01
3.836003584721576765e-01 1.359977319268259599e-01
3.753334387270930161e-01 1.363969017176238085e-01
3.671359432730831873e-01 1.367327476205653092e-01
3.590087831646743277e-01 1.370027355059107721e-01
3.509528616394713696e-01 1.372064902266048325e-01
3.429690740177547825e-01 1.373466359727853747e-01
3.350583076029753915e-01 1.374256336761209840e-01
3.272214415831418144e-01 1.374449211970404094e-01
3.194593469331089564e-01 1.374057468300130813e-01
3.117728863177794407e-01 1.373092651800472130e-01
3.041629139962280792e-01 1.371577752851108611e-01
2.966302757267624823e-01 1.369548128162943190e-01
2.891758086729252497e-01 1.366971879851351102e-01
2.818003413104546162e-01 1.363746224751515579e-01
2.745046933352085494e-01 1.359831861357002902e-01
2.672896755720651774e-01 1.355251236368845702e-01
2.601560898848094272e-01 1.350028844982838205e-01
2.531047290870154232e-01 1.344189081428166510e-01
2.461363768539343022e-01 1.337757388269897041e-01
2.392518076353984391e-01 1.330759446782780464e-01
2.324517865697500740e-01 1.323216733492470487e-01
2.257370693988056676e-01 1.315150144292271672e-01
2.191084023838638650e-01 1.306593659514241057e-01
2.125665222227673956e-01 1.297568039550172636e-01
2.061121559680280102e-01 1.287975435561787008e-01
1.997460209460230063e-01 1.277698174183039270e-01
1.934688246772731102e-01 1.266746897752556167e-01
1.872812647978095990e-01 1.255169417656095965e-01
1.811840289816407656e-01 1.242999711670288165e-01
1.751777948643248317e-01 1.230269548167462895e-01
1.692632299676588570e-01 1.217015454974432198e-01
1.634409916254914164e-01 1.203273531433379645e-01
1.577117269106679265e-01 1.189075798961945901e-01
1.520760725631161714e-01 1.174457444670930079e-01
1.465346549190801317e-01 1.159462200792254205e-01
1.410880898415101115e-01 1.144063115837889305e-01
1.357369826516168221e-01 1.128093534431941630e-01
1.304819280615971966e-01 1.111466877775810075e-01
1.253235101085391490e-01 1.094254563076275388e-01
1.202623020895129402e-01 1.076522745780407186e-01
1.152988664978553679e-01 1.058310252154316539e-01
1.104337549606562163e-01 1.039662836923591349e-01
1.056675081774507419e-01 1.020636406708805843e-01
1.010006558601274085e-01 1.001281341528254404e-01
9.643371667405697956e-02 9.816424254082482814e-02
9.196719818044885031e-02 9.617711732355024856e-02
8.760159677994161509e-02 9.417094490931041117e-02
8.333739765743386485e-02 9.212984470532993575e-02
7.917507472816209813e-02 9.002646374039542654e-02
7.511509058502996439e-02 8.785960618821876678e-02
7.115789644719716645e-02 8.564300177475669962e-02
6.730393210993146358e-02 8.338545541742736766e-02
6.355362589573076981e-02 8.109343933865134635e-02
5.990739460672012129e-02 7.877468013108981926e-02
5.636564347832906385e-02 7.643744911001373876e-02
5.292876613425423482e-02 7.409014295600235833e-02
4.959714454271368922e-02 7.174083158601234078e-02
4.637114897399441382e-02 6.939592611086616014e-02
4.325113795930202176e-02 6.705325210994633744e-02
4.023745825091396000e-02 6.468059791740156383e-02
3.733044478364233587e-02 6.225266404062316378e-02
3.453042063760936031e-02 5.978643710623740559e-02
3.183769700234129196e-02 5.730290073366133691e-02
2.925257314218321358e-02 5.481277854057011595e-02
2.677533636303963682e-02 5.231863232470206765e-02
2.440626198044326678e-02 4.980934521356467082e-02
2.214561328895736647e-02 4.728572271261619053e-02
1.999364153291383062e-02 4.477250853014919096e-02
1.795058587848985532e-02 4.228887649484422417e-02
1.601667338712764455e-02 3.984146563216434817e-02
1.419211899029970692e-02 3.741245947493840318e-02
1.247712546562085301e-02 3.495655313000269049e-02
1.087188341431266636e-02 3.247230630488009973e-02
9.376571240020115106e-03 3.000588250468547852e-02
7.991355128984078959e-03 2.759667306292258246e-02
6.716389031571567969e-03 2.526901513731086985e-02
5.551814645166519568e-03 2.294629578290350094e-02
4.497761398421062928e-03 2.049675711900392217e-02
3.554346436871580472e-03 1.801508740145320309e-02
2.721674609919344512e-03 1.571331667352123679e-02
1.999838459177394334e-03 1.356690825816159705e-02
1.388918208186096237e-03 1.140011005095631184e-02
8.889817534969424173e-04 8.854875630153757199e-03
5.000846571264760954e-04 5.669750565210882748e-03
2.222701403818971855e-04 2.629862487601576475e-03
5.556907905679420168e-05 7.153929767650708685e-04
0.000000000000000000e+00 -1.323038373078660440e-05
0.000000000000000000e+00 -5.097884996796007479e-05
5.556907905679420168e-05 -3.837922005245334887e-04
2.222701403818971855e-04 -1.360878617924188641e-03
5.000846571264760954e-04 -2.842499044611466064e-03
8.889817534969424173e-04 -4.672793916606265453e-03
1.388918208186096237e-03 -6.619339912020809694e-03
1.999838459177394334e-03 -8.251185104420497712e-03
2.721674609919344512e-03 -9.346424410460721713e-03
3.554346436871580472e-03 -1.023132446968269722e-02
4.497761398421062928e-03 -1.116296883178965679e-02
5.551814645166519568e-03 -1.212471015083314493e-02
6.716389031571567969e-03 -1.307238612825653221e-02
7.991355128984078959e-03 -1.396668049634171294e-02
9.376571240020115106e-03 -1.477686457276764821e-02
1.087188341431266636e-02 -1.548471177971995003e-02
1.247712546562085301e-02 -1.611843514769096403e-02
1.419211899029970692e-02 -1.675504856342197035e-02
1.601667338712764455e-02 -1.741894277429673760e-02
1.795058587848985532e-02 -1.808297722459435708e-02
1.999364153291383062e-02 -1.873531940833767645e-02
2.214561328895736647e-02 -1.937760626173797365e-02
2.440626198044326678e-02 -2.000593598074702772e-02
2.677533636303963682e-02 -2.061335418263323879e-02
2.925257314218321358e-02 -2.120221159003747580e-02
3.183769700234129196e-02 -2.177898081836198915e-02
3.453042063760936031e-02 -2.234069145284172525e-02
3.733044478364233587e-02 -2.287971315195530195e-02
4.023745825091396000e-02 -2.338745130505024208e-02
4.325113795930202176e-02 -2.385723454109981920e-02
4.637114897399441382e-02 -2.429445844242955968e-02
4.959714454271368922e-02 -2.470879035868809095e-02
5.292876613425423482e-02 -2.511127138574936052e-02
5.636564347832906385e-02 -2.550978758236068997e-02
5.990739460672012129e-02 -2.589967692338946900e-02
6.355362589573076981e-02 -2.627529981997627981e-02
6.730393210993146358e-02 -2.663634054913172414e-02
7.115789644719716645e-02 -2.698229465554624965e-02
7.511509058502996439e-02 -2.730983194997613911e-02
7.917507472816209813e-02 -2.761596140207572131e-02
8.333739765743386485e-02 -2.789923077747269442e-02
8.760159677994161509e-02 -2.815766706239415662e-02
9.196719818044885031e-02 -2.838810836090749704e-02
9.643371667405697956e-02 -2.858806501820431237e-02
1.010006558601274085e-01 -2.875626126079320125e-02
1.056675081774507419e-01 -2.889431414608704951e-02
1.104337549606562163e-01 -2.900706156742923272e-02
1.152988664978553679e-01 -2.909572803154387988e-02
1.202623020895129402e-01 -2.915767714894098792e-02
1.253235101085391490e-01 -2.919043540435144191e-02
1.304819280615971966e-01 -2.919196089237033331e-02
1.357369826516168221e-01 -2.916216797339560296e-02
1.410880898415101115e-01 -2.910236154866008632e-02
1.465346549190801317e-01 -2.901367811931114538e-02
1.520760725631161714e-01 -2.889687300511270540e-02
1.577117269106679265e-01 -2.875046529085719879e-02
1.634409916254914164e-01 -2.857202870927762553e-02
1.692632299676588570e-01 -2.836048752700431191e-02
1.751777948643248317e-01 -2.811511707952101327e-02
1.811840289816407656e-01 -2.783389659956246598e-02
1.872812647978095990e-01 -2.751472535316342588e-02
1.934688246772731102e-01 -2.715727418983059777e-02
1.997460209460230063e-01 -2.676089386977587026e-02
2.061121559680280102e-01 -2.632171377230809253e-02
2.125665222227673956e-01 -2.583763775872435775e-02
2.191084023838638650e-01 -2.531465083245869330e-02
2.257370693988056676e-01 -2.475953911152855083e-02
2.324517865697500740e-01 -2.417698626620993704e-02
2.392518076353984391e-01 -2.356921907738969424e-02
2.461363768539343022e-01 -2.293385385675917112e-02
2.531047290870154232e-01 -2.226917718483309785e-02
2.601560898848094272e-01 -2.157579317137977779e-02
2.672896755720651774e-01 -2.085343230537178849e-02
2.745046933352085494e-01 -2.010014365123654473e-02
2.818003413104546162e-01 -1.931529209422691920e-02
2.891758086729252497e-01 -1.850002813698518878e-02
2.966302757267624823e-01 -1.765293689836445329e-02
3.041629139962280792e-01 -1.677008337335796073e-02
3.117728863177794407e-01 -1.585547605004578378e-02
3.194593469331089564e-01 -1.492029117674425857e-02
3.272214415831418144e-01 -1.397195900002620728e-02
3.350583076029753915e-01 -1.301449451577738926e-02
3.429690740177547825e-01 -1.204831422357868602e-02
3.509528616394713696e-01 -1.107173966192938688e-02
3.590087831646743277e-01 -1.008493679942111185e-02
3.671359432730831873e-01 -9.088947820603076808e-03
3.753334387270930161e-01 -8.083643344815667070e-03
3.836003584721576765e-01 -7.068510455402301010e-03
3.919357837380436083e-01 -6.044008380346926716e-03
4.003387881409395943e-01 -5.010710338563229352e-03
4.088084377864137364e-01 -3.967887653431456316e-03
4.173437913732044313e-01 -2.915514614272175786e-03
4.259439002978354649e-01 -1.858197541793942626e-03
4.346078087600411255e-01 -8.008918435834738812e-04
4.433345538689928977e-01 2.543755075060399494e-04
4.521231657503131940e-01 1.306825044307613091e-03
4.609726676538650203e-01 2.357429763352514741e-03
4.698820760623064752e-01 3.406094897465279311e-03
4.788504008003974244e-01 4.449493797291013270e-03
4.878766451450451402e-01 5.483853213510392864e-03
4.969598059360780251e-01 6.505455743263228140e-03
5.060988736877365390e-01 7.512198936859391593e-03
5.152928327008634568e-01 8.504609146787729321e-03
5.245406611757882365e-01 9.482672387237579825e-03
5.338413313258880688e-01 1.044530625578630849e-02
5.431938094918128401e-01 1.139190384399806424e-02
5.525970562563653488e-01 1.232248085269661321e-02
5.620500265600203438e-01 1.323655569009184532e-02
5.715516698170692855e-01 1.413317554339981082e-02
5.811009300323815019e-01 1.501226516981482573e-02
5.906967459187653091e-01 1.587409523141408360e-02
6.003380510149177729e-01 1.671374957091667848e-02
6.100237738039482327e-01 1.752317687348780781e-02
6.197528378324663745e-01 1.829947099258826329e-02
6.295241618302156450e-01 1.904271094012958965e-02
6.393366598302444581e-01 1.975232592806094520e-02
6.491892412895989839e-01 2.042748105113145057e-02
6.590808112105230876e-01 2.106784204074135455e-02
6.690102702621547603e-01 2.167316141675126526e-02
6.789765149027036095e-01 2.224253727619226670e-02
6.889784375020977514e-01 2.277517868926792755e-02
6.990149264650814542e-01 2.327179609869419255e-02
7.090848663547572039e-01 2.373114288972278177e-02
7.191871380165538730e-01 2.414317098969119904e-02
7.293206187026060050e-01 2.449821136026508750e-02
7.394841821965345563e-01 2.479396476268298441e-02
7.496766989386134394e-01 2.502993076738783962e-02
7.598970361513051053e-01 2.520660959702944112e-02
7.701440579651563922e-01 2.532367536062311505e-02
7.804166255450371015e-01 2.537875816579931304e-02
7.907135972167069760e-01 2.537141422035729330e-02
8.010338285937002034e-01 2.530495037346216364e-02
8.113761727045106786e-01 2.517753715259501979e-02
8.217394801200630372e-01 2.497930321897741390e-02
8.321225990814590245e-01 2.470473112388295311e-02
8.425243756279822138e-01 2.435434744161575973e-02
8.529436537253458628e-01 2.392380435814656092e-02
8.633792753941731402e-01 2.340287881157761610e-02
8.738300808386934015e-01 2.277482940440432937e-02
8.842949085756387495e-01 2.201807049880827316e-02
8.947725955633289985e-01 2.112103265505516775e-02
9.052619773309316109e-01 2.008099411117926156e-02
9.157618881078770645e-01 1.890894616887678348e-02
9.262711609534211021e-01 1.761878508406500982e-02
9.367886278863364335e-01 1.617397461547879361e-02
9.473131200147204556e-01 1.451083643398005246e-02
9.578434676659028923e-01 1.256253133497589429e-02
9.683785005164411430e-01 1.027178571051560151e-02
9.789170477221889044e-01 7.645666117898766018e-03
9.894579380484205267e-01 4.705566047688171556e-03
9.999999999999998890e-01 1.427721950850448793e-03
