9.999999999999998890e-01 1.109148718334585859e-10
9.894579380484205267e-01 1.162557295259805798e-03
9.789170477221889044e-01 2.311122772276144599e-03
9.683785005164411430e-01 3.447188119137261156e-03
9.578434676659028923e-01 4.572274537820580041e-03
9.473131200147204556e-01 5.687898852681764865e-03
9.367886278863364335e-01 6.795549442701164476e-03
9.262711609534211021e-01 7.896729125866535845e-03
9.157618881078770645e-01 8.992983753913589076e-03
9.052619773309316109e-01 1.008580459385071890e-02
8.947725955633289985e-01 1.117655892992169657e-02
8.842949085756387495e-01 1.226599884780138310e-02
8.738300808386934015e-01 1.335392151894628822e-02
8.633792753941731402e-01 1.444007118502632983e-02
8.529436537253458628e-01 1.552423791042670601e-02
8.425243756279822138e-01 1.660630812662646991e-02
8.321225990814590245e-01 1.768628065266758531e-02
8.217394801200630372e-01 1.876431168242056330e-02
8.113761727045106786e-01 1.984069055090280365e-02
8.010338285937002034e-01 2.091553547368567301e-02
7.907135972167069760e-01 2.198874563198891657e-02
7.804166255450371015e-01 2.305925971319573026e-02
7.701440579651563922e-01 2.412538290699086860e-02
7.598970361513051053e-01 2.518553342233920481e-02
7.496766989386134394e-01 2.623820245361142139e-02
7.394841821965345563e-01 2.728189730972929369e-02
7.293206187026060050e-01 2.831514851694794804e-02
7.191871380165538730e-01 2.933658914831988734e-02
7.090848663547572039e-01 3.034488848719708518e-02
6.990149264650814542e-01 3.133869311408055830e-02
6.889784375020977514e-01 3.231662341459763665e-02
6.789765149027036095e-01 3.327721880839817903e-02
6.690102702621547603e-01 3.421898377072025293e-02
6.590808112105230876e-01 3.514037638023290167e-02
6.491892412895989839e-01 3.603997460770502759e-02
6.393366598302444581e-01 3.691673949986094133e-02
6.295241618302156450e-01 3.776986093617008822e-02
6.197528378324663745e-01 3.859891580120889537e-02
6.100237738039482327e-01 3.940350957468839732e-02
6.003380510149177729e-01 4.018318863200847496e-02
5.906967459187653091e-01 4.093751640133769937e-02
5.811009300323815019e-01 4.166609806449714931e-02
5.715516698170692855e-01 4.236856684650162908e-02
5.620500265600203438e-01 4.304458963861590437e-02
5.525970562563653488e-01 4.369381308338638609e-02
5.431938094918128401e-01 4.431584331892136908e-02
5.338413313258880688e-01 4.490997849069484210e-02
5.245406611757882365e-01 4.547520789828547738e-02
5.152928327008634568e-01 4.601055543358604366e-02
5.060988736877365390e-01 4.651509865644260638e-02
4.969598059360780251e-01 4.698808019009740461e-02
4.878766451450451402e-01 4.742887195539251255e-02
4.788504008003974244e-01 4.783696477083029808e-02
4.698820760623064752e-01 4.821194718826277148e-02
4.609726676538650203e-01 4.855364085782851863e-02
4.521231657503131940e-01 4.886190313799813889e-02
4.433345538689928977e-01 4.913601535157479522e-02
4.346078087600411255e-01 4.937496327166546878e-02
4.259439002978354649e-01 4.957744787029434719e-02
4.173437913732044313e-01 4.974202450610770709e-02
4.088084377864137364e-01 4.986703685663255309e-02
4.003387881409395943e-01 4.995122129482242740e-02
3.919357837380436083e-01 4.999506286961960533e-02
3.836003584721576765e-01 5.000004264268603088e-02
3.753334387270930161e-01 4.996946626923907259e-02
3.671359432730831873e-01 4.990680410653917237e-02
3.590087831646743277e-01 4.981501095383590594e-02
3.509528616394713696e-01 4.969678901409380067e-02
3.429690740177547825e-01 4.955446427968481643e-02
3.350583076029753915e-01 4.938964506798935311e-02
3.272214415831418144e-01 4.920272225402254340e-02
3.194593469331089564e-01 4.899415705943194893e-02
3.117728863177794407e-01 4.876471490462277319e-02
3.041629139962280792e-01 4.851508522480636743e-02
2.966302757267624823e-01 4.824582688106308914e-02
2.891758086729252497e-01 4.795751657541425655e-02
2.818003413104546162e-01 4.765075781279884404e-02
2.745046933352085494e-01 4.732611414784853449e-02
2.672896755720651774e-01 4.698411591466059717e-02
2.601560898848094272e-01 4.662536493876316690e-02
2.531047290870154232e-01 4.625050818634601074e-02
2.461363768539343022e-01 4.586005987239159115e-02
2.392518076353984391e-01 4.545443123373820588e-02
2.324517865697500740e-01 4.503388754470533106e-02
2.257370693988056676e-01 4.459862850405205137e-02
2.191084023838638650e-01 4.414895586704592478e-02
2.125665222227673956e-01 4.368522048906450794e-02
2.061121559680280102e-01 4.320778567873512221e-02
1.997460209460230063e-01 4.271703601521214394e-02
1.934688246772731102e-01 4.221344013295449948e-02
1.872812647978095990e-01 4.169750001448881832e-02
1.811840289816407656e-01 4.116974610145549690e-02
1.751777948643248317e-01 4.063073924153587368e-02
1.692632299676588570e-01 4.008111906651167650e-02
1.634409916254914164e-01 3.952152849092971376e-02
1.577117269106679265e-01 3.895257177337238530e-02
1.520760725631161714e-01 3.837477300943737540e-02
1.465346549190801317e-01 3.778848374324005749e-02
1.410880898415101115e-01 3.719401417676287958e-02
1.357369826516168221e-01 3.659164033228122503e-02
1.304819280615971966e-01 3.598152060612039294e-02
1.253235101085391490e-01 3.536362782569448665e-02
1.202623020895129402e-01 3.473798131216136731e-02
1.152988664978553679e-01 3.410468295185513365e-02
1.104337549606562163e-01 3.346366588828530997e-02
1.056675081774507419e-01 3.281467238458521396e-02
1.010006558601274085e-01 3.215772791576624462e-02
9.643371667405697956e-02 3.149318967193713570e-02
9.196719818044885031e-02 3.082213161128482745e-02
8.760159677994161509e-02 3.014616330725281013e-02
8.333739765743386485e-02 2.946627491832118015e-02
7.917507472816209813e-02 2.878301002225090721e-02
7.511509058502996439e-02 2.809689245054432585e-02
7.115789644719716645e-02 2.740839966462356100e-02
6.730393210993146358e-02 2.671767800743590771e-02
6.355362589573076981e-02 2.602467354824948217e-02
5.990739460672012129e-02 2.532908168661662796e-02
5.636564347832906385e-02 2.463051243233754448e-02
5.292876613425423482e-02 2.392866870986376168e-02
4.959714454271368922e-02 2.322334329653103629e-02
4.637114897399441382e-02 2.251459032207635269e-02
4.325113795930202176e-02 2.180268531326687645e-02
4.023745825091396000e-02 2.108845112817597789e-02
3.733044478364233587e-02 2.037239900866118919e-02
3.453042063760936031e-02 1.965370394864912260e-02
3.183769700234129196e-02 1.893173632522059113e-02
2.925257314218321358e-02 1.820700180364424881e-02
2.677533636303963682e-02 1.747996349177923653e-02
2.440626198044326678e-02 1.675063646470964507e-02
2.214561328895736647e-02 1.602019368959854348e-02
1.999364153291383062e-02 1.529187806318387487e-02
1.795058587848985532e-02 1.456526745096419287e-02
1.601667338712764455e-02 1.383428692521838053e-02
1.419211899029970692e-02 1.309576132654725888e-02
1.247712546562085301e-02 1.235071118809702787e-02
1.087188341431266636e-02 1.160045552612166096e-02
9.376571240020115106e-03 1.084629378386576214e-02
7.991355128984078959e-03 1.008846724649643291e-02
6.716389031571567969e-03 9.325894806357454270e-03
5.551814645166519568e-03 8.551989031052470783e-03
4.497761398421062928e-03 7.757265113885883530e-03
3.554346436871580472e-03 6.945687767813249480e-03
2.721674609919344512e-03 6.127279056275239041e-03
1.999838459177394334e-03 5.289860816735199832e-03
1.388918208186096237e-03 4.416828984808694909e-03
8.889817534969424173e-04 3.545149594414371500e-03
5.000846571264760954e-04 2.703890497051623411e-03
2.222701403818971855e-04 1.734848874337087746e-03
5.556907905679420168e-05 5.795967728726397327e-04
0.000000000000000000e+00 -7.626677522721512997e-07
0.000000000000000000e+00 7.626677522721512997e-07
5.556907905679420168e-05 -5.795967728726397327e-04
2.222701403818971855e-04 -1.734848874337087746e-03
5.000846571264760954e-04 -2.703890497051623411e-03
8.889817534969424173e-04 -3.545149594414371500e-03
1.388918208186096237e-03 -4.416828984808694909e-03
1.999838459177394334e-03 -5.289860816735199832e-03
2.721674609919344512e-03 -6.127279056275239041e-03
3.554346436871580472e-03 -6.945687767813249480e-03
4.497761398421062928e-03 -7.757265113885883530e-03
5.551814645166519568e-03 -8.551989031052470783e-03
6.716389031571567969e-03 -9.325894806357454270e-03
7.991355128984078959e-03 -1.008846724649643291e-02
9.376571240020115106e-03 -1.084629378386576214e-02
1.087188341431266636e-02 -1.160045552612166096e-02
1.247712546562085301e-02 -1.235071118809702787e-02
1.419211899029970692e-02 -1.309576132654725888e-02
1.601667338712764455e-02 -1.383428692521838053e-02
1.795058587848985532e-02 -1.456526745096419287e-02
1.999364153291383062e-02 -1.529187806318387487e-02
2.214561328895736647e-02 -1.602019368959854348e-02
2.440626198044326678e-02 -1.675063646470964507e-02
2.677533636303963682e-02 -1.747996349177923653e-02
2.925257314218321358e-02 -1.820700180364424881e-02
3.183769700234129196e-02 -1.893173632522059113e-02
3.453042063760936031e-02 -1.965370394864912260e-02
3.733044478364233587e-02 -2.037239900866118919e-02
4.023745825091396000e-02 -2.108845112817597789e-02
4.325113795930202176e-02 -2.180268531326687645e-02
4.637114897399441382e-02 -2.251459032207635269e-02
4.959714454271368922e-02 -2.322334329653103629e-02
5.292876613425423482e-02 -2.392866870986376168e-02
5.636564347832906385e-02 -2.463051243233754448e-02
5.990739460672012129e-02 -2.532908168661662796e-02
6.355362589573076981e-02 -2.602467354824948217e-02
6.730393210993146358e-02 -2.671767800743590771e-02
7.115789644719716645e-02 -2.740839966462356100e-02
7.511509058502996439e-02 -2.809689245054432585e-02
7.917507472816209813e-02 -2.878301002225090721e-02
8.333739765743386485e-02 -2.946627491832118015e-02
8.760159677994161509e-02 -3.014616330725281013e-02
9.196719818044885031e-02 -3.082213161128482745e-02
9.643371667405697956e-02 -3.149318967193713570e-02
1.010006558601274085e-01 -3.215772791576624462e-02
1.056675081774507419e-01 -3.281467238458521396e-02
1.104337549606562163e-01 -3.346366588828530997e-02
1.152988664978553679e-01 -3.410468295185513365e-02
1.202623020895129402e-01 -3.473798131216136731e-02
1.253235101085391490e-01 -3.536362782569448665e-02
1.304819280615971966e-01 -3.598152060612039294e-02
1.357369826516168221e-01 -3.659164033228122503e-02
1.410880898415101115e-01 -3.719401417676287958e-02
1.465346549190801317e-01 -3.778848374324005749e-02
1.520760725631161714e-01 -3.837477300943737540e-02
1.577117269106679265e-01 -3.895257177337238530e-02
1.634409916254914164e-01 -3.952152849092971376e-02
1.692632299676588570e-01 -4.008111906651167650e-02
1.751777948643248317e-01 -4.063073924153587368e-02
1.811840289816407656e-01 -4.116974610145549690e-02
1.872812647978095990e-01 -4.169750001448881832e-02
1.934688246772731102e-01 -4.221344013295449948e-02
1.997460209460230063e-01 -4.271703601521214394e-02
2.061121559680280102e-01 -4.320778567873512221e-02
2.125665222227673956e-01 -4.368522048906450794e-02
2.191084023838638650e-01 -4.414895586704592478e-02
2.257370693988056676e-01 -4.459862850405205137e-02
2.324517865697500740e-01 -4.503388754470533106e-02
2.392518076353984391e-01 -4.545443123373820588e-02
2.461363768539343022e-01 -4.586005987239159115e-02
2.531047290870154232e-01 -4.625050818634601074e-02
2.601560898848094272e-01 -4.662536493876316690e-02
2.672896755720651774e-01 -4.698411591466059717e-02
2.745046933352085494e-01 -4.732611414784853449e-02
2.818003413104546162e-01 -4.765075781279884404e-02
2.891758086729252497e-01 -4.795751657541425655e-02
2.966302757267624823e-01 -4.824582688106308914e-02
3.041629139962280792e-01 -4.851508522480636743e-02
3.117728863177794407e-01 -4.876471490462277319e-02
3.194593469331089564e-01 -4.899415705943194893e-02
3.272214415831418144e-01 -4.920272225402254340e-02
3.350583076029753915e-01 -4.938964506798935311e-02
3.429690740177547825e-01 -4.955446427968481643e-02
3.509528616394713696e-01 -4.969678901409380067e-02
3.590087831646743277e-01 -4.981501095383590594e-02
3.671359432730831873e-01 -4.990680410653917237e-02
3.753334387270930161e-01 -4.996946626923907259e-02
3.836003584721576765e-01 -5.000004264268603088e-02
3.919357837380436083e-01 -4.999506286961960533e-02
4.003387881409395943e-01 -4.995122129482242740e-02
4.088084377864137364e-01 -4.986703685663255309e-02
4.173437913732044313e-01 -4.974202450610770709e-02
4.259439002978354649e-01 -4.957744787029434719e-02
4.346078087600411255e-01 -4.937496327166546878e-02
4.433345538689928977e-01 -4.913601535157479522e-02
4.521231657503131940e-01 -4.886190313799813889e-02
4.609726676538650203e-01 -4.855364085782851863e-02
4.698820760623064752e-01 -4.821194718826277148e-02
4.788504008003974244e-01 -4.783696477083029808e-02
4.878766451450451402e-01 -4.742887195539251255e-02
4.969598059360780251e-01 -4.698808019009740461e-02
5.060988736877365390e-01 -4.651509865644260638e-02
5.152928327008634568e-01 -4.601055543358604366e-02
5.245406611757882365e-01 -4.547520789828547738e-02
5.338413313258880688e-01 -4.490997849069484210e-02
5.431938094918128401e-01 -4.431584331892136908e-02
5.525970562563653488e-01 -4.369381308338638609e-02
5.620500265600203438e-01 -4.304458963861590437e-02
5.715516698170692855e-01 -4.236856684650162908e-02
5.811009300323815019e-01 -4.166609806449714931e-02
5.906967459187653091e-01 -4.093751640133769937e-02
6.003380510149177729e-01 -4.018318863200847496e-02
6.100237738039482327e-01 -3.940350957468839732e-02
6.197528378324663745e-01 -3.859891580120889537e-02
6.295241618302156450e-01 -3.776986093617008822e-02
6.393366598302444581e-01 -3.691673949986094133e-02
6.491892412895989839e-01 -3.603997460770502759e-02
6.590808112105230876e-01 -3.514037638023290167e-02
6.690102702621547603e-01 -3.421898377072025293e-02
6.789765149027036095e-01 -3.327721880839817903e-02
6.889784375020977514e-01 -3.231662341459763665e-02
6.990149264650814542e-01 -3.133869311408055830e-02
7.090848663547572039e-01 -3.034488848719708518e-02
7.191871380165538730e-01 -2.933658914831988734e-02
7.293206187026060050e-01 -2.831514851694794804e-02
7.394841821965345563e-01 -2.728189730972929369e-02
7.496766989386134394e-01 -2.623820245361142139e-02
7.598970361513051053e-01 -2.518553342233920481e-02
7.701440579651563922e-01 -2.412538290699086860e-02
7.804166255450371015e-01 -2.305925971319573026e-02
7.907135972167069760e-01 -2.198874563198891657e-02
8.010338285937002034e-01 -2.091553547368567301e-02
8.113761727045106786e-01 -1.984069055090280365e-02
8.217394801200630372e-01 -1.876431168242056330e-02
8.321225990814590245e-01 -1.768628065266758531e-02
8.425243756279822138e-01 -1.660630812662646991e-02
8.529436537253458628e-01 -1.552423791042670601e-02
8.633792753941731402e-01 -1.444007118502632983e-02
8.738300808386934015e-01 -1.335392151894628822e-02
8.842949085756387495e-01 -1.226599884780138310e-02
8.947725955633289985e-01 -1.117655892992169657e-02
9.052619773309316109e-01 -1.008580459385071890e-02
9.157618881078770645e-01 -8.992983753913589076e-03
9.262711609534211021e-01 -7.896729125866535845e-03
9.367886278863364335e-01 -6.795549442701164476e-03
9.473131200147204556e-01 -5.687898852681764865e-03
9.578434676659028923e-01 -4.572274537820580041e-03
9.683785005164411430e-01 -3.447188119137261156e-03
9.789170477221889044e-01 -2.311122772276144599e-03
9.894579380484205267e-01 -1.162557295259805798e-03
9.999999999999998890e-01 -1.109148718334585859e-10
