9.999999999999998890e-01 8.182775552326613570e-10
9.894579380484205267e-01 3.506062853166352997e-03
9.789170477221889044e-01 6.795662765575294188e-03
9.683785005164411430e-01 9.891234558306217714e-03
9.578434676659028923e-01 1.281546427950210239e-02
9.473131200147204556e-01 1.559101848925313963e-02
9.367886278863364335e-01 1.824036997780120045e-02
9.262711609534211021e-01 2.078608981194554964e-02
9.157618881078770645e-01 2.325104155987311669e-02
9.052619773309316109e-01 2.565766642699459504e-02
8.947725955633289985e-01 2.802739279856494500e-02
8.842949085756387495e-01 3.037279811963470785e-02
8.738300808386934015e-01 3.269258516089898481e-02
8.633792753941731402e-01 3.498468442246750049e-02
8.529436537253458628e-01 3.724763409550159443e-02
8.425243756279822138e-01 3.947982447124066124e-02
8.321225990814590245e-01 4.167943861930786115e-02
8.217394801200630372e-01 4.384480510382331858e-02
8.113761727045106786e-01 4.597439746373434277e-02
8.010338285937002034e-01 4.806662833197625218e-02
7.907135972167069760e-01 5.011981108670875845e-02
7.804166255450371015e-01 5.213169186716812287e-02
7.701440579651563922e-01 5.409964390830752923e-02
7.598970361513051053e-01 5.602112480760024216e-02
7.496766989386134394e-01 5.789364975002211922e-02
7.394841821965345563e-01 5.971477895850079570e-02
7.293206187026060050e-01 6.148211419076126533e-02
7.191871380165538730e-01 6.319338859768151850e-02
7.090848663547572039e-01 6.484638242947299291e-02
6.990149264650814542e-01 6.643885069486016315e-02
6.889784375020977514e-01 6.796928403511348638e-02
6.789765149027036095e-01 6.943939012223487861e-02
6.690102702621547603e-01 7.085174368602384365e-02
6.590808112105230876e-01 7.220891121586021921e-02
6.491892412895989839e-01 7.351348063919331544e-02
6.393366598302444581e-01 7.476810788783105899e-02
6.295241618302156450e-01 7.597533679447535104e-02
6.197528378324663745e-01 7.713740949341146846e-02
6.100237738039482327e-01 7.825678672842382999e-02
6.003380510149177729e-01 7.933644484526405916e-02
5.906967459187653091e-01 8.037782263376253011e-02
5.811009300323815019e-01 8.137961983811915767e-02
5.715516698170692855e-01 8.233963406597262502e-02
5.620500265600203438e-01 8.325476292188879746e-02
5.525970562563653488e-01 8.412218761033651848e-02
5.431938094918128401e-01 8.493951607540997650e-02
5.338413313258880688e-01 8.570439466903591319e-02
5.245406611757882365e-01 8.641448713445530616e-02
5.152928327008634568e-01 8.706753112060570954e-02
5.060988736877365390e-01 8.766136065618140849e-02
4.969598059360780251e-01 8.819426868214719217e-02
4.878766451450451402e-01 8.866505501571347869e-02
4.788504008003974244e-01 8.907442228656597960e-02
4.698820760623064752e-01 8.942419160263023747e-02
4.609726676538650203e-01 8.971589491766479574e-02
4.521231657503131940e-01 8.995092829486910080e-02
4.433345538689928977e-01 9.013082616854893592e-02
4.346078087600411255e-01 9.025717002211039452e-02
4.259439002978354649e-01 9.033147089348771142e-02
4.173437913732044313e-01 9.035521854476763481e-02
4.088084377864137364e-01 9.032992004016854315e-02
4.003387881409395943e-01 9.025709317375300855e-02
3.919357837380436083e-01 9.013827756133903357e-02
3.836003584721576765e-01 8.997505157576352053e-02
3.753334387270930161e-01 8.976909981141770190e-02
3.671359432730831873e-01 8.952211040712848567e-02
3.590087831646743277e-01 8.923572562410858611e-02
3.509528616394713696e-01 8.891157083092253444e-02
3.429690740177547825e-01 8.855125067406555139e-02
3.350583076029753915e-01 8.815636156019769631e-02
3.272214415831418144e-01 8.772848919799994261e-02
3.194593469331089564e-01 8.726918121232950243e-02
3.117728863177794407e-01 8.677992959292799013e-02
3.041629139962280792e-01 8.626226271972622928e-02
2.966302757267624823e-01 8.571774319703626133e-02
2.891758086729252497e-01 8.514742765815198899e-02
2.818003413104546162e-01 8.455181369842965089e-02
2.745046933352085494e-01 8.393128159356846862e-02
2.672896755720651774e-01 8.328613889473826526e-02
2.601560898848094272e-01 8.261683197376472332e-02
2.531047290870154232e-01 8.192391209928034934e-02
2.461363768539343022e-01 8.120787361063720733e-02
2.392518076353984391e-01 8.046919669278491949e-02
2.324517865697500740e-01 7.970859460289241027e-02
2.257370693988056676e-01 7.892687004226991987e-02
2.191084023838638650e-01 7.812453429914731351e-02
2.125665222227673956e-01 7.730208804255862820e-02
2.061121559680280102e-01 7.646079323612479939e-02
1.997460209460230063e-01 7.560179184219786852e-02
1.934688246772731102e-01 7.472415081877570309e-02
1.872812647978095990e-01 7.382553145428599750e-02
1.811840289816407656e-01 7.290047136437030617e-02
1.751777948643248317e-01 7.194320622410795008e-02
1.692632299676588570e-01 7.094971800716998178e-02
1.634409916254914164e-01 6.991643822119658624e-02
1.577117269106679265e-01 6.884001525217825490e-02
1.520760725631161714e-01 6.771759760913410864e-02
1.465346549190801317e-01 6.654745121153045340e-02
1.410880898415101115e-01 6.533195983782844052e-02
1.357369826516168221e-01 6.408126142334605313e-02
1.304819280615971966e-01 6.280569381351616687e-02
1.253235101085391490e-01 6.151443256169537160e-02
1.202623020895129402e-01 6.021612056830886323e-02
1.152988664978553679e-01 5.891878505710579361e-02
1.104337549606562163e-01 5.762955373258581149e-02
1.056675081774507419e-01 5.635455623773827361e-02
1.010006558601274085e-01 5.509985770286178475e-02
9.643371667405697956e-02 5.387075769468979008e-02
9.196719818044885031e-02 5.265983267153236114e-02
8.760159677994161509e-02 5.144928120631118290e-02
8.333739765743386485e-02 5.022331051907046734e-02
7.917507472816209813e-02 4.896798357795906914e-02
7.511509058502996439e-02 4.767173553839682693e-02
7.115789644719716645e-02 4.632610423237531333e-02
6.730393210993146358e-02 4.493689533860575208e-02
6.355362589573076981e-02 4.351673701441320652e-02
5.990739460672012129e-02 4.207700836785903398e-02
5.636564347832906385e-02 4.062848256491236043e-02
5.292876613425423482e-02 3.918153092705163598e-02
4.959714454271368922e-02 3.774524606524923970e-02
4.637114897399441382e-02 3.632358341125702106e-02
4.325113795930202176e-02 3.491758011805756040e-02
4.023745825091396000e-02 3.352281574248251739e-02
3.733044478364233587e-02 3.213494277374923797e-02
3.453042063760936031e-02 3.075368756537100526e-02
3.183769700234129196e-02 2.937931430583085382e-02
2.925257314218321358e-02 2.801150023062969063e-02
2.677533636303963682e-02 2.665169078794056567e-02
2.440626198044326678e-02 2.530513098587865856e-02
2.214561328895736647e-02 2.396717014243359908e-02
1.999364153291383062e-02 2.261494252516642670e-02
1.795058587848985532e-02 2.122866251266620347e-02
1.601667338712764455e-02 1.979606019284155943e-02
1.419211899029970692e-02 1.831250728896970451e-02
1.247712546562085301e-02 1.678233330061734349e-02
1.087188341431266636e-02 1.521460907163665367e-02
9.376571240020115106e-03 1.362299606289260265e-02
7.991355128984078959e-03 1.202479312648569235e-02
6.716389031571567969e-03 1.044043638091160867e-02
5.551814645166519568e-03 8.891803801387784464e-03
4.497761398421062928e-03 7.401776069286807730e-03
3.554346436871580472e-03 5.993280404544586333e-03
2.721674609919344512e-03 4.689076999351188962e-03
1.999838459177394334e-03 3.510297585900065773e-03
1.388918208186096237e-03 2.476835589081296043e-03
8.889817534969424173e-04 1.605836232770558496e-03
5.000846571264760954e-04 9.125790342666143451e-04
2.222701403818971855e-04 4.084539031539476529e-04
5.556907905679420168e-05 1.025836362192034904e-04
0.000000000000000000e+00 -1.679489562092716970e-09
0.000000000000000000e+00 2.497585108412669964e-09
5.556907905679420168e-05 -9.876834830482730896e-05
2.222701403818971855e-04 -3.925354593235340231e-04
5.000846571264760954e-04 -8.745833464076815771e-04
8.889817534969424173e-04 -1.532662585901477682e-03
1.388918208186096237e-03 -2.351518497658075264e-03
1.999838459177394334e-03 -3.310801269255805954e-03
2.721674609919344512e-03 -4.387692467148051473e-03
3.554346436871580472e-03 -5.555719487653876243e-03
4.497761398421062928e-03 -6.786964831735496813e-03
5.551814645166519568e-03 -8.051727741629058355e-03
6.716389031571567969e-03 -9.320145784210224701e-03
7.991355128984078959e-03 -1.056246506317344916e-02
9.376571240020115106e-03 -1.175101895452061729e-02
1.087188341431266636e-02 -1.286105165791069475e-02
1.247712546562085301e-02 -1.387177133820116648e-02
1.419211899029970692e-02 -1.476702679187761984e-02
1.601667338712764455e-02 -1.553920269202216202e-02
1.795058587848985532e-02 -1.618915821769929125e-02
1.999364153291383062e-02 -1.672725322320347749e-02
2.214561328895736647e-02 -1.717288476331747457e-02
2.440626198044326678e-02 -1.756632725637035514e-02
2.677533636303963682e-02 -1.795872293244359791e-02
2.925257314218321358e-02 -1.837104810155480022e-02
3.183769700234129196e-02 -1.880591057424003607e-02
3.453042063760936031e-02 -1.925704483305719014e-02
3.733044478364233587e-02 -1.971431451516420311e-02
4.023745825091396000e-02 -2.016916173237814219e-02
4.325113795930202176e-02 -2.061250350635021947e-02
4.637114897399441382e-02 -2.102915921725178813e-02
4.959714454271368922e-02 -2.140288223643047744e-02
5.292876613425423482e-02 -2.172145813799805647e-02
5.636564347832906385e-02 -2.197826980010753398e-02
5.990739460672012129e-02 -2.218274375549872390e-02
6.355362589573076981e-02 -2.234767966260942443e-02
6.730393210993146358e-02 -2.248531478115810625e-02
7.115789644719716645e-02 -2.261121455003880024e-02
7.511509058502996439e-02 -2.274925063309600828e-02
7.917507472816209813e-02 -2.291636806316856012e-02
8.333739765743386485e-02 -2.311286894674657172e-02
8.760159677994161509e-02 -2.333412448713857029e-02
9.196719818044885031e-02 -2.357052542738891435e-02
9.643371667405697956e-02 -2.381112221411710653e-02
1.010006558601274085e-01 -2.404384506549183884e-02
1.056675081774507419e-01 -2.426002449160968508e-02
1.104337549606562163e-01 -2.445527047684128291e-02
1.152988664978553679e-01 -2.462705548653331550e-02
1.202623020895129402e-01 -2.477444330678317541e-02
1.253235101085391490e-01 -2.489572061044221032e-02
1.304819280615971966e-01 -2.498848250830922740e-02
1.357369826516168221e-01 -2.505082814190846136e-02
1.410880898415101115e-01 -2.508117703716806687e-02
1.465346549190801317e-01 -2.507729475366387781e-02
1.520760725631161714e-01 -2.503681665683192559e-02
1.577117269106679265e-01 -2.495972409693207258e-02
1.634409916254914164e-01 -2.484740104875852312e-02
1.692632299676588570e-01 -2.470265333732607829e-02
1.751777948643248317e-01 -2.452888066552552648e-02
1.811840289816407656e-01 -2.432944211482477095e-02
1.872812647978095990e-01 -2.410796920352750033e-02
1.934688246772731102e-01 -2.386943808958970001e-02
1.997460209460230063e-01 -2.361885425823313442e-02
2.061121559680280102e-01 -2.335982501688944890e-02
2.125665222227673956e-01 -2.309474280607321656e-02
2.191084023838638650e-01 -2.282321443652772855e-02
2.257370693988056676e-01 -2.254455006590347713e-02
2.324517865697500740e-01 -2.225872620326276030e-02
2.392518076353984391e-01 -2.196568089223461390e-02
2.461363768539343022e-01 -2.166503301833729370e-02
2.531047290870154232e-01 -2.135643670885486317e-02
2.601560898848094272e-01 -2.103968644019971884e-02
2.672896755720651774e-01 -2.071453207510893721e-02
2.745046933352085494e-01 -2.038063270985001826e-02
2.818003413104546162e-01 -2.003766431016845359e-02
2.891758086729252497e-01 -1.968533328755545445e-02
2.966302757267624823e-01 -1.932331300108695166e-02
3.041629139962280792e-01 -1.895124763510347768e-02
3.117728863177794407e-01 -1.856895970536369400e-02
3.194593469331089564e-01 -1.817643759421068081e-02
3.272214415831418144e-01 -1.777367961206185315e-02
3.350583076029753915e-01 -1.736068924131624683e-02
3.429690740177547825e-01 -1.693749654440363309e-02
3.509528616394713696e-01 -1.650414709529548010e-02
3.590087831646743277e-01 -1.606066998069009821e-02
3.671359432730831873e-01 -1.560709446567258921e-02
3.753334387270930161e-01 -1.514352076746002321e-02
3.836003584721576765e-01 -1.467006350133364008e-02
3.919357837380436083e-01 -1.418672546029384890e-02
4.003387881409395943e-01 -1.369355858204039135e-02
4.088084377864137364e-01 -1.319107912407941827e-02
4.173437913732044313e-01 -1.268007049471862359e-02
4.259439002978354649e-01 -1.216181804426578680e-02
4.346078087600411255e-01 -1.163771837827636338e-02
4.433345538689928977e-01 -1.110910242071671411e-02
4.521231657503131940e-01 -1.057734592115032110e-02
4.609726676538650203e-01 -1.004399116443195454e-02
4.698820760623064752e-01 -9.510600539872208700e-03
4.788504008003974244e-01 -8.978715844809637137e-03
4.878766451450451402e-01 -8.449984825950553405e-03
4.969598059360780251e-01 -7.926264718973917434e-03
5.060988736877365390e-01 -7.409144465621871241e-03
5.152928327008634568e-01 -6.899727758161238247e-03
5.245406611757882365e-01 -6.398902858523620833e-03
5.338413313258880688e-01 -5.907324644935953856e-03
5.431938094918128401e-01 -5.425705433102039760e-03
5.525970562563653488e-01 -4.954843855281994974e-03
5.620500265600203438e-01 -4.495527868409796360e-03
5.715516698170692855e-01 -4.048530587576310361e-03
5.811009300323815019e-01 -3.614632518158126650e-03
5.906967459187653091e-01 -3.194625978179652277e-03
6.003380510149177729e-01 -2.789370380043531585e-03
6.100237738039482327e-01 -2.399817134666444932e-03
6.197528378324663745e-01 -2.027383319305858453e-03
6.295241618302156450e-01 -1.673753035082839891e-03
6.393366598302444581e-01 -1.340562996678375035e-03
6.491892412895989839e-01 -1.029439637534093274e-03
6.590808112105230876e-01 -7.421080834189269348e-04
6.690102702621547603e-01 -4.803213423405280208e-04
6.789765149027036095e-01 -2.457630382236065426e-04
6.889784375020977514e-01 -4.014311862743548946e-05
6.990149264650814542e-01 1.346037528650353542e-04
7.090848663547572039e-01 2.773505687171791368e-04
7.191871380165538730e-01 3.901926446444877274e-04
7.293206187026060050e-01 4.760621329500592429e-04
7.394841821965345563e-01 5.381710061400935821e-04
7.496766989386134394e-01 5.798045160542905077e-04
7.598970361513051053e-01 6.042987951590384063e-04
7.701440579651563922e-01 6.150081262726244139e-04
7.804166255450371015e-01 6.153099549397145164e-04
7.907135972167069760e-01 6.087237150147648771e-04
8.010338285937002034e-01 5.989919971863905341e-04
8.113761727045106786e-01 5.887026285269913875e-04
8.217394801200630372e-01 5.786913396293286681e-04
8.321225990814590245e-01 5.694411177215288802e-04
8.425243756279822138e-01 5.611760898082030109e-04
8.529436537253458628e-01 5.542353206687283687e-04
8.633792753941731402e-01 5.490889654693304443e-04
8.738300808386934015e-01 5.460772114905777189e-04
8.842949085756387495e-01 5.454367854022516447e-04
8.947725955633289985e-01 5.476560472316765668e-04
9.052619773309316109e-01 5.531297119604782798e-04
9.157618881078770645e-01 5.590428011291725952e-04
9.262711609534211021e-01 5.605157860469548847e-04
9.367886278863364335e-01 5.522934324225637183e-04
9.473131200147204556e-01 5.289553276968182553e-04
9.578434676659028923e-01 4.852010851519613201e-04
9.683785005164411430e-01 4.157699092004078561e-04
9.789170477221889044e-01 3.153173230720473217e-04
9.894579380484205267e-01 1.784853724569785175e-04
9.999999999999998890e-01 3.166978005010731595e-10
