9.999999999999998890e-01 3.681974742519010437e-03
9.894579380484205267e-01 5.696698325533450062e-03
9.789170477221889044e-01 7.732196959304217868e-03
9.683785005164411430e-01 9.785821130588370081e-03
9.578434676659028923e-01 1.185491129182956495e-02
9.473131200147204556e-01 1.393680745541355653e-02
9.367886278863364335e-01 1.602885405655318091e-02
9.262711609534211021e-01 1.812839601181483531e-02
9.157618881078770645e-01 2.023277775704345610e-02
9.052619773309316109e-01 2.233935675157261089e-02
8.947725955633289985e-01 2.444551519368973191e-02
8.842949085756387495e-01 2.654863521292320436e-02
8.738300808386934015e-01 2.864609556435836202e-02
8.633792753941731402e-01 3.073532038348589235e-02
8.529436537253458628e-01 3.281379334534434422e-02
8.425243756279822138e-01 3.487895699877568978e-02
8.321225990814590245e-01 3.692821631149764000e-02
8.217394801200630372e-01 3.895925771653471759e-02
8.113761727045106786e-01 4.097005475498594756e-02
8.010338285937002034e-01 4.295886242149492967e-02
7.907135972167069760e-01 4.492414918980223992e-02
7.804166255450371015e-01 4.686434427914378670e-02
7.701440579651563922e-01 4.877785342882032249e-02
7.598970361513051053e-01 5.066315225589383686e-02
7.496766989386134394e-01 5.251876039123031664e-02
7.394841821965345563e-01 5.434322973662120138e-02
7.293206187026060050e-01 5.613513251735836873e-02
7.191871380165538730e-01 5.789307455608763697e-02
7.090848663547572039e-01 5.961569225291523527e-02
6.990149264650814542e-01 6.130171318404899899e-02
6.889784375020977514e-01 6.294988627506303835e-02
6.789765149027036095e-01 6.455892363939050305e-02
6.690102702621547603e-01 6.612760012820653732e-02
6.590808112105230876e-01 6.765494910085917413e-02
6.491892412895989839e-01 6.913978141002700972e-02
6.393366598302444581e-01 7.058008490334834184e-02
6.295241618302156450e-01 7.197359912361991907e-02
6.197528378324663745e-01 7.331782535227734932e-02
6.100237738039482327e-01 7.461029937062489681e-02
6.003380510149177729e-01 7.584870120530082249e-02
5.906967459187653091e-01 7.703086358820235291e-02
5.811009300323815019e-01 7.815484622206568532e-02
5.715516698170692855e-01 7.921856590270669185e-02
5.620500265600203438e-01 8.021974009183743815e-02
5.525970562563653488e-01 8.115729269601240636e-02
5.431938094918128401e-01 8.203165539687246044e-02
5.338413313258880688e-01 8.284410452205066833e-02
5.245406611757882365e-01 8.359667052951569310e-02
5.152928327008634568e-01 8.429114209456509133e-02
5.060988736877365390e-01 8.492907856825815394e-02
4.969598059360780251e-01 8.551213885277303417e-02
4.878766451450451402e-01 8.604205585428038872e-02
4.788504008003974244e-01 8.652052523107545134e-02
4.698820760623064752e-01 8.694920316526481840e-02
4.609726676538650203e-01 8.732960993549292172e-02
4.521231657503131940e-01 8.766310986504652347e-02
4.433345538689928977e-01 8.795046157541488996e-02
4.346078087600411255e-01 8.819219216223059266e-02
4.259439002978354649e-01 8.838897684699902058e-02
4.173437913732044313e-01 8.854153818196888737e-02
4.088084377864137364e-01 8.865057365660639066e-02
4.003387881409395943e-01 8.871678765522512944e-02
3.919357837380436083e-01 8.874093931500502686e-02
3.836003584721576765e-01 8.872380574963265043e-02
3.753334387270930161e-01 8.866617934811137081e-02
3.671359432730831873e-01 8.856886556190127213e-02
3.590087831646743277e-01 8.843269627481520345e-02
3.509528616394713696e-01 8.825852136550428606e-02
3.429690740177547825e-01 8.804722068432668802e-02
3.350583076029753915e-01 8.779967937456248372e-02
3.272214415831418144e-01 8.751678561553416502e-02
3.194593469331089564e-01 8.719946220812505033e-02
3.117728863177794407e-01 8.684868363971653960e-02
3.041629139962280792e-01 8.646539203981852550e-02
2.966302757267624823e-01 8.605048667381642868e-02
2.891758086729252497e-01 8.560498848071224076e-02
2.818003413104546162e-01 8.513003367727682569e-02
2.745046933352085494e-01 8.462635716286950882e-02
2.672896755720651774e-01 8.409429859037101385e-02
2.601560898848094272e-01 8.353387772291556712e-02
2.531047290870154232e-01 8.294489560387266480e-02
2.461363768539343022e-01 8.232736468114973394e-02
2.392518076353984391e-01 8.168144638585818351e-02
2.324517865697500740e-01 8.100737003917032886e-02
2.257370693988056676e-01 8.030541074663398449e-02
2.191084023838638650e-01 7.957591919130563296e-02
2.125665222227673956e-01 7.881931436831474125e-02
2.061121559680280102e-01 7.803622440858790088e-02
1.997460209460230063e-01 7.722730225517678015e-02
1.934688246772731102e-01 7.639292375227189902e-02
1.872812647978095990e-01 7.553325075622405183e-02
1.811840289816407656e-01 7.464791882787868982e-02
1.751777948643248317e-01 7.373654070972122943e-02
1.692632299676588570e-01 7.279911948917862363e-02
1.634409916254914164e-01 7.183578982217421471e-02
1.577117269106679265e-01 7.084682273114356610e-02
1.520760725631161714e-01 6.983259977593324341e-02
1.465346549190801317e-01 6.879370673890425336e-02
1.410880898415101115e-01 6.773085128711436864e-02
1.357369826516168221e-01 6.664492330046162261e-02
1.304819280615971966e-01 6.553687237898590812e-02
1.253235101085391490e-01 6.440769423957569406e-02
1.202623020895129402e-01 6.325761397223718385e-02
1.152988664978553679e-01 6.208579664313444713e-02
1.104337549606562163e-01 6.089172435843613618e-02
1.056675081774507419e-01 5.967534962577105556e-02
1.010006558601274085e-01 5.843686529705240107e-02
9.643371667405697956e-02 5.717669930084024604e-02
9.196719818044885031e-02 5.589569689820961251e-02
8.760159677994161509e-02 5.459504645401342532e-02
8.333739765743386485e-02 5.327600105573558620e-02
7.917507472816209813e-02 5.193992243528118558e-02
7.511509058502996439e-02 5.058889820274039412e-02
7.115789644719716645e-02 4.922518123473127588e-02
6.730393210993146358e-02 4.784887712277498262e-02
6.355362589573076981e-02 4.645905451044628903e-02
5.990739460672012129e-02 4.505492856109005045e-02
5.636564347832906385e-02 4.363597100750892660e-02
5.292876613425423482e-02 4.220271228121164758e-02
4.959714454271368922e-02 4.075626903062842116e-02
4.637114897399441382e-02 3.929877394205924523e-02
4.325113795930202176e-02 3.783262788968400070e-02
4.023745825091396000e-02 3.636016859994856826e-02
3.733044478364233587e-02 3.488439556622854876e-02
3.453042063760936031e-02 3.341036859977473267e-02
3.183769700234129196e-02 3.194192540104684452e-02
2.925257314218321358e-02 3.047881135700536773e-02
2.677533636303963682e-02 2.901837912626181737e-02
2.440626198044326678e-02 2.755431321918206874e-02
2.214561328895736647e-02 2.608264126349470538e-02
1.999364153291383062e-02 2.460437276305827564e-02
1.795058587848985532e-02 2.312255690575155953e-02
1.601667338712764455e-02 2.164253470839544100e-02
1.419211899029970692e-02 2.017050958250081807e-02
1.247712546562085301e-02 1.871363653197353691e-02
1.087188341431266636e-02 1.728177589429286121e-02
9.376571240020115106e-03 1.588737213025035247e-02
7.991355128984078959e-03 1.453913454072956225e-02
6.716389031571567969e-03 1.324046737769018350e-02
5.551814645166519568e-03 1.196779582932246816e-02
4.497761398421062928e-03 1.068043503097737892e-02
3.554346436871580472e-03 9.371110783340626943e-03
2.721674609919344512e-03 8.056821579171716263e-03
1.999838459177394334e-03 6.781016155825072417e-03
1.388918208186096237e-03 5.585744394859604341e-03
8.889817534969424173e-04 4.402628859734610337e-03
5.000846571264760954e-04 3.162539322665925464e-03
2.222701403818971855e-04 2.081150764250677427e-03
5.556907905679420168e-05 1.292554189673774095e-03
0.000000000000000000e+00 2.551940824681985805e-05
0.000000000000000000e+00 -2.147986029531688310e-05
5.556907905679420168e-05 -2.930952732900505273e-04
2.222701403818971855e-04 -1.039458499716301157e-03
5.000846571264760954e-04 -1.666944569460155961e-03
8.889817534969424173e-04 -2.118495238386198555e-03
1.388918208186096237e-03 -2.476683684301171206e-03
1.999838459177394334e-03 -2.903425406219282447e-03
2.721674609919344512e-03 -3.469721473964966930e-03
3.554346436871580472e-03 -4.011246793199549007e-03
4.497761398421062928e-03 -4.438077930897760259e-03
5.551814645166519568e-03 -4.861363924712812888e-03
6.716389031571567969e-03 -5.344819569294236537e-03
7.991355128984078959e-03 -5.842007663868852008e-03
9.376571240020115106e-03 -6.327941257819842853e-03
1.087188341431266636e-02 -6.818809200538641577e-03
1.247712546562085301e-02 -7.316345586088612678e-03
1.419211899029970692e-02 -7.803257940959896881e-03
1.601667338712764455e-02 -8.272229823079010197e-03
1.795058587848985532e-02 -8.726098095578910946e-03
1.999364153291383062e-02 -9.163023405966936458e-03
2.214561328895736647e-02 -9.577468809961612109e-03
2.440626198044326678e-02 -9.968555268580175932e-03
2.677533636303963682e-02 -1.033875430815364010e-02
2.925257314218321358e-02 -1.069183489156966954e-02
3.183769700234129196e-02 -1.103199416960387938e-02
3.453042063760936031e-02 -1.136127322796363220e-02
3.733044478364233587e-02 -1.168034207952189235e-02
4.023745825091396000e-02 -1.198765910014923733e-02
4.325113795930202176e-02 -1.228107511555024019e-02
4.637114897399441382e-02 -1.255983187057436307e-02
4.959714454271368922e-02 -1.282358199475772120e-02
5.292876613425423482e-02 -1.307178111253851256e-02
5.636564347832906385e-02 -1.330385035632174889e-02
5.990739460672012129e-02 -1.351927787713312797e-02
6.355362589573076981e-02 -1.371760713351540852e-02
6.730393210993146358e-02 -1.389850095882383743e-02
7.115789644719716645e-02 -1.406186103412621069e-02
7.511509058502996439e-02 -1.420811805479131086e-02
7.917507472816209813e-02 -1.433777483041206828e-02
8.333739765743386485e-02 -1.445131942044687243e-02
8.760159677994161509e-02 -1.454918501495329995e-02
9.196719818044885031e-02 -1.463171793547489268e-02
9.643371667405697956e-02 -1.469942937599431378e-02
1.010006558601274085e-01 -1.475308894891434221e-02
1.056675081774507419e-01 -1.479381827580708748e-02
1.104337549606562163e-01 -1.482310748844222273e-02
1.152988664978553679e-01 -1.484169509169721603e-02
1.202623020895129402e-01 -1.484951682927258300e-02
1.253235101085391490e-01 -1.484622483106058828e-02
1.304819280615971966e-01 -1.483126679120878692e-02
1.357369826516168221e-01 -1.480420221547008169e-02
1.410880898415101115e-01 -1.476467757532230751e-02
1.465346549190801317e-01 -1.471235233259535549e-02
1.520760725631161714e-01 -1.464693033561331910e-02
1.577117269106679265e-01 -1.456843965225658455e-02
1.634409916254914164e-01 -1.447707916088851986e-02
1.692632299676588570e-01 -1.437308674764840519e-02
1.751777948643248317e-01 -1.425673678202730478e-02
1.811840289816407656e-01 -1.412842008703163801e-02
1.872812647978095990e-01 -1.398859085333960250e-02
1.934688246772731102e-01 -1.383780720665506864e-02
1.997460209460230063e-01 -1.367668734037447674e-02
2.061121559680280102e-01 -1.350596384094829294e-02
2.125665222227673956e-01 -1.332643764107802574e-02
2.191084023838638650e-01 -1.313903922409183529e-02
2.257370693988056676e-01 -1.294474876613650911e-02
2.324517865697500740e-01 -1.274460705627269638e-02
2.392518076353984391e-01 -1.253916661785179493e-02
2.461363768539343022e-01 -1.232789241926060889e-02
2.531047290870154232e-01 -1.211017304369351941e-02
2.601560898848094272e-01 -1.188551676250932006e-02
2.672896755720651774e-01 -1.165327133735520777e-02
2.745046933352085494e-01 -1.141253262053436822e-02
2.818003413104546162e-01 -1.116291089955906077e-02
2.891758086729252497e-01 -1.090472488340510013e-02
2.966302757267624823e-01 -1.063876048337159506e-02
3.041629139962280792e-01 -1.036626225396436798e-02
3.117728863177794407e-01 -1.008849803809470057e-02
3.194593469331089564e-01 -9.806734840847236567e-03
3.272214415831418144e-01 -9.522224631897812860e-03
3.350583076029753915e-01 -9.236117264846337854e-03
3.429690740177547825e-01 -8.948494021996857006e-03
3.509528616394713696e-01 -8.658756456024364195e-03
3.590087831646743277e-01 -8.366458433730215166e-03
3.671359432730831873e-01 -8.071219307121714481e-03
3.753334387270930161e-01 -7.772473404362100456e-03
3.836003584721576765e-01 -7.469645600685464494e-03
3.919357837380436083e-01 -7.162627656125658548e-03
4.003387881409395943e-01 -6.851494751760124277e-03
4.088084377864137364e-01 -6.536349349188084155e-03
4.173437913732044313e-01 -6.217327774857809783e-03
4.259439002978354649e-01 -5.894671862702560196e-03
4.346078087600411255e-01 -5.568546676339298541e-03
4.433345538689928977e-01 -5.238760409439885066e-03
4.521231657503131940e-01 -4.904985930255076690e-03
4.609726676538650203e-01 -4.566728864808210220e-03
4.698820760623064752e-01 -4.223381507439371782e-03
4.788504008003974244e-01 -3.874141343726436419e-03
4.878766451450451402e-01 -3.518490032968351125e-03
4.969598059360780251e-01 -3.156530346612713197e-03
5.060988736877365390e-01 -2.789058075185783456e-03
5.152928327008634568e-01 -2.417891276474412945e-03
5.245406611757882365e-01 -2.044976968464179510e-03
5.338413313258880688e-01 -1.672298238159035041e-03
5.431938094918128401e-01 -1.301505766825889138e-03
5.525970562563653488e-01 -9.338040407040468964e-04
5.620500265600203438e-01 -5.691486600076238640e-04
5.715516698170692855e-01 -2.062911611209835466e-04
5.811009300323815019e-01 1.560315837665885602e-04
5.906967459187653091e-01 5.190146652216002859e-04
6.003380510149177729e-01 8.833581055124813423e-04
6.100237738039482327e-01 1.249263783547391923e-03
6.197528378324663745e-01 1.615358605613090607e-03
6.295241618302156450e-01 1.979365231118416796e-03
6.393366598302444581e-01 2.339138730364831269e-03
6.491892412895989839e-01 2.692662102226283608e-03
6.590808112105230876e-01 3.038299892936351977e-03
6.690102702621547603e-01 3.374708814901833213e-03
6.789765149027036095e-01 3.701289142099415536e-03
6.889784375020977514e-01 4.017658085872488280e-03
6.990149264650814542e-01 4.323271150508775640e-03
7.090848663547572039e-01 4.617405438280968583e-03
7.191871380165538730e-01 4.898846160097224643e-03
7.293206187026060050e-01 5.166157358837943081e-03
7.394841821965345563e-01 5.417575430509798812e-03
7.496766989386134394e-01 5.651353434042998176e-03
7.598970361513051053e-01 5.865944756526514717e-03
7.701440579651563922e-01 6.059942653502032456e-03
7.804166255450371015e-01 6.232169922011717919e-03
7.907135972167069760e-01 6.381519944172412556e-03
8.010338285937002034e-01 6.506950358670857831e-03
8.113761727045106786e-01 6.606945475445602511e-03
8.217394801200630372e-01 6.679276196586682313e-03
8.321225990814590245e-01 6.721592439675189677e-03
8.425243756279822138e-01 6.731459217913667546e-03
8.529436537253458628e-01 6.706293134552646258e-03
8.633792753941731402e-01 6.643355571794688948e-03
8.738300808386934015e-01 6.539820001519990739e-03
8.842949085756387495e-01 6.392771934338147000e-03
8.947725955633289985e-01 6.199060812013617965e-03
9.052619773309316109e-01 5.955334026797783238e-03
9.157618881078770645e-01 5.657929455457936900e-03
9.262711609534211021e-01 5.302743997319944030e-03
9.367886278863364335e-01 4.883436690535169523e-03
9.473131200147204556e-01 4.392410326313004633e-03
9.578434676659028923e-01 3.821516197998977953e-03
9.683785005164411430e-01 3.161878438510936674e-03
9.789170477221889044e-01 2.401725487389259547e-03
9.894579380484205267e-01 1.511464465251846070e-03
9.999999999999998890e-01 3.800098841404438003e-04
