9.999999999999998890e-01 -1.590121400877297399e-03
9.894579380484205267e-01 2.575321504758054680e-04
9.789170477221889044e-01 2.509122072994668384e-03
9.683785005164411430e-01 4.941348049872335349e-03
9.578434676659028923e-01 7.425085646005835302e-03
9.473131200147204556e-01 9.873263979414943423e-03
9.367886278863364335e-01 1.226066128128024298e-02
9.262711609534211021e-01 1.457934648263306196e-02
9.157618881078770645e-01 1.683696150853516635e-02
9.052619773309316109e-01 1.904736571774116177e-02
8.947725955633289985e-01 2.123205583543177205e-02
8.842949085756387495e-01 2.340840957962270208e-02
8.738300808386934015e-01 2.558584667488818937e-02
8.633792753941731402e-01 2.777048052496089783e-02
8.529436537253458628e-01 2.996492691971653147e-02
8.425243756279822138e-01 3.217101473665268802e-02
8.321225990814590245e-01 3.438988224262125998e-02
8.217394801200630372e-01 3.662101071256453760e-02
8.113761727045106786e-01 3.886243439801531641e-02
8.010338285937002034e-01 4.111366747750713063e-02
7.907135972167069760e-01 4.337528700853551106e-02
7.804166255450371015e-01 4.564576146848827592e-02
7.701440579651563922e-01 4.792239836415421173e-02
7.598970361513051053e-01 5.020529895936024639e-02
7.496766989386134394e-01 5.249548873420055439e-02
7.394841821965345563e-01 5.478866060796223902e-02
7.293206187026060050e-01 5.707865000430432240e-02
7.191871380165538730e-01 5.936367251701728243e-02
7.090848663547572039e-01 6.164340369135607595e-02
6.990149264650814542e-01 6.391605711914329080e-02
6.889784375020977514e-01 6.617881231199826408e-02
6.789765149027036095e-01 6.842645470176045297e-02
6.690102702621547603e-01 7.065513035622759952e-02
6.590808112105230876e-01 7.286812615469824561e-02
6.491892412895989839e-01 7.506429470551131966e-02
6.393366598302444581e-01 7.722481980690971970e-02
6.295241618302156450e-01 7.933632578207895636e-02
6.197528378324663745e-01 8.140649702691950262e-02
6.100237738039482327e-01 8.343603940351643211e-02
6.003380510149177729e-01 8.540509780963477515e-02
5.906967459187653091e-01 8.729320694531081393e-02
5.811009300323815019e-01 8.908331419149415065e-02
5.715516698170692855e-01 9.076868057026761527e-02
5.620500265600203438e-01 9.235658431364267285e-02
5.525970562563653488e-01 9.384600641210008587e-02
5.431938094918128401e-01 9.522490347427095547e-02
5.338413313258880688e-01 9.648768773130213250e-02
5.245406611757882365e-01 9.763617307148143853e-02
5.152928327008634568e-01 9.867515836686628627e-02
5.060988736877365390e-01 9.961197726446109624e-02
4.969598059360780251e-01 1.004574698741516614e-01
4.878766451450451402e-01 1.012239980772895592e-01
4.788504008003974244e-01 1.019136256438720189e-01
4.698820760623064752e-01 1.025230266251183631e-01
4.609726676538650203e-01 1.030566519654908114e-01
4.521231657503131940e-01 1.035222829508539860e-01
4.433345538689928977e-01 1.039229630278159372e-01
4.346078087600411255e-01 1.042597570858987827e-01
4.259439002978354649e-01 1.045340227202524036e-01
4.173437913732044313e-01 1.047470893689569915e-01
4.088084377864137364e-01 1.048996586839497647e-01
4.003387881409395943e-01 1.049924159622187408e-01
3.919357837380436083e-01 1.050266890022916177e-01
3.836003584721576765e-01 1.050039340391885484e-01
3.753334387270930161e-01 1.049255246240236306e-01
3.671359432730831873e-01 1.047927850928137977e-01
3.590087831646743277e-01 1.046069540858184516e-01
3.509528616394713696e-01 1.043693678207630871e-01
3.429690740177547825e-01 1.040816044522725470e-01
3.350583076029753915e-01 1.037451186683728821e-01
3.272214415831418144e-01 1.033610753300884810e-01
3.194593469331089564e-01 1.029302695573101750e-01
3.117728863177794407e-01 1.024529977154484128e-01
3.041629139962280792e-01 1.019303334205857309e-01
2.966302757267624823e-01 1.013643852324223049e-01
2.891758086729252497e-01 1.007566670065214304e-01
2.818003413104546162e-01 1.001079444020991777e-01
2.745046933352085494e-01 9.941845811137914324e-02
2.672896755720651774e-01 9.868810506448380537e-02
2.601560898848094272e-01 9.791835367950627034e-02
2.531047290870154232e-01 9.711178691126992613e-02
2.461363768539343022e-01 9.626964510220947790e-02
2.392518076353984391e-01 9.539216442722009415e-02
2.324517865697500740e-01 9.447856102262414124e-02
2.257370693988056676e-01 9.352788903562384015e-02
2.191084023838638650e-01 9.254214079771885815e-02
2.125665222227673956e-01 9.152435565648983640e-02
2.061121559680280102e-01 9.047571930455997058e-02
1.997460209460230063e-01 8.939639251927496144e-02
1.934688246772731102e-01 8.828493738697786031e-02
1.872812647978095990e-01 8.714030264388258895e-02
1.811840289816407656e-01 8.596514005639598055e-02
1.751777948643248317e-01 8.476259047262196811e-02
1.692632299676588570e-01 8.353417224318926415e-02
1.634409916254914164e-01 8.228014212978344843e-02
1.577117269106679265e-01 8.099817572304680857e-02
1.520760725631161714e-01 7.968724039597177566e-02
1.465346549190801317e-01 7.835040082497415903e-02
1.410880898415101115e-01 7.699093452563020301e-02
1.357369826516168221e-01 7.561134511911371536e-02
1.304819280615971966e-01 7.421131077428755329e-02
1.253235101085391490e-01 7.278608768288279129e-02
1.202623020895129402e-01 7.133404377391949769e-02
1.152988664978553679e-01 6.985843452370216200e-02
1.104337549606562163e-01 6.836318699528512455e-02
1.056675081774507419e-01 6.685238061480318350e-02
1.010006558601274085e-01 6.532533931159811846e-02
9.643371667405697956e-02 6.377693009027746163e-02
9.196719818044885031e-02 6.220583654067755180e-02
8.760159677994161509e-02 6.061429597224873150e-02
8.333739765743386485e-02 5.900754028731777096e-02
7.917507472816209813e-02 5.739201360841880012e-02
7.511509058502996439e-02 5.576586225972045979e-02
7.115789644719716645e-02 5.412285719010260371e-02
6.730393210993146358e-02 5.246105465180322253e-02
6.355362589573076981e-02 5.078151077565135757e-02
5.990739460672012129e-02 4.909104664307234467e-02
5.636564347832906385e-02 4.739744648892343232e-02
5.292876613425423482e-02 4.570085532405109702e-02
4.959714454271368922e-02 4.399875800912352031e-02
4.637114897399441382e-02 4.228837966540700127e-02
4.325113795930202176e-02 4.056962418981992224e-02
4.023745825091396000e-02 3.885257385142341924e-02
3.733044478364233587e-02 3.714640897224373572e-02
3.453042063760936031e-02 3.545036291376732485e-02
3.183769700234129196e-02 3.375757844894376747e-02
2.925257314218321358e-02 3.205064902565146062e-02
2.677533636303963682e-02 3.032266306283951454e-02
2.440626198044326678e-02 2.859220749598801944e-02
2.214561328895736647e-02 2.687428983421717016e-02
1.999364153291383062e-02 2.517199484656986244e-02
1.795058587848985532e-02 2.349167586808908678e-02
1.601667338712764455e-02 2.184608931257326497e-02
1.419211899029970692e-02 2.023986925282973345e-02
1.247712546562085301e-02 1.866785381763887836e-02
1.087188341431266636e-02 1.714947633584002970e-02
9.376571240020115106e-03 1.572539104530738807e-02
7.991355128984078959e-03 1.433685650426641534e-02
6.716389031571567969e-03 1.284377841892674066e-02
5.551814645166519568e-03 1.121852487695611418e-02
4.497761398421062928e-03 9.520469732697779339e-03
3.554346436871580472e-03 7.816049546878653734e-03
2.721674609919344512e-03 6.173063289176136496e-03
1.999838459177394334e-03 4.643434467493955109e-03
1.388918208186096237e-03 3.270102459013950972e-03
8.889817534969424173e-04 2.091839167041630813e-03
5.000846571264760954e-04 1.143604759852140081e-03
2.222701403818971855e-04 4.484676019172762493e-04
5.556907905679420168e-05 2.389673747997977693e-05
0.000000000000000000e+00 -1.186597195028746282e-04
0.000000000000000000e+00 -1.538912666766818435e-04
5.556907905679420168e-05 -5.694315382067296344e-04
2.222701403818971855e-04 -1.626209839465059086e-03
5.000846571264760954e-04 -3.350144685991408855e-03
8.889817534969424173e-04 -5.126968529188973001e-03
1.388918208186096237e-03 -6.425974297873367561e-03
1.999838459177394334e-03 -7.303038572997960255e-03
2.721674609919344512e-03 -7.942615317976573983e-03
3.554346436871580472e-03 -8.595112317911985170e-03
4.497761398421062928e-03 -9.391646810447854682e-03
5.551814645166519568e-03 -1.022122039227655980e-02
6.716389031571567969e-03 -1.100474632804254380e-02
7.991355128984078959e-03 -1.175635124073551654e-02
9.376571240020115106e-03 -1.248681773860651698e-02
1.087188341431266636e-02 -1.319207252766412507e-02
1.247712546562085301e-02 -1.388672305361004708e-02
1.419211899029970692e-02 -1.460611597481282185e-02
1.601667338712764455e-02 -1.535497033007417883e-02
1.795058587848985532e-02 -1.610872881074116789e-02
1.999364153291383062e-02 -1.685695511621546072e-02
2.214561328895736647e-02 -1.760132666262975709e-02
2.440626198044326678e-02 -1.834174166004352846e-02
2.677533636303963682e-02 -1.907674359674274567e-02
2.925257314218321358e-02 -1.980564501036628788e-02
3.183769700234129196e-02 -2.052757394354649476e-02
3.453042063760936031e-02 -2.123663379366629023e-02
3.733044478364233587e-02 -2.192493433118115898e-02
4.023745825091396000e-02 -2.258711153206804240e-02
4.325113795930202176e-02 -2.322191274816098883e-02
4.637114897399441382e-02 -2.384443068027660220e-02
4.959714454271368922e-02 -2.447114699924288900e-02
5.292876613425423482e-02 -2.510139427736142112e-02
5.636564347832906385e-02 -2.573072889357415002e-02
5.990739460672012129e-02 -2.635776472508066098e-02
6.355362589573076981e-02 -2.698142961936865827e-02
6.730393210993146358e-02 -2.759957580438559752e-02
7.115789644719716645e-02 -2.820981788481527128e-02
7.511509058502996439e-02 -2.880967360433923583e-02
7.917507472816209813e-02 -2.939712488897511938e-02
8.333739765743386485e-02 -2.997110688196534187e-02
8.760159677994161509e-02 -3.052911369664676119e-02
9.196719818044885031e-02 -3.106611223186315704e-02
9.643371667405697956e-02 -3.158288889509863751e-02
1.010006558601274085e-01 -3.208880968403421408e-02
1.056675081774507419e-01 -3.259024235212622245e-02
1.104337549606562163e-01 -3.308905502362802231e-02
1.152988664978553679e-01 -3.358493641788675571e-02
1.202623020895129402e-01 -3.407569245960152121e-02
1.253235101085391490e-01 -3.456021703320250743e-02
1.304819280615971966e-01 -3.503834686918074620e-02
1.357369826516168221e-01 -3.550904824478284816e-02
1.410880898415101115e-01 -3.597071979413853093e-02
1.465346549190801317e-01 -3.642267164250993089e-02
1.520760725631161714e-01 -3.686460658929115175e-02
1.577117269106679265e-01 -3.729476200193786173e-02
1.634409916254914164e-01 -3.771114121730552438e-02
1.692632299676588570e-01 -3.811535327268308904e-02
1.751777948643248317e-01 -3.851036901614617730e-02
1.811840289816407656e-01 -3.889816127089781861e-02
1.872812647978095990e-01 -3.927989245903758253e-02
1.934688246772731102e-01 -3.965459453685601238e-02
1.997460209460230063e-01 -4.002094465927579642e-02
2.061121559680280102e-01 -4.037864795507816601e-02
2.125665222227673956e-01 -4.072744417575434317e-02
2.191084023838638650e-01 -4.106639952217306516e-02
2.257370693988056676e-01 -4.139468570538835240e-02
2.324517865697500740e-01 -4.171209887206561717e-02
2.392518076353984391e-01 -4.201812717027146593e-02
2.461363768539343022e-01 -4.231137676140778181e-02
2.531047290870154232e-01 -4.259150868462217854e-02
2.601560898848094272e-01 -4.286031557600781389e-02
2.672896755720651774e-01 -4.311929558455925016e-02
2.745046933352085494e-01 -4.336912954027862671e-02
2.818003413104546162e-01 -4.360977714326925297e-02
2.891758086729252497e-01 -4.384036835808813315e-02
2.966302757267624823e-01 -4.406033365767627469e-02
3.041629139962280792e-01 -4.426948030719291688e-02
3.117728863177794407e-01 -4.446741737483077272e-02
3.194593469331089564e-01 -4.465356455920586193e-02
3.272214415831418144e-01 -4.482749566028126215e-02
3.350583076029753915e-01 -4.498889440555611796e-02
3.429690740177547825e-01 -4.513726743802021213e-02
3.509528616394713696e-01 -4.527211295527589635e-02
3.590087831646743277e-01 -4.539395383726146233e-02
3.671359432730831873e-01 -4.550374360172927679e-02
3.753334387270930161e-01 -4.560144189748799315e-02
3.836003584721576765e-01 -4.568657268063683330e-02
3.919357837380436083e-01 -4.575879466957900876e-02
4.003387881409395943e-01 -4.581780828696015162e-02
4.088084377864137364e-01 -4.586326064991101681e-02
4.173437913732044313e-01 -4.589479329363206628e-02
4.259439002978354649e-01 -4.591209458816508659e-02
4.346078087600411255e-01 -4.591485271341667201e-02
4.433345538689928977e-01 -4.590271353653354452e-02
4.521231657503131940e-01 -4.587534159893261188e-02
4.609726676538650203e-01 -4.583247968906085934e-02
4.698820760623064752e-01 -4.577383252365029714e-02
4.788504008003974244e-01 -4.569898410539927763e-02
4.878766451450451402e-01 -4.560762947837113807e-02
4.969598059360780251e-01 -4.549970982828081129e-02
5.060988736877365390e-01 -4.537479656278212842e-02
5.152928327008634568e-01 -4.523181032908089177e-02
5.245406611757882365e-01 -4.506981947979413206e-02
5.338413313258880688e-01 -4.488818726120514385e-02
5.431938094918128401e-01 -4.468650248334382624e-02
5.525970562563653488e-01 -4.446458898356999562e-02
5.620500265600203438e-01 -4.422221386721421343e-02
5.715516698170692855e-01 -4.395907426151911268e-02
5.811009300323815019e-01 -4.367484768388219668e-02
5.906967459187653091e-01 -4.336921848072768093e-02
6.003380510149177729e-01 -4.304213957208052194e-02
6.100237738039482327e-01 -4.269332761671603554e-02
6.197528378324663745e-01 -4.231814188747640842e-02
6.295241618302156450e-01 -4.190993935685514982e-02
6.393366598302444581e-01 -4.146667620981942665e-02
6.491892412895989839e-01 -4.098855125901242069e-02
6.590808112105230876e-01 -4.047552466865727422e-02
6.690102702621547603e-01 -3.992731178092105010e-02
6.789765149027036095e-01 -3.934285957172455744e-02
6.889784375020977514e-01 -3.872160123714778884e-02
6.990149264650814542e-01 -3.806633141456441244e-02
7.090848663547572039e-01 -3.737141105457133378e-02
7.191871380165538730e-01 -3.659650438587055965e-02
7.293206187026060050e-01 -3.570340413311375027e-02
7.394841821965345563e-01 -3.468489226577519541e-02
7.496766989386134394e-01 -3.354141843452028426e-02
7.598970361513051053e-01 -3.227789031659442087e-02
7.701440579651563922e-01 -3.089374496832554898e-02
7.804166255450371015e-01 -2.937562797241393547e-02
7.907135972167069760e-01 -2.772590759007196454e-02
8.010338285937002034e-01 -2.597722254873362224e-02
8.113761727045106786e-01 -2.414800598316063987e-02
8.217394801200630372e-01 -2.223189335421806370e-02
8.321225990814590245e-01 -2.025020911830946110e-02
8.425243756279822138e-01 -1.826114543788756248e-02
8.529436537253458628e-01 -1.631920339413141588e-02
8.633792753941731402e-01 -1.447054213535566708e-02
8.738300808386934015e-01 -1.272339433742456991e-02
8.842949085756387495e-01 -1.105343059106600294e-02
8.947725955633289985e-01 -9.447421310715345064e-03
9.052619773309316109e-01 -7.904447888616380341e-03
9.157618881078770645e-01 -6.459045221932444708e-03
9.262711609534211021e-01 -5.163935839082759577e-03
9.367886278863364335e-01 -4.036020928624296789e-03
9.473131200147204556e-01 -3.073577916020933665e-03
9.578434676659028923e-01 -2.278368711723226595e-03
9.683785005164411430e-01 -1.664241518805280101e-03
9.789170477221889044e-01 -1.307120458538032787e-03
9.894579380484205267e-01 -1.285253227327647681e-03
9.999999999999998890e-01 -1.577426255493545419e-03
