9.999999999999998890e-01 2.965134306087163004e-06
9.894579380484205267e-01 1.803895384132688786e-03
9.789170477221889044e-01 3.162409674988831895e-03
9.683785005164411430e-01 4.500595088605877439e-03
9.578434676659028923e-01 5.849324254565494048e-03
9.473131200147204556e-01 7.178470933591290376e-03
9.367886278863364335e-01 8.510861318468503078e-03
9.262711609534211021e-01 9.864400207851698257e-03
9.157618881078770645e-01 1.122564987673701012e-02
9.052619773309316109e-01 1.258177949360016028e-02
8.947725955633289985e-01 1.392928542145766696e-02
8.842949085756387495e-01 1.526659078872088897e-02
8.738300808386934015e-01 1.659351980200221566e-02
8.633792753941731402e-01 1.790950671176914921e-02
8.529436537253458628e-01 1.921322918394600607e-02
8.425243756279822138e-01 2.050134715871505114e-02
8.321225990814590245e-01 2.176847561517060783e-02
8.217394801200630372e-01 2.301274867265495905e-02
8.113761727045106786e-01 2.423567142135751515e-02
8.010338285937002034e-01 2.543751236303815749e-02
7.907135972167069760e-01 2.661749867020032218e-02
7.804166255450371015e-01 2.777557227850202537e-02
7.701440579651563922e-01 2.891213669977902787e-02
7.598970361513051053e-01 3.002718946882348972e-02
7.496766989386134394e-01 3.112052727921597872e-02
7.394841821965345563e-01 3.219222051961938280e-02
7.293206187026060050e-01 3.324244111032535753e-02
7.191871380165538730e-01 3.427117059262038690e-02
7.090848663547572039e-01 3.527835138032406337e-02
6.990149264650814542e-01 3.626411767934115821e-02
6.889784375020977514e-01 3.722893008326472186e-02
6.789765149027036095e-01 3.817438855143191062e-02
6.690102702621547603e-01 3.910199786740266303e-02
6.590808112105230876e-01 4.001182815507237783e-02
6.491892412895989839e-01 4.090371502747321836e-02
6.393366598302444581e-01 4.177774259260194634e-02
6.295241618302156450e-01 4.263405453260728922e-02
6.197528378324663745e-01 4.347282825395385603e-02
6.100237738039482327e-01 4.429412783834106582e-02
6.003380510149177729e-01 4.509776671503610418e-02
5.906967459187653091e-01 4.588274671246456854e-02
5.811009300323815019e-01 4.664676508180952419e-02
5.715516698170692855e-01 4.738867333268877158e-02
5.620500265600203438e-01 4.810914690723256532e-02
5.525970562563653488e-01 4.880861320506499346e-02
5.431938094918128401e-01 4.948703775775505770e-02
5.338413313258880688e-01 5.014452899448893636e-02
5.245406611757882365e-01 5.078136962046252839e-02
5.152928327008634568e-01 5.139785959640619240e-02
5.060988736877365390e-01 5.199427520107301193e-02
4.969598059360780251e-01 5.257045841952124460e-02
4.878766451450451402e-01 5.312597177363154871e-02
4.788504008003974244e-01 5.366074793924743153e-02
4.698820760623064752e-01 5.417496323117646645e-02
4.609726676538650203e-01 5.466891788470117086e-02
4.521231657503131940e-01 5.514295902137714839e-02
4.433345538689928977e-01 5.559733179889919663e-02
4.346078087600411255e-01 5.603226317954661251e-02
4.259439002978354649e-01 5.644812483493266003e-02
4.173437913732044313e-01 5.684530717162137453e-02
4.088084377864137364e-01 5.722404877983271188e-02
4.003387881409395943e-01 5.758395256912293703e-02
3.919357837380436083e-01 5.792234683910495174e-02
3.836003584721576765e-01 5.823692498795485228e-02
3.753334387270930161e-01 5.852827181933453055e-02
3.671359432730831873e-01 5.879730490752366895e-02
3.590087831646743277e-01 5.904431530463299937e-02
3.509528616394713696e-01 5.926962373230662551e-02
3.429690740177547825e-01 5.947383671856886628e-02
3.350583076029753915e-01 5.965751791332376402e-02
3.272214415831418144e-01 5.982108562081785846e-02
3.194593469331089564e-01 5.996505544535072479e-02
3.117728863177794407e-01 6.009005680865776161e-02
3.041629139962280792e-01 6.019446419290489653e-02
2.966302757267624823e-01 6.027383743580674857e-02
2.891758086729252497e-01 6.032660059074049924e-02
2.818003413104546162e-01 6.035445907649051450e-02
2.745046933352085494e-01 6.035835541578084273e-02
2.672896755720651774e-01 6.033843170327310435e-02
2.601560898848094272e-01 6.029562414819425453e-02
2.531047290870154232e-01 6.023140946233429549e-02
2.461363768539343022e-01 6.014610469605299187e-02
2.392518076353984391e-01 6.003950377641683461e-02
2.324517865697500740e-01 5.991368631462790778e-02
2.257370693988056676e-01 5.977092854804588046e-02
2.191084023838638650e-01 5.960546412481017992e-02
2.125665222227673956e-01 5.940890070904793208e-02
2.061121559680280102e-01 5.917939372660820097e-02
1.997460209460230063e-01 5.891772908834901762e-02
1.934688246772731102e-01 5.862534425747140815e-02
1.872812647978095990e-01 5.830393457538449176e-02
1.811840289816407656e-01 5.795541971298925205e-02
1.751777948643248317e-01 5.758139915982329882e-02
1.692632299676588570e-01 5.718217756124617523e-02
1.634409916254914164e-01 5.675881797517032951e-02
1.577117269106679265e-01 5.631530241988669944e-02
1.520760725631161714e-01 5.585333281936999406e-02
1.465346549190801317e-01 5.536803388266973991e-02
1.410880898415101115e-01 5.485168648232106869e-02
1.357369826516168221e-01 5.429294349963480204e-02
1.304819280615971966e-01 5.368713829146951749e-02
1.253235101085391490e-01 5.304121704930724046e-02
1.202623020895129402e-01 5.236000568112595538e-02
1.152988664978553679e-01 5.164397002977139106e-02
1.104337549606562163e-01 5.089541046358698334e-02
1.056675081774507419e-01 5.011904313924506887e-02
1.010006558601274085e-01 4.931751792681528246e-02
9.643371667405697956e-02 4.849150851129257339e-02
9.196719818044885031e-02 4.764486934095964188e-02
8.760159677994161509e-02 4.678344313791771986e-02
8.333739765743386485e-02 4.590370200785608146e-02
7.917507472816209813e-02 4.499632387791149823e-02
7.511509058502996439e-02 4.406024132465207604e-02
7.115789644719716645e-02 4.309901341380260181e-02
6.730393210993146358e-02 4.211373829500975052e-02
6.355362589573076981e-02 4.110429620823149305e-02
5.990739460672012129e-02 4.007072493421118264e-02
5.636564347832906385e-02 3.901390643873908770e-02
5.292876613425423482e-02 3.793897009415848204e-02
4.959714454271368922e-02 3.685198422027943788e-02
4.637114897399441382e-02 3.575673953657212273e-02
4.325113795930202176e-02 3.465687601668265838e-02
4.023745825091396000e-02 3.355784089839507212e-02
3.733044478364233587e-02 3.245873864792576252e-02
3.453042063760936031e-02 3.133806797528958243e-02
3.183769700234129196e-02 3.018178384121711008e-02
2.925257314218321358e-02 2.900456002934826208e-02
2.677533636303963682e-02 2.781776285378762675e-02
2.440626198044326678e-02 2.661648965963120395e-02
2.214561328895736647e-02 2.540415882671613612e-02
1.999364153291383062e-02 2.420211595073338412e-02
1.795058587848985532e-02 2.301305978996059237e-02
1.601667338712764455e-02 2.180967349239614633e-02
1.419211899029970692e-02 2.057436318439577125e-02
1.247712546562085301e-02 1.930517319763049022e-02
1.087188341431266636e-02 1.801268020199662048e-02
9.376571240020115106e-03 1.671843641491839449e-02
7.991355128984078959e-03 1.542193963810718771e-02
6.716389031571567969e-03 1.410583571086151088e-02
5.551814645166519568e-03 1.279875006279067480e-02
4.497761398421062928e-03 1.155373786121248990e-02
3.554346436871580472e-03 1.030601705637956139e-02
2.721674609919344512e-03 8.940663654859216936e-03
1.999838459177394334e-03 7.563469271115554234e-03
1.388918208186096237e-03 6.342809208464272354e-03
8.889817534969424173e-04 5.050127915019620578e-03
5.000846571264760954e-04 3.386916615975601921e-03
2.222701403818971855e-04 1.681363470329594453e-03
5.556907905679420168e-05 4.505751069459090936e-04
0.000000000000000000e+00 1.058823774987492843e-05
0.000000000000000000e+00 -1.058823774987492843e-05
5.556907905679420168e-05 -4.505751069459090936e-04
2.222701403818971855e-04 -1.681363470329594453e-03
5.000846571264760954e-04 -3.386916615975601921e-03
8.889817534969424173e-04 -5.050127915019620578e-03
1.388918208186096237e-03 -6.342809208464272354e-03
1.999838459177394334e-03 -7.563469271115554234e-03
2.721674609919344512e-03 -8.940663654859216936e-03
3.554346436871580472e-03 -1.030601705637956139e-02
4.497761398421062928e-03 -1.155373786121248990e-02
5.551814645166519568e-03 -1.279875006279067480e-02
6.716389031571567969e-03 -1.410583571086151088e-02
7.991355128984078959e-03 -1.542193963810718771e-02
9.376571240020115106e-03 -1.671843641491839449e-02
1.087188341431266636e-02 -1.801268020199662048e-02
1.247712546562085301e-02 -1.930517319763049022e-02
1.419211899029970692e-02 -2.057436318439577125e-02
1.601667338712764455e-02 -2.180967349239614633e-02
1.795058587848985532e-02 -2.301305978996059237e-02
1.999364153291383062e-02 -2.420211595073338412e-02
2.214561328895736647e-02 -2.540415882671613612e-02
2.440626198044326678e-02 -2.661648965963120395e-02
2.677533636303963682e-02 -2.781776285378762675e-02
2.925257314218321358e-02 -2.900456002934826208e-02
3.183769700234129196e-02 -3.018178384121711008e-02
3.453042063760936031e-02 -3.133806797528958243e-02
3.733044478364233587e-02 -3.245873864792576252e-02
4.023745825091396000e-02 -3.355784089839507212e-02
4.325113795930202176e-02 -3.465687601668265838e-02
4.637114897399441382e-02 -3.575673953657212273e-02
4.959714454271368922e-02 -3.685198422027943788e-02
5.292876613425423482e-02 -3.793897009415848204e-02
5.636564347832906385e-02 -3.901390643873908770e-02
5.990739460672012129e-02 -4.007072493421118264e-02
6.355362589573076981e-02 -4.110429620823149305e-02
6.730393210993146358e-02 -4.211373829500975052e-02
7.115789644719716645e-02 -4.309901341380260181e-02
7.511509058502996439e-02 -4.406024132465207604e-02
7.917507472816209813e-02 -4.499632387791149823e-02
8.333739765743386485e-02 -4.590370200785608146e-02
8.760159677994161509e-02 -4.678344313791771986e-02
9.196719818044885031e-02 -4.764486934095964188e-02
9.643371667405697956e-02 -4.849150851129257339e-02
1.010006558601274085e-01 -4.931751792681528246e-02
1.056675081774507419e-01 -5.011904313924506887e-02
1.104337549606562163e-01 -5.089541046358698334e-02
1.152988664978553679e-01 -5.164397002977139106e-02
1.202623020895129402e-01 -5.236000568112595538e-02
1.253235101085391490e-01 -5.304121704930724046e-02
1.304819280615971966e-01 -5.368713829146951749e-02
1.357369826516168221e-01 -5.429294349963480204e-02
1.410880898415101115e-01 -5.485168648232106869e-02
1.465346549190801317e-01 -5.536803388266973991e-02
1.520760725631161714e-01 -5.585333281936999406e-02
1.577117269106679265e-01 -5.631530241988669944e-02
1.634409916254914164e-01 -5.675881797517032951e-02
1.692632299676588570e-01 -5.718217756124617523e-02
1.751777948643248317e-01 -5.758139915982329882e-02
1.811840289816407656e-01 -5.795541971298925205e-02
1.872812647978095990e-01 -5.830393457538449176e-02
1.934688246772731102e-01 -5.862534425747140815e-02
1.997460209460230063e-01 -5.891772908834901762e-02
2.061121559680280102e-01 -5.917939372660820097e-02
2.125665222227673956e-01 -5.940890070904793208e-02
2.191084023838638650e-01 -5.960546412481017992e-02
2.257370693988056676e-01 -5.977092854804588046e-02
2.324517865697500740e-01 -5.991368631462790778e-02
2.392518076353984391e-01 -6.003950377641683461e-02
2.461363768539343022e-01 -6.014610469605299187e-02
2.531047290870154232e-01 -6.023140946233429549e-02
2.601560898848094272e-01 -6.029562414819425453e-02
2.672896755720651774e-01 -6.033843170327310435e-02
2.745046933352085494e-01 -6.035835541578084273e-02
2.818003413104546162e-01 -6.035445907649051450e-02
2.891758086729252497e-01 -6.032660059074049924e-02
2.966302757267624823e-01 -6.027383743580674857e-02
3.041629139962280792e-01 -6.019446419290489653e-02
3.117728863177794407e-01 -6.009005680865776161e-02
3.194593469331089564e-01 -5.996505544535072479e-02
3.272214415831418144e-01 -5.982108562081785846e-02
3.350583076029753915e-01 -5.965751791332376402e-02
3.429690740177547825e-01 -5.947383671856886628e-02
3.509528616394713696e-01 -5.926962373230662551e-02
3.590087831646743277e-01 -5.904431530463299937e-02
3.671359432730831873e-01 -5.879730490752366895e-02
3.753334387270930161e-01 -5.852827181933453055e-02
3.836003584721576765e-01 -5.823692498795485228e-02
3.919357837380436083e-01 -5.792234683910495174e-02
4.003387881409395943e-01 -5.758395256912293703e-02
4.088084377864137364e-01 -5.722404877983271188e-02
4.173437913732044313e-01 -5.684530717162137453e-02
4.259439002978354649e-01 -5.644812483493266003e-02
4.346078087600411255e-01 -5.603226317954661251e-02
4.433345538689928977e-01 -5.559733179889919663e-02
4.521231657503131940e-01 -5.514295902137714839e-02
4.609726676538650203e-01 -5.466891788470117086e-02
4.698820760623064752e-01 -5.417496323117646645e-02
4.788504008003974244e-01 -5.366074793924743153e-02
4.878766451450451402e-01 -5.312597177363154871e-02
4.969598059360780251e-01 -5.257045841952124460e-02
5.060988736877365390e-01 -5.199427520107301193e-02
5.152928327008634568e-01 -5.139785959640619240e-02
5.245406611757882365e-01 -5.078136962046252839e-02
5.338413313258880688e-01 -5.014452899448893636e-02
5.431938094918128401e-01 -4.948703775775505770e-02
5.525970562563653488e-01 -4.880861320506499346e-02
5.620500265600203438e-01 -4.810914690723256532e-02
5.715516698170692855e-01 -4.738867333268877158e-02
5.811009300323815019e-01 -4.664676508180952419e-02
5.906967459187653091e-01 -4.588274671246456854e-02
6.003380510149177729e-01 -4.509776671503610418e-02
6.100237738039482327e-01 -4.429412783834106582e-02
6.197528378324663745e-01 -4.347282825395385603e-02
6.295241618302156450e-01 -4.263405453260728922e-02
6.393366598302444581e-01 -4.177774259260194634e-02
6.491892412895989839e-01 -4.090371502747321836e-02
6.590808112105230876e-01 -4.001182815507237783e-02
6.690102702621547603e-01 -3.910199786740266303e-02
6.789765149027036095e-01 -3.817438855143191062e-02
6.889784375020977514e-01 -3.722893008326472186e-02
6.990149264650814542e-01 -3.626411767934115821e-02
7.090848663547572039e-01 -3.527835138032406337e-02
7.191871380165538730e-01 -3.427117059262038690e-02
7.293206187026060050e-01 -3.324244111032535753e-02
7.394841821965345563e-01 -3.219222051961938280e-02
7.496766989386134394e-01 -3.112052727921597872e-02
7.598970361513051053e-01 -3.002718946882348972e-02
7.701440579651563922e-01 -2.891213669977902787e-02
7.804166255450371015e-01 -2.777557227850202537e-02
7.907135972167069760e-01 -2.661749867020032218e-02
8.010338285937002034e-01 -2.543751236303815749e-02
8.113761727045106786e-01 -2.423567142135751515e-02
8.217394801200630372e-01 -2.301274867265495905e-02
8.321225990814590245e-01 -2.176847561517060783e-02
8.425243756279822138e-01 -2.050134715871505114e-02
8.529436537253458628e-01 -1.921322918394600607e-02
8.633792753941731402e-01 -1.790950671176914921e-02
8.738300808386934015e-01 -1.659351980200221566e-02
8.842949085756387495e-01 -1.526659078872088897e-02
8.947725955633289985e-01 -1.392928542145766696e-02
9.052619773309316109e-01 -1.258177949360016028e-02
9.157618881078770645e-01 -1.122564987673701012e-02
9.262711609534211021e-01 -9.864400207851698257e-03
9.367886278863364335e-01 -8.510861318468503078e-03
9.473131200147204556e-01 -7.178470933591290376e-03
9.578434676659028923e-01 -5.849324254565494048e-03
9.683785005164411430e-01 -4.500595088605877439e-03
9.789170477221889044e-01 -3.162409674988831895e-03
9.894579380484205267e-01 -1.803895384132688786e-03
9.999999999999998890e-01 -2.965134306087163004e-06
