9.999999999999998890e-01 -1.402648014792910017e-10
9.894579380484205267e-01 1.183321659348426317e-03
9.789170477221889044e-01 2.411710094724256286e-03
9.683785005164411430e-01 3.680453790784384786e-03
9.578434676659028923e-01 4.984795566723823450e-03
9.473131200147204556e-01 6.319980477307017043e-03
9.367886278863364335e-01 7.681285240175605468e-03
9.262711609534211021e-01 9.063969701172012658e-03
9.157618881078770645e-01 1.046324414136149544e-02
9.052619773309316109e-01 1.187439565325818652e-02
8.947725955633289985e-01 1.329288206856216008e-02
8.842949085756387495e-01 1.471497127411512153e-02
8.738300808386934015e-01 1.613818631542944179e-02
8.633792753941731402e-01 1.756008299714505866e-02
8.529436537253458628e-01 1.897811563041006816e-02
8.425243756279822138e-01 2.038983829468175163e-02
8.321225990814590245e-01 2.179292397562393804e-02
8.217394801200630372e-01 2.318501681374031051e-02
8.113761727045106786e-01 2.456373891685388958e-02
8.010338285937002034e-01 2.592689417827575074e-02
7.907135972167069760e-01 2.727249524298426889e-02
7.804166255450371015e-01 2.859932562118782523e-02
7.701440579651563922e-01 2.990668881752248098e-02
7.598970361513051053e-01 3.119391742655883842e-02
7.496766989386134394e-01 3.246030697986623803e-02
7.394841821965345563e-01 3.370477339093974622e-02
7.293206187026060050e-01 3.492600970055532300e-02
7.191871380165538730e-01 3.612243469442113358e-02
7.090848663547572039e-01 3.729239916653766251e-02
6.990149264650814542e-01 3.843446438276740956e-02
6.889784375020977514e-01 3.954736434402719020e-02
6.789765149027036095e-01 4.063028142114844671e-02
6.690102702621547603e-01 4.168253896523935187e-02
6.590808112105230876e-01 4.270353085677718735e-02
6.491892412895989839e-01 4.369263133227999779e-02
6.393366598302444581e-01 4.464911066661484546e-02
6.295241618302156450e-01 4.557216915228304299e-02
6.197528378324663745e-01 4.646088322617021593e-02
6.100237738039482327e-01 4.731437327041444763e-02
6.003380510149177729e-01 4.813188614763711654e-02
5.906967459187653091e-01 4.891264611873272217e-02
5.811009300323815019e-01 4.965581478200049165e-02
5.715516698170692855e-01 5.036064338666398216e-02
5.620500265600203438e-01 5.102651722190644501e-02
5.525970562563653488e-01 5.165272809677654009e-02
5.431938094918128401e-01 5.223842385848866815e-02
5.338413313258880688e-01 5.278230403221449707e-02
5.245406611757882365e-01 5.328261405849025328e-02
5.152928327008634568e-01 5.373747828764070811e-02
5.060988736877365390e-01 5.414499987362923761e-02
4.969598059360780251e-01 5.450417399248452810e-02
4.878766451450451402e-01 5.481480477473485435e-02
4.788504008003974244e-01 5.507844578016692777e-02
4.698820760623064752e-01 5.529765890486956076e-02
4.609726676538650203e-01 5.547460825772854848e-02
4.521231657503131940e-01 5.561123792722304920e-02
4.433345538689928977e-01 5.570942490782147816e-02
4.346078087600411255e-01 5.577094380113700040e-02
4.259439002978354649e-01 5.579714455825261765e-02
4.173437913732044313e-01 5.578925293597893770e-02
4.088084377864137364e-01 5.574861560536425314e-02
4.003387881409395943e-01 5.567658762867274541e-02
3.919357837380436083e-01 5.557442030957103485e-02
3.836003584721576765e-01 5.544332860522922096e-02
3.753334387270930161e-01 5.528449134416435484e-02
3.671359432730831873e-01 5.509908525494417592e-02
3.590087831646743277e-01 5.488829999698934675e-02
3.509528616394713696e-01 5.465326798284740606e-02
3.429690740177547825e-01 5.439499042477548979e-02
3.350583076029753915e-01 5.411430040844817518e-02
3.272214415831418144e-01 5.381175616237764137e-02
3.194593469331089564e-01 5.348793127700695454e-02
3.117728863177794407e-01 5.314346756896391744e-02
3.041629139962280792e-01 5.277900290028321451e-02
2.966302757267624823e-01 5.239516004152182382e-02
2.891758086729252497e-01 5.199249340565759159e-02
2.818003413104546162e-01 5.157148406889334319e-02
2.745046933352085494e-01 5.113261255271795563e-02
2.672896755720651774e-01 5.067636493515577378e-02
2.601560898848094272e-01 5.020326765464500074e-02
2.531047290870154232e-01 4.971387638497953843e-02
2.461363768539343022e-01 4.920872442223284821e-02
2.392518076353984391e-01 4.868832810384297882e-02
2.324517865697500740e-01 4.815318638918705818e-02
2.257370693988056676e-01 4.760379145868581796e-02
2.191084023838638650e-01 4.704065510125179234e-02
2.125665222227673956e-01 4.646431041485392377e-02
2.061121559680280102e-01 4.587536634459122437e-02
1.997460209460230063e-01 4.527443150864617072e-02
1.934688246772731102e-01 4.466196683109811827e-02
1.872812647978095990e-01 4.403835693702781717e-02
1.811840289816407656e-01 4.340386292518116917e-02
1.751777948643248317e-01 4.275874708135180002e-02
1.692632299676588570e-01 4.210338571513965594e-02
1.634409916254914164e-01 4.143819965812237799e-02
1.577117269106679265e-01 4.076366673588081163e-02
1.520760725631161714e-01 4.008028143437138147e-02
1.465346549190801317e-01 3.938855271798206992e-02
1.410880898415101115e-01 3.868884722730127346e-02
1.357369826516168221e-01 3.798124960627508734e-02
1.304819280615971966e-01 3.726590243514747020e-02
1.253235101085391490e-01 3.654309869453690324e-02
1.202623020895129402e-01 3.581319880680927659e-02
1.152988664978553679e-01 3.507663964546037239e-02
1.104337549606562163e-01 3.433393850014068716e-02
1.056675081774507419e-01 3.358570260556801440e-02
1.010006558601274085e-01 3.283260174618420763e-02
9.643371667405697956e-02 3.207536286523388069e-02
9.196719818044885031e-02 3.131472374838184525e-02
8.760159677994161509e-02 3.055143433029880104e-02
8.333739765743386485e-02 2.978631152142142968e-02
7.917507472816209813e-02 2.902022612234532450e-02
7.511509058502996439e-02 2.825412389182437381e-02
7.115789644719716645e-02 2.748881709721222311e-02
6.730393210993146358e-02 2.672365873175966064e-02
6.355362589573076981e-02 2.595737726150339209e-02
5.990739460672012129e-02 2.518932699012707901e-02
5.636564347832906385e-02 2.441916667300102206e-02
5.292876613425423482e-02 2.364680494015545392e-02
4.959714454271368922e-02 2.287245536729532597e-02
4.637114897399441382e-02 2.209732151960976457e-02
4.325113795930202176e-02 2.132305758283898137e-02
4.023745825091396000e-02 2.055195610561561317e-02
3.733044478364233587e-02 1.978644328264517541e-02
3.453042063760936031e-02 1.902890228607470591e-02
3.183769700234129196e-02 1.828155642881455420e-02
2.925257314218321358e-02 1.754624781326871719e-02
2.677533636303963682e-02 1.682516204491128764e-02
2.440626198044326678e-02 1.612128008964595904e-02
2.214561328895736647e-02 1.543302431728684442e-02
1.999364153291383062e-02 1.475061891034798803e-02
1.795058587848985532e-02 1.406464872988145119e-02
1.601667338712764455e-02 1.336760103498463303e-02
1.419211899029970692e-02 1.265672418087363665e-02
1.247712546562085301e-02 1.193501529678436986e-02
1.087188341431266636e-02 1.120559406978337107e-02
9.376571240020115106e-03 1.047190037047147741e-02
7.991355128984078959e-03 9.748077435881409916e-03
6.716389031571567969e-03 9.053637252983023215e-03
5.551814645166519568e-03 8.348843585277255369e-03
4.497761398421062928e-03 7.553466354118573006e-03
3.554346436871580472e-03 6.632755772703658598e-03
2.721674609919344512e-03 5.586369114321528689e-03
1.999838459177394334e-03 4.459893195395294059e-03
1.388918208186096237e-03 3.323685273405426605e-03
8.889817534969424173e-04 2.253586985754762236e-03
5.000846571264760954e-04 1.326061562807129583e-03
2.222701403818971855e-04 6.074783984507175702e-04
5.556907905679420168e-05 1.551047970170405660e-04
0.000000000000000000e+00 -2.133363012515181341e-08
0.000000000000000000e+00 -1.532076094754803631e-09
5.556907905679420168e-05 -1.060937947928044893e-04
2.222701403818971855e-04 -4.181292513843863916e-04
5.000846571264760954e-04 -9.175072993919339021e-04
8.889817534969424173e-04 -1.573993890545459734e-03
1.388918208186096237e-03 -2.351006991151830417e-03
1.999838459177394334e-03 -3.201194182421747934e-03
2.721674609919344512e-03 -4.077272990102186710e-03
3.554346436871580472e-03 -4.936271723762631312e-03
4.497761398421062928e-03 -5.739778350683118029e-03
5.551814645166519568e-03 -6.457278527486097659e-03
6.716389031571567969e-03 -7.083866170674199027e-03
7.991355128984078959e-03 -7.653721550306257643e-03
9.376571240020115106e-03 -8.195767734800967971e-03
1.087188341431266636e-02 -8.726843863957655170e-03
1.247712546562085301e-02 -9.251218065863335907e-03
1.419211899029970692e-02 -9.760206914776844989e-03
1.601667338712764455e-02 -1.025047341515308505e-02
1.795058587848985532e-02 -1.072434769675290576e-02
1.999364153291383062e-02 -1.118302367569322560e-02
2.214561328895736647e-02 -1.162713643094595226e-02
2.440626198044326678e-02 -1.206391872600864716e-02
2.677533636303963682e-02 -1.250439370564411512e-02
2.925257314218321358e-02 -1.295290975341152791e-02
3.183769700234129196e-02 -1.340977921271707153e-02
3.453042063760936031e-02 -1.387369196565453079e-02
3.733044478364233587e-02 -1.434267290439468143e-02
4.023745825091396000e-02 -1.481528672464146532e-02
4.325113795930202176e-02 -1.529023908525478648e-02
4.637114897399441382e-02 -1.576584501634809010e-02
4.959714454271368922e-02 -1.624037244531003135e-02
5.292876613425423482e-02 -1.671243984650256850e-02
5.636564347832906385e-02 -1.718101755086291066e-02
5.990739460672012129e-02 -1.764599108960974300e-02
6.355362589573076981e-02 -1.810749505196772649e-02
6.730393210993146358e-02 -1.856579861742173668e-02
7.115789644719716645e-02 -1.902147276401048442e-02
7.511509058502996439e-02 -1.947576067727590371e-02
7.917507472816209813e-02 -1.992950152296028149e-02
8.333739765743386485e-02 -2.038250632746532384e-02
8.760159677994161509e-02 -2.083426312604511749e-02
9.196719818044885031e-02 -2.128392368552880706e-02
9.643371667405697956e-02 -2.173068629109314864e-02
1.010006558601274085e-01 -2.217386559665627394e-02
1.056675081774507419e-01 -2.261287862078655703e-02
1.104337549606562163e-01 -2.304725993591407590e-02
1.152988664978553679e-01 -2.347666256661121859e-02
1.202623020895129402e-01 -2.390085625830599969e-02
1.253235101085391490e-01 -2.431967043297020292e-02
1.304819280615971966e-01 -2.473298586679709490e-02
1.357369826516168221e-01 -2.514074627604468565e-02
1.410880898415101115e-01 -2.554295543558373835e-02
1.465346549190801317e-01 -2.593978597656372218e-02
1.520760725631161714e-01 -2.633147425179849926e-02
1.577117269106679265e-01 -2.671792678093290463e-02
1.634409916254914164e-01 -2.709885783066720219e-02
1.692632299676588570e-01 -2.747381856791504887e-02
1.751777948643248317e-01 -2.784230642696869720e-02
1.811840289816407656e-01 -2.820390485823624435e-02
1.872812647978095990e-01 -2.855822323828313691e-02
1.934688246772731102e-01 -2.890484959537855184e-02
1.997460209460230063e-01 -2.924338243835333459e-02
2.061121559680280102e-01 -2.957348463066535038e-02
2.125665222227673956e-01 -2.989486222106660721e-02
2.191084023838638650e-01 -3.020730912901315596e-02
2.257370693988056676e-01 -3.051063780583804924e-02
2.324517865697500740e-01 -3.080466395688222225e-02
2.392518076353984391e-01 -3.108924515785692691e-02
2.461363768539343022e-01 -3.136432854494127648e-02
2.531047290870154232e-01 -3.162979821987185747e-02
2.601560898848094272e-01 -3.188539984258454557e-02
2.672896755720651774e-01 -3.213076894591476024e-02
2.745046933352085494e-01 -3.236539555137197405e-02
2.818003413104546162e-01 -3.258879242888256672e-02
2.891758086729252497e-01 -3.280051705491100755e-02
2.966302757267624823e-01 -3.300011265656049853e-02
3.041629139962280792e-01 -3.318710300240510641e-02
3.117728863177794407e-01 -3.336099733405280265e-02
3.194593469331089564e-01 -3.352129110189906724e-02
3.272214415831418144e-01 -3.366745943159454163e-02
3.350583076029753915e-01 -3.379896477699556590e-02
3.429690740177547825e-01 -3.391530133948187503e-02
3.509528616394713696e-01 -3.401596972376497163e-02
3.590087831646743277e-01 -3.410033389985026031e-02
3.671359432730831873e-01 -3.416766932338839713e-02
3.753334387270930161e-01 -3.421714872883008934e-02
3.836003584721576765e-01 -3.424790403109111148e-02
3.919357837380436083e-01 -3.425910320962245736e-02
4.003387881409395943e-01 -3.424989789488259301e-02
4.088084377864137364e-01 -3.421928708012170889e-02
4.173437913732044313e-01 -3.416616971297881111e-02
4.259439002978354649e-01 -3.408922889841909526e-02
4.346078087600411255e-01 -3.398712252832605807e-02
4.433345538689928977e-01 -3.385861412917758051e-02
4.521231657503131940e-01 -3.370237506502148095e-02
4.609726676538650203e-01 -3.351675206700698018e-02
4.698820760623064752e-01 -3.330004610093377504e-02
4.788504008003974244e-01 -3.305058274748376435e-02
4.878766451450451402e-01 -3.276646937416181210e-02
4.969598059360780251e-01 -3.244539306247121863e-02
5.060988736877365390e-01 -3.208602929363050388e-02
5.152928327008634568e-01 -3.168877411037993724e-02
5.245406611757882365e-01 -3.125481344564184916e-02
5.338413313258880688e-01 -3.078620227896616129e-02
5.431938094918128401e-01 -3.028496360824095915e-02
5.525970562563653488e-01 -2.975299414899666012e-02
5.620500265600203438e-01 -2.919185726066809983e-02
5.715516698170692855e-01 -2.860279096343691305e-02
5.811009300323815019e-01 -2.798695637323881866e-02
5.906967459187653091e-01 -2.734546704929364733e-02
6.003380510149177729e-01 -2.667950004434605643e-02
6.100237738039482327e-01 -2.599025250063972947e-02
6.197528378324663745e-01 -2.527866119610098702e-02
6.295241618302156450e-01 -2.454551955902653168e-02
6.393366598302444581e-01 -2.379170370136624718e-02
6.491892412895989839e-01 -2.301814200637715413e-02
6.590808112105230876e-01 -2.222583405201192935e-02
6.690102702621547603e-01 -2.141582405051676435e-02
6.789765149027036095e-01 -2.058924131389739537e-02
6.889784375020977514e-01 -1.974725447837231279e-02
6.990149264650814542e-01 -1.889107890822581265e-02
7.090848663547572039e-01 -1.802211345883489302e-02
7.191871380165538730e-01 -1.714238748010822946e-02
7.293206187026060050e-01 -1.625417781843786769e-02
7.394841821965345563e-01 -1.536007108020479885e-02
7.496766989386134394e-01 -1.446246567218678440e-02
7.598970361513051053e-01 -1.356313259816112685e-02
7.701440579651563922e-01 -1.266333956104949074e-02
7.804166255450371015e-01 -1.176350002781157561e-02
7.907135972167069760e-01 -1.086397791932834471e-02
8.010338285937002034e-01 -9.965268525175532618e-03
8.113761727045106786e-01 -9.069371548023116153e-03
8.217394801200630372e-01 -8.180516053104023438e-03
8.321225990814590245e-01 -7.303757296901682190e-03
8.425243756279822138e-01 -6.444912660489438005e-03
8.529436537253458628e-01 -5.608701826374347214e-03
8.633792753941731402e-01 -4.798570832630862093e-03
8.738300808386934015e-01 -4.016682987582267418e-03
8.842949085756387495e-01 -3.264093141393338907e-03
8.947725955633289985e-01 -2.541527037843800598e-03
9.052619773309316109e-01 -1.850443150492183829e-03
9.157618881078770645e-01 -1.203008713635737078e-03
9.262711609534211021e-01 -6.182720468493288924e-04
9.367886278863364335e-01 -1.165292611687522285e-04
9.473131200147204556e-01 2.813808322801848402e-04
9.578434676659028923e-01 5.550593942275829779e-04
9.683785005164411430e-01 6.842586684154081805e-04
9.789170477221889044e-01 6.484609552121755336e-04
9.894579380484205267e-01 4.271162972306579548e-04
9.999999999999998890e-01 1.134933407436404968e-09
