9.999999999999998890e-01 2.252843009982973791e-04
9.894579380484205267e-01 4.988785746146898528e-03
9.789170477221889044e-01 9.169675600049742928e-03
9.683785005164411430e-01 1.262759508245748022e-02
9.578434676659028923e-01 1.560822494162302128e-02
9.473131200147204556e-01 1.838311204597619514e-02
9.367886278863364335e-01 2.107777771051738344e-02
9.262711609534211021e-01 2.375307209261492969e-02
9.157618881078770645e-01 2.637932362343386322e-02
9.052619773309316109e-01 2.893506452512907209e-02
8.947725955633289985e-01 3.143773642974916072e-02
8.842949085756387495e-01 3.389618375547440859e-02
8.738300808386934015e-01 3.629895308541870175e-02
8.633792753941731402e-01 3.864267792089989828e-02
8.529436537253458628e-01 4.093723059196521796e-02
8.425243756279822138e-01 4.319365489582366324e-02
8.321225990814590245e-01 4.542294767911360387e-02
8.217394801200630372e-01 4.762920535201982386e-02
8.113761727045106786e-01 4.981007583250518511e-02
8.010338285937002034e-01 5.196492634686324802e-02
7.907135972167069760e-01 5.409463629600880230e-02
7.804166255450371015e-01 5.619919511918741034e-02
7.701440579651563922e-01 5.827801395909350257e-02
7.598970361513051053e-01 6.033101456196522661e-02
7.496766989386134394e-01 6.235838112571568531e-02
7.394841821965345563e-01 6.436003166976467238e-02
7.293206187026060050e-01 6.633578115912636131e-02
7.191871380165538730e-01 6.828560435779255922e-02
7.090848663547572039e-01 7.020952821675542632e-02
6.990149264650814542e-01 7.210752024824258755e-02
6.889784375020977514e-01 7.397953542409516081e-02
6.789765149027036095e-01 7.582555892730762082e-02
6.690102702621547603e-01 7.764559457918675245e-02
6.590808112105230876e-01 7.943968345233920481e-02
6.491892412895989839e-01 8.120785100855316962e-02
6.393366598302444581e-01 8.295005271831203120e-02
6.295241618302156450e-01 8.466630317880079193e-02
6.197528378324663745e-01 8.635679126439700648e-02
6.100237738039482327e-01 8.802158563161020799e-02
6.003380510149177729e-01 8.966046179604679478e-02
5.906967459187653091e-01 9.127348853544273166e-02
5.811009300323815019e-01 9.286128097327489561e-02
5.715516698170692855e-01 9.442383502094733871e-02
5.620500265600203438e-01 9.596022599654475960e-02
5.525970562563653488e-01 9.747086876818797374e-02
5.431938094918128401e-01 9.895775786529339979e-02
5.338413313258880688e-01 1.004200484462920290e-01
5.245406611757882365e-01 1.018542873916268715e-01
5.152928327008634568e-01 1.032636753931685802e-01
5.060988736877365390e-01 1.046552984629654376e-01
4.969598059360780251e-01 1.060099051456748764e-01
4.878766451450451402e-01 1.072910643032039535e-01
4.788504008003974244e-01 1.084836446681269051e-01
4.698820760623064752e-01 1.095861015557327151e-01
4.609726676538650203e-01 1.106001627004231103e-01
4.521231657503131940e-01 1.115288766864615116e-01
4.433345538689928977e-01 1.123735373800371223e-01
4.346078087600411255e-01 1.131348654279441535e-01
4.259439002978354649e-01 1.138146004032067893e-01
4.173437913732044313e-01 1.144147342864332978e-01
4.088084377864137364e-01 1.149367507615761952e-01
4.003387881409395943e-01 1.153820661347796234e-01
3.919357837380436083e-01 1.157524090014895729e-01
3.836003584721576765e-01 1.160495417972681742e-01
3.753334387270930161e-01 1.162750962299963081e-01
3.671359432730831873e-01 1.164307184342926599e-01
3.590087831646743277e-01 1.165181601847054965e-01
3.509528616394713696e-01 1.165391744176005467e-01
3.429690740177547825e-01 1.164954794256152365e-01
3.350583076029753915e-01 1.163888101775160666e-01
3.272214415831418144e-01 1.162209421508856450e-01
3.194593469331089564e-01 1.159937525206394260e-01
3.117728863177794407e-01 1.157091520174133997e-01
3.041629139962280792e-01 1.153646255676182009e-01
2.966302757267624823e-01 1.149521512659382738e-01
2.891758086729252497e-01 1.144692421281418154e-01
2.818003413104546162e-01 1.139197791389210263e-01
2.745046933352085494e-01 1.133066066420011370e-01
2.672896755720651774e-01 1.126313636386373079e-01
2.601560898848094272e-01 1.118963255321307609e-01
2.531047290870154232e-01 1.111042628367748530e-01
2.461363768539343022e-01 1.102575566218611802e-01
2.392518076353984391e-01 1.093583552838891804e-01
2.324517865697500740e-01 1.084090895208384975e-01
2.257370693988056676e-01 1.074123096550776979e-01
2.191084023838638650e-01 1.063702831965489121e-01
2.125665222227673956e-01 1.052852086950119698e-01
2.061121559680280102e-01 1.041596625034179879e-01
1.997460209460230063e-01 1.029962330900048018e-01
1.934688246772731102e-01 1.017968409959662812e-01
1.872812647978095990e-01 1.005634832477806523e-01
1.811840289816407656e-01 9.929935132392954389e-02
1.751777948643248317e-01 9.800727915054291417e-02
1.692632299676588570e-01 9.668781476116669604e-02
1.634409916254914164e-01 9.534255200855501489e-02
1.577117269106679265e-01 9.397741225762064332e-02
1.520760725631161714e-01 9.259512298690483756e-02
1.465346549190801317e-01 9.118910074515594599e-02
1.410880898415101115e-01 8.974885419017418486e-02
1.357369826516168221e-01 8.825898242708178631e-02
1.304819280615971966e-01 8.671321434294461394e-02
1.253235101085391490e-01 8.512114739855056178e-02
1.202623020895129402e-01 8.348980939373976118e-02
1.152988664978553679e-01 8.182069820904031010e-02
1.104337549606562163e-01 8.011706198832746484e-02
1.056675081774507419e-01 7.838460511493962335e-02
1.010006558601274085e-01 7.662783256870218940e-02
9.643371667405697956e-02 7.484997244704118258e-02
9.196719818044885031e-02 7.305490079358181732e-02
8.760159677994161509e-02 7.124703538644704126e-02
8.333739765743386485e-02 6.943026491123731325e-02
7.917507472816209813e-02 6.760812064048724035e-02
7.511509058502996439e-02 6.578438244261820833e-02
7.115789644719716645e-02 6.396293175090997374e-02
6.730393210993146358e-02 6.214724619083276252e-02
6.355362589573076981e-02 6.034065258792471048e-02
5.990739460672012129e-02 5.854680416651807801e-02
5.636564347832906385e-02 5.676934366793259107e-02
5.292876613425423482e-02 5.501112041898684885e-02
4.959714454271368922e-02 5.327493050551294906e-02
4.637114897399441382e-02 5.156454541145407550e-02
4.325113795930202176e-02 4.988389338254728411e-02
4.023745825091396000e-02 4.823645978450689237e-02
3.733044478364233587e-02 4.661059578673966419e-02
3.453042063760936031e-02 4.494883548024149189e-02
3.183769700234129196e-02 4.320939473627617017e-02
2.925257314218321358e-02 4.141214353367537321e-02
2.677533636303963682e-02 3.958030664020044387e-02
2.440626198044326678e-02 3.772399544271856642e-02
2.214561328895736647e-02 3.585476268948756262e-02
1.999364153291383062e-02 3.398956617867013308e-02
1.795058587848985532e-02 3.214245445600229928e-02
1.601667338712764455e-02 3.032243938956217383e-02
1.419211899029970692e-02 2.854143906465999789e-02
1.247712546562085301e-02 2.681520609618855480e-02
1.087188341431266636e-02 2.515203521875942691e-02
9.376571240020115106e-03 2.355153803059507195e-02
7.991355128984078959e-03 2.200238786189890813e-02
6.716389031571567969e-03 2.048688079171286439e-02
5.551814645166519568e-03 1.902999700257034313e-02
4.497761398421062928e-03 1.766257964910230432e-02
3.554346436871580472e-03 1.611933267546161383e-02
2.721674609919344512e-03 1.400784669854255801e-02
1.999838459177394334e-03 1.147288880122473292e-02
1.388918208186096237e-03 8.909568508292631597e-03
8.889817534969424173e-04 6.459156118059319017e-03
5.000846571264760954e-04 4.178187175074924049e-03
2.222701403818971855e-04 2.291861084700546128e-03
5.556907905679420168e-05 1.063029516632117135e-03
0.000000000000000000e+00 6.357650587015945248e-04
0.000000000000000000e+00 -1.040606885637685710e-03
5.556907905679420168e-05 -1.079336161626248160e-03
2.222701403818971855e-04 -1.194762256546112950e-03
5.000846571264760954e-04 -1.385950184350159863e-03
8.889817534969424173e-04 -1.649902167026811401e-03
1.388918208186096237e-03 -1.983091523184064842e-03
1.999838459177394334e-03 -2.381700983626939064e-03
2.721674609919344512e-03 -2.840659452176659116e-03
3.554346436871580472e-03 -3.352173942017333021e-03
4.497761398421062928e-03 -3.908923701917488454e-03
5.551814645166519568e-03 -4.505128457592576414e-03
6.716389031571567969e-03 -5.131182860023878259e-03
7.991355128984078959e-03 -5.771376634444509018e-03
9.376571240020115106e-03 -6.419597318176211050e-03
1.087188341431266636e-02 -7.083219382382754774e-03
1.247712546562085301e-02 -7.768279963885479575e-03
1.419211899029970692e-02 -8.477961004774227025e-03
1.601667338712764455e-02 -9.209294889728356776e-03
1.795058587848985532e-02 -9.953798191755619876e-03
1.999364153291383062e-02 -1.070592650069339055e-02
2.214561328895736647e-02 -1.146242759726283887e-02
2.440626198044326678e-02 -1.221706900389890951e-02
2.677533636303963682e-02 -1.296185180804900437e-02
2.925257314218321358e-02 -1.369164028919314137e-02
3.183769700234129196e-02 -1.440216157360049362e-02
3.453042063760936031e-02 -1.508296234236687627e-02
3.733044478364233587e-02 -1.572502781855666595e-02
4.023745825091396000e-02 -1.634749139119562669e-02
4.325113795930202176e-02 -1.697665277523217192e-02
4.637114897399441382e-02 -1.761792858228934319e-02
4.959714454271368922e-02 -1.826984721204567494e-02
5.292876613425423482e-02 -1.893077785646495037e-02
5.636564347832906385e-02 -1.959916840038749414e-02
5.990739460672012129e-02 -2.027389606048015866e-02
6.355362589573076981e-02 -2.095381568048928014e-02
6.730393210993146358e-02 -2.163743600049311197e-02
7.115789644719716645e-02 -2.232326388133963266e-02
7.511509058502996439e-02 -2.300995512270342588e-02
7.917507472816209813e-02 -2.369609940056743858e-02
8.333739765743386485e-02 -2.438010763959400085e-02
8.760159677994161509e-02 -2.506044133019611278e-02
9.196719818044885031e-02 -2.573568142431281042e-02
9.643371667405697956e-02 -2.640424502104892976e-02
1.010006558601274085e-01 -2.706430620256455519e-02
1.056675081774507419e-01 -2.771429748507085733e-02
1.104337549606562163e-01 -2.835296010958501117e-02
1.152988664978553679e-01 -2.897843785784496792e-02
1.202623020895129402e-01 -2.958831360208396752e-02
1.253235101085391490e-01 -3.018133072539877504e-02
1.304819280615971966e-01 -3.075706018099374009e-02
1.357369826516168221e-01 -3.131247161478591112e-02
1.410880898415101115e-01 -3.184332705910047912e-02
1.465346549190801317e-01 -3.235286687971754283e-02
1.520760725631161714e-01 -3.284863439133180185e-02
1.577117269106679265e-01 -3.333586290893589266e-02
1.634409916254914164e-01 -3.381794686794906829e-02
1.692632299676588570e-01 -3.429389896814360322e-02
1.751777948643248317e-01 -3.476122924292574662e-02
1.811840289816407656e-01 -3.521948643038871202e-02
1.872812647978095990e-01 -3.566871340934638090e-02
1.934688246772731102e-01 -3.610788296852831397e-02
1.997460209460230063e-01 -3.653579970403588589e-02
2.061121559680280102e-01 -3.695182425054704956e-02
2.125665222227673956e-01 -3.735535709842910390e-02
2.191084023838638650e-01 -3.774550126396606503e-02
2.257370693988056676e-01 -3.812135813892962577e-02
2.324517865697500740e-01 -3.848217905853760362e-02
2.392518076353984391e-01 -3.882720283701093789e-02
2.461363768539343022e-01 -3.915558807208682768e-02
2.531047290870154232e-01 -3.946650470445960818e-02
2.601560898848094272e-01 -3.975916252096505649e-02
2.672896755720651774e-01 -4.003276225888767470e-02
2.745046933352085494e-01 -4.028648450134968834e-02
2.818003413104546162e-01 -4.051951752681504787e-02
2.891758086729252497e-01 -4.073106163727201190e-02
2.966302757267624823e-01 -4.092031434016930175e-02
3.041629139962280792e-01 -4.108646957763904817e-02
3.117728863177794407e-01 -4.122872806910212601e-02
3.194593469331089564e-01 -4.134629692311980048e-02
3.272214415831418144e-01 -4.143838319908403622e-02
3.350583076029753915e-01 -4.150419467756982089e-02
3.429690740177547825e-01 -4.154295027863109252e-02
3.509528616394713696e-01 -4.155387575707379655e-02
3.590087831646743277e-01 -4.153619286456371879e-02
3.671359432730831873e-01 -4.148912469950673254e-02
3.753334387270930161e-01 -4.141192168461896306e-02
3.836003584721576765e-01 -4.130384209586087513e-02
3.919357837380436083e-01 -4.116411542838132459e-02
4.003387881409395943e-01 -4.099197649784579872e-02
4.088084377864137364e-01 -4.078674260473121732e-02
4.173437913732044313e-01 -4.054772665603631476e-02
4.259439002978354649e-01 -4.027411507946616204e-02
4.346078087600411255e-01 -3.996514064793160043e-02
4.433345538689928977e-01 -3.962030723732472975e-02
4.521231657503131940e-01 -3.923901168562202862e-02
4.609726676538650203e-01 -3.882018533316886760e-02
4.698820760623064752e-01 -3.836305356077370637e-02
4.788504008003974244e-01 -3.786771879215874298e-02
4.878766451450451402e-01 -3.733366810722386908e-02
4.969598059360780251e-01 -3.675883365615321974e-02
5.060988736877365390e-01 -3.613385327454137624e-02
5.152928327008634568e-01 -3.543789489943421217e-02
5.245406611757882365e-01 -3.465952954016322807e-02
5.338413313258880688e-01 -3.380170199571371631e-02
5.431938094918128401e-01 -3.286469164763491935e-02
5.525970562563653488e-01 -3.184457244424949290e-02
5.620500265600203438e-01 -3.074019524802677067e-02
5.715516698170692855e-01 -2.955313577611003509e-02
5.811009300323815019e-01 -2.828096163140031427e-02
5.906967459187653091e-01 -2.691883209747208613e-02
6.003380510149177729e-01 -2.547508415926069344e-02
6.100237738039482327e-01 -2.396652073660589244e-02
6.197528378324663745e-01 -2.240168577726185661e-02
6.295241618302156450e-01 -2.078352306621370979e-02
6.393366598302444581e-01 -1.910969347942014646e-02
6.491892412895989839e-01 -1.737640739155251260e-02
6.590808112105230876e-01 -1.558734964305616769e-02
6.690102702621547603e-01 -1.374657322290328935e-02
6.789765149027036095e-01 -1.184332260235181240e-02
6.889784375020977514e-01 -9.875703204471857413e-03
6.990149264650814542e-01 -7.904338637827596631e-03
7.090848663547572039e-01 -5.994059248952324399e-03
7.191871380165538730e-01 -4.160264267910000931e-03
7.293206187026060050e-01 -2.405786566817218197e-03
7.394841821965345563e-01 -7.299963679580129174e-04
7.496766989386134394e-01 8.677077080216297200e-04
7.598970361513051053e-01 2.386189597052915286e-03
7.701440579651563922e-01 3.823898600075014906e-03
7.804166255450371015e-01 5.178996957878640069e-03
7.907135972167069760e-01 6.451086556622283828e-03
8.010338285937002034e-01 7.642302146473084652e-03
8.113761727045106786e-01 8.751252933633274153e-03
8.217394801200630372e-01 9.771199249173171189e-03
8.321225990814590245e-01 1.070424239362043582e-02
8.425243756279822138e-01 1.156281142615528737e-02
8.529436537253458628e-01 1.232822696307164789e-02
8.633792753941731402e-01 1.294911184086185510e-02
8.738300808386934015e-01 1.338745723992957638e-02
8.842949085756387495e-01 1.362011222262221946e-02
8.947725955633289985e-01 1.364694363760869320e-02
9.052619773309316109e-01 1.348269419257060002e-02
9.157618881078770645e-01 1.311976601832198254e-02
9.262711609534211021e-01 1.254014006668664402e-02
9.367886278863364335e-01 1.176081999453268412e-02
9.473131200147204556e-01 1.080706517854796572e-02
9.578434676659028923e-01 9.628828124653480980e-03
9.683785005164411430e-01 8.122986551625589399e-03
9.789170477221889044e-01 6.069277117911734722e-03
9.894579380484205267e-01 3.268694909635945067e-03
9.999999999999998890e-01 -1.656213880390873723e-04
