9.999999999999998890e-01 1.006698533001123153e-03
9.894579380484205267e-01 2.803547278980051283e-03
9.789170477221889044e-01 4.565896301616600463e-03
9.683785005164411430e-01 6.293506824149498573e-03
9.578434676659028923e-01 7.985812399556613608e-03
9.473131200147204556e-01 9.642327498624132451e-03
9.367886278863364335e-01 1.126296953076990487e-02
9.262711609534211021e-01 1.284745604485941842e-02
9.157618881078770645e-01 1.439490386963802708e-02
9.052619773309316109e-01 1.590501524483982354e-02
8.947725955633289985e-01 1.737881531443591018e-02
8.842949085756387495e-01 1.882117984416320847e-02
8.738300808386934015e-01 2.024289790757096905e-02
8.633792753941731402e-01 2.165644632028311187e-02
8.529436537253458628e-01 2.307560876939602004e-02
8.425243756279822138e-01 2.450711279435386150e-02
8.321225990814590245e-01 2.594933995453736070e-02
8.217394801200630372e-01 2.739437581423871670e-02
8.113761727045106786e-01 2.882896739111191764e-02
8.010338285937002034e-01 3.024340658272479596e-02
7.907135972167069760e-01 3.163172015267505521e-02
7.804166255450371015e-01 3.299687480770747972e-02
7.701440579651563922e-01 3.434795124545415856e-02
7.598970361513051053e-01 3.569543311674346769e-02
7.496766989386134394e-01 3.704947857280578571e-02
7.394841821965345563e-01 3.841189200430832063e-02
7.293206187026060050e-01 3.977959041404437873e-02
7.191871380165538730e-01 4.114358257939541852e-02
7.090848663547572039e-01 4.249303808133533117e-02
6.990149264650814542e-01 4.381968951666689871e-02
6.889784375020977514e-01 4.511709429058526760e-02
6.789765149027036095e-01 4.638306122823256800e-02
6.690102702621547603e-01 4.761672709239102991e-02
6.590808112105230876e-01 4.881786604494694343e-02
6.491892412895989839e-01 4.998602216031799300e-02
6.393366598302444581e-01 5.111964622259509289e-02
6.295241618302156450e-01 5.221674999695228442e-02
6.197528378324663745e-01 5.327476134983810674e-02
6.100237738039482327e-01 5.429093158372001737e-02
6.003380510149177729e-01 5.526235699795293416e-02
5.906967459187653091e-01 5.618819279384381499e-02
5.811009300323815019e-01 5.707114729315659191e-02
5.715516698170692855e-01 5.791492776937252202e-02
5.620500265600203438e-01 5.872415599799417352e-02
5.525970562563653488e-01 5.950281795161073417e-02
5.431938094918128401e-01 6.025390875338346164e-02
5.338413313258880688e-01 6.097710309803051898e-02
5.245406611757882365e-01 6.166876266035521692e-02
5.152928327008634568e-01 6.232532148705393488e-02
5.060988736877365390e-01 6.294344532749847343e-02
4.969598059360780251e-01 6.352037482429254145e-02
4.878766451450451402e-01 6.405390735638201438e-02
4.788504008003974244e-01 6.454341040619493430e-02
4.698820760623064752e-01 6.498915284258663383e-02
4.609726676538650203e-01 6.539099580975096804e-02
4.521231657503131940e-01 6.574868094133463903e-02
4.433345538689928977e-01 6.606261371149352302e-02
4.346078087600411255e-01 6.633360050850677092e-02
4.259439002978354649e-01 6.656311793995321746e-02
4.173437913732044313e-01 6.675280742320356675e-02
4.088084377864137364e-01 6.690397509970524847e-02
4.003387881409395943e-01 6.701795795347789686e-02
3.919357837380436083e-01 6.709658860714987072e-02
3.836003584721576765e-01 6.714183295354302083e-02
3.753334387270930161e-01 6.715570185532260261e-02
3.671359432730831873e-01 6.714035882982052894e-02
3.590087831646743277e-01 6.709834114168253261e-02
3.509528616394713696e-01 6.703154772836061870e-02
3.429690740177547825e-01 6.694033013195457849e-02
3.350583076029753915e-01 6.682284373330162064e-02
3.272214415831418144e-01 6.667361784969734473e-02
3.194593469331089564e-01 6.648763432200087420e-02
3.117728863177794407e-01 6.626115533158352666e-02
3.041629139962280792e-01 6.599029809019001103e-02
2.966302757267624823e-01 6.567107094176212467e-02
2.891758086729252497e-01 6.530535127578117327e-02
2.818003413104546162e-01 6.490138983440309206e-02
2.745046933352085494e-01 6.446700266039077920e-02
2.672896755720651774e-01 6.400934455048748473e-02
2.601560898848094272e-01 6.353607450680405500e-02
2.531047290870154232e-01 6.305493669563737302e-02
2.461363768539343022e-01 6.256983989718432893e-02
2.392518076353984391e-01 6.208151999299507673e-02
2.324517865697500740e-01 6.158444273516704148e-02
2.257370693988056676e-01 6.107012350823647073e-02
2.191084023838638650e-01 6.053353988563184990e-02
2.125665222227673956e-01 5.997081449055596813e-02
2.061121559680280102e-01 5.937525840129053573e-02
1.997460209460230063e-01 5.874130563318778059e-02
1.934688246772731102e-01 5.807450241271047697e-02
1.872812647978095990e-01 5.738661311274496218e-02
1.811840289816407656e-01 5.670068439598423965e-02
1.751777948643248317e-01 5.603546052087384627e-02
1.692632299676588570e-01 5.538491146609409582e-02
1.634409916254914164e-01 5.473780042809525681e-02
1.577117269106679265e-01 5.408315575258811070e-02
1.520760725631161714e-01 5.341157813048022507e-02
1.465346549190801317e-01 5.271726729601725059e-02
1.410880898415101115e-01 5.199665545747448464e-02
1.357369826516168221e-01 5.124968666310001503e-02
1.304819280615971966e-01 5.048689388248610993e-02
1.253235101085391490e-01 4.973536196655632680e-02
1.202623020895129402e-01 4.901483099715250868e-02
1.152988664978553679e-01 4.833207009467559850e-02
1.104337549606562163e-01 4.767225877181196364e-02
1.056675081774507419e-01 4.699697081958492673e-02
1.010006558601274085e-01 4.627745557664285359e-02
9.643371667405697956e-02 4.549728254602050659e-02
9.196719818044885031e-02 4.466518646326859965e-02
8.760159677994161509e-02 4.381034674850508431e-02
8.333739765743386485e-02 4.296182182422485923e-02
7.917507472816209813e-02 4.214558622977024327e-02
7.511509058502996439e-02 4.136124078292289369e-02
7.115789644719716645e-02 4.059209933924355640e-02
6.730393210993146358e-02 3.981477351883185023e-02
6.355362589573076981e-02 3.900411723583159518e-02
5.990739460672012129e-02 3.814463192367580080e-02
5.636564347832906385e-02 3.722890863089114294e-02
5.292876613425423482e-02 3.627210415026229512e-02
4.959714454271368922e-02 3.529600110037569433e-02
4.637114897399441382e-02 3.431766063036118669e-02
4.325113795930202176e-02 3.335249382961180675e-02
4.023745825091396000e-02 3.241471598300805362e-02
3.733044478364233587e-02 3.150970653911017855e-02
3.453042063760936031e-02 3.061672628999145829e-02
3.183769700234129196e-02 2.971195944881066184e-02
2.925257314218321358e-02 2.877638782931596015e-02
2.677533636303963682e-02 2.779540332424888446e-02
2.440626198044326678e-02 2.676214121567404430e-02
2.214561328895736647e-02 2.567270754289850340e-02
1.999364153291383062e-02 2.452684335778859692e-02
1.795058587848985532e-02 2.333112451074796992e-02
1.601667338712764455e-02 2.210173072107798897e-02
1.419211899029970692e-02 2.085621812405957093e-02
1.247712546562085301e-02 1.961279453917558549e-02
1.087188341431266636e-02 1.838720163101820876e-02
9.376571240020115106e-03 1.718843741386066187e-02
7.991355128984078959e-03 1.594853144130403341e-02
6.716389031571567969e-03 1.454571862419479049e-02
5.551814645166519568e-03 1.306343728017742532e-02
4.497761398421062928e-03 1.171593580493165802e-02
3.554346436871580472e-03 1.044327009650601427e-02
2.721674609919344512e-03 9.029328142750391029e-03
1.999838459177394334e-03 7.426569243838133765e-03
1.388918208186096237e-03 5.688667154942907145e-03
8.889817534969424173e-04 3.947308429257023223e-03
5.000846571264760954e-04 2.366409134107398237e-03
2.222701403818971855e-04 1.098971144825197426e-03
5.556907905679420168e-05 2.826221175612351122e-04
0.000000000000000000e+00 -2.461461861160913239e-08
0.000000000000000000e+00 1.494891466304804010e-08
5.556907905679420168e-05 -2.935594254371041512e-04
2.222701403818971855e-04 -1.148473343133856080e-03
5.000846571264760954e-04 -2.494946722161277448e-03
8.889817534969424173e-04 -4.215459532602095633e-03
1.388918208186096237e-03 -6.173495379636076245e-03
1.999838459177394334e-03 -8.207592374431159354e-03
2.721674609919344512e-03 -1.016698007590413795e-02
3.554346436871580472e-03 -1.193507867107886089e-02
4.497761398421062928e-03 -1.344779082322168293e-02
5.551814645166519568e-03 -1.473206925327820438e-02
6.716389031571567969e-03 -1.586256214770377301e-02
7.991355128984078959e-03 -1.697158692291658028e-02
9.376571240020115106e-03 -1.811266772705158803e-02
1.087188341431266636e-02 -1.922773181981883572e-02
1.247712546562085301e-02 -2.027022046624323698e-02
1.419211899029970692e-02 -2.121625129898958850e-02
1.601667338712764455e-02 -2.206226588963186228e-02
1.795058587848985532e-02 -2.282326028635088891e-02
1.999364153291383062e-02 -2.352038657032900007e-02
2.214561328895736647e-02 -2.417782935369412051e-02
2.440626198044326678e-02 -2.480347075745403806e-02
2.677533636303963682e-02 -2.539431432058992730e-02
2.925257314218321358e-02 -2.594930378668716675e-02
3.183769700234129196e-02 -2.646893906596915064e-02
3.453042063760936031e-02 -2.695639323905615545e-02
3.733044478364233587e-02 -2.741658286360458899e-02
4.023745825091396000e-02 -2.785751970467188754e-02
4.325113795930202176e-02 -2.828685670024627674e-02
4.637114897399441382e-02 -2.870393689970521592e-02
4.959714454271368922e-02 -2.910538197757891327e-02
5.292876613425423482e-02 -2.948782378013624014e-02
5.636564347832906385e-02 -2.984775100731277414e-02
5.990739460672012129e-02 -3.018113241563546989e-02
6.355362589573076981e-02 -3.048488581281674076e-02
6.730393210993146358e-02 -3.075905929369310288e-02
7.115789644719716645e-02 -3.100491950716324427e-02
7.511509058502996439e-02 -3.122530973612631239e-02
7.917507472816209813e-02 -3.142335323372396488e-02
8.333739765743386485e-02 -3.160224748946182521e-02
8.760159677994161509e-02 -3.176394391214600738e-02
9.196719818044885031e-02 -3.190826341382654863e-02
9.643371667405697956e-02 -3.203519593490312956e-02
1.010006558601274085e-01 -3.214529534221909068e-02
1.056675081774507419e-01 -3.223997319345637408e-02
1.104337549606562163e-01 -3.232167132758007044e-02
1.152988664978553679e-01 -3.239399549238542592e-02
1.202623020895129402e-01 -3.246158922504719518e-02
1.253235101085391490e-01 -3.252761351960466174e-02
1.304819280615971966e-01 -3.259387357489463427e-02
1.357369826516168221e-01 -3.266158778342007768e-02
1.410880898415101115e-01 -3.273160902500696356e-02
1.465346549190801317e-01 -3.280508560184511313e-02
1.520760725631161714e-01 -3.288340110449914505e-02
1.577117269106679265e-01 -3.296837298276850819e-02
1.634409916254914164e-01 -3.306157633114988753e-02
1.692632299676588570e-01 -3.316136310147919236e-02
1.751777948643248317e-01 -3.326456558854007373e-02
1.811840289816407656e-01 -3.336717747846878329e-02
1.872812647978095990e-01 -3.346679668731337293e-02
1.934688246772731102e-01 -3.356989955446165741e-02
1.997460209460230063e-01 -3.368475315622092986e-02
2.061121559680280102e-01 -3.381653843435621087e-02
2.125665222227673956e-01 -3.396845637356490227e-02
2.191084023838638650e-01 -3.413978361848207105e-02
2.257370693988056676e-01 -3.432934864946821790e-02
2.324517865697500740e-01 -3.453683887400813696e-02
2.392518076353984391e-01 -3.476179373560667890e-02
2.461363768539343022e-01 -3.500312764604506660e-02
2.531047290870154232e-01 -3.525990022329383855e-02
2.601560898848094272e-01 -3.553158854929604898e-02
2.672896755720651774e-01 -3.581779288734706496e-02
2.745046933352085494e-01 -3.611823205592493841e-02
2.818003413104546162e-01 -3.643254584075144437e-02
2.891758086729252497e-01 -3.676026026743517416e-02
2.966302757267624823e-01 -3.710093181626824416e-02
3.041629139962280792e-01 -3.745403144053151973e-02
3.117728863177794407e-01 -3.781651325255996204e-02
3.194593469331089564e-01 -3.818300113655354738e-02
3.272214415831418144e-01 -3.854779233512631298e-02
3.350583076029753915e-01 -3.890493699404302952e-02
3.429690740177547825e-01 -3.924776541974708821e-02
3.509528616394713696e-01 -3.956930184264243616e-02
3.590087831646743277e-01 -3.986407111377274909e-02
3.671359432730831873e-01 -4.012759601957258809e-02
3.753334387270930161e-01 -4.035670624445923671e-02
3.836003584721576765e-01 -4.054860907657282382e-02
3.919357837380436083e-01 -4.069917456797892547e-02
4.003387881409395943e-01 -4.080432049664087929e-02
4.088084377864137364e-01 -4.086278836291339783e-02
4.173437913732044313e-01 -4.087473056205743333e-02
4.259439002978354649e-01 -4.084246236340659253e-02
4.346078087600411255e-01 -4.076891418043495502e-02
4.433345538689928977e-01 -4.065719738691202928e-02
4.521231657503131940e-01 -4.050989453963677739e-02
4.609726676538650203e-01 -4.032797960595117803e-02
4.698820760623064752e-01 -4.011135641287598419e-02
4.788504008003974244e-01 -3.985807924432669541e-02
4.878766451450451402e-01 -3.956611534079727127e-02
4.969598059360780251e-01 -3.923378681287077729e-02
5.060988736877365390e-01 -3.885983341318854922e-02
5.152928327008634568e-01 -3.844362547327108415e-02
5.245406611757882365e-01 -3.798509577084073496e-02
5.338413313258880688e-01 -3.748486712651773883e-02
5.431938094918128401e-01 -3.694338228465589291e-02
5.525970562563653488e-01 -3.636087418248134390e-02
5.620500265600203438e-01 -3.573888686968227507e-02
5.715516698170692855e-01 -3.508029782166190852e-02
5.811009300323815019e-01 -3.438853347022015339e-02
5.906967459187653091e-01 -3.366739440371081110e-02
6.003380510149177729e-01 -3.292022906762689244e-02
6.100237738039482327e-01 -3.214987864280279689e-02
6.197528378324663745e-01 -3.135730322339340403e-02
6.295241618302156450e-01 -3.054230653258073816e-02
6.393366598302444581e-01 -2.970422925205029943e-02
6.491892412895989839e-01 -2.884257603860816352e-02
6.590808112105230876e-01 -2.795942714005219404e-02
6.690102702621547603e-01 -2.705845748129163258e-02
6.789765149027036095e-01 -2.614628375439941727e-02
6.889784375020977514e-01 -2.523038266809843680e-02
6.990149264650814542e-01 -2.431760101526869028e-02
7.090848663547572039e-01 -2.341172741739031005e-02
7.191871380165538730e-01 -2.250588890328407768e-02
7.293206187026060050e-01 -2.158920458582769958e-02
7.394841821965345563e-01 -2.064609548153841651e-02
7.496766989386134394e-01 -1.966387239918542668e-02
7.598970361513051053e-01 -1.863945484918128406e-02
7.701440579651563922e-01 -1.757797708571346568e-02
7.804166255450371015e-01 -1.649872189509243511e-02
7.907135972167069760e-01 -1.542170143171986592e-02
8.010338285937002034e-01 -1.436490615549701304e-02
8.113761727045106786e-01 -1.333814249936066815e-02
8.217394801200630372e-01 -1.233927513536099349e-02
8.321225990814590245e-01 -1.136128880374581533e-02
8.425243756279822138e-01 -1.039252295383433569e-02
8.529436537253458628e-01 -9.427286058408201885e-03
8.633792753941731402e-01 -8.466956914460690639e-03
8.738300808386934015e-01 -7.521978708100050294e-03
8.842949085756387495e-01 -6.610469407447497510e-03
8.947725955633289985e-01 -5.749430256440440749e-03
9.052619773309316109e-01 -4.954063364824388450e-03
9.157618881078770645e-01 -4.230978821809161343e-03
9.262711609534211021e-01 -3.581201254306416205e-03
9.367886278863364335e-01 -3.004007899861967437e-03
9.473131200147204556e-01 -2.497899758839031148e-03
9.578434676659028923e-01 -2.062119583143572337e-03
9.683785005164411430e-01 -1.696152713246787186e-03
9.789170477221889044e-01 -1.398960823856014966e-03
9.894579380484205267e-01 -1.169394570148150512e-03
9.999999999999998890e-01 -1.006701835722155144e-03
