9.999999999999998890e-01 -2.530823980836250080e-03
9.894579380484205267e-01 -1.291364325298117793e-03
9.789170477221889044e-01 2.061353791800659037e-04
9.683785005164411430e-01 1.877435539154346600e-03
9.578434676659028923e-01 3.677152602194363323e-03
9.473131200147204556e-01 5.571811422650605784e-03
9.367886278863364335e-01 7.538628564067790215e-03
9.262711609534211021e-01 9.560333265159183525e-03
9.157618881078770645e-01 1.162804175798940257e-02
9.052619773309316109e-01 1.373223679169236627e-02
8.947725955633289985e-01 1.586005474282013022e-02
8.842949085756387495e-01 1.800066517263658114e-02
8.738300808386934015e-01 2.014708015437641914e-02
8.633792753941731402e-01 2.229349047629095720e-02
8.529436537253458628e-01 2.443520072495344517e-02
8.425243756279822138e-01 2.656739306208202520e-02
8.321225990814590245e-01 2.868502942355082366e-02
8.217394801200630372e-01 3.078317482697592172e-02
8.113761727045106786e-01 3.285708868752862388e-02
8.010338285937002034e-01 3.490338823436463928e-02
7.907135972167069760e-01 3.691978399168796554e-02
7.804166255450371015e-01 3.890411398585695568e-02
7.701440579651563922e-01 4.085423943891575149e-02
7.598970361513051053e-01 4.276760722736759612e-02
7.496766989386134394e-01 4.464140407321763593e-02
7.394841821965345563e-01 4.647262209712637454e-02
7.293206187026060050e-01 4.825839253786694955e-02
7.191871380165538730e-01 4.999732577887453649e-02
7.090848663547572039e-01 5.168875689188326406e-02
6.990149264650814542e-01 5.333275577200875112e-02
6.889784375020977514e-01 5.492948626676744800e-02
6.789765149027036095e-01 5.647847940911233933e-02
6.690102702621547603e-01 5.797896228578614669e-02
6.590808112105230876e-01 5.942968898624932661e-02
6.491892412895989839e-01 6.082936142140324409e-02
6.393366598302444581e-01 6.217683861884628488e-02
6.295241618302156450e-01 6.347144897362898275e-02
6.197528378324663745e-01 6.471359500450496460e-02
6.100237738039482327e-01 6.590383161981269722e-02
6.003380510149177729e-01 6.704269883072057346e-02
5.906967459187653091e-01 6.813085503360759299e-02
5.811009300323815019e-01 6.916916629753103174e-02
5.715516698170692855e-01 7.015866029540103466e-02
5.620500265600203438e-01 7.110056686400810511e-02
5.525970562563653488e-01 7.199611723868515334e-02
5.431938094918128401e-01 7.284651434384940838e-02
5.338413313258880688e-01 7.365269400033334912e-02
5.245406611757882365e-01 7.441531897726445799e-02
5.152928327008634568e-01 7.513499700206854870e-02
5.060988736877365390e-01 7.581229866049168931e-02
4.969598059360780251e-01 7.644778921446356013e-02
4.878766451450451402e-01 7.704198978091923722e-02
4.788504008003974244e-01 7.759497867258104142e-02
4.698820760623064752e-01 7.810657369841063347e-02
4.609726676538650203e-01 7.857666667624131629e-02
4.521231657503131940e-01 7.900520439050331967e-02
4.433345538689928977e-01 7.939224028283750623e-02
4.346078087600411255e-01 7.973791457648010672e-02
4.259439002978354649e-01 8.004260401694751614e-02
4.173437913732044313e-01 8.030677026874270819e-02
4.088084377864137364e-01 8.053088145093684203e-02
4.003387881409395943e-01 8.071540651817037115e-02
3.919357837380436083e-01 8.086081048670673566e-02
3.836003584721576765e-01 8.096753209003158813e-02
3.753334387270930161e-01 8.103592980529039647e-02
3.671359432730831873e-01 8.106638666679931438e-02
3.590087831646743277e-01 8.105939165391694290e-02
3.509528616394713696e-01 8.101541741369626404e-02
3.429690740177547825e-01 8.093486311887509999e-02
3.350583076029753915e-01 8.081809068362011406e-02
3.272214415831418144e-01 8.066541253650304222e-02
3.194593469331089564e-01 8.047718744093892984e-02
3.117728863177794407e-01 8.025385374064707145e-02
3.041629139962280792e-01 7.999587074413511134e-02
2.966302757267624823e-01 7.970371584919218322e-02
2.891758086729252497e-01 7.937785943557447432e-02
2.818003413104546162e-01 7.901876840468685659e-02
2.745046933352085494e-01 7.862701801594788875e-02
2.672896755720651774e-01 7.820327336829259457e-02
2.601560898848094272e-01 7.774805010978229347e-02
2.531047290870154232e-01 7.726172436788415754e-02
2.461363768539343022e-01 7.674442345357612716e-02
2.392518076353984391e-01 7.619614109906117094e-02
2.324517865697500740e-01 7.561712001146962681e-02
2.257370693988056676e-01 7.500772589458144790e-02
2.191084023838638650e-01 7.436821272006911843e-02
2.125665222227673956e-01 7.369874815345894836e-02
2.061121559680280102e-01 7.299928682771590627e-02
1.997460209460230063e-01 7.226975416688580234e-02
1.934688246772731102e-01 7.151033779060807227e-02
1.872812647978095990e-01 7.072132438027001200e-02
1.811840289816407656e-01 6.990306849807623180e-02
1.751777948643248317e-01 6.905592758044067081e-02
1.692632299676588570e-01 6.818020860478735123e-02
1.634409916254914164e-01 6.727628742175489895e-02
1.577117269106679265e-01 6.634476542205409999e-02
1.520760725631161714e-01 6.538632271943463359e-02
1.465346549190801317e-01 6.440172945755204270e-02
1.410880898415101115e-01 6.339153093357285940e-02
1.357369826516168221e-01 6.235580848824079370e-02
1.304819280615971966e-01 6.129476383109946913e-02
1.253235101085391490e-01 6.020888841460273616e-02
1.202623020895129402e-01 5.909883709040753691e-02
1.152988664978553679e-01 5.796544867828989228e-02
1.104337549606562163e-01 5.680942287111191702e-02
1.056675081774507419e-01 5.563128476959292024e-02
1.010006558601274085e-01 5.443162937611944335e-02
9.643371667405697956e-02 5.321116138465559892e-02
9.196719818044885031e-02 5.197111094601120779e-02
8.760159677994161509e-02 5.071305124720325297e-02
8.333739765743386485e-02 4.943739545830976717e-02
7.917507472816209813e-02 4.814375099978304012e-02
7.511509058502996439e-02 4.683185904595740107e-02
7.115789644719716645e-02 4.550163082462930358e-02
6.730393210993146358e-02 4.415365110687802241e-02
6.355362589573076981e-02 4.278892728530289680e-02
5.990739460672012129e-02 4.140908182371064172e-02
5.636564347832906385e-02 4.001595954488228191e-02
5.292876613425423482e-02 3.861124646894339985e-02
4.959714454271368922e-02 3.719695352591650961e-02
4.637114897399441382e-02 3.577679675172690255e-02
4.325113795930202176e-02 3.435410413323324030e-02
4.023745825091396000e-02 3.292899439253703375e-02
3.733044478364233587e-02 3.149964973812262314e-02
3.453042063760936031e-02 3.006061101940689720e-02
3.183769700234129196e-02 2.860728697759314099e-02
2.925257314218321358e-02 2.713903898370879919e-02
2.677533636303963682e-02 2.565696227724402478e-02
2.440626198044326678e-02 2.416454404568034453e-02
2.214561328895736647e-02 2.266855038783278584e-02
1.999364153291383062e-02 2.118097452407400813e-02
1.795058587848985532e-02 1.971305475492731232e-02
1.601667338712764455e-02 1.827412019237631413e-02
1.419211899029970692e-02 1.687332292789704702e-02
1.247712546562085301e-02 1.551891761519144999e-02
1.087188341431266636e-02 1.419722018467277011e-02
9.376571240020115106e-03 1.287238641962298348e-02
7.991355128984078959e-03 1.152472998034755926e-02
6.716389031571567969e-03 1.015073919892575151e-02
5.551814645166519568e-03 8.759638700823991000e-03
4.497761398421062928e-03 7.370385374687199800e-03
3.554346436871580472e-03 6.008821506740592323e-03
2.721674609919344512e-03 4.705166076792772871e-03
1.999838459177394334e-03 3.491281533579800728e-03
1.388918208186096237e-03 2.399496936636593466e-03
8.889817534969424173e-04 1.459475968827926746e-03
5.000846571264760954e-04 6.986469127863597674e-04
2.222701403818971855e-04 1.381804769771801463e-04
5.556907905679420168e-05 -2.046207104919123764e-04
0.000000000000000000e+00 -3.201058022715665076e-04
0.000000000000000000e+00 -3.557051515141387973e-04
5.556907905679420168e-05 -1.309183906818493998e-03
2.222701403818971855e-04 -3.675905603148763284e-03
5.000846571264760954e-04 -5.296419225011502613e-03
8.889817534969424173e-04 -6.172429290265163578e-03
1.388918208186096237e-03 -6.713315917319244083e-03
1.999838459177394334e-03 -7.227699089524825676e-03
2.721674609919344512e-03 -7.878635105248272055e-03
3.554346436871580472e-03 -8.538567194404989014e-03
4.497761398421062928e-03 -9.113057388624373062e-03
5.551814645166519568e-03 -9.645701421262512301e-03
6.716389031571567969e-03 -1.017175265365041596e-02
7.991355128984078959e-03 -1.068905790384865225e-02
9.376571240020115106e-03 -1.120214905727398222e-02
1.087188341431266636e-02 -1.172836410539893418e-02
1.247712546562085301e-02 -1.226928676147780173e-02
1.419211899029970692e-02 -1.280819018236851146e-02
1.601667338712764455e-02 -1.333738786459795662e-02
1.795058587848985532e-02 -1.385841768722952116e-02
1.999364153291383062e-02 -1.436808958737317322e-02
2.214561328895736647e-02 -1.485947713005941577e-02
2.440626198044326678e-02 -1.532997981796086449e-02
2.677533636303963682e-02 -1.577990230990601248e-02
2.925257314218321358e-02 -1.620866793654680144e-02
3.183769700234129196e-02 -1.661566799870797806e-02
3.453042063760936031e-02 -1.700424184675406597e-02
3.733044478364233587e-02 -1.737925114839971100e-02
4.023745825091396000e-02 -1.774328272520503749e-02
4.325113795930202176e-02 -1.809751272524634177e-02
4.637114897399441382e-02 -1.844045107840623296e-02
4.959714454271368922e-02 -1.876997339176930332e-02
5.292876613425423482e-02 -1.908498674697208311e-02
5.636564347832906385e-02 -1.938463082791580527e-02
5.990739460672012129e-02 -1.966788072486604783e-02
6.355362589573076981e-02 -1.993385257822989642e-02
6.730393210993146358e-02 -2.018218472440570094e-02
7.115789644719716645e-02 -2.041267526683165565e-02
7.511509058502996439e-02 -2.062528111553917076e-02
7.917507472816209813e-02 -2.082025611031869394e-02
8.333739765743386485e-02 -2.099840953408843233e-02
8.760159677994161509e-02 -2.116061711842503329e-02
9.196719818044885031e-02 -2.130774160166209671e-02
9.643371667405697956e-02 -2.144008667687489350e-02
1.010006558601274085e-01 -2.155716366717455590e-02
1.056675081774507419e-01 -2.165864781479961976e-02
1.104337549606562163e-01 -2.174448762762741169e-02
1.152988664978553679e-01 -2.181468680729630946e-02
1.202623020895129402e-01 -2.186929868681279643e-02
1.253235101085391490e-01 -2.190855468545973433e-02
1.304819280615971966e-01 -2.193284626599895440e-02
1.357369826516168221e-01 -2.194268850569493570e-02
1.410880898415101115e-01 -2.193870255472952710e-02
1.465346549190801317e-01 -2.192172834404473858e-02
1.520760725631161714e-01 -2.189275134103172218e-02
1.577117269106679265e-01 -2.185287518179914942e-02
1.634409916254914164e-01 -2.180313835074906142e-02
1.692632299676588570e-01 -2.174371155028177738e-02
1.751777948643248317e-01 -2.167441266930865418e-02
1.811840289816407656e-01 -2.159515465812539975e-02
1.872812647978095990e-01 -2.150588638808989886e-02
1.934688246772731102e-01 -2.140656533000831821e-02
1.997460209460230063e-01 -2.129716499674061403e-02
2.061121559680280102e-01 -2.117771100481240926e-02
2.125665222227673956e-01 -2.104825200852731074e-02
2.191084023838638650e-01 -2.090887002067733785e-02
2.257370693988056676e-01 -2.075967076101673317e-02
2.324517865697500740e-01 -2.060080496387402954e-02
2.392518076353984391e-01 -2.043244932677231590e-02
2.461363768539343022e-01 -2.025482157142743933e-02
2.531047290870154232e-01 -2.006816777578276575e-02
2.601560898848094272e-01 -1.987277642625507809e-02
2.672896755720651774e-01 -1.966896829996860399e-02
2.745046933352085494e-01 -1.945710755951587240e-02
2.818003413104546162e-01 -1.923759057840435452e-02
2.891758086729252497e-01 -1.901085211483485859e-02
2.966302757267624823e-01 -1.877736934652787099e-02
3.041629139962280792e-01 -1.853766438860149357e-02
3.117728863177794407e-01 -1.829228979887076792e-02
3.194593469331089564e-01 -1.804182839585122961e-02
3.272214415831418144e-01 -1.778692906154309000e-02
3.350583076029753915e-01 -1.752828963185687136e-02
3.429690740177547825e-01 -1.726659150542147678e-02
3.509528616394713696e-01 -1.700246609461739805e-02
3.590087831646743277e-01 -1.673618380521988899e-02
3.671359432730831873e-01 -1.646782466252768098e-02
3.753334387270930161e-01 -1.619752206397653480e-02
3.836003584721576765e-01 -1.592543217692549487e-02
3.919357837380436083e-01 -1.565169521456261092e-02
4.003387881409395943e-01 -1.537644879047772237e-02
4.088084377864137364e-01 -1.509984836299743845e-02
4.173437913732044313e-01 -1.482205519794254495e-02
4.259439002978354649e-01 -1.454323129318860555e-02
4.346078087600411255e-01 -1.426354132766514266e-02
4.433345538689928977e-01 -1.398315851410053545e-02
4.521231657503131940e-01 -1.370226007090358071e-02
4.609726676538650203e-01 -1.342102939081467848e-02
4.698820760623064752e-01 -1.313965228268880459e-02
4.788504008003974244e-01 -1.285831773353037118e-02
4.878766451450451402e-01 -1.257722118556628237e-02
4.969598059360780251e-01 -1.229656971600709067e-02
5.060988736877365390e-01 -1.201656225589333403e-02
5.152928327008634568e-01 -1.173738171420129345e-02
5.245406611757882365e-01 -1.145919178183668445e-02
5.338413313258880688e-01 -1.118213183617004607e-02
5.431938094918128401e-01 -1.090634659548582464e-02
5.525970562563653488e-01 -1.063198901572030668e-02
5.620500265600203438e-01 -1.035921080747656021e-02
5.715516698170692855e-01 -1.008816217769370471e-02
5.811009300323815019e-01 -9.818996314599818392e-03
5.906967459187653091e-01 -9.551868947735013549e-03
6.003380510149177729e-01 -9.286935994734952030e-03
6.100237738039482327e-01 -9.024353626314424517e-03
6.197528378324663745e-01 -8.764279814797258997e-03
6.295241618302156450e-01 -8.506873616842720864e-03
6.393366598302444581e-01 -8.252294318252251237e-03
6.491892412895989839e-01 -8.000701540352405869e-03
6.590808112105230876e-01 -7.752256440457809886e-03
6.690102702621547603e-01 -7.507120626430648612e-03
6.789765149027036095e-01 -7.265454724958073790e-03
6.889784375020977514e-01 -7.027419640485557846e-03
6.990149264650814542e-01 -6.793179030791414441e-03
7.090848663547572039e-01 -6.562895997286954421e-03
7.191871380165538730e-01 -6.336728721639510974e-03
7.293206187026060050e-01 -6.114837054618987855e-03
7.394841821965345563e-01 -5.897389396716133311e-03
7.496766989386134394e-01 -5.684549003586726948e-03
7.598970361513051053e-01 -5.476462090638754832e-03
7.701440579651563922e-01 -5.273285942690239189e-03
7.804166255450371015e-01 -5.075206406285401664e-03
7.907135972167069760e-01 -4.882382123739509305e-03
8.010338285937002034e-01 -4.694918529367724316e-03
8.113761727045106786e-01 -4.512977524144323911e-03
8.217394801200630372e-01 -4.336809195623925542e-03
8.321225990814590245e-01 -4.166543800833072582e-03
8.425243756279822138e-01 -4.002161204256541108e-03
8.529436537253458628e-01 -3.843839935611979754e-03
8.633792753941731402e-01 -3.691921311275137528e-03
8.738300808386934015e-01 -3.545693899654938589e-03
8.842949085756387495e-01 -3.403603203764458268e-03
8.947725955633289985e-01 -3.265515180995304332e-03
9.052619773309316109e-01 -3.132136903677200119e-03
9.157618881078770645e-01 -3.001413983041235304e-03
9.262711609534211021e-01 -2.870153361334421872e-03
9.367886278863364335e-01 -2.740698354347222317e-03
9.473131200147204556e-01 -2.616622394175039702e-03
9.578434676659028923e-01 -2.489080305690169210e-03
9.683785005164411430e-01 -2.351682524306453626e-03
9.789170477221889044e-01 -2.245160362354257661e-03
9.894579380484205267e-01 -2.248972376551432520e-03
9.999999999999998890e-01 -2.546763299217762178e-03
