9.999999999999998890e-01 -1.413770566927006382e-03
9.894579380484205267e-01 7.072025664625163077e-04
9.789170477221889044e-01 2.824907282526924364e-03
9.683785005164411430e-01 4.938296716477755602e-03
9.578434676659028923e-01 7.047885881113817585e-03
9.473131200147204556e-01 9.153867810844238534e-03
9.367886278863364335e-01 1.125467500904658684e-02
9.262711609534211021e-01 1.334665492806363582e-02
9.157618881078770645e-01 1.542213220237477478e-02
9.052619773309316109e-01 1.747597805159592857e-02
8.947725955633289985e-01 1.950892516546021832e-02
8.842949085756387495e-01 2.152184988693514600e-02
8.738300808386934015e-01 2.351480105845695293e-02
8.633792753941731402e-01 2.548692919426118197e-02
8.529436537253458628e-01 2.743619498394328504e-02
8.425243756279822138e-01 2.935800314296407518e-02
8.321225990814590245e-01 3.124519657739664377e-02
8.217394801200630372e-01 3.309529744340269225e-02
8.113761727045106786e-01 3.491030198268249563e-02
8.010338285937002034e-01 3.669055941608543453e-02
7.907135972167069760e-01 3.843503790125568642e-02
7.804166255450371015e-01 4.014372436884517531e-02
7.701440579651563922e-01 4.181725481142724299e-02
7.598970361513051053e-01 4.345561904921003971e-02
7.496766989386134394e-01 4.505818200553097369e-02
7.394841821965345563e-01 4.662232434891593752e-02
7.293206187026060050e-01 4.814492290291735171e-02
7.191871380165538730e-01 4.962565423267637638e-02
7.090848663547572039e-01 5.106519913392404408e-02
6.990149264650814542e-01 5.246368636092411247e-02
6.889784375020977514e-01 5.382112428287572775e-02
6.789765149027036095e-01 5.513778674224381615e-02
6.690102702621547603e-01 5.641399130020780667e-02
6.590808112105230876e-01 5.764995568827459976e-02
6.491892412895989839e-01 5.884590038892448943e-02
6.393366598302444581e-01 6.000211920625898171e-02
6.295241618302156450e-01 6.111892020147531579e-02
6.197528378324663745e-01 6.219661354189826019e-02
6.100237738039482327e-01 6.323551061720131261e-02
6.003380510149177729e-01 6.423592513794240677e-02
5.906967459187653091e-01 6.519820821300705005e-02
5.811009300323815019e-01 6.612277301966908161e-02
5.715516698170692855e-01 6.700998204818039983e-02
5.620500265600203438e-01 6.786012113689074421e-02
5.525970562563653488e-01 6.867362271591501144e-02
5.431938094918128401e-01 6.945109118031325690e-02
5.338413313258880688e-01 7.019285173314356030e-02
5.245406611757882365e-01 7.089897430227912190e-02
5.152928327008634568e-01 7.157022211305330561e-02
5.060988736877365390e-01 7.220776544043644440e-02
4.969598059360780251e-01 7.281006926400580836e-02
4.878766451450451402e-01 7.337383588934555390e-02
4.788504008003974244e-01 7.389797862191473110e-02
4.698820760623064752e-01 7.438282259535956842e-02
4.609726676538650203e-01 7.482904791014589885e-02
4.521231657503131940e-01 7.523747775047676112e-02
4.433345538689928977e-01 7.560874049704101318e-02
4.346078087600411255e-01 7.594341033236493010e-02
4.259439002978354649e-01 7.624222824901136231e-02
4.173437913732044313e-01 7.650596353584229736e-02
4.088084377864137364e-01 7.673524160534314631e-02
4.003387881409395943e-01 7.693070436653140498e-02
3.919357837380436083e-01 7.709321887699913112e-02
3.836003584721576765e-01 7.722361942739737473e-02
3.753334387270930161e-01 7.732246241042496637e-02
3.671359432730831873e-01 7.738906236034402697e-02
3.590087831646743277e-01 7.741962774016601656e-02
3.509528616394713696e-01 7.741171183773243314e-02
3.429690740177547825e-01 7.736690020931555334e-02
3.350583076029753915e-01 7.728676288317185006e-02
3.272214415831418144e-01 7.717187510183484700e-02
3.194593469331089564e-01 7.702305494200566149e-02
3.117728863177794407e-01 7.684164752540567633e-02
3.041629139962280792e-01 7.662872888015469230e-02
2.966302757267624823e-01 7.638498933108137101e-02
2.891758086729252497e-01 7.611162968893916969e-02
2.818003413104546162e-01 7.581021887467895293e-02
2.745046933352085494e-01 7.547805577587442249e-02
2.672896755720651774e-01 7.510882183291082981e-02
2.601560898848094272e-01 7.470108301505294646e-02
2.531047290870154232e-01 7.425722823018025831e-02
2.461363768539343022e-01 7.377884279780799748e-02
2.392518076353984391e-01 7.326697709236629219e-02
2.324517865697500740e-01 7.272319756112342881e-02
2.257370693988056676e-01 7.214929059380503773e-02
2.191084023838638650e-01 7.154652728129662353e-02
2.125665222227673956e-01 7.091606030142123818e-02
2.061121559680280102e-01 7.025977542148952038e-02
1.997460209460230063e-01 6.957958021102790547e-02
1.934688246772731102e-01 6.887607771831592840e-02
1.872812647978095990e-01 6.815006950964591637e-02
1.811840289816407656e-01 6.740489430919961722e-02
1.751777948643248317e-01 6.664274839480631429e-02
1.692632299676588570e-01 6.585965795373313614e-02
1.634409916254914164e-01 6.505082949215017230e-02
1.577117269106679265e-01 6.421289131815383078e-02
1.520760725631161714e-01 6.334471533684049582e-02
1.465346549190801317e-01 6.244985137823411830e-02
1.410880898415101115e-01 6.153158550054710352e-02
1.357369826516168221e-01 6.059137623062815781e-02
1.304819280615971966e-01 5.963088270648560230e-02
1.253235101085391490e-01 5.865239378203469800e-02
1.202623020895129402e-01 5.765603968686331543e-02
1.152988664978553679e-01 5.663899457117450159e-02
1.104337549606562163e-01 5.560170586337426918e-02
1.056675081774507419e-01 5.454859266685556374e-02
1.010006558601274085e-01 5.348200525910852543e-02
9.643371667405697956e-02 5.240223654762014849e-02
9.196719818044885031e-02 5.131288743136469543e-02
8.760159677994161509e-02 5.021959625123208898e-02
8.333739765743386485e-02 4.911786015396850391e-02
7.917507472816209813e-02 4.799685596445839308e-02
7.511509058502996439e-02 4.685415865082767639e-02
7.115789644719716645e-02 4.569239944419183075e-02
6.730393210993146358e-02 4.451454492734058244e-02
6.355362589573076981e-02 4.332402537801205433e-02
5.990739460672012129e-02 4.212648225163401206e-02
5.636564347832906385e-02 4.092719305113157180e-02
5.292876613425423482e-02 3.972448027524895509e-02
4.959714454271368922e-02 3.851222107174735038e-02
4.637114897399441382e-02 3.727495205822979607e-02
4.325113795930202176e-02 3.600095017292176403e-02
4.023745825091396000e-02 3.470203879304143563e-02
3.733044478364233587e-02 3.339142450713382393e-02
3.453042063760936031e-02 3.206992945456346028e-02
3.183769700234129196e-02 3.074121449740081780e-02
2.925257314218321358e-02 2.942196834206365144e-02
2.677533636303963682e-02 2.811337646603946638e-02
2.440626198044326678e-02 2.677989187019969020e-02
2.214561328895736647e-02 2.539972167757631807e-02
1.999364153291383062e-02 2.398353348464452028e-02
1.795058587848985532e-02 2.254494957109312581e-02
1.601667338712764455e-02 2.109715508705365186e-02
1.419211899029970692e-02 1.965617715356852632e-02
1.247712546562085301e-02 1.824117307663260593e-02
1.087188341431266636e-02 1.685976833876622061e-02
9.376571240020115106e-03 1.550642634097156199e-02
7.991355128984078959e-03 1.416018572778064526e-02
6.716389031571567969e-03 1.279069776250255433e-02
5.551814645166519568e-03 1.142158323896141393e-02
4.497761398421062928e-03 1.010962948434333472e-02
3.554346436871580472e-03 8.826967351422149860e-03
2.721674609919344512e-03 7.507990653522929325e-03
1.999838459177394334e-03 6.232385878819014097e-03
1.388918208186096237e-03 5.117632762361607433e-03
8.889817534969424173e-04 3.994890054989787970e-03
5.000846571264760954e-04 2.645499639100479944e-03
2.222701403818971855e-04 1.306499938394510346e-03
5.556907905679420168e-05 3.525164487089768595e-04
0.000000000000000000e+00 1.303139013790329582e-05
0.000000000000000000e+00 -3.304685885849021520e-05
5.556907905679420168e-05 -3.166993687861711817e-04
2.222701403818971855e-04 -1.106863096559602142e-03
5.000846571264760954e-04 -2.188949658131629852e-03
8.889817534969424173e-04 -3.211062037969443332e-03
1.388918208186096237e-03 -3.949795950286759741e-03
1.999838459177394334e-03 -4.608301140748569460e-03
2.721674609919344512e-03 -5.341709574603495901e-03
3.554346436871580472e-03 -6.034091828206168684e-03
4.497761398421062928e-03 -6.614456111464068339e-03
5.551814645166519568e-03 -7.166673779995637664e-03
6.716389031571567969e-03 -7.739127914122148795e-03
7.991355128984078959e-03 -8.297121361369536041e-03
9.376571240020115106e-03 -8.826631414385943675e-03
1.087188341431266636e-02 -9.350836339152993407e-03
1.247712546562085301e-02 -9.886156408431025222e-03
1.419211899029970692e-02 -1.043814691435078143e-02
1.601667338712764455e-02 -1.100519768618668168e-02
1.795058587848985532e-02 -1.157957719445634574e-02
1.999364153291383062e-02 -1.215575907989404833e-02
2.214561328895736647e-02 -1.273010996390438673e-02
2.440626198044326678e-02 -1.329812461983900101e-02
2.677533636303963682e-02 -1.385568611845098413e-02
2.925257314218321358e-02 -1.440863486484381985e-02
3.183769700234129196e-02 -1.496706817150922179e-02
3.453042063760936031e-02 -1.553007056281139296e-02
3.733044478364233587e-02 -1.609203605958814745e-02
4.023745825091396000e-02 -1.665099631976079200e-02
4.325113795930202176e-02 -1.720585049576821984e-02
4.637114897399441382e-02 -1.775242905893620327e-02
4.959714454271368922e-02 -1.828668935220211650e-02
5.292876613425423482e-02 -1.880949027879038823e-02
5.636564347832906385e-02 -1.932240083675118569e-02
5.990739460672012129e-02 -1.982480181104437009e-02
6.355362589573076981e-02 -2.031523960736681192e-02
6.730393210993146358e-02 -2.079123866685959540e-02
7.115789644719716645e-02 -2.125004331838423882e-02
7.511509058502996439e-02 -2.168867404013352651e-02
7.917507472816209813e-02 -2.210466495391186920e-02
8.333739765743386485e-02 -2.249670565558544583e-02
8.760159677994161509e-02 -2.286699719689692586e-02
9.196719818044885031e-02 -2.322338101720729936e-02
9.643371667405697956e-02 -2.356922444212291787e-02
1.010006558601274085e-01 -2.390075829237099658e-02
1.056675081774507419e-01 -2.421565600908786448e-02
1.104337549606562163e-01 -2.451392536816122958e-02
1.152988664978553679e-01 -2.479402668595920983e-02
1.202623020895129402e-01 -2.505289512986983921e-02
1.253235101085391490e-01 -2.529083650394991709e-02
1.304819280615971966e-01 -2.551093728124441753e-02
1.357369826516168221e-01 -2.571393384367093304e-02
1.410880898415101115e-01 -2.589879589485321806e-02
1.465346549190801317e-01 -2.606449493466762857e-02
1.520760725631161714e-01 -2.620996431437994448e-02
1.577117269106679265e-01 -2.633359285947169115e-02
1.634409916254914164e-01 -2.643372044187109263e-02
1.692632299676588570e-01 -2.651028251168213029e-02
1.751777948643248317e-01 -2.656398909725897831e-02
1.811840289816407656e-01 -2.659608904783655400e-02
1.872812647978095990e-01 -2.660754590124541144e-02
1.934688246772731102e-01 -2.659710285638838823e-02
1.997460209460230063e-01 -2.656309485327576145e-02
2.061121559680280102e-01 -2.650478083909796334e-02
2.125665222227673956e-01 -2.642148466243030708e-02
2.191084023838638650e-01 -2.631203166135841903e-02
2.257370693988056676e-01 -2.617526905264885156e-02
2.324517865697500740e-01 -2.601035955357565085e-02
2.392518076353984391e-01 -2.581638704219229447e-02
2.461363768539343022e-01 -2.559215355559624552e-02
2.531047290870154232e-01 -2.533662947697436565e-02
2.601560898848094272e-01 -2.504915251740442300e-02
2.672896755720651774e-01 -2.472861714370330755e-02
2.745046933352085494e-01 -2.437326262706571156e-02
2.818003413104546162e-01 -2.398452706464771281e-02
2.891758086729252497e-01 -2.356793206899327614e-02
2.966302757267624823e-01 -2.312592626561851480e-02
3.041629139962280792e-01 -2.265734321897674639e-02
3.117728863177794407e-01 -2.216147901841589163e-02
3.194593469331089564e-01 -2.163817948541290823e-02
3.272214415831418144e-01 -2.108664513809145602e-02
3.350583076029753915e-01 -2.050565434640964566e-02
3.429690740177547825e-01 -1.989509515650860969e-02
3.509528616394713696e-01 -1.925533645314319794e-02
3.590087831646743277e-01 -1.858438973793695784e-02
3.671359432730831873e-01 -1.788026631741581468e-02
3.753334387270930161e-01 -1.715080355323951936e-02
3.836003584721576765e-01 -1.640710896487267492e-02
3.919357837380436083e-01 -1.565267900406162871e-02
4.003387881409395943e-01 -1.488795751348019961e-02
4.088084377864137364e-01 -1.411265868124713524e-02
4.173437913732044313e-01 -1.332640122965736071e-02
4.259439002978354649e-01 -1.252935634353058610e-02
4.346078087600411255e-01 -1.172171751604299435e-02
4.433345538689928977e-01 -1.090326298536637394e-02
4.521231657503131940e-01 -1.007383737945125035e-02
4.609726676538650203e-01 -9.233723468457591399e-03
4.698820760623064752e-01 -8.383019565711805760e-03
4.788504008003974244e-01 -7.521213718990896017e-03
4.878766451450451402e-01 -6.648196992462178725e-03
4.969598059360780251e-01 -5.764881554192788360e-03
5.060988736877365390e-01 -4.876437989316154999e-03
5.152928327008634568e-01 -3.994713581717702217e-03
5.245406611757882365e-01 -3.126164294236826163e-03
5.338413313258880688e-01 -2.268982188193377665e-03
5.431938094918128401e-01 -1.422588889044064300e-03
5.525970562563653488e-01 -5.885031855942725754e-04
5.620500265600203438e-01 2.326368695361766910e-04
5.715516698170692855e-01 1.041139306315054221e-03
5.811009300323815019e-01 1.836704996672352055e-03
5.906967459187653091e-01 2.618538687291868932e-03
6.003380510149177729e-01 3.386376593345131678e-03
6.100237738039482327e-01 4.140292207981313005e-03
6.197528378324663745e-01 4.879896346720834222e-03
6.295241618302156450e-01 5.603713476183700727e-03
6.393366598302444581e-01 6.303585991676480954e-03
6.491892412895989839e-01 6.969311872188240636e-03
6.590808112105230876e-01 7.598992073911590116e-03
6.690102702621547603e-01 8.193784082032345290e-03
6.789765149027036095e-01 8.752880135912900067e-03
6.889784375020977514e-01 9.275066978705899523e-03
6.990149264650814542e-01 9.760331446668071148e-03
7.090848663547572039e-01 1.020868557070670618e-02
7.191871380165538730e-01 1.061898681372315523e-02
7.293206187026060050e-01 1.099047916937715558e-02
7.394841821965345563e-01 1.132439320148208653e-02
7.496766989386134394e-01 1.161909525949873789e-02
7.598970361513051053e-01 1.186476987020281502e-02
7.701440579651563922e-01 1.205326594649365132e-02
7.804166255450371015e-01 1.218262988267170346e-02
7.907135972167069760e-01 1.225228236300764280e-02
8.010338285937002034e-01 1.226266836660329027e-02
8.113761727045106786e-01 1.221342909537534958e-02
8.217394801200630372e-01 1.210290971050112172e-02
8.321225990814590245e-01 1.193114167005657547e-02
8.425243756279822138e-01 1.170018960743752189e-02
8.529436537253458628e-01 1.140708185844790945e-02
8.633792753941731402e-01 1.104358689419119958e-02
8.738300808386934015e-01 1.060471710484406013e-02
8.842949085756387495e-01 1.008862217786948672e-02
8.947725955633289985e-01 9.493936743814240797e-03
9.052619773309316109e-01 8.819827506915064314e-03
9.157618881078770645e-01 8.068283007003382995e-03
9.262711609534211021e-01 7.241629852025960497e-03
9.367886278863364335e-01 6.329304784378970636e-03
9.473131200147204556e-01 5.315145157002115588e-03
9.578434676659028923e-01 4.191879748112162414e-03
9.683785005164411430e-01 2.956792213482907754e-03
9.789170477221889044e-01 1.610740357354398722e-03
9.894579380484205267e-01 1.552614134498607359e-04
9.999999999999998890e-01 -1.411150420897069489e-03
