9.999999999999998890e-01 4.101954490766610632e-08
9.894579380484205267e-01 2.264490847570475255e-03
9.789170477221889044e-01 4.643893423029992612e-03
9.683785005164411430e-01 7.105861971058819934e-03
9.578434676659028923e-01 9.628173032954863084e-03
9.473131200147204556e-01 1.218557817496482808e-02
9.367886278863364335e-01 1.473892869336587870e-02
9.262711609534211021e-01 1.725535870833008051e-02
9.157618881078770645e-01 1.972174802047193046e-02
9.052619773309316109e-01 2.214957201816638438e-02
8.947725955633289985e-01 2.459114829650691642e-02
8.842949085756387495e-01 2.706618476086043376e-02
8.738300808386934015e-01 2.953597739234677111e-02
8.633792753941731402e-01 3.198242013428966024e-02
8.529436537253458628e-01 3.442162739634503643e-02
8.425243756279822138e-01 3.686421466276981057e-02
8.321225990814590245e-01 3.931158455553545455e-02
8.217394801200630372e-01 4.175799527960195184e-02
8.113761727045106786e-01 4.419142135830783635e-02
8.010338285937002034e-01 4.660047279504708068e-02
7.907135972167069760e-01 4.897500029351225387e-02
7.804166255450371015e-01 5.131143598277574519e-02
7.701440579651563922e-01 5.361063127789320731e-02
7.598970361513051053e-01 5.587338552611535725e-02
7.496766989386134394e-01 5.810020116387753369e-02
7.394841821965345563e-01 6.028984064863116693e-02
7.293206187026060050e-01 6.243999894904751768e-02
7.191871380165538730e-01 6.454681423832341058e-02
7.090848663547572039e-01 6.660600706568321761e-02
6.990149264650814542e-01 6.861432857812793662e-02
6.889784375020977514e-01 7.056953098729235041e-02
6.789765149027036095e-01 7.247223304357297557e-02
6.690102702621547603e-01 7.432399250261233214e-02
6.590808112105230876e-01 7.612695169808950113e-02
6.491892412895989839e-01 7.788266537774463094e-02
6.393366598302444581e-01 7.959057729564335271e-02
6.295241618302156450e-01 8.124891762696338782e-02
6.197528378324663745e-01 8.285390019863622668e-02
6.100237738039482327e-01 8.440169368520919480e-02
6.003380510149177729e-01 8.588899962286908329e-02
5.906967459187653091e-01 8.731353671657013371e-02
5.811009300323815019e-01 8.867465393114269678e-02
5.715516698170692855e-01 8.997221949861952672e-02
5.620500265600203438e-01 9.120661427671596100e-02
5.525970562563653488e-01 9.237812368350713232e-02
5.431938094918128401e-01 9.348687540088806980e-02
5.338413313258880688e-01 9.453311014124617107e-02
5.245406611757882365e-01 9.551719067112805772e-02
5.152928327008634568e-01 9.643943619389254429e-02
5.060988736877365390e-01 9.730013832578691957e-02
4.969598059360780251e-01 9.809978693399065697e-02
4.878766451450451402e-01 9.883905405534873512e-02
4.788504008003974244e-01 9.951902035658323487e-02
4.698820760623064752e-01 1.001409918543273297e-01
4.609726676538650203e-01 1.007060932387703750e-01
4.521231657503131940e-01 1.012154103390596471e-01
4.433345538689928977e-01 1.016704149991834033e-01
4.346078087600411255e-01 1.020727637461721210e-01
4.259439002978354649e-01 1.024242275085888443e-01
4.173437913732044313e-01 1.027266671778985091e-01
4.088084377864137364e-01 1.029821762305192928e-01
4.003387881409395943e-01 1.031926315323172805e-01
3.919357837380436083e-01 1.033588152248813563e-01
3.836003584721576765e-01 1.034808901353072991e-01
3.753334387270930161e-01 1.035578903467925527e-01
3.671359432730831873e-01 1.035888126191315262e-01
3.590087831646743277e-01 1.035731419358820182e-01
3.509528616394713696e-01 1.035105080805804739e-01
3.429690740177547825e-01 1.034006822017641686e-01
3.350583076029753915e-01 1.032432441962592290e-01
3.272214415831418144e-01 1.030374139176010728e-01
3.194593469331089564e-01 1.027837418755916388e-01
3.117728863177794407e-01 1.024848934286952951e-01
3.041629139962280792e-01 1.021442277693744571e-01
2.966302757267624823e-01 1.017657260723513341e-01
2.891758086729252497e-01 1.013522389989444106e-01
2.818003413104546162e-01 1.009053335840535554e-01
2.745046933352085494e-01 1.004264085222840164e-01
2.672896755720651774e-01 9.991677224488353104e-02
2.601560898848094272e-01 9.937780824259040413e-02
2.531047290870154232e-01 9.881086064454468187e-02
2.461363768539343022e-01 9.821609083178785282e-02
2.392518076353984391e-01 9.759268880778700084e-02
2.324517865697500740e-01 9.693796696229108056e-02
2.257370693988056676e-01 9.624843427361834403e-02
2.191084023838638650e-01 9.552224189950207778e-02
2.125665222227673956e-01 9.475836541469445651e-02
2.061121559680280102e-01 9.395620007302957211e-02
1.997460209460230063e-01 9.311543416129058892e-02
1.934688246772731102e-01 9.223643699699866916e-02
1.872812647978095990e-01 9.131994247223941541e-02
1.811840289816407656e-01 9.036730787399775700e-02
1.751777948643248317e-01 8.937999698590053110e-02
1.692632299676588570e-01 8.835928360872512266e-02
1.634409916254914164e-01 8.730652658613552441e-02
1.577117269106679265e-01 8.622343950751475139e-02
1.520760725631161714e-01 8.511157511712488799e-02
1.465346549190801317e-01 8.397195459917440596e-02
1.410880898415101115e-01 8.280461728288077139e-02
1.357369826516168221e-01 8.160783242297006690e-02
1.304819280615971966e-01 8.038012870563439327e-02
1.253235101085391490e-01 7.912080880733765587e-02
1.202623020895129402e-01 7.782964661290958652e-02
1.152988664978553679e-01 7.650698272960174129e-02
1.104337549606562163e-01 7.515362785872474471e-02
1.056675081774507419e-01 7.377089228085623174e-02
1.010006558601274085e-01 7.236009482150448924e-02
9.643371667405697956e-02 7.092246341104896379e-02
9.196719818044885031e-02 6.945802334739345496e-02
8.760159677994161509e-02 6.796587156302058563e-02
8.333739765743386485e-02 6.644597022545044307e-02
7.917507472816209813e-02 6.489893153494726008e-02
7.511509058502996439e-02 6.332562555039379648e-02
7.115789644719716645e-02 6.172704103402780473e-02
6.730393210993146358e-02 6.010395964306503025e-02
6.355362589573076981e-02 5.845713857024770893e-02
5.990739460672012129e-02 5.678785915541891688e-02
5.636564347832906385e-02 5.509787431856034978e-02
5.292876613425423482e-02 5.339033964197733434e-02
4.959714454271368922e-02 5.166842568569601779e-02
4.637114897399441382e-02 4.993322486272385591e-02
4.325113795930202176e-02 4.818531607682148554e-02
4.023745825091396000e-02 4.642553893284562250e-02
3.733044478364233587e-02 4.465491312226178844e-02
3.453042063760936031e-02 4.287482451727210597e-02
3.183769700234129196e-02 4.108695959121159980e-02
2.925257314218321358e-02 3.929359227727936138e-02
2.677533636303963682e-02 3.749761368472084855e-02
2.440626198044326678e-02 3.570297420154278090e-02
2.214561328895736647e-02 3.390952050064904855e-02
1.999364153291383062e-02 3.210969537438278926e-02
1.795058587848985532e-02 3.029906874014595686e-02
1.601667338712764455e-02 2.847922212169750472e-02
1.419211899029970692e-02 2.666131759118194403e-02
1.247712546562085301e-02 2.486669620060535241e-02
1.087188341431266636e-02 2.308742254253975251e-02
9.376571240020115106e-03 2.128551342790984194e-02
7.991355128984078959e-03 1.944971512215970880e-02
6.716389031571567969e-03 1.759491734050561140e-02
5.551814645166519568e-03 1.575227422270185362e-02
4.497761398421062928e-03 1.395604759615672909e-02
3.554346436871580472e-03 1.214588610591748122e-02
2.721674609919344512e-03 1.021521082568477810e-02
1.999838459177394334e-03 8.178730065406114927e-03
1.388918208186096237e-03 6.121351729472780494e-03
8.889817534969424173e-04 4.169018147799259839e-03
5.000846571264760954e-04 2.463274998939588706e-03
2.222701403818971855e-04 1.132332399609571561e-03
5.556907905679420168e-05 2.895450819604910133e-04
0.000000000000000000e+00 -3.053648577476821425e-08
0.000000000000000000e+00 2.674555718833288998e-08
5.556907905679420168e-05 -1.916187308983620234e-04
2.222701403818971855e-04 -7.462176334555531768e-04
5.000846571264760954e-04 -1.613777825724424650e-03
8.889817534969424173e-04 -2.706844190691448659e-03
1.388918208186096237e-03 -3.927892682654704135e-03
1.999838459177394334e-03 -5.173028090700397368e-03
2.721674609919344512e-03 -6.353667463714744897e-03
3.554346436871580472e-03 -7.418877831430827768e-03
4.497761398421062928e-03 -8.380501052667925846e-03
5.551814645166519568e-03 -9.358415583505615490e-03
6.716389031571567969e-03 -1.042003861031060019e-02
7.991355128984078959e-03 -1.153044185340051930e-02
9.376571240020115106e-03 -1.265018098980206888e-02
1.087188341431266636e-02 -1.374687046813828986e-02
1.247712546562085301e-02 -1.481581613091918770e-02
1.419211899029970692e-02 -1.588169998668239116e-02
1.601667338712764455e-02 -1.694299228048486844e-02
1.795058587848985532e-02 -1.797256938059594786e-02
1.999364153291383062e-02 -1.895620496025542459e-02
2.214561328895736647e-02 -1.989203633288197035e-02
2.440626198044326678e-02 -2.079312575199208923e-02
2.677533636303963682e-02 -2.168073540341408992e-02
2.925257314218321358e-02 -2.255989672808392243e-02
3.183769700234129196e-02 -2.342627547549177083e-02
3.453042063760936031e-02 -2.427505202031814829e-02
3.733044478364233587e-02 -2.510155897086961338e-02
4.023745825091396000e-02 -2.590326116316210917e-02
4.325113795930202176e-02 -2.667934184463335509e-02
4.637114897399441382e-02 -2.743358753764757463e-02
4.959714454271368922e-02 -2.817095699122207711e-02
5.292876613425423482e-02 -2.889495873817439150e-02
5.636564347832906385e-02 -2.960775027228253892e-02
5.990739460672012129e-02 -3.030807628723109284e-02
6.355362589573076981e-02 -3.099438042109450148e-02
6.730393210993146358e-02 -3.166645202975290618e-02
7.115789644719716645e-02 -3.232437653401355054e-02
7.511509058502996439e-02 -3.296836154052367601e-02
7.917507472816209813e-02 -3.359860480590946830e-02
8.333739765743386485e-02 -3.421524735795961752e-02
8.760159677994161509e-02 -3.481845542897434725e-02
9.196719818044885031e-02 -3.540845874852791009e-02
9.643371667405697956e-02 -3.598592315347147463e-02
1.010006558601274085e-01 -3.655210186862945659e-02
1.056675081774507419e-01 -3.710735009017281788e-02
1.104337549606562163e-01 -3.765087971936016686e-02
1.152988664978553679e-01 -3.818174147818846620e-02
1.202623020895129402e-01 -3.869889597980541440e-02
1.253235101085391490e-01 -3.920138530060798820e-02
1.304819280615971966e-01 -3.968832384013838005e-02
1.357369826516168221e-01 -4.015881113259642254e-02
1.410880898415101115e-01 -4.061193790787324953e-02
1.465346549190801317e-01 -4.104683425114544204e-02
1.520760725631161714e-01 -4.146269481794692680e-02
1.577117269106679265e-01 -4.185906280439071619e-02
1.634409916254914164e-01 -4.223569139246707155e-02
1.692632299676588570e-01 -4.259256039733829574e-02
1.751777948643248317e-01 -4.292977146499275809e-02
1.811840289816407656e-01 -4.324757425831057128e-02
1.872812647978095990e-01 -4.354634730474394450e-02
1.934688246772731102e-01 -4.382682763713362240e-02
1.997460209460230063e-01 -4.408983011816741682e-02
2.061121559680280102e-01 -4.433606634662597829e-02
2.125665222227673956e-01 -4.456625037786302035e-02
2.191084023838638650e-01 -4.478118245835259470e-02
2.257370693988056676e-01 -4.498150807955385300e-02
2.324517865697500740e-01 -4.516741816787792074e-02
2.392518076353984391e-01 -4.533833972270531060e-02
2.461363768539343022e-01 -4.549220330182230515e-02
2.531047290870154232e-01 -4.562788162154589322e-02
2.601560898848094272e-01 -4.574635349486116942e-02
2.672896755720651774e-01 -4.585017737551790040e-02
2.745046933352085494e-01 -4.594394011924912008e-02
2.818003413104546162e-01 -4.603040259252372257e-02
2.891758086729252497e-01 -4.610971401235597344e-02
2.966302757267624823e-01 -4.618108636091425995e-02
3.041629139962280792e-01 -4.624295129049829645e-02
3.117728863177794407e-01 -4.629476567865693781e-02
3.194593469331089564e-01 -4.633684362058285849e-02
3.272214415831418144e-01 -4.636767077865699971e-02
3.350583076029753915e-01 -4.638362821130315866e-02
3.429690740177547825e-01 -4.637327441400658501e-02
3.509528616394713696e-01 -4.632089781156169955e-02
3.590087831646743277e-01 -4.621831779610520441e-02
3.671359432730831873e-01 -4.606186290272610423e-02
3.753334387270930161e-01 -4.585044308028528304e-02
3.836003584721576765e-01 -4.558491350100210560e-02
3.919357837380436083e-01 -4.527096320777426741e-02
4.003387881409395943e-01 -4.491544678512736366e-02
4.088084377864137364e-01 -4.452181204170539697e-02
4.173437913732044313e-01 -4.409168579509451652e-02
4.259439002978354649e-01 -4.362359462401612514e-02
4.346078087600411255e-01 -4.311542126986606799e-02
4.433345538689928977e-01 -4.256560332628683829e-02
4.521231657503131940e-01 -4.197307244339487653e-02
4.609726676538650203e-01 -4.133782461273981940e-02
4.698820760623064752e-01 -4.066065270200902582e-02
4.788504008003974244e-01 -3.994378283949051589e-02
4.878766451450451402e-01 -3.918963048031428448e-02
4.969598059360780251e-01 -3.840057132880066865e-02
5.060988736877365390e-01 -3.757841390785290892e-02
5.152928327008634568e-01 -3.672403147576835947e-02
5.245406611757882365e-01 -3.583777629774207579e-02
5.338413313258880688e-01 -3.491940358407095990e-02
5.431938094918128401e-01 -3.396874425808273784e-02
5.525970562563653488e-01 -3.298580894043176559e-02
5.620500265600203438e-01 -3.197151442344610406e-02
5.715516698170692855e-01 -3.092767353623452134e-02
5.811009300323815019e-01 -2.985635163270778519e-02
5.906967459187653091e-01 -2.875980451267373672e-02
6.003380510149177729e-01 -2.764044694523768234e-02
6.100237738039482327e-01 -2.650085502603736695e-02
6.197528378324663745e-01 -2.534416135012850305e-02
6.295241618302156450e-01 -2.417386147893475778e-02
6.393366598302444581e-01 -2.299376118341309866e-02
6.491892412895989839e-01 -2.180769081315882610e-02
6.590808112105230876e-01 -2.061863767811571505e-02
6.690102702621547603e-01 -1.942912022843732225e-02
6.789765149027036095e-01 -1.824098593678905034e-02
6.889784375020977514e-01 -1.705585669139597291e-02
6.990149264650814542e-01 -1.587536524831776458e-02
7.090848663547572039e-01 -1.470156129586101465e-02
7.191871380165538730e-01 -1.353802571553273416e-02
7.293206187026060050e-01 -1.238848514245147019e-02
7.394841821965345563e-01 -1.125603219791234191e-02
7.496766989386134394e-01 -1.014438217432995018e-02
7.598970361513051053e-01 -9.059128628795015681e-03
7.701440579651563922e-01 -8.005911172139652462e-03
7.804166255450371015e-01 -6.989872529745197634e-03
7.907135972167069760e-01 -6.018008360311562742e-03
8.010338285937002034e-01 -5.100557082110899164e-03
8.113761727045106786e-01 -4.240794989412845911e-03
8.217394801200630372e-01 -3.431557221365730877e-03
8.321225990814590245e-01 -2.678047352433046095e-03
8.425243756279822138e-01 -2.001707431667092835e-03
8.529436537253458628e-01 -1.418138684408486476e-03
8.633792753941731402e-01 -9.341022427404748786e-04
8.738300808386934015e-01 -5.259468923927884719e-04
8.842949085756387495e-01 -1.486843553282161522e-04
8.947725955633289985e-01 1.665078068176294537e-04
9.052619773309316109e-01 3.415966466958252545e-04
9.157618881078770645e-01 4.198522639544588399e-04
9.262711609534211021e-01 5.110802950359227955e-04
9.367886278863364335e-01 6.290597397137295691e-04
9.473131200147204556e-01 7.342740608323648993e-04
9.578434676659028923e-01 7.731177206057147791e-04
9.683785005164411430e-01 6.973231980448392269e-04
9.789170477221889044e-01 5.259093633357618362e-04
9.894579380484205267e-01 2.945571395266752398e-04
9.999999999999998890e-01 -1.494944929718120307e-07
