9.999999999999998890e-01 7.457397416016899115e-10
9.894579380484205267e-01 3.036950889774713610e-03
9.789170477221889044e-01 5.960401598621791613e-03
9.683785005164411430e-01 8.782415773032460973e-03
9.578434676659028923e-01 1.151526211959224416e-02
9.473131200147204556e-01 1.417118287526355526e-02
9.367886278863364335e-01 1.676223338771676286e-02
9.262711609534211021e-01 1.930056682268044971e-02
9.157618881078770645e-01 2.179862558969235600e-02
9.052619773309316109e-01 2.426847445451022281e-02
8.947725955633289985e-01 2.672131733451967028e-02
8.842949085756387495e-01 2.916376433225063153e-02
8.738300808386934015e-01 3.159528725223845202e-02
8.633792753941731402e-01 3.401511564784122366e-02
8.529436537253458628e-01 3.642299615512358674e-02
8.425243756279822138e-01 3.881852634223056930e-02
8.321225990814590245e-01 4.120110081490525183e-02
8.217394801200630372e-01 4.357022755652804197e-02
8.113761727045106786e-01 4.592552721550978434e-02
8.010338285937002034e-01 4.826653457736166525e-02
7.907135972167069760e-01 5.059269095116343540e-02
7.804166255450371015e-01 5.290317724910713337e-02
7.701440579651563922e-01 5.519700416466657295e-02
7.598970361513051053e-01 5.747322166109245650e-02
7.496766989386134394e-01 5.973090413905175755e-02
7.394841821965345563e-01 6.196912852318472997e-02
7.293206187026060050e-01 6.418698170469952502e-02
7.191871380165538730e-01 6.638360777063000151e-02
7.090848663547572039e-01 6.855816287957609834e-02
6.990149264650814542e-01 7.070974774507358951e-02
6.889784375020977514e-01 7.283711396945173611e-02
6.789765149027036095e-01 7.493758213891532627e-02
6.690102702621547603e-01 7.700815347745602890e-02
6.590808112105230876e-01 7.904606894577038967e-02
6.491892412895989839e-01 8.104860366517825654e-02
6.393366598302444581e-01 8.301297689421027748e-02
6.295241618302156450e-01 8.493653804904355287e-02
6.197528378324663745e-01 8.681697737395754899e-02
6.100237738039482327e-01 8.865184615302566795e-02
6.003380510149177729e-01 9.043833410017046437e-02
5.906967459187653091e-01 9.217549797876849194e-02
5.811009300323815019e-01 9.386565555346221279e-02
5.715516698170692855e-01 9.551170916120850507e-02
5.620500265600203438e-01 9.711694193245802575e-02
5.525970562563653488e-01 9.868459593215278547e-02
5.431938094918128401e-01 1.002178151774534010e-01
5.338413313258880688e-01 1.017194287365086186e-01
5.245406611757882365e-01 1.031919839918914450e-01
5.152928327008634568e-01 1.046386082567929421e-01
5.060988736877365390e-01 1.060627691659661587e-01
4.969598059360780251e-01 1.074656333052971674e-01
4.878766451450451402e-01 1.088462436467803746e-01
4.788504008003974244e-01 1.101988062467021134e-01
4.698820760623064752e-01 1.115148021645866877e-01
4.609726676538650203e-01 1.127873671237914210e-01
4.521231657503131940e-01 1.140104369466806988e-01
4.433345538689928977e-01 1.151774979311022407e-01
4.346078087600411255e-01 1.162820520270637092e-01
4.259439002978354649e-01 1.173187967211032912e-01
4.173437913732044313e-01 1.182826772948538663e-01
4.088084377864137364e-01 1.191678207097209702e-01
4.003387881409395943e-01 1.199691284083900245e-01
3.919357837380436083e-01 1.206854017760887743e-01
3.836003584721576765e-01 1.213176214878189246e-01
3.753334387270930161e-01 1.218707040743645942e-01
3.671359432730831873e-01 1.223498680951575074e-01
3.590087831646743277e-01 1.227590829505031123e-01
3.509528616394713696e-01 1.231022790918088888e-01
3.429690740177547825e-01 1.233837419043933986e-01
3.350583076029753915e-01 1.236075878775688419e-01
3.272214415831418144e-01 1.237775391578374434e-01
3.194593469331089564e-01 1.238972715025177251e-01
3.117728863177794407e-01 1.239704499664869564e-01
3.041629139962280792e-01 1.240005891640325736e-01
2.966302757267624823e-01 1.239908721851651768e-01
2.891758086729252497e-01 1.239407489515982203e-01
2.818003413104546162e-01 1.238456388226360921e-01
2.745046933352085494e-01 1.237011292026247433e-01
2.672896755720651774e-01 1.235031751615652817e-01
2.601560898848094272e-01 1.232481337006495759e-01
2.531047290870154232e-01 1.229327004915198862e-01
2.461363768539343022e-01 1.225540158485078496e-01
2.392518076353984391e-01 1.221095435089951803e-01
2.324517865697500740e-01 1.215971126123132212e-01
2.257370693988056676e-01 1.210148206066835180e-01
2.191084023838638650e-01 1.203613034070306065e-01
2.125665222227673956e-01 1.196354673016493397e-01
2.061121559680280102e-01 1.188363718981413353e-01
1.997460209460230063e-01 1.179634058314000672e-01
1.934688246772731102e-01 1.170173288718418247e-01
1.872812647978095990e-01 1.159995839349247382e-01
1.811840289816407656e-01 1.149126568336762827e-01
1.751777948643248317e-01 1.137592432686807958e-01
1.692632299676588570e-01 1.125418296923645506e-01
1.634409916254914164e-01 1.112629930769641201e-01
1.577117269106679265e-01 1.099256925843353772e-01
1.520760725631161714e-01 1.085328098962977939e-01
1.465346549190801317e-01 1.070868817236309001e-01
1.410880898415101115e-01 1.055897419393417996e-01
1.357369826516168221e-01 1.040419486089022710e-01
1.304819280615971966e-01 1.024443328193783836e-01
1.253235101085391490e-01 1.007984189001485120e-01
1.202623020895129402e-01 9.910580742090004114e-02
1.152988664978553679e-01 9.736813357283478909e-02
1.104337549606562163e-01 9.558759702503287492e-02
1.056675081774507419e-01 9.376702599927633219e-02
1.010006558601274085e-01 9.190866994751500929e-02
9.643371667405697956e-02 9.001387056869894487e-02
9.196719818044885031e-02 8.807886589064957417e-02
8.760159677994161509e-02 8.609586599841287380e-02
8.333739765743386485e-02 8.405936853730264224e-02
7.917507472816209813e-02 8.196570385968590666e-02
7.511509058502996439e-02 7.981271435989702179e-02
7.115789644719716645e-02 7.759936289423551015e-02
6.730393210993146358e-02 7.532670133655441913e-02
6.355362589573076981e-02 7.299701150313482600e-02
5.990739460672012129e-02 7.061396683482518144e-02
5.636564347832906385e-02 6.818184617263314817e-02
5.292876613425423482e-02 6.570513332293827224e-02
4.959714454271368922e-02 6.318932521738268582e-02
4.637114897399441382e-02 6.064416322052502972e-02
4.325113795930202176e-02 5.808110683411604053e-02
4.023745825091396000e-02 5.551356052965780025e-02
3.733044478364233587e-02 5.295462701778521492e-02
3.453042063760936031e-02 5.041511540319176810e-02
3.183769700234129196e-02 4.790542803449027165e-02
2.925257314218321358e-02 4.543603464528583186e-02
2.677533636303963682e-02 4.301634502986773079e-02
2.440626198044326678e-02 4.065330910367660755e-02
2.214561328895736647e-02 3.833581297437647917e-02
1.999364153291383062e-02 3.602163746620821311e-02
1.795058587848985532e-02 3.367692881137020200e-02
1.601667338712764455e-02 3.128517629276877238e-02
1.419211899029970692e-02 2.883985480778309546e-02
1.247712546562085301e-02 2.634545296015490534e-02
1.087188341431266636e-02 2.381430273718763285e-02
9.376571240020115106e-03 2.126652022752996071e-02
7.991355128984078959e-03 1.872709018502091011e-02
6.716389031571567969e-03 1.622516506676824344e-02
5.551814645166519568e-03 1.379236909344759739e-02
4.497761398421062928e-03 1.146206393601437341e-02
3.554346436871580472e-03 9.267544496854164537e-03
2.721674609919344512e-03 7.241788243670835984e-03
1.999838459177394334e-03 5.415534951682976841e-03
1.388918208186096237e-03 3.817786186743750768e-03
8.889817534969424173e-04 2.473495617125696065e-03
5.000846571264760954e-04 1.404886663877843479e-03
2.222701403818971855e-04 6.285612079957536786e-04
5.556907905679420168e-05 1.578277028782028844e-04
0.000000000000000000e+00 -2.596906536390456128e-09
0.000000000000000000e+00 2.948687565962697910e-09
5.556907905679420168e-05 -1.126316411753558775e-04
2.222701403818971855e-04 -4.474042806656114532e-04
5.000846571264760954e-04 -9.960181659173659909e-04
8.889817534969424173e-04 -1.743392645128798114e-03
1.388918208186096237e-03 -2.670753155113330269e-03
1.999838459177394334e-03 -3.753052525787492315e-03
2.721674609919344512e-03 -4.962268368009485446e-03
3.554346436871580472e-03 -6.266024766458867107e-03
4.497761398421062928e-03 -7.630225991030788711e-03
5.551814645166519568e-03 -9.018658932146662519e-03
6.716389031571567969e-03 -1.039518126650709057e-02
7.991355128984078959e-03 -1.172420046587802772e-02
9.376571240020115106e-03 -1.297277955847562884e-02
1.087188341431266636e-02 -1.411165922590534340e-02
1.247712546562085301e-02 -1.511728774167875843e-02
1.419211899029970692e-02 -1.597273783293730667e-02
1.601667338712764455e-02 -1.667131859224220761e-02
1.795058587848985532e-02 -1.721662956606256900e-02
1.999364153291383062e-02 -1.762655281222975934e-02
2.214561328895736647e-02 -1.793189184325491917e-02
2.440626198044326678e-02 -1.818564268042315371e-02
2.677533636303963682e-02 -1.845142636251731472e-02
2.925257314218321358e-02 -1.875230661609560839e-02
3.183769700234129196e-02 -1.908768837914322572e-02
3.453042063760936031e-02 -1.945290835052352826e-02
3.733044478364233587e-02 -1.984141521317968337e-02
4.023745825091396000e-02 -2.024611911260548389e-02
4.325113795930202176e-02 -2.065875409274820981e-02
4.637114897399441382e-02 -2.106596412506057253e-02
4.959714454271368922e-02 -2.145353822478664532e-02
5.292876613425423482e-02 -2.181077962199713324e-02
5.636564347832906385e-02 -2.213045347123221776e-02
5.990739460672012129e-02 -2.241426602658553105e-02
6.355362589573076981e-02 -2.266557723640243160e-02
6.730393210993146358e-02 -2.288676672253079497e-02
7.115789644719716645e-02 -2.308114658528321803e-02
7.511509058502996439e-02 -2.325472796815759163e-02
7.917507472816209813e-02 -2.341241053184781387e-02
8.333739765743386485e-02 -2.355601456969908664e-02
8.760159677994161509e-02 -2.368700488185198141e-02
9.196719818044885031e-02 -2.380688811672910035e-02
9.643371667405697956e-02 -2.391773049935468076e-02
1.010006558601274085e-01 -2.402233936686671081e-02
1.056675081774507419e-01 -2.412177223507729409e-02
1.104337549606562163e-01 -2.421488814388978242e-02
1.152988664978553679e-01 -2.430003917070129582e-02
1.202623020895129402e-01 -2.437518600674462924e-02
1.253235101085391490e-01 -2.443813166701894884e-02
1.304819280615971966e-01 -2.448655299415303938e-02
1.357369826516168221e-01 -2.451804688737706239e-02
1.410880898415101115e-01 -2.453009651622679171e-02
1.465346549190801317e-01 -2.451955235054838200e-02
1.520760725631161714e-01 -2.448323319873410217e-02
1.577117269106679265e-01 -2.442098992425282070e-02
1.634409916254914164e-01 -2.433444085912792043e-02
1.692632299676588570e-01 -2.422673265608853502e-02
1.751777948643248317e-01 -2.410161893912557071e-02
1.811840289816407656e-01 -2.396263599972215178e-02
1.872812647978095990e-01 -2.381357401343284219e-02
1.934688246772731102e-01 -2.365977335149842264e-02
1.997460209460230063e-01 -2.350645081345519374e-02
2.061121559680280102e-01 -2.335660572122144271e-02
2.125665222227673956e-01 -2.321168381739390635e-02
2.191084023838638650e-01 -2.306989584422719855e-02
2.257370693988056676e-01 -2.292905743338204475e-02
2.324517865697500740e-01 -2.278762477983752380e-02
2.392518076353984391e-01 -2.264390140648886440e-02
2.461363768539343022e-01 -2.249563052434460503e-02
2.531047290870154232e-01 -2.234048467665501053e-02
2.601560898848094272e-01 -2.217613934177530693e-02
2.672896755720651774e-01 -2.200009395930674003e-02
2.745046933352085494e-01 -2.180957475410237600e-02
2.818003413104546162e-01 -2.160168871145918754e-02
2.891758086729252497e-01 -2.137341245335591666e-02
2.966302757267624823e-01 -2.112155025315436488e-02
3.041629139962280792e-01 -2.084285809883083124e-02
3.117728863177794407e-01 -2.053666913302210073e-02
3.194593469331089564e-01 -2.020470495448921724e-02
3.272214415831418144e-01 -1.984896257948357001e-02
3.350583076029753915e-01 -1.947159420010963551e-02
3.429690740177547825e-01 -1.907487508827811901e-02
3.509528616394713696e-01 -1.866119045234306689e-02
3.590087831646743277e-01 -1.823322828147367486e-02
3.671359432730831873e-01 -1.779383695762126044e-02
3.753334387270930161e-01 -1.734583039915997202e-02
3.836003584721576765e-01 -1.689212093268082152e-02
3.919357837380436083e-01 -1.643633031510357070e-02
4.003387881409395943e-01 -1.598202015905817591e-02
4.088084377864137364e-01 -1.553108090319259282e-02
4.173437913732044313e-01 -1.508448449011991210e-02
4.259439002978354649e-01 -1.464157554716769699e-02
4.346078087600411255e-01 -1.420141548051859388e-02
4.433345538689928977e-01 -1.376354399509976609e-02
4.521231657503131940e-01 -1.332747902697945831e-02
4.609726676538650203e-01 -1.289238784632415306e-02
4.698820760623064752e-01 -1.245746960317844695e-02
4.788504008003974244e-01 -1.202214136444552071e-02
4.878766451450451402e-01 -1.158564364372721700e-02
4.969598059360780251e-01 -1.114682025558752856e-02
5.060988736877365390e-01 -1.070524106389482769e-02
5.152928327008634568e-01 -1.026175605495298869e-02
5.245406611757882365e-01 -9.817771855781479845e-03
5.338413313258880688e-01 -9.375298499199042138e-03
5.431938094918128401e-01 -8.936313221257369613e-03
5.525970562563653488e-01 -8.502706893344631409e-03
5.620500265600203438e-01 -8.076443557283768601e-03
5.715516698170692855e-01 -7.659571791947595611e-03
5.811009300323815019e-01 -7.254271295123995190e-03
5.906967459187653091e-01 -6.862807833493033555e-03
6.003380510149177729e-01 -6.487189832918650693e-03
6.100237738039482327e-01 -6.129054854745880944e-03
6.197528378324663745e-01 -5.788097961784591065e-03
6.295241618302156450e-01 -5.462903091912888615e-03
6.393366598302444581e-01 -5.152275807873979083e-03
6.491892412895989839e-01 -4.855107611277493899e-03
6.590808112105230876e-01 -4.570087603757004048e-03
6.690102702621547603e-01 -4.295833274787440835e-03
6.789765149027036095e-01 -4.031026440201523724e-03
6.889784375020977514e-01 -3.774328104585494750e-03
6.990149264650814542e-01 -3.524206875857725536e-03
7.090848663547572039e-01 -3.279544721877391319e-03
7.191871380165538730e-01 -3.040953249908549035e-03
7.293206187026060050e-01 -2.809473720270485014e-03
7.394841821965345563e-01 -2.586237986803045438e-03
7.496766989386134394e-01 -2.372411511846553474e-03
7.598970361513051053e-01 -2.169200956175563241e-03
7.701440579651563922e-01 -1.977777510052895760e-03
7.804166255450371015e-01 -1.799225798283183046e-03
7.907135972167069760e-01 -1.634767046194549132e-03
8.010338285937002034e-01 -1.485855985961707145e-03
8.113761727045106786e-01 -1.352547661182776232e-03
8.217394801200630372e-01 -1.232780125822139977e-03
8.321225990814590245e-01 -1.124104943053413257e-03
8.425243756279822138e-01 -1.023804003329460742e-03
8.529436537253458628e-01 -9.291361592637079102e-04
8.633792753941731402e-01 -8.373579687285245344e-04
8.738300808386934015e-01 -7.458033955100772322e-04
8.842949085756387495e-01 -6.518492261427931032e-04
8.947725955633289985e-01 -5.524983754929581325e-04
9.052619773309316109e-01 -4.449458525828144909e-04
9.157618881078770645e-01 -3.317197121303207632e-04
9.262711609534211021e-01 -2.187808921212249457e-04
9.367886278863364335e-01 -1.127424524003069531e-04
9.473131200147204556e-01 -2.050344757575004213e-05
9.578434676659028923e-01 5.125961772466572890e-05
9.683785005164411430e-01 9.594390447240864410e-05
9.789170477221889044e-01 1.067934156122213204e-04
9.894579380484205267e-01 7.702533996046554224e-05
9.999999999999998890e-01 5.694879492030193722e-10
