9.999999999999998890e-01 -6.887794223557232109e-07
9.894579380484205267e-01 2.711926545468131521e-03
9.789170477221889044e-01 5.513703679075814684e-03
9.683785005164411430e-01 8.622134940281259152e-03
9.578434676659028923e-01 1.173288110451733285e-02
9.473131200147204556e-01 1.458747496854516032e-02
9.367886278863364335e-01 1.734470574973686133e-02
9.262711609534211021e-01 2.019471509703471210e-02
9.157618881078770645e-01 2.323819241212147016e-02
9.052619773309316109e-01 2.645180130720505354e-02
8.947725955633289985e-01 2.960296204951189808e-02
8.842949085756387495e-01 3.258125254652296382e-02
8.738300808386934015e-01 3.550598960112194558e-02
8.633792753941731402e-01 3.846097462001434736e-02
8.529436537253458628e-01 4.145474544078329993e-02
8.425243756279822138e-01 4.447724646788376451e-02
8.321225990814590245e-01 4.750367339061095651e-02
8.217394801200630372e-01 5.051522451312466522e-02
8.113761727045106786e-01 5.350051778669907832e-02
8.010338285937002034e-01 5.646356233991718654e-02
7.907135972167069760e-01 5.941949834794356400e-02
7.804166255450371015e-01 6.237133473501939307e-02
7.701440579651563922e-01 6.531489645188995330e-02
7.598970361513051053e-01 6.825806228332245706e-02
7.496766989386134394e-01 7.121627716800614516e-02
7.394841821965345563e-01 7.421008118028313283e-02
7.293206187026060050e-01 7.725884084212196468e-02
7.191871380165538730e-01 8.035908709391280380e-02
7.090848663547572039e-01 8.348802291274620702e-02
6.990149264650814542e-01 8.656869477162382198e-02
6.889784375020977514e-01 8.951921403880402917e-02
6.789765149027036095e-01 9.231305214897947420e-02
6.690102702621547603e-01 9.495219167138146954e-02
6.590808112105230876e-01 9.748683857189477386e-02
6.491892412895989839e-01 9.997815720754874014e-02
6.393366598302444581e-01 1.024879428093053435e-01
6.295241618302156450e-01 1.050599324296871834e-01
6.197528378324663745e-01 1.076934581814230768e-01
6.100237738039482327e-01 1.103662899033320544e-01
6.003380510149177729e-01 1.130260209328499965e-01
5.906967459187653091e-01 1.156301822033501819e-01
5.811009300323815019e-01 1.181595605855182557e-01
5.715516698170692855e-01 1.206017020506969378e-01
5.620500265600203438e-01 1.229516332237678700e-01
5.525970562563653488e-01 1.252391861152058194e-01
5.431938094918128401e-01 1.275340075539875828e-01
5.338413313258880688e-01 1.298718232362949254e-01
5.245406611757882365e-01 1.322519716542971957e-01
5.152928327008634568e-01 1.346830782416046091e-01
5.060988736877365390e-01 1.371780619109120858e-01
4.969598059360780251e-01 1.396804402586263594e-01
4.878766451450451402e-01 1.420886140349574001e-01
4.788504008003974244e-01 1.443572531071537490e-01
4.698820760623064752e-01 1.464775484830575514e-01
4.609726676538650203e-01 1.484547803043932968e-01
4.521231657503131940e-01 1.502986646980948582e-01
4.433345538689928977e-01 1.520015304094320674e-01
4.346078087600411255e-01 1.535499073455177665e-01
4.259439002978354649e-01 1.549395769918881227e-01
4.173437913732044313e-01 1.561707765698001904e-01
4.088084377864137364e-01 1.572492424390672938e-01
4.003387881409395943e-01 1.581801486394903422e-01
3.919357837380436083e-01 1.589603323559766190e-01
3.836003584721576765e-01 1.595855003860735810e-01
3.753334387270930161e-01 1.600541335690411349e-01
3.671359432730831873e-01 1.603662806806480379e-01
3.590087831646743277e-01 1.605246749028358400e-01
3.509528616394713696e-01 1.605340871284177406e-01
3.429690740177547825e-01 1.604029581276767147e-01
3.350583076029753915e-01 1.601566087235179181e-01
3.272214415831418144e-01 1.598498314258287312e-01
3.194593469331089564e-01 1.595119286908245337e-01
3.117728863177794407e-01 1.591286842216927955e-01
3.041629139962280792e-01 1.586983531391103208e-01
2.966302757267624823e-01 1.582388097854858788e-01
2.891758086729252497e-01 1.577350631755374266e-01
2.818003413104546162e-01 1.571363352991007600e-01
2.745046933352085494e-01 1.564194939322505196e-01
2.672896755720651774e-01 1.555883164964875776e-01
2.601560898848094272e-01 1.546443134115090268e-01
2.531047290870154232e-01 1.535874633578477033e-01
2.461363768539343022e-01 1.524295615370985235e-01
2.392518076353984391e-01 1.511913797229114398e-01
2.324517865697500740e-01 1.499052974103480262e-01
2.257370693988056676e-01 1.486054691251754156e-01
2.191084023838638650e-01 1.472919207469246261e-01
2.125665222227673956e-01 1.459527152898622560e-01
2.061121559680280102e-01 1.445986708267467113e-01
1.997460209460230063e-01 1.432387089398450830e-01
1.934688246772731102e-01 1.418281616682824930e-01
1.872812647978095990e-01 1.403162728278931071e-01
1.811840289816407656e-01 1.386972769636580782e-01
1.751777948643248317e-01 1.369768952194554135e-01
1.692632299676588570e-01 1.351601328086502463e-01
1.634409916254914164e-01 1.332531781612322219e-01
1.577117269106679265e-01 1.312660194188854657e-01
1.520760725631161714e-01 1.292144013758812771e-01
1.465346549190801317e-01 1.271259290684761123e-01
1.410880898415101115e-01 1.250175368941136289e-01
1.357369826516168221e-01 1.228820456107893033e-01
1.304819280615971966e-01 1.207204906184503185e-01
1.253235101085391490e-01 1.185514325987120227e-01
1.202623020895129402e-01 1.163683207092420652e-01
1.152988664978553679e-01 1.141281513227974387e-01
1.104337549606562163e-01 1.118027561411708143e-01
1.056675081774507419e-01 1.093849144868367790e-01
1.010006558601274085e-01 1.068799261904155029e-01
9.643371667405697956e-02 1.043038034854526647e-01
9.196719818044885031e-02 1.016652249267558095e-01
8.760159677994161509e-02 9.896828451594708032e-02
8.333739765743386485e-02 9.624147837690830154e-02
7.917507472816209813e-02 9.352728433286119913e-02
7.511509058502996439e-02 9.083543695433771159e-02
7.115789644719716645e-02 8.815850564287254498e-02
6.730393210993146358e-02 8.550771116862163068e-02
6.355362589573076981e-02 8.289861293630849948e-02
5.990739460672012129e-02 8.031358722743672796e-02
5.636564347832906385e-02 7.772008264407691269e-02
5.292876613425423482e-02 7.507849667271454530e-02
4.959714454271368922e-02 7.235815746683788019e-02
4.637114897399441382e-02 6.957927570755405300e-02
4.325113795930202176e-02 6.677046658612145746e-02
4.023745825091396000e-02 6.393854923647281085e-02
3.733044478364233587e-02 6.108964423484987416e-02
3.453042063760936031e-02 5.824311357997338789e-02
3.183769700234129196e-02 5.541659360170107795e-02
2.925257314218321358e-02 5.261701291272699588e-02
2.677533636303963682e-02 4.985345281670742340e-02
2.440626198044326678e-02 4.714296055324503770e-02
2.214561328895736647e-02 4.449644306429329649e-02
1.999364153291383062e-02 4.191213329245715297e-02
1.795058587848985532e-02 3.938368854691239734e-02
1.601667338712764455e-02 3.689984894870931842e-02
1.419211899029970692e-02 3.444736504332662069e-02
1.247712546562085301e-02 3.201314233800312686e-02
1.087188341431266636e-02 2.963812855741343455e-02
9.376571240020115106e-03 2.741240235289397337e-02
7.991355128984078959e-03 2.528140633508561136e-02
6.716389031571567969e-03 2.306259059814817075e-02
5.551814645166519568e-03 2.061006831951461143e-02
4.497761398421062928e-03 1.782795619612297100e-02
3.554346436871580472e-03 1.483671244784834364e-02
2.721674609919344512e-03 1.187937883078825536e-02
1.999838459177394334e-03 9.081283661901532606e-03
1.388918208186096237e-03 6.508991704503766518e-03
8.889817534969424173e-04 4.262007428337258839e-03
5.000846571264760954e-04 2.445247375579470521e-03
2.222701403818971855e-04 1.108016021888545309e-03
5.556907905679420168e-05 2.811731232692265452e-04
0.000000000000000000e+00 5.243659384153237075e-06
0.000000000000000000e+00 -2.457783629519539096e-04
5.556907905679420168e-05 -5.578640568055724365e-04
2.222701403818971855e-04 -1.508364445942086962e-03
5.000846571264760954e-04 -2.903697810345109813e-03
8.889817534969424173e-04 -4.659469832911525625e-03
1.388918208186096237e-03 -6.597828090009371510e-03
1.999838459177394334e-03 -8.226074728046380014e-03
2.721674609919344512e-03 -9.227549523184183297e-03
3.554346436871580472e-03 -9.804518631534368117e-03
4.497761398421062928e-03 -1.020540345243735499e-02
5.551814645166519568e-03 -1.062913234374539100e-02
6.716389031571567969e-03 -1.116007139480012372e-02
7.991355128984078959e-03 -1.171075735015692475e-02
9.376571240020115106e-03 -1.223925460350625515e-02
1.087188341431266636e-02 -1.278365426798113574e-02
1.247712546562085301e-02 -1.335057552616263771e-02
1.419211899029970692e-02 -1.390589697895368466e-02
1.601667338712764455e-02 -1.443576908874534201e-02
1.795058587848985532e-02 -1.494666483579959460e-02
1.999364153291383062e-02 -1.542894650397771961e-02
2.214561328895736647e-02 -1.586059629017374031e-02
2.440626198044326678e-02 -1.623432263791677044e-02
2.677533636303963682e-02 -1.655509209879926780e-02
2.925257314218321358e-02 -1.684820207786148771e-02
3.183769700234129196e-02 -1.714660279320808986e-02
3.453042063760936031e-02 -1.745351474844447984e-02
3.733044478364233587e-02 -1.775939886096964196e-02
4.023745825091396000e-02 -1.806377640331959661e-02
4.325113795930202176e-02 -1.836895453301206141e-02
4.637114897399441382e-02 -1.867287273038998122e-02
4.959714454271368922e-02 -1.897249285787096576e-02
5.292876613425423482e-02 -1.926675031804019403e-02
5.636564347832906385e-02 -1.955492483311507476e-02
5.990739460672012129e-02 -1.983562232884588869e-02
6.355362589573076981e-02 -2.010705906024518042e-02
6.730393210993146358e-02 -2.036675229129533346e-02
7.115789644719716645e-02 -2.061394290533076490e-02
7.511509058502996439e-02 -2.085237508676181239e-02
7.917507472816209813e-02 -2.108509801249337443e-02
8.333739765743386485e-02 -2.131237422543937401e-02
8.760159677994161509e-02 -2.153368021696217688e-02
9.196719818044885031e-02 -2.174773461837399210e-02
9.643371667405697956e-02 -2.195345980702277308e-02
1.010006558601274085e-01 -2.215016962562983346e-02
1.056675081774507419e-01 -2.233700615545361826e-02
1.104337549606562163e-01 -2.251287324587145436e-02
1.152988664978553679e-01 -2.267679346261631049e-02
1.202623020895129402e-01 -2.282791572207856085e-02
1.253235101085391490e-01 -2.296523258082237839e-02
1.304819280615971966e-01 -2.308761212877038366e-02
1.357369826516168221e-01 -2.319412251821008006e-02
1.410880898415101115e-01 -2.328394332973056716e-02
1.465346549190801317e-01 -2.335586319028905983e-02
1.520760725631161714e-01 -2.340851718915501131e-02
1.577117269106679265e-01 -2.344128169469321052e-02
1.634409916254914164e-01 -2.345365716787935553e-02
1.692632299676588570e-01 -2.344336224604597757e-02
1.751777948643248317e-01 -2.340910794038991369e-02
1.811840289816407656e-01 -2.335958381280437215e-02
1.872812647978095990e-01 -2.330521573659322804e-02
1.934688246772731102e-01 -2.324805279724549700e-02
1.997460209460230063e-01 -2.318773733115263302e-02
2.061121559680280102e-01 -2.312406805204976837e-02
2.125665222227673956e-01 -2.305690726906190618e-02
2.191084023838638650e-01 -2.298619944790855629e-02
2.257370693988056676e-01 -2.291188239947095084e-02
2.324517865697500740e-01 -2.283383390182426587e-02
2.392518076353984391e-01 -2.275193709878912951e-02
2.461363768539343022e-01 -2.266610801556020321e-02
2.531047290870154232e-01 -2.257625770006483831e-02
2.601560898848094272e-01 -2.248228027594114525e-02
2.672896755720651774e-01 -2.238407396970740898e-02
2.745046933352085494e-01 -2.228154598659757429e-02
2.818003413104546162e-01 -2.217460108563320403e-02
2.891758086729252497e-01 -2.206313997466027507e-02
2.966302757267624823e-01 -2.194706564511251720e-02
3.041629139962280792e-01 -2.182628382965107194e-02
3.117728863177794407e-01 -2.170069955274216839e-02
3.194593469331089564e-01 -2.157021717887326953e-02
3.272214415831418144e-01 -2.143474285190664561e-02
3.350583076029753915e-01 -2.129418409318809685e-02
3.429690740177547825e-01 -2.114844817588581657e-02
3.509528616394713696e-01 -2.099744248544497052e-02
3.590087831646743277e-01 -2.084107720564140967e-02
3.671359432730831873e-01 -2.067926381539500133e-02
3.753334387270930161e-01 -2.051191199172762783e-02
3.836003584721576765e-01 -2.033893174309458346e-02
3.919357837380436083e-01 -2.016024025736410166e-02
4.003387881409395943e-01 -1.997575560435559117e-02
4.088084377864137364e-01 -1.978538647381181473e-02
4.173437913732044313e-01 -1.958904403161394400e-02
4.259439002978354649e-01 -1.938666205054044231e-02
4.346078087600411255e-01 -1.917816926503227576e-02
4.433345538689928977e-01 -1.896345706324559927e-02
4.521231657503131940e-01 -1.874243532382558267e-02
4.609726676538650203e-01 -1.851508863112661871e-02
4.698820760623064752e-01 -1.828135851940532186e-02
4.788504008003974244e-01 -1.804105555705502045e-02
4.878766451450451402e-01 -1.779409805282856222e-02
4.969598059360780251e-01 -1.754064845793160479e-02
5.060988736877365390e-01 -1.728061137105814035e-02
5.152928327008634568e-01 -1.701344024538003694e-02
5.245406611757882365e-01 -1.673942979021483812e-02
5.338413313258880688e-01 -1.646008596920444517e-02
5.431938094918128401e-01 -1.617664917560862267e-02
5.525970562563653488e-01 -1.588992091719726441e-02
5.620500265600203438e-01 -1.560011568228488257e-02
5.715516698170692855e-01 -1.530691110778134231e-02
5.811009300323815019e-01 -1.501025332070547030e-02
5.906967459187653091e-01 -1.471031815368883597e-02
6.003380510149177729e-01 -1.440712663359359873e-02
6.100237738039482327e-01 -1.410059547565586935e-02
6.197528378324663745e-01 -1.379073232722138366e-02
6.295241618302156450e-01 -1.347759352360258962e-02
6.393366598302444581e-01 -1.316118548240549115e-02
6.491892412895989839e-01 -1.284149413997318426e-02
6.590808112105230876e-01 -1.251853499071584747e-02
6.690102702621547603e-01 -1.219233310666017339e-02
6.789765149027036095e-01 -1.186289922181152888e-02
6.889784375020977514e-01 -1.153024131171146924e-02
6.990149264650814542e-01 -1.119437694719445549e-02
7.090848663547572039e-01 -1.085532553755121955e-02
7.191871380165538730e-01 -1.051310331642595075e-02
7.293206187026060050e-01 -1.016772695637359683e-02
7.394841821965345563e-01 -9.819216710996650846e-03
7.496766989386134394e-01 -9.467593530806691846e-03
7.598970361513051053e-01 -9.112878412663366623e-03
7.701440579651563922e-01 -8.755093233721436552e-03
7.804166255450371015e-01 -8.394261716667635043e-03
7.907135972167069760e-01 -8.030408304071590120e-03
8.010338285937002034e-01 -7.663558313045055158e-03
8.113761727045106786e-01 -7.293738016291312180e-03
8.217394801200630372e-01 -6.920974993625791764e-03
8.321225990814590245e-01 -6.545297711401420679e-03
8.425243756279822138e-01 -6.166735650689713494e-03
8.529436537253458628e-01 -5.785319329609041154e-03
8.633792753941731402e-01 -5.401080346024988120e-03
8.738300808386934015e-01 -5.014051342202663179e-03
8.842949085756387495e-01 -4.624265921879911617e-03
8.947725955633289985e-01 -4.231758829679748909e-03
9.052619773309316109e-01 -3.836565744031702682e-03
9.157618881078770645e-01 -3.438723515847411094e-03
9.262711609534211021e-01 -3.038269859191509298e-03
9.367886278863364335e-01 -2.635243728722285860e-03
9.473131200147204556e-01 -2.229684901117941122e-03
9.578434676659028923e-01 -1.821634408944124801e-03
9.683785005164411430e-01 -1.411134059390842374e-03
9.789170477221889044e-01 -9.982269809924995338e-04
9.894579380484205267e-01 -5.829570389656146389e-04
9.999999999999998890e-01 -1.653693271661929359e-04
