9.999999999999998890e-01 1.647572216401836603e-09
9.894579380484205267e-01 1.038073609211068345e-03
9.789170477221889044e-01 2.097732082412618118e-03
9.683785005164411430e-01 3.201355072722587847e-03
9.578434676659028923e-01 4.371653236299620146e-03
9.473131200147204556e-01 5.631199677017671018e-03
9.367886278863364335e-01 7.002007358005797946e-03
9.262711609534211021e-01 8.506243401939840923e-03
9.157618881078770645e-01 1.016662904874965877e-02
9.052619773309316109e-01 1.200494813423213548e-02
8.947725955633289985e-01 1.404089604560563101e-02
8.842949085756387495e-01 1.628313462980418916e-02
8.738300808386934015e-01 1.872318614114749230e-02
8.633792753941731402e-01 2.135206034427034397e-02
8.529436537253458628e-01 2.416209238304725324e-02
8.425243756279822138e-01 2.714501489911004539e-02
8.321225990814590245e-01 3.029181340970786909e-02
8.217394801200630372e-01 3.359421096180453814e-02
8.113761727045106786e-01 3.704457387450046241e-02
8.010338285937002034e-01 4.063374538962158389e-02
7.907135972167069760e-01 4.435049743839255404e-02
7.804166255450371015e-01 4.817333147596174203e-02
7.701440579651563922e-01 5.207398312478782321e-02
7.598970361513051053e-01 5.602552673091701352e-02
7.496766989386134394e-01 6.000189107856270659e-02
7.394841821965345563e-01 6.397717847537713609e-02
7.293206187026060050e-01 6.792562099482961357e-02
7.191871380165538730e-01 7.182178465734147255e-02
7.090848663547572039e-01 7.564070132859804230e-02
6.990149264650814542e-01 7.935916005960989839e-02
6.889784375020977514e-01 8.295921056100033497e-02
6.789765149027036095e-01 8.644316190417830614e-02
6.690102702621547603e-01 8.981838630194979856e-02
6.590808112105230876e-01 9.309079071614970169e-02
6.491892412895989839e-01 9.626618981312901058e-02
6.393366598302444581e-01 9.935108344274859449e-02
6.295241618302156450e-01 1.023517108455495039e-01
6.197528378324663745e-01 1.052733750020695275e-01
6.100237738039482327e-01 1.081218336673620134e-01
6.003380510149177729e-01 1.109039892546500733e-01
5.906967459187653091e-01 1.136218603700396707e-01
5.811009300323815019e-01 1.162688928884092338e-01
5.715516698170692855e-01 1.188369233976708100e-01
5.620500265600203438e-01 1.213166965439394507e-01
5.525970562563653488e-01 1.236994873331425937e-01
5.431938094918128401e-01 1.259773234500913552e-01
5.338413313258880688e-01 1.281425276713065997e-01
5.245406611757882365e-01 1.301876812247111659e-01
5.152928327008634568e-01 1.321054344797614188e-01
5.060988736877365390e-01 1.338886005384798128e-01
4.969598059360780251e-01 1.355315404269035184e-01
4.878766451450451402e-01 1.370299914310988409e-01
4.788504008003974244e-01 1.383824810696644425e-01
4.698820760623064752e-01 1.395891891475842250e-01
4.609726676538650203e-01 1.406500503742854902e-01
4.521231657503131940e-01 1.415648765157599964e-01
4.433345538689928977e-01 1.423335780706487530e-01
4.346078087600411255e-01 1.429562527147382467e-01
4.259439002978354649e-01 1.434338222410110053e-01
4.173437913732044313e-01 1.437671971516831515e-01
4.088084377864137364e-01 1.439558734759156522e-01
4.003387881409395943e-01 1.440003919587013459e-01
3.919357837380436083e-01 1.439069027534991829e-01
3.836003584721576765e-01 1.436847753641211090e-01
3.753334387270930161e-01 1.433493087620364981e-01
3.671359432730831873e-01 1.429160303212002325e-01
3.590087831646743277e-01 1.423979896527599043e-01
3.509528616394713696e-01 1.418078871726790868e-01
3.429690740177547825e-01 1.411585320874180760e-01
3.350583076029753915e-01 1.404622133899010583e-01
3.272214415831418144e-01 1.397302369814206191e-01
3.194593469331089564e-01 1.389734486611739483e-01
3.117728863177794407e-01 1.382021402280578792e-01
3.041629139962280792e-01 1.374262379617020302e-01
2.966302757267624823e-01 1.366547844126954903e-01
2.891758086729252497e-01 1.358840923194463146e-01
2.818003413104546162e-01 1.350967487094431319e-01
2.745046933352085494e-01 1.342766269478570529e-01
2.672896755720651774e-01 1.334093677010857459e-01
2.601560898848094272e-01 1.324798506413071564e-01
2.531047290870154232e-01 1.314729861140847000e-01
2.461363768539343022e-01 1.303816149786380107e-01
2.392518076353984391e-01 1.292048304616836563e-01
2.324517865697500740e-01 1.279518268182980589e-01
2.257370693988056676e-01 1.266366850364887831e-01
2.191084023838638650e-01 1.252690037724621397e-01
2.125665222227673956e-01 1.238567746716644075e-01
2.061121559680280102e-01 1.224108915134158593e-01
1.997460209460230063e-01 1.209414190484012774e-01
1.934688246772731102e-01 1.194486169577996387e-01
1.872812647978095990e-01 1.179281771434608633e-01
1.811840289816407656e-01 1.163696578916958713e-01
1.751777948643248317e-01 1.147622625689092568e-01
1.692632299676588570e-01 1.130994371457192393e-01
1.634409916254914164e-01 1.113750767306130179e-01
1.577117269106679265e-01 1.095817886194480895e-01
1.520760725631161714e-01 1.077142969981204484e-01
1.465346549190801317e-01 1.057728835570682230e-01
1.410880898415101115e-01 1.037651131590552611e-01
1.357369826516168221e-01 1.017112459889310122e-01
1.304819280615971966e-01 9.963093988346087559e-02
1.253235101085391490e-01 9.754041254343723266e-02
1.202623020895129402e-01 9.545452255743273884e-02
1.152988664978553679e-01 9.338667924226519423e-02
1.104337549606562163e-01 9.134986804368223912e-02
1.056675081774507419e-01 8.935652056000384369e-02
1.010006558601274085e-01 8.741496867202024068e-02
9.643371667405697956e-02 8.552831050104503507e-02
9.196719818044885031e-02 8.367892448298998309e-02
8.760159677994161509e-02 8.183264476076554383e-02
8.333739765743386485e-02 7.996139378367499162e-02
7.917507472816209813e-02 7.804225085255472871e-02
7.511509058502996439e-02 7.605792075112645378e-02
7.115789644719716645e-02 7.399678308782713099e-02
6.730393210993146358e-02 7.186724709159893199e-02
6.355362589573076981e-02 6.968703291609151806e-02
5.990739460672012129e-02 6.747037795329732801e-02
5.636564347832906385e-02 6.522987284805298325e-02
5.292876613425423482e-02 6.297706949082000627e-02
4.959714454271368922e-02 6.072362116926900005e-02
4.637114897399441382e-02 5.848321990351497413e-02
4.325113795930202176e-02 5.627035800157996481e-02
4.023745825091396000e-02 5.410036856767891367e-02
3.733044478364233587e-02 5.198731834029114707e-02
3.453042063760936031e-02 4.994081517345079491e-02
3.183769700234129196e-02 4.796942139861492399e-02
2.925257314218321358e-02 4.608118590895780159e-02
2.677533636303963682e-02 4.428198952317386611e-02
2.440626198044326678e-02 4.257291705125792330e-02
2.214561328895736647e-02 4.092004997027569313e-02
1.999364153291383062e-02 3.922920396489751327e-02
1.795058587848985532e-02 3.742252484749735569e-02
1.601667338712764455e-02 3.545594757052240864e-02
1.419211899029970692e-02 3.330497992974250365e-02
1.247712546562085301e-02 3.096674658681215081e-02
1.087188341431266636e-02 2.845395359124830784e-02
9.376571240020115106e-03 2.579480264388419111e-02
7.991355128984078959e-03 2.302744267115080720e-02
6.716389031571567969e-03 2.019858277186072082e-02
5.551814645166519568e-03 1.736038214891832965e-02
4.497761398421062928e-03 1.456891853129176767e-02
3.554346436871580472e-03 1.188092410023677825e-02
2.721674609919344512e-03 9.353103205069645057e-03
1.999838459177394334e-03 7.038735602680136656e-03
1.388918208186096237e-03 4.988347217802320197e-03
8.889817534969424173e-04 3.245615838701552524e-03
5.000846571264760954e-04 1.849552514384803599e-03
2.222701403818971855e-04 8.293791578499003486e-04
5.556907905679420168e-05 2.085587359096052989e-04
0.000000000000000000e+00 -4.588396116691400468e-09
0.000000000000000000e+00 3.341082235027944989e-09
5.556907905679420168e-05 -1.361468404449433698e-04
2.222701403818971855e-04 -5.410496345351119979e-04
5.000846571264760954e-04 -1.205302349572685361e-03
8.889817534969424173e-04 -2.111806470957285683e-03
1.388918208186096237e-03 -3.239261715467311054e-03
1.999838459177394334e-03 -4.559221072947094132e-03
2.721674609919344512e-03 -6.039821885623846733e-03
3.554346436871580472e-03 -7.644182143473016687e-03
4.497761398421062928e-03 -9.333380707445347590e-03
5.551814645166519568e-03 -1.106594641857375216e-02
6.716389031571567969e-03 -1.280033473015777974e-02
7.991355128984078959e-03 -1.449540123087188735e-02
9.376571240020115106e-03 -1.611276722555013072e-02
1.087188341431266636e-02 -1.761791076106282439e-02
1.247712546562085301e-02 -1.898242970692236645e-02
1.419211899029970692e-02 -2.018503755498583449e-02
1.601667338712764455e-02 -2.121554828082906907e-02
1.795058587848985532e-02 -2.207494240840919553e-02
1.999364153291383062e-02 -2.277975172344321592e-02
2.214561328895736647e-02 -2.336058538920425531e-02
2.440626198044326678e-02 -2.387230159423016362e-02
2.677533636303963682e-02 -2.438153948443493035e-02
2.925257314218321358e-02 -2.491229815159608924e-02
3.183769700234129196e-02 -2.546383287181195471e-02
3.453042063760936031e-02 -2.603220028039345338e-02
3.733044478364233587e-02 -2.661212927361737007e-02
4.023745825091396000e-02 -2.719871707099965133e-02
4.325113795930202176e-02 -2.778659476869238185e-02
4.637114897399441382e-02 -2.836715760706844114e-02
4.959714454271368922e-02 -2.893156586837843103e-02
5.292876613425423482e-02 -2.947454919128924059e-02
5.636564347832906385e-02 -2.999416987472471735e-02
5.990739460672012129e-02 -3.049691871506207339e-02
6.355362589573076981e-02 -3.099108623135943957e-02
6.730393210993146358e-02 -3.148474944114761781e-02
7.115789644719716645e-02 -3.198797185969641521e-02
7.511509058502996439e-02 -3.251570797801536794e-02
7.917507472816209813e-02 -3.307700126075216462e-02
8.333739765743386485e-02 -3.366737161707118037e-02
8.760159677994161509e-02 -3.427912593618707288e-02
9.196719818044885031e-02 -3.490185954040238986e-02
9.643371667405697956e-02 -3.552339314543864757e-02
1.010006558601274085e-01 -3.612956816475026284e-02
1.056675081774507419e-01 -3.671218185718234245e-02
1.104337549606562163e-01 -3.727047438883661357e-02
1.152988664978553679e-01 -3.780565621070503673e-02
1.202623020895129402e-01 -3.832050178740615404e-02
1.253235101085391490e-01 -3.881797670743142303e-02
1.304819280615971966e-01 -3.930119414869820416e-02
1.357369826516168221e-01 -3.977386387954353481e-02
1.410880898415101115e-01 -4.024023936559513459e-02
1.465346549190801317e-01 -4.070581365891462466e-02
1.520760725631161714e-01 -4.117633697674894649e-02
1.577117269106679265e-01 -4.165333677702436760e-02
1.634409916254914164e-01 -4.213592713271005485e-02
1.692632299676588570e-01 -4.262144036324441720e-02
1.751777948643248317e-01 -4.310655466363159244e-02
1.811840289816407656e-01 -4.358849945341609217e-02
1.872812647978095990e-01 -4.406442687914110395e-02
1.934688246772731102e-01 -4.453021223506880427e-02
1.997460209460230063e-01 -4.498189994609955861e-02
2.061121559680280102e-01 -4.541762023475896803e-02
2.125665222227673956e-01 -4.583698487235847441e-02
2.191084023838638650e-01 -4.624271263298136009e-02
2.257370693988056676e-01 -4.663789105393885415e-02
2.324517865697500740e-01 -4.702496599074308670e-02
2.392518076353984391e-01 -4.740684509121822349e-02
2.461363768539343022e-01 -4.778766138727694179e-02
2.531047290870154232e-01 -4.817066279396544498e-02
2.601560898848094272e-01 -4.855716820317529381e-02
2.672896755720651774e-01 -4.894736873109053338e-02
2.745046933352085494e-01 -4.934004650414889476e-02
2.818003413104546162e-01 -4.973413260615305864e-02
2.891758086729252497e-01 -5.012889694682873959e-02
2.966302757267624823e-01 -5.052341545610313650e-02
3.041629139962280792e-01 -5.091652644443912107e-02
3.117728863177794407e-01 -5.130702626567202468e-02
3.194593469331089564e-01 -5.169367372404790051e-02
3.272214415831418144e-01 -5.207507639622355883e-02
3.350583076029753915e-01 -5.244972697502802567e-02
3.429690740177547825e-01 -5.281613323731407239e-02
3.509528616394713696e-01 -5.317279267239533730e-02
3.590087831646743277e-01 -5.351799515172697003e-02
3.671359432730831873e-01 -5.384993810897862471e-02
3.753334387270930161e-01 -5.416698021426364501e-02
3.836003584721576765e-01 -5.446745896505424817e-02
3.919357837380436083e-01 -5.474912247438644408e-02
4.003387881409395943e-01 -5.500984890054502752e-02
4.088084377864137364e-01 -5.524931039485348611e-02
4.173437913732044313e-01 -5.546817091703191982e-02
4.259439002978354649e-01 -5.566886567335015829e-02
4.346078087600411255e-01 -5.585417765706228443e-02
4.433345538689928977e-01 -5.602650463425970506e-02
4.521231657503131940e-01 -5.618834970146924929e-02
4.609726676538650203e-01 -5.634274672938334450e-02
4.698820760623064752e-01 -5.649273097151233380e-02
4.788504008003974244e-01 -5.664112503459380055e-02
4.878766451450451402e-01 -5.679110547414936011e-02
4.969598059360780251e-01 -5.694658396950037782e-02
5.060988736877365390e-01 -5.711021452100142198e-02
5.152928327008634568e-01 -5.728242302562681909e-02
5.245406611757882365e-01 -5.746260379700063314e-02
5.338413313258880688e-01 -5.764901958651967584e-02
5.431938094918128401e-01 -5.784015438049314173e-02
5.525970562563653488e-01 -5.803483287717305789e-02
5.620500265600203438e-01 -5.823158000867181827e-02
5.715516698170692855e-01 -5.842862396024334909e-02
5.811009300323815019e-01 -5.862447643316612278e-02
5.906967459187653091e-01 -5.881783343128717256e-02
6.003380510149177729e-01 -5.900659288049361906e-02
6.100237738039482327e-01 -5.918770296104648720e-02
6.197528378324663745e-01 -5.935412916021348684e-02
6.295241618302156450e-01 -5.949652966926505249e-02
6.393366598302444581e-01 -5.960575769156294806e-02
6.491892412895989839e-01 -5.967271699072419777e-02
6.590808112105230876e-01 -5.968790943312711483e-02
6.690102702621547603e-01 -5.964162140433629938e-02
6.789765149027036095e-01 -5.952386401400894256e-02
6.889784375020977514e-01 -5.932457386589693599e-02
6.990149264650814542e-01 -5.903377302005668320e-02
7.090848663547572039e-01 -5.864036349961540551e-02
7.191871380165538730e-01 -5.812901383024424162e-02
7.293206187026060050e-01 -5.748339929777505214e-02
7.394841821965345563e-01 -5.668715065627208394e-02
7.496766989386134394e-01 -5.572345104651196118e-02
7.598970361513051053e-01 -5.457437739469707394e-02
7.701440579651563922e-01 -5.322258298446999603e-02
7.804166255450371015e-01 -5.165227205826822959e-02
7.907135972167069760e-01 -4.984554530384897181e-02
8.010338285937002034e-01 -4.778086535601777651e-02
8.113761727045106786e-01 -4.545858610830102314e-02
8.217394801200630372e-01 -4.291217936371286013e-02
8.321225990814590245e-01 -4.018152068233665081e-02
8.425243756279822138e-01 -3.731112304737031760e-02
8.529436537253458628e-01 -3.434517729529084490e-02
8.633792753941731402e-01 -3.132724453286796218e-02
8.738300808386934015e-01 -2.830117695747634901e-02
8.842949085756387495e-01 -2.531125991678344692e-02
8.947725955633289985e-01 -2.240390455564048380e-02
9.052619773309316109e-01 -1.962436925389143827e-02
9.157618881078770645e-01 -1.698710569740859502e-02
9.262711609534211021e-01 -1.448673183095172332e-02
9.367886278863364335e-01 -1.211406153075771444e-02
9.473131200147204556e-01 -9.858250338125788478e-03
9.578434676659028923e-01 -7.709836064982767724e-03
9.683785005164411430e-01 -5.659807966907550759e-03
9.789170477221889044e-01 -3.698170687646074387e-03
9.894579380484205267e-01 -1.814720622135001203e-03
9.999999999999998890e-01 -3.408231018162388409e-09
