9.999999999999998890e-01 2.207648301127483155e-10
9.894579380484205267e-01 1.185018056789235346e-03
9.789170477221889044e-01 2.392109189307561716e-03
9.683785005164411430e-01 3.618252016380905500e-03
9.578434676659028923e-01 4.860471745698626000e-03
9.473131200147204556e-01 6.115782419368057804e-03
9.367886278863364335e-01 7.381141623252502476e-03
9.262711609534211021e-01 8.653542992108912563e-03
9.157618881078770645e-01 9.930082611325549008e-03
9.052619773309316109e-01 1.120778296187745215e-02
8.947725955633289985e-01 1.248349636501657443e-02
8.842949085756387495e-01 1.375379367726422067e-02
8.738300808386934015e-01 1.501482308980606022e-02
8.633792753941731402e-01 1.626246957843409044e-02
8.529436537253458628e-01 1.749236412096057125e-02
8.425243756279822138e-01 1.870149692362481006e-02
8.321225990814590245e-01 1.988845773890214261e-02
8.217394801200630372e-01 2.105287419304598812e-02
8.113761727045106786e-01 2.219524887498111609e-02
8.010338285937002034e-01 2.331559980887738803e-02
7.907135972167069760e-01 2.441344666646332040e-02
7.804166255450371015e-01 2.548729513070391653e-02
7.701440579651563922e-01 2.653497594214275154e-02
7.598970361513051053e-01 2.755432868958575948e-02
7.496766989386134394e-01 2.854326225348307114e-02
7.394841821965345563e-01 2.950013650789844871e-02
7.293206187026060050e-01 3.042357610323475139e-02
7.191871380165538730e-01 3.131253239070062866e-02
7.090848663547572039e-01 3.216606883147003770e-02
6.990149264650814542e-01 3.298316185975342513e-02
6.889784375020977514e-01 3.376267430629870114e-02
6.789765149027036095e-01 3.450310150510015050e-02
6.690102702621547603e-01 3.520286099901816929e-02
6.590808112105230876e-01 3.586044696969448858e-02
6.491892412895989839e-01 3.647442720956189932e-02
6.393366598302444581e-01 3.704353630449166296e-02
6.295241618302156450e-01 3.756673209862235185e-02
6.197528378324663745e-01 3.804344084806988296e-02
6.100237738039482327e-01 3.847294004501126269e-02
6.003380510149177729e-01 3.885408994465684718e-02
5.906967459187653091e-01 3.918784675187963334e-02
5.811009300323815019e-01 3.947883309553844311e-02
5.715516698170692855e-01 3.973248802146708142e-02
5.620500265600203438e-01 3.995488905622363723e-02
5.525970562563653488e-01 4.015149995567499769e-02
5.431938094918128401e-01 4.032687468956034499e-02
5.338413313258880688e-01 4.048293311287780305e-02
5.245406611757882365e-01 4.061897663548626192e-02
5.152928327008634568e-01 4.073440486513903169e-02
5.060988736877365390e-01 4.082881424967365475e-02
4.969598059360780251e-01 4.090196207058346273e-02
4.878766451450451402e-01 4.095376925292646547e-02
4.788504008003974244e-01 4.098471423366564087e-02
4.698820760623064752e-01 4.099559801116772761e-02
4.609726676538650203e-01 4.098709432966774618e-02
4.521231657503131940e-01 4.095980547220210571e-02
4.433345538689928977e-01 4.091430475666952421e-02
4.346078087600411255e-01 4.085112359791583103e-02
4.259439002978354649e-01 4.077062364709975462e-02
4.173437913732044313e-01 4.067312283265904493e-02
4.088084377864137364e-01 4.055901512713597223e-02
4.003387881409395943e-01 4.042870319687433267e-02
3.919357837380436083e-01 4.028253764300730039e-02
3.836003584721576765e-01 4.012085255966526404e-02
3.753334387270930161e-01 3.994396940809748220e-02
3.671359432730831873e-01 3.975221265231360795e-02
3.590087831646743277e-01 3.954592121564829560e-02
3.509528616394713696e-01 3.932544022059435845e-02
3.429690740177547825e-01 3.909112327289893107e-02
3.350583076029753915e-01 3.884333076645545002e-02
3.272214415831418144e-01 3.858243352100221291e-02
3.194593469331089564e-01 3.830880728298386578e-02
3.117728863177794407e-01 3.802283391004036839e-02
3.041629139962280792e-01 3.772490539829393558e-02
2.966302757267624823e-01 3.741542085372351334e-02
2.891758086729252497e-01 3.709463667258496022e-02
2.818003413104546162e-01 3.676265427089772664e-02
2.745046933352085494e-01 3.641959185054988862e-02
2.672896755720651774e-01 3.606559168393746323e-02
2.601560898848094272e-01 3.570081825382300650e-02
2.531047290870154232e-01 3.532545704625336680e-02
2.461363768539343022e-01 3.493974642209296544e-02
2.392518076353984391e-01 3.454396783206298283e-02
2.324517865697500740e-01 3.413848659569830579e-02
2.257370693988056676e-01 3.372371102238436169e-02
2.191084023838638650e-01 3.330002987879423365e-02
2.125665222227673956e-01 3.286783435677864684e-02
2.061121559680280102e-01 3.242758713505834722e-02
1.997460209460230063e-01 3.197974787493137322e-02
1.934688246772731102e-01 3.152462315476747823e-02
1.872812647978095990e-01 3.106244614726285172e-02
1.811840289816407656e-01 3.059334559492082189e-02
1.751777948643248317e-01 3.011744913588101924e-02
1.692632299676588570e-01 2.963497358283013333e-02
1.634409916254914164e-01 2.914617112316648245e-02
1.577117269106679265e-01 2.865134007471755589e-02
1.520760725631161714e-01 2.815078818749145589e-02
1.465346549190801317e-01 2.764482552225451528e-02
1.410880898415101115e-01 2.713365992242698643e-02
1.357369826516168221e-01 2.661729903231979666e-02
1.304819280615971966e-01 2.609579635874065620e-02
1.253235101085391490e-01 2.556932008685178226e-02
1.202623020895129402e-01 2.503809235705896363e-02
1.152988664978553679e-01 2.450239680581571544e-02
1.104337549606562163e-01 2.396256933571228737e-02
1.056675081774507419e-01 2.341900460121373179e-02
1.010006558601274085e-01 2.287216689854659757e-02
9.643371667405697956e-02 2.232260482668515372e-02
9.196719818044885031e-02 2.177118758619935729e-02
8.760159677994161509e-02 2.121904491845551591e-02
8.333739765743386485e-02 2.066727298336689528e-02
7.917507472816209813e-02 2.011693128187620749e-02
7.511509058502996439e-02 1.956900069910706697e-02
7.115789644719716645e-02 1.902419557186671439e-02
6.730393210993146358e-02 1.848140949239659991e-02
6.355362589573076981e-02 1.793875813575629766e-02
5.990739460672012129e-02 1.739514258295125904e-02
5.636564347832906385e-02 1.684979552373215908e-02
5.292876613425423482e-02 1.630198708543491651e-02
4.959714454271368922e-02 1.575135595018278475e-02
4.637114897399441382e-02 1.519914220512129377e-02
4.325113795930202176e-02 1.464727991363700202e-02
4.023745825091396000e-02 1.409860624147514507e-02
3.733044478364233587e-02 1.355599369058107205e-02
3.453042063760936031e-02 1.302178481225894566e-02
3.183769700234129196e-02 1.249805390413528255e-02
2.925257314218321358e-02 1.198645267977159479e-02
2.677533636303963682e-02 1.148875413880968283e-02
2.440626198044326678e-02 1.100707427823354422e-02
2.214561328895736647e-02 1.053911950541356474e-02
1.999364153291383062e-02 1.007477902696184840e-02
1.795058587848985532e-02 9.605248863382050140e-03
1.601667338712764455e-02 9.124910059892087782e-03
1.419211899029970692e-02 8.630778113962045070e-03
1.247712546562085301e-02 8.122974444574460398e-03
1.087188341431266636e-02 7.605212063776423462e-03
9.376571240020115106e-03 7.084968004266861685e-03
7.991355128984078959e-03 6.573290804866567354e-03
6.716389031571567969e-03 6.081552805637597051e-03
5.551814645166519568e-03 5.582494094293750236e-03
4.497761398421062928e-03 5.022973937715578818e-03
3.554346436871580472e-03 4.384465007220333423e-03
2.721674609919344512e-03 3.673340533469240769e-03
1.999838459177394334e-03 2.920046950904395516e-03
1.388918208186096237e-03 2.168146588445763173e-03
8.889817534969424173e-04 1.465455325310927558e-03
5.000846571264760954e-04 8.603467244780782291e-04
2.222701403818971855e-04 3.936688639271325907e-04
5.556907905679420168e-05 1.003516507307832250e-04
0.000000000000000000e+00 -9.332720775890765827e-09
0.000000000000000000e+00 -7.473439221747892638e-10
5.556907905679420168e-05 -7.142111345336403278e-05
2.222701403818971855e-04 -2.811003909361240783e-04
5.000846571264760954e-04 -6.155136513838438232e-04
8.889817534969424173e-04 -1.052618769620481017e-03
1.388918208186096237e-03 -1.565870747020316721e-03
1.999838459177394334e-03 -2.121234375932625794e-03
2.721674609919344512e-03 -2.684990079280541279e-03
3.554346436871580472e-03 -3.227028665611056130e-03
4.497761398421062928e-03 -3.721330656195986561e-03
5.551814645166519568e-03 -4.148973342003992211e-03
6.716389031571567969e-03 -4.510581303565159607e-03
7.991355128984078959e-03 -4.836329534974688135e-03
9.376571240020115106e-03 -5.148383891113679674e-03
1.087188341431266636e-02 -5.454420957674963391e-03
1.247712546562085301e-02 -5.753518009023641210e-03
1.419211899029970692e-02 -6.036467531091825253e-03
1.601667338712764455e-02 -6.299550064336579581e-03
1.795058587848985532e-02 -6.544687866767852358e-03
1.999364153291383062e-02 -6.773887150004816865e-03
2.214561328895736647e-02 -6.989448241012914155e-03
2.440626198044326678e-02 -7.198700719673148916e-03
2.677533636303963682e-02 -7.411738471379904040e-03
2.925257314218321358e-02 -7.632473890535521922e-03
3.183769700234129196e-02 -7.861127244350292476e-03
3.453042063760936031e-02 -8.096714049341311933e-03
3.733044478364233587e-02 -8.337727211984533732e-03
4.023745825091396000e-02 -8.582850866058599343e-03
4.325113795930202176e-02 -8.830708619162292231e-03
4.637114897399441382e-02 -9.079200931599012286e-03
4.959714454271368922e-02 -9.326094654620710120e-03
5.292876613425423482e-02 -9.569603765121928798e-03
5.636564347832906385e-02 -9.808543330272078212e-03
5.990739460672012129e-02 -1.004343774624260471e-02
6.355362589573076981e-02 -1.027516905397719317e-02
6.730393210993146358e-02 -1.050455419186406038e-02
7.115789644719716645e-02 -1.073273674605389368e-02
7.511509058502996439e-02 -1.096168027954264046e-02
7.917507472816209813e-02 -1.119271810342782787e-02
8.333739765743386485e-02 -1.142565008801569269e-02
8.760159677994161509e-02 -1.165985581015055277e-02
9.196719818044885031e-02 -1.189431446254176315e-02
9.643371667405697956e-02 -1.212791325502516129e-02
1.010006558601274085e-01 -1.235947476486628539e-02
1.056675081774507419e-01 -1.258819034175990420e-02
1.104337549606562163e-01 -1.281371027981042382e-02
1.152988664978553679e-01 -1.303588902030652398e-02
1.202623020895129402e-01 -1.325476146513447293e-02
1.253235101085391490e-01 -1.347037348963104134e-02
1.304819280615971966e-01 -1.368277845999857356e-02
1.357369826516168221e-01 -1.389209822287611716e-02
1.410880898415101115e-01 -1.409851517368141544e-02
1.465346549190801317e-01 -1.430233159450761821e-02
1.520760725631161714e-01 -1.450388794755620367e-02
1.577117269106679265e-01 -1.470323180812766264e-02
1.634409916254914164e-01 -1.490024114292014083e-02
1.692632299676588570e-01 -1.509465589432154760e-02
1.751777948643248317e-01 -1.528616875320654503e-02
1.811840289816407656e-01 -1.547453493016946735e-02
1.872812647978095990e-01 -1.565952340117186120e-02
1.934688246772731102e-01 -1.584086382867480602e-02
1.997460209460230063e-01 -1.601829222518801749e-02
2.061121559680280102e-01 -1.619161324016834061e-02
2.125665222227673956e-01 -1.636067755433066179e-02
2.191084023838638650e-01 -1.652542947320320699e-02
2.257370693988056676e-01 -1.668583062701079617e-02
2.324517865697500740e-01 -1.684183965057694035e-02
2.392518076353984391e-01 -1.699343798129610353e-02
2.461363768539343022e-01 -1.714065763878109411e-02
2.531047290870154232e-01 -1.728350823219877708e-02
2.601560898848094272e-01 -1.742194571493978564e-02
2.672896755720651774e-01 -1.755589126762673730e-02
2.745046933352085494e-01 -1.768522188291119651e-02
2.818003413104546162e-01 -1.780982697322908148e-02
2.891758086729252497e-01 -1.792961711507824393e-02
2.966302757267624823e-01 -1.804451144159177622e-02
3.041629139962280792e-01 -1.815443165520580146e-02
3.117728863177794407e-01 -1.825919590649982549e-02
3.194593469331089564e-01 -1.835852726754469422e-02
3.272214415831418144e-01 -1.845215165927639039e-02
3.350583076029753915e-01 -1.853979698297054599e-02
3.429690740177547825e-01 -1.862115611479032984e-02
3.509528616394713696e-01 -1.869591371276683317e-02
3.590087831646743277e-01 -1.876389241181802836e-02
3.671359432730831873e-01 -1.882499890643679619e-02
3.753334387270930161e-01 -1.887920314692867474e-02
3.836003584721576765e-01 -1.892650880826949461e-02
3.919357837380436083e-01 -1.896695121187413902e-02
4.003387881409395943e-01 -1.900055214472767123e-02
4.088084377864137364e-01 -1.902720425786733061e-02
4.173437913732044313e-01 -1.904671991499813297e-02
4.259439002978354649e-01 -1.905874697964651462e-02
4.346078087600411255e-01 -1.906290820660457019e-02
4.433345538689928977e-01 -1.905888674853051246e-02
4.521231657503131940e-01 -1.904635391960474503e-02
4.609726676538650203e-01 -1.902491109636141736e-02
4.698820760623064752e-01 -1.899417547725177138e-02
4.788504008003974244e-01 -1.895382970395860511e-02
4.878766451450451402e-01 -1.890349234742940560e-02
4.969598059360780251e-01 -1.884264209673206653e-02
5.060988736877365390e-01 -1.877103868301635559e-02
5.152928327008634568e-01 -1.868893299866957250e-02
5.245406611757882365e-01 -1.859671311253013881e-02
5.338413313258880688e-01 -1.849489900718957400e-02
5.431938094918128401e-01 -1.838418032314661707e-02
5.525970562563653488e-01 -1.826532082273323379e-02
5.620500265600203438e-01 -1.813658000412329829e-02
5.715516698170692855e-01 -1.799369996438138913e-02
5.811009300323815019e-01 -1.783156531685442178e-02
5.906967459187653091e-01 -1.764448787573946048e-02
6.003380510149177729e-01 -1.742743937671929061e-02
6.100237738039482327e-01 -1.717620442914387716e-02
6.197528378324663745e-01 -1.689005242471348575e-02
6.295241618302156450e-01 -1.657023117253033848e-02
6.393366598302444581e-01 -1.621748263482091640e-02
6.491892412895989839e-01 -1.583238789187968107e-02
6.590808112105230876e-01 -1.541620254422276445e-02
6.690102702621547603e-01 -1.497051536850517277e-02
6.789765149027036095e-01 -1.449722010045323591e-02
6.889784375020977514e-01 -1.399832327485328078e-02
6.990149264650814542e-01 -1.347587323310139168e-02
7.090848663547572039e-01 -1.293189657918642800e-02
7.191871380165538730e-01 -1.236829612248119790e-02
7.293206187026060050e-01 -1.178696924803667584e-02
7.394841821965345563e-01 -1.118988411802617801e-02
7.496766989386134394e-01 -1.057900579747384981e-02
7.598970361513051053e-01 -9.956257205981243821e-03
7.701440579651563922e-01 -9.323507847162714954e-03
7.804166255450371015e-01 -8.682528775682433336e-03
7.907135972167069760e-01 -8.035104610692881191e-03
8.010338285937002034e-01 -7.383072233342482561e-03
8.113761727045106786e-01 -6.728610872829231086e-03
8.217394801200630372e-01 -6.074404195026040718e-03
8.321225990814590245e-01 -5.423341139241030957e-03
8.425243756279822138e-01 -4.778507978345226427e-03
8.529436537253458628e-01 -4.142793994406845579e-03
8.633792753941731402e-01 -3.518873024065577709e-03
8.738300808386934015e-01 -2.909509646175769369e-03
8.842949085756387495e-01 -2.317521364863461830e-03
8.947725955633289985e-01 -1.745197429030582743e-03
9.052619773309316109e-01 -1.195238971657855680e-03
9.157618881078770645e-01 -6.794628127980140413e-04
9.262711609534211021e-01 -2.155385648820716017e-04
9.367886278863364335e-01 1.778727389923558415e-04
9.473131200147204556e-01 4.816783498330960635e-04
9.578434676659028923e-01 6.771081293675486248e-04
9.683785005164411430e-01 7.455020230669025466e-04
9.789170477221889044e-01 6.679970959119779393e-04
9.894579380484205267e-01 4.257076931502524141e-04
9.999999999999998890e-01 8.537607434211927968e-10
