9.999999999999998890e-01 4.120803084547899627e-07
9.894579380484205267e-01 3.546879674302954363e-03
9.789170477221889044e-01 6.360493709972148829e-03
9.683785005164411430e-01 9.047161767922593315e-03
9.578434676659028923e-01 1.170647553515789460e-02
9.473131200147204556e-01 1.434135272672792429e-02
9.367886278863364335e-01 1.697499167399754011e-02
9.262711609534211021e-01 1.962911664210739010e-02
9.157618881078770645e-01 2.231433996988555629e-02
9.052619773309316109e-01 2.503738886636893562e-02
8.947725955633289985e-01 2.780047451070494918e-02
8.842949085756387495e-01 3.060182105412427925e-02
8.738300808386934015e-01 3.343419343175781100e-02
8.633792753941731402e-01 3.629310934296008095e-02
8.529436537253458628e-01 3.917820117610862352e-02
8.425243756279822138e-01 4.208317135332234615e-02
8.321225990814590245e-01 4.499525910236600035e-02
8.217394801200630372e-01 4.791296279234207034e-02
8.113761727045106786e-01 5.084570236659510800e-02
8.010338285937002034e-01 5.380117941082844524e-02
7.907135972167069760e-01 5.678403224163606350e-02
7.804166255450371015e-01 5.978232650368216217e-02
7.701440579651563922e-01 6.277213746843043896e-02
7.598970361513051053e-01 6.572121285850954231e-02
7.496766989386134394e-01 6.859388510610479883e-02
7.394841821965345563e-01 7.136385673584109968e-02
7.293206187026060050e-01 7.401104548888751133e-02
7.191871380165538730e-01 7.652657543917981697e-02
7.090848663547572039e-01 7.890460800364032523e-02
6.990149264650814542e-01 8.113203134597737898e-02
6.889784375020977514e-01 8.319787791996058335e-02
6.789765149027036095e-01 8.511077347763371104e-02
6.690102702621547603e-01 8.688708810935369398e-02
6.590808112105230876e-01 8.855190371625629164e-02
6.491892412895989839e-01 9.012564048691400209e-02
6.393366598302444581e-01 9.160933096823421773e-02
6.295241618302156450e-01 9.300126390559863843e-02
6.197528378324663745e-01 9.430167165460348611e-02
6.100237738039482327e-01 9.551074653198023123e-02
6.003380510149177729e-01 9.662800606819291205e-02
5.906967459187653091e-01 9.765265045980378589e-02
5.811009300323815019e-01 9.858346800638709273e-02
5.715516698170692855e-01 9.941868896242435361e-02
5.620500265600203438e-01 1.001559193651826440e-01
5.525970562563653488e-01 1.007966041145285097e-01
5.431938094918128401e-01 1.013468740786750422e-01
5.338413313258880688e-01 1.018129203190834137e-01
5.245406611757882365e-01 1.022007204522400736e-01
5.152928327008634568e-01 1.025164130183814915e-01
5.060988736877365390e-01 1.027662026887287416e-01
4.969598059360780251e-01 1.029551978593599149e-01
4.878766451450451402e-01 1.030875177341209620e-01
4.788504008003974244e-01 1.031651953728648791e-01
4.698820760623064752e-01 1.031890621333459851e-01
4.609726676538650203e-01 1.031604269652541261e-01
4.521231657503131940e-01 1.030808201469007590e-01
4.433345538689928977e-01 1.029515542496950431e-01
4.346078087600411255e-01 1.027738667766858738e-01
4.259439002978354649e-01 1.025491002698406401e-01
4.173437913732044313e-01 1.022786315947985525e-01
4.088084377864137364e-01 1.019638239451132466e-01
4.003387881409395943e-01 1.016059936195811558e-01
3.919357837380436083e-01 1.012062918981560117e-01
3.836003584721576765e-01 1.007657925944871052e-01
3.753334387270930161e-01 1.002854497484516327e-01
3.671359432730831873e-01 9.976621773200892995e-02
3.590087831646743277e-01 9.920911398626701405e-02
3.509528616394713696e-01 9.861517206646655542e-02
3.429690740177547825e-01 9.798543838208817469e-02
3.350583076029753915e-01 9.732095869379221720e-02
3.272214415831418144e-01 9.662277533089044801e-02
3.194593469331089564e-01 9.589197986389089157e-02
3.117728863177794407e-01 9.512973554163588197e-02
3.041629139962280792e-01 9.433704102497078581e-02
2.966302757267624823e-01 9.351467055519739613e-02
2.891758086729252497e-01 9.266328277822166726e-02
2.818003413104546162e-01 9.178343082760298532e-02
2.745046933352085494e-01 9.087574991765673404e-02
2.672896755720651774e-01 8.994095795789372461e-02
2.601560898848094272e-01 8.897980897622301266e-02
2.531047290870154232e-01 8.799308511580930525e-02
2.461363768539343022e-01 8.698159798138062337e-02
2.392518076353984391e-01 8.594618893404153137e-02
2.324517865697500740e-01 8.488780269721581118e-02
2.257370693988056676e-01 8.380742060817542027e-02
2.191084023838638650e-01 8.270587420832642422e-02
2.125665222227673956e-01 8.158386973950661203e-02
2.061121559680280102e-01 8.044176492860043159e-02
1.997460209460230063e-01 7.927982941119217364e-02
1.934688246772731102e-01 7.809855807543687745e-02
1.872812647978095990e-01 7.689852942748957865e-02
1.811840289816407656e-01 7.568037395349691554e-02
1.751777948643248317e-01 7.444477858062598097e-02
1.692632299676588570e-01 7.319257728495873194e-02
1.634409916254914164e-01 7.192464944778664826e-02
1.577117269106679265e-01 7.064191421467169718e-02
1.520760725631161714e-01 6.934537330644405251e-02
1.465346549190801317e-01 6.803620318252351362e-02
1.410880898415101115e-01 6.671524442262335985e-02
1.357369826516168221e-01 6.538263064595455087e-02
1.304819280615971966e-01 6.403849260020651191e-02
1.253235101085391490e-01 6.268309445397973745e-02
1.202623020895129402e-01 6.131684948777606226e-02
1.152988664978553679e-01 5.994036563110845262e-02
1.104337549606562163e-01 5.855443021276743321e-02
1.056675081774507419e-01 5.716002528734558802e-02
1.010006558601274085e-01 5.575818593965552183e-02
9.643371667405697956e-02 5.435000823008874493e-02
9.196719818044885031e-02 5.293691796488517870e-02
8.760159677994161509e-02 5.152057485443822804e-02
8.333739765743386485e-02 5.010214938057935136e-02
7.917507472816209813e-02 4.868233508458414543e-02
7.511509058502996439e-02 4.726049215606646647e-02
7.115789644719716645e-02 4.583533024157156188e-02
6.730393210993146358e-02 4.440661393540713819e-02
6.355362589573076981e-02 4.297466997521836446e-02
5.990739460672012129e-02 4.154008183052386449e-02
5.636564347832906385e-02 4.010367886245147506e-02
5.292876613425423482e-02 3.866706808865154332e-02
4.959714454271368922e-02 3.723211066710859635e-02
4.637114897399441382e-02 3.580062091523372042e-02
4.325113795930202176e-02 3.437472336666563127e-02
4.023745825091396000e-02 3.295773884658959041e-02
3.733044478364233587e-02 3.155231172172923843e-02
3.453042063760936031e-02 3.015817696103613790e-02
3.183769700234129196e-02 2.877431710106342216e-02
2.925257314218321358e-02 2.739921537854611566e-02
2.677533636303963682e-02 2.603211834247133247e-02
2.440626198044326678e-02 2.467403154955667005e-02
2.214561328895736647e-02 2.332502224990914627e-02
1.999364153291383062e-02 2.198317490688675782e-02
1.795058587848985532e-02 2.064984145607130783e-02
1.601667338712764455e-02 1.933144306512971089e-02
1.419211899029970692e-02 1.803213272609429860e-02
1.247712546562085301e-02 1.675304470401436235e-02
1.087188341431266636e-02 1.550336878466498404e-02
9.376571240020115106e-03 1.429923544148832895e-02
7.991355128984078959e-03 1.312427424644138814e-02
6.716389031571567969e-03 1.193544498448712021e-02
5.551814645166519568e-03 1.072549635467515833e-02
4.497761398421062928e-03 9.512812215142021216e-03
3.554346436871580472e-03 8.294666758993584146e-03
2.721674609919344512e-03 7.063833150139536485e-03
1.999838459177394334e-03 5.895837930239860962e-03
1.388918208186096237e-03 4.881241185040750656e-03
8.889817534969424173e-04 3.901359071581806965e-03
5.000846571264760954e-04 2.780439555853584082e-03
2.222701403818971855e-04 1.552970474723650235e-03
5.556907905679420168e-05 4.184670462599080171e-04
0.000000000000000000e+00 3.011621704241340497e-06
0.000000000000000000e+00 -1.054000441069911685e-05
5.556907905679420168e-05 -3.498641250186524635e-04
2.222701403818971855e-04 -1.274977037592619176e-03
5.000846571264760954e-04 -2.278350273014253732e-03
8.889817534969424173e-04 -3.174772382218992318e-03
1.388918208186096237e-03 -3.902987082932797471e-03
1.999838459177394334e-03 -4.558650224060671087e-03
2.721674609919344512e-03 -5.210206667607231862e-03
3.554346436871580472e-03 -5.804891189707056011e-03
4.497761398421062928e-03 -6.318073060688462507e-03
5.551814645166519568e-03 -6.809397669404563917e-03
6.716389031571567969e-03 -7.311813057643961992e-03
7.991355128984078959e-03 -7.801511238957156702e-03
9.376571240020115106e-03 -8.272790109681463916e-03
1.087188341431266636e-02 -8.750264383938688786e-03
1.247712546562085301e-02 -9.242080479747259020e-03
1.419211899029970692e-02 -9.735767189501682781e-03
1.601667338712764455e-02 -1.022514486219318168e-02
1.795058587848985532e-02 -1.071085257218758885e-02
1.999364153291383062e-02 -1.119023588524563177e-02
2.214561328895736647e-02 -1.165804226614620444e-02
2.440626198044326678e-02 -1.211224520826567272e-02
2.677533636303963682e-02 -1.255300092089050093e-02
2.925257314218321358e-02 -1.298000292854979004e-02
3.183769700234129196e-02 -1.339305067767913339e-02
3.453042063760936031e-02 -1.379504198073524049e-02
3.733044478364233587e-02 -1.419017609969670975e-02
4.023745825091396000e-02 -1.458155768091773732e-02
4.325113795930202176e-02 -1.497128978133998797e-02
4.637114897399441382e-02 -1.535850145514153567e-02
4.959714454271368922e-02 -1.574156051372513354e-02
5.292876613425423482e-02 -1.611975513082182163e-02
5.636564347832906385e-02 -1.649256620667625961e-02
5.990739460672012129e-02 -1.685927490634646017e-02
6.355362589573076981e-02 -1.721926084156006828e-02
6.730393210993146358e-02 -1.757232349410041070e-02
7.115789644719716645e-02 -1.791836744959851915e-02
7.511509058502996439e-02 -1.825736809063100916e-02
7.917507472816209813e-02 -1.858953726640415888e-02
8.333739765743386485e-02 -1.891554241133331510e-02
8.760159677994161509e-02 -1.923581939648116856e-02
9.196719818044885031e-02 -1.955031332647921144e-02
9.643371667405697956e-02 -1.985881668515221063e-02
1.010006558601274085e-01 -2.016097548031792891e-02
1.056675081774507419e-01 -2.045654894743353241e-02
1.104337549606562163e-01 -2.074544887515701250e-02
1.152988664978553679e-01 -2.102764747366196729e-02
1.202623020895129402e-01 -2.130317502669120538e-02
1.253235101085391490e-01 -2.157216570497020799e-02
1.304819280615971966e-01 -2.183485018530805996e-02
1.357369826516168221e-01 -2.209158951706186383e-02
1.410880898415101115e-01 -2.234284235082540163e-02
1.465346549190801317e-01 -2.258912628547608131e-02
1.520760725631161714e-01 -2.283092836826115454e-02
1.577117269106679265e-01 -2.306817487810505080e-02
1.634409916254914164e-01 -2.330051742335114209e-02
1.692632299676588570e-01 -2.352768727285561162e-02
1.751777948643248317e-01 -2.374944890620532198e-02
1.811840289816407656e-01 -2.396555731641638112e-02
1.872812647978095990e-01 -2.417577206389390221e-02
1.934688246772731102e-01 -2.437988995555924812e-02
1.997460209460230063e-01 -2.457772263792225992e-02
2.061121559680280102e-01 -2.476909700228759753e-02
2.125665222227673956e-01 -2.495385321067159975e-02
2.191084023838638650e-01 -2.513186189919594526e-02
2.257370693988056676e-01 -2.530300813849293423e-02
2.324517865697500740e-01 -2.546719914869069804e-02
2.392518076353984391e-01 -2.562436024838673707e-02
2.461363768539343022e-01 -2.577444856811564322e-02
2.531047290870154232e-01 -2.591743628390605347e-02
2.601560898848094272e-01 -2.605331583333874226e-02
2.672896755720651774e-01 -2.618210714645058737e-02
2.745046933352085494e-01 -2.630386914255068015e-02
2.818003413104546162e-01 -2.641866779605457280e-02
2.891758086729252497e-01 -2.652657616692929987e-02
2.966302757267624823e-01 -2.662772773457368000e-02
3.041629139962280792e-01 -2.672231636643637373e-02
3.117728863177794407e-01 -2.681043955393922970e-02
3.194593469331089564e-01 -2.689209080732013826e-02
3.272214415831418144e-01 -2.696707269879299734e-02
3.350583076029753915e-01 -2.703504670076046709e-02
3.429690740177547825e-01 -2.709572075485302059e-02
3.509528616394713696e-01 -2.714883262967906011e-02
3.590087831646743277e-01 -2.719409266034038611e-02
3.671359432730831873e-01 -2.723119742625398562e-02
3.753334387270930161e-01 -2.725985535717740868e-02
3.836003584721576765e-01 -2.727977897469505489e-02
3.919357837380436083e-01 -2.729067213605599826e-02
4.003387881409395943e-01 -2.729223572751041452e-02
4.088084377864137364e-01 -2.728417235762833556e-02
4.173437913732044313e-01 -2.726618495115224958e-02
4.259439002978354649e-01 -2.723797548006618233e-02
4.346078087600411255e-01 -2.719924461766270313e-02
4.433345538689928977e-01 -2.714968944110783544e-02
4.521231657503131940e-01 -2.708900875179789600e-02
4.609726676538650203e-01 -2.701690838256906244e-02
4.698820760623064752e-01 -2.693308919627841053e-02
4.788504008003974244e-01 -2.683723761170768787e-02
4.878766451450451402e-01 -2.672905485867726680e-02
4.969598059360780251e-01 -2.660827394368125640e-02
5.060988736877365390e-01 -2.647453700451298658e-02
5.152928327008634568e-01 -2.632732876360383348e-02
5.245406611757882365e-01 -2.616603694295225116e-02
5.338413313258880688e-01 -2.598993682354315202e-02
5.431938094918128401e-01 -2.579834448839428418e-02
5.525970562563653488e-01 -2.559062893717014772e-02
5.620500265600203438e-01 -2.536606563700643385e-02
5.715516698170692855e-01 -2.512384500162104933e-02
5.811009300323815019e-01 -2.486332278373545868e-02
5.906967459187653091e-01 -2.458395015005958306e-02
6.003380510149177729e-01 -2.428459599305403047e-02
6.100237738039482327e-01 -2.396352337760990561e-02
6.197528378324663745e-01 -2.361697625721729393e-02
6.295241618302156450e-01 -2.324009790982622253e-02
6.393366598302444581e-01 -2.282868768061206005e-02
6.491892412895989839e-01 -2.237871309932071978e-02
6.590808112105230876e-01 -2.188505774500217743e-02
6.690102702621547603e-01 -2.134245497629445876e-02
6.789765149027036095e-01 -2.074725501952187981e-02
6.889784375020977514e-01 -2.009542190792504290e-02
6.990149264650814542e-01 -1.937870680299317444e-02
7.090848663547572039e-01 -1.858724531832754712e-02
7.191871380165538730e-01 -1.770957403291325769e-02
7.293206187026060050e-01 -1.673217430329031197e-02
7.394841821965345563e-01 -1.563640010411866330e-02
7.496766989386134394e-01 -1.440936939180901925e-02
7.598970361513051053e-01 -1.305533301171196876e-02
7.701440579651563922e-01 -1.159584547156612862e-02
7.804166255450371015e-01 -1.008316790724740446e-02
7.907135972167069760e-01 -8.561209109170334411e-03
8.010338285937002034e-01 -7.052371675238235972e-03
8.113761727045106786e-01 -5.581373394080046957e-03
8.217394801200630372e-01 -4.179373613865406539e-03
8.321225990814590245e-01 -2.869612682383603734e-03
8.425243756279822138e-01 -1.664385050422738680e-03
8.529436537253458628e-01 -5.652427042047826825e-04
8.633792753941731402e-01 4.362553766547995569e-04
8.738300808386934015e-01 1.337566803266555587e-03
8.842949085756387495e-01 2.126206143650778181e-03
8.947725955633289985e-01 2.793061493675432026e-03
9.052619773309316109e-01 3.331529025455175468e-03
9.157618881078770645e-01 3.731867819319398608e-03
9.262711609534211021e-01 3.982790461534550970e-03
9.367886278863364335e-01 4.077237310272173454e-03
9.473131200147204556e-01 4.009378869674934572e-03
9.578434676659028923e-01 3.765975220183098715e-03
9.683785005164411430e-01 3.329743658453942004e-03
9.789170477221889044e-01 2.678879082591517722e-03
9.894579380484205267e-01 1.720473127693679773e-03
9.999999999999998890e-01 2.391470900750941586e-05
