9.999999999999998890e-01 -2.690639238428689430e-03
9.894579380484205267e-01 2.319200483107574338e-03
9.789170477221889044e-01 7.390053373126506849e-03
9.683785005164411430e-01 1.198011276689205096e-02
9.578434676659028923e-01 1.605197192674318735e-02
9.473131200147204556e-01 1.968988177359409786e-02
9.367886278863364335e-01 2.302680713186619835e-02
9.262711609534211021e-01 2.617288601652023594e-02
9.157618881078770645e-01 2.916787993488430611e-02
9.052619773309316109e-01 3.203714828465298314e-02
8.947725955633289985e-01 3.479704103705510282e-02
8.842949085756387495e-01 3.745823674780657947e-02
8.738300808386934015e-01 4.002406190151882454e-02
8.633792753941731402e-01 4.250000326791671806e-02
8.529436537253458628e-01 4.489520826781049495e-02
8.425243756279822138e-01 4.721613132517753220e-02
8.321225990814590245e-01 4.946584420738486809e-02
8.217394801200630372e-01 5.164607612340493814e-02
8.113761727045106786e-01 5.375749710603748566e-02
8.010338285937002034e-01 5.580150024051663132e-02
7.907135972167069760e-01 5.778012899690000703e-02
7.804166255450371015e-01 5.969588187694150477e-02
7.701440579651563922e-01 6.155144888202485065e-02
7.598970361513051053e-01 6.334850157958586692e-02
7.496766989386134394e-01 6.508807085087799094e-02
7.394841821965345563e-01 6.677071078742970178e-02
7.293206187026060050e-01 6.839681408707741495e-02
7.191871380165538730e-01 6.996716984929986227e-02
7.090848663547572039e-01 7.148276438768494390e-02
6.990149264650814542e-01 7.294479423209074276e-02
6.889784375020977514e-01 7.435449044350418701e-02
6.789765149027036095e-01 7.571293610554341580e-02
6.690102702621547603e-01 7.702106243243667105e-02
6.590808112105230876e-01 7.827940247021622500e-02
6.491892412895989839e-01 7.948843593453604195e-02
6.393366598302444581e-01 8.064874579196507076e-02
6.295241618302156450e-01 8.176085534799734655e-02
6.197528378324663745e-01 8.282509640619628577e-02
6.100237738039482327e-01 8.384175985772782114e-02
6.003380510149177729e-01 8.481111221503460917e-02
5.906967459187653091e-01 8.573346642377596694e-02
5.811009300323815019e-01 8.660922044614252635e-02
5.715516698170692855e-01 8.743882304569912389e-02
5.620500265600203438e-01 8.822278565109432924e-02
5.525970562563653488e-01 8.896168151863846629e-02
5.431938094918128401e-01 8.965614259928381125e-02
5.338413313258880688e-01 9.030656375186565943e-02
5.245406611757882365e-01 9.091308838440909090e-02
5.152928327008634568e-01 9.147574005448164125e-02
5.060988736877365390e-01 9.199445549875584494e-02
4.969598059360780251e-01 9.246925897506684533e-02
4.878766451450451402e-01 9.290025643859903259e-02
4.788504008003974244e-01 9.328772908541778375e-02
4.698820760623064752e-01 9.363207244772479843e-02
4.609726676538650203e-01 9.393375706773195166e-02
4.521231657503131940e-01 9.419328668067990240e-02
4.433345538689928977e-01 9.441113519064393833e-02
4.346078087600411255e-01 9.458772421770486605e-02
4.259439002978354649e-01 9.472325062542062690e-02
4.173437913732044313e-01 9.481784831472118980e-02
4.088084377864137364e-01 9.487172814761994644e-02
4.003387881409395943e-01 9.488513761594555285e-02
3.919357837380436083e-01 9.485837857061331369e-02
3.836003584721576765e-01 9.479177413738471003e-02
3.753334387270930161e-01 9.468567353857332280e-02
3.671359432730831873e-01 9.454047152458228132e-02
3.590087831646743277e-01 9.435666854241113455e-02
3.509528616394713696e-01 9.413473001335963264e-02
3.429690740177547825e-01 9.387500618046185075e-02
3.350583076029753915e-01 9.357771192599008414e-02
3.272214415831418144e-01 9.324284404011008720e-02
3.194593469331089564e-01 9.287046406753289574e-02
3.117728863177794407e-01 9.246076978817284464e-02
3.041629139962280792e-01 9.201401672826189926e-02
2.966302757267624823e-01 9.153052292917274180e-02
2.891758086729252497e-01 9.101068478066909329e-02
2.818003413104546162e-01 9.045498335741412876e-02
2.745046933352085494e-01 8.986397744105850682e-02
2.672896755720651774e-01 8.923829141525692343e-02
2.601560898848094272e-01 8.857852129558146936e-02
2.531047290870154232e-01 8.788522394724973541e-02
2.461363768539343022e-01 8.715877592034847188e-02
2.392518076353984391e-01 8.639945894188853781e-02
2.324517865697500740e-01 8.560776370536746227e-02
2.257370693988056676e-01 8.478428657359071696e-02
2.191084023838638650e-01 8.392954983747452635e-02
2.125665222227673956e-01 8.304399851979545055e-02
2.061121559680280102e-01 8.212781336621872985e-02
1.997460209460230063e-01 8.118112167676819202e-02
1.934688246772731102e-01 8.020428927324663171e-02
1.872812647978095990e-01 7.919778519783585158e-02
1.811840289816407656e-01 7.816219467540889976e-02
1.751777948643248317e-01 7.709816807379435422e-02
1.692632299676588570e-01 7.600647550605522940e-02
1.634409916254914164e-01 7.488796412446974138e-02
1.577117269106679265e-01 7.374362673388536182e-02
1.520760725631161714e-01 7.257452075867387720e-02
1.465346549190801317e-01 7.138179173830187796e-02
1.410880898415101115e-01 7.016614376426157096e-02
1.357369826516168221e-01 6.892739308724775416e-02
1.304819280615971966e-01 6.766546280373191002e-02
1.253235101085391490e-01 6.638062450469416065e-02
1.202623020895129402e-01 6.507331874824283380e-02
1.152988664978553679e-01 6.374418110484711408e-02
1.104337549606562163e-01 6.239404361782184549e-02
1.056675081774507419e-01 6.102395181751674169e-02
1.010006558601274085e-01 5.963497987072298445e-02
9.643371667405697956e-02 5.822825177545811609e-02
9.196719818044885031e-02 5.680545442062077260e-02
8.760159677994161509e-02 5.536862169553568441e-02
8.333739765743386485e-02 5.391824781746774875e-02
7.917507472816209813e-02 5.245374419154693463e-02
7.511509058502996439e-02 5.097453895201423807e-02
7.115789644719716645e-02 4.948016901208519835e-02
6.730393210993146358e-02 4.797087954664303044e-02
6.355362589573076981e-02 4.644741969332297910e-02
5.990739460672012129e-02 4.491158105175073467e-02
5.636564347832906385e-02 4.336559727041594536e-02
5.292876613425423482e-02 4.181178627933344882e-02
4.959714454271368922e-02 4.025283718508816666e-02
4.637114897399441382e-02 3.869298105936665177e-02
4.325113795930202176e-02 3.713595925246276908e-02
4.023745825091396000e-02 3.558209701260665880e-02
3.733044478364233587e-02 3.402925246868947207e-02
3.453042063760936031e-02 3.247016982144870778e-02
3.183769700234129196e-02 3.089853479246432860e-02
2.925257314218321358e-02 2.931287976721052776e-02
2.677533636303963682e-02 2.771358274586289278e-02
2.440626198044326678e-02 2.610337450118125832e-02
2.214561328895736647e-02 2.448987100641953144e-02
1.999364153291383062e-02 2.288873240919997096e-02
1.795058587848985532e-02 2.131378069486996110e-02
1.601667338712764455e-02 1.977493651245276068e-02
1.419211899029970692e-02 1.828318171481443932e-02
1.247712546562085301e-02 1.685011504956304002e-02
1.087188341431266636e-02 1.545959485551651018e-02
9.376571240020115106e-03 1.406716491096444976e-02
7.991355128984078959e-03 1.264545444709733180e-02
6.716389031571567969e-03 1.118467921404805651e-02
5.551814645166519568e-03 9.692502037046557203e-03
4.497761398421062928e-03 8.189930185691423822e-03
3.554346436871580472e-03 6.706202670243571230e-03
2.721674609919344512e-03 5.275859975049823798e-03
1.999838459177394334e-03 3.936261987206075494e-03
1.388918208186096237e-03 2.725780800757735423e-03
8.889817534969424173e-04 1.679622182356660777e-03
5.000846571264760954e-04 8.303671576792564114e-04
2.222701403818971855e-04 2.033565460332808150e-04
5.556907905679420168e-05 -1.806319901594144472e-04
0.000000000000000000e+00 -3.101007341812852679e-04
0.000000000000000000e+00 -3.378625880175052643e-04
5.556907905679420168e-05 -1.411660056612648075e-03
2.222701403818971855e-04 -4.044811154863508888e-03
5.000846571264760954e-04 -5.797466303979800784e-03
8.889817534969424173e-04 -6.713622183974884625e-03
1.388918208186096237e-03 -7.286487328393553148e-03
1.999838459177394334e-03 -7.840847238065965993e-03
2.721674609919344512e-03 -8.541208010650166299e-03
3.554346436871580472e-03 -9.254015472334066808e-03
4.497761398421062928e-03 -9.881434969180662511e-03
5.551814645166519568e-03 -1.047049496402413689e-02
6.716389031571567969e-03 -1.105843931806252574e-02
7.991355128984078959e-03 -1.164160445887592668e-02
9.376571240020115106e-03 -1.222260859813448924e-02
1.087188341431266636e-02 -1.281677436306581305e-02
1.247712546562085301e-02 -1.342429897274544787e-02
1.419211899029970692e-02 -1.402778271198722518e-02
1.601667338712764455e-02 -1.461881667306794835e-02
1.795058587848985532e-02 -1.519814743029542121e-02
1.999364153291383062e-02 -1.576202239359929258e-02
2.214561328895736647e-02 -1.630315781051660043e-02
2.440626198044326678e-02 -1.681883748267296724e-02
2.677533636303963682e-02 -1.730943687086654997e-02
2.925257314218321358e-02 -1.777471639803702291e-02
3.183769700234129196e-02 -1.821463995921327947e-02
3.453042063760936031e-02 -1.863380149797451424e-02
3.733044478364233587e-02 -1.903839150647342396e-02
4.023745825091396000e-02 -1.943072824593825715e-02
4.325113795930202176e-02 -1.981113168310299349e-02
4.637114897399441382e-02 -2.017749071610006398e-02
4.959714454271368922e-02 -2.052712933074887086e-02
5.292876613425423482e-02 -2.085836774575098793e-02
5.636564347832906385e-02 -2.116972999378326920e-02
5.990739460672012129e-02 -2.145950695956480234e-02
6.355362589573076981e-02 -2.172608481154695778e-02
6.730393210993146358e-02 -2.196828222466069847e-02
7.115789644719716645e-02 -2.218505661827130382e-02
7.511509058502996439e-02 -2.237551221130834947e-02
7.917507472816209813e-02 -2.253894766707181460e-02
8.333739765743386485e-02 -2.267501448870992697e-02
8.760159677994161509e-02 -2.278357109650117757e-02
9.196719818044885031e-02 -2.286476083290268219e-02
9.643371667405697956e-02 -2.291901191514465058e-02
1.010006558601274085e-01 -2.294712894650706436e-02
1.056675081774507419e-01 -2.295020717062216248e-02
1.104337549606562163e-01 -2.292967544603497637e-02
1.152988664978553679e-01 -2.288739641439099803e-02
1.202623020895129402e-01 -2.282557419624871298e-02
1.253235101085391490e-01 -2.274500294359191321e-02
1.304819280615971966e-01 -2.264524839725338620e-02
1.357369826516168221e-01 -2.252581240316508387e-02
1.410880898415101115e-01 -2.238618719646054758e-02
1.465346549190801317e-01 -2.222594859541976442e-02
1.520760725631161714e-01 -2.204472858139797792e-02
1.577117269106679265e-01 -2.184220325771315391e-02
1.634409916254914164e-01 -2.161808201849088271e-02
1.692632299676588570e-01 -2.137215215536054577e-02
1.751777948643248317e-01 -2.110424646162994272e-02
1.811840289816407656e-01 -2.081426850644664539e-02
1.872812647978095990e-01 -2.050216507147632761e-02
1.934688246772731102e-01 -2.016796822511543116e-02
1.997460209460230063e-01 -1.981175737508776916e-02
2.061121559680280102e-01 -1.943369827921026874e-02
2.125665222227673956e-01 -1.903400683984892566e-02
2.191084023838638650e-01 -1.861299219802918861e-02
2.257370693988056676e-01 -1.817101766400369689e-02
2.324517865697500740e-01 -1.770854058145162127e-02
2.392518076353984391e-01 -1.722607798722806949e-02
2.461363768539343022e-01 -1.672424457259125835e-02
2.531047290870154232e-01 -1.620371910898686998e-02
2.601560898848094272e-01 -1.566527502072951467e-02
2.672896755720651774e-01 -1.510975915747010678e-02
2.745046933352085494e-01 -1.453811727901515964e-02
2.818003413104546162e-01 -1.395136711137094469e-02
2.891758086729252497e-01 -1.335059504497501659e-02
2.966302757267624823e-01 -1.273652774675270404e-02
3.041629139962280792e-01 -1.210949629154542580e-02
3.117728863177794407e-01 -1.146984855647989986e-02
3.194593469331089564e-01 -1.081796823071151138e-02
3.272214415831418144e-01 -1.015427002290507710e-02
3.350583076029753915e-01 -9.479194854283513536e-03
3.429690740177547825e-01 -8.793221379556473427e-03
3.509528616394713696e-01 -8.096856395353395353e-03
3.590087831646743277e-01 -7.390643836773833075e-03
3.671359432730831873e-01 -6.675153059974258708e-03
3.753334387270930161e-01 -5.950993798179579630e-03
3.836003584721576765e-01 -5.218800716173919649e-03
3.919357837380436083e-01 -4.479248872091004356e-03
4.003387881409395943e-01 -3.733037015653708178e-03
4.088084377864137364e-01 -2.980906077985686665e-03
4.173437913732044313e-01 -2.223620026524329111e-03
4.259439002978354649e-01 -1.461983350697115261e-03
4.346078087600411255e-01 -6.968236836384376952e-04
4.433345538689928977e-01 7.098815371472667586e-05
4.521231657503131940e-01 8.405730803997931095e-04
4.609726676538650203e-01 1.611054728395231936e-03
4.698820760623064752e-01 2.381543649618054516e-03
4.788504008003974244e-01 3.151118404175798360e-03
4.878766451450451402e-01 3.918835844270724365e-03
4.969598059360780251e-01 4.683718987919884696e-03
5.060988736877365390e-01 5.444769534799841042e-03
5.152928327008634568e-01 6.200960118461846388e-03
5.245406611757882365e-01 6.951240214903884641e-03
5.338413313258880688e-01 7.694530371152346476e-03
5.431938094918128401e-01 8.429730328145500218e-03
5.525970562563653488e-01 9.155716893089457797e-03
5.620500265600203438e-01 9.871340821730370529e-03
5.715516698170692855e-01 1.057542760271873786e-02
5.811009300323815019e-01 1.126678719930757425e-02
5.906967459187653091e-01 1.194421483610908809e-02
6.003380510149177729e-01 1.260647013594319750e-02
6.100237738039482327e-01 1.325228874309452784e-02
6.197528378324663745e-01 1.388041262156447346e-02
6.295241618302156450e-01 1.448957870979731243e-02
6.393366598302444581e-01 1.507844945267698862e-02
6.491892412895989839e-01 1.564566585669652926e-02
6.590808112105230876e-01 1.618997084938601783e-02
6.690102702621547603e-01 1.671006575090401569e-02
6.789765149027036095e-01 1.720419471196108982e-02
6.889784375020977514e-01 1.767036886456723604e-02
6.990149264650814542e-01 1.810625139628990049e-02
7.090848663547572039e-01 1.850941519135064148e-02
7.191871380165538730e-01 1.887746055839338577e-02
7.293206187026060050e-01 1.920799608240976106e-02
7.394841821965345563e-01 1.949863610085165663e-02
7.496766989386134394e-01 1.974693639234084350e-02
7.598970361513051053e-01 1.995030258250937022e-02
7.701440579651563922e-01 2.010623688447616200e-02
7.804166255450371015e-01 2.021249092670882389e-02
7.907135972167069760e-01 2.026655425393501797e-02
8.010338285937002034e-01 2.026541096735891279e-02
8.113761727045106786e-01 2.020666478430867274e-02
8.217394801200630372e-01 2.008883231885587664e-02
8.321225990814590245e-01 1.990758869898474892e-02
8.425243756279822138e-01 1.965495633925283536e-02
8.529436537253458628e-01 1.932248990773783107e-02
8.633792753941731402e-01 1.890141545782733634e-02
8.738300808386934015e-01 1.838150080556661195e-02
8.842949085756387495e-01 1.775149261765082004e-02
8.947725955633289985e-01 1.700387527622100950e-02
9.052619773309316109e-01 1.613269212181284856e-02
9.157618881078770645e-01 1.511769919514485520e-02
9.262711609534211021e-01 1.392847952376988913e-02
9.367886278863364335e-01 1.252437427358330142e-02
9.473131200147204556e-01 1.085934453321088337e-02
9.578434676659028923e-01 8.887021024084366602e-03
9.683785005164411430e-01 6.563786806036800946e-03
9.789170477221889044e-01 3.863078351861972543e-03
9.894579380484205267e-01 7.700303177292791915e-04
9.999999999999998890e-01 -2.703771296085703477e-03
