9.999999999999998890e-01 -7.400000143846500143e-03
9.894579380484205267e-01 -5.587484298420723229e-03
9.789170477221889044e-01 -3.773320167001265393e-03
9.683785005164411430e-01 -1.958069535615155742e-03
9.578434676659028923e-01 -1.423280966737204035e-04
9.473131200147204556e-01 1.673315526570111605e-03
9.367886278863364335e-01 3.488310859368019563e-03
9.262711609534211021e-01 5.302087703747729829e-03
9.157618881078770645e-01 7.114017196776605684e-03
9.052619773309316109e-01 8.923528294267521824e-03
8.947725955633289985e-01 1.073017996846769781e-02
8.842949085756387495e-01 1.253388155750980761e-02
8.738300808386934015e-01 1.433507914743818376e-02
8.633792753941731402e-01 1.613438895341435045e-02
8.529436537253458628e-01 1.793256209150759575e-02
8.425243756279822138e-01 1.972952725077315936e-02
8.321225990814590245e-01 2.152423277390150616e-02
8.217394801200630372e-01 2.331470502587041152e-02
8.113761727045106786e-01 2.509819675740634221e-02
8.010338285937002034e-01 2.687280502366875060e-02
7.907135972167069760e-01 2.863755656686656215e-02
7.804166255450371015e-01 3.039430047200341461e-02
7.701440579651563922e-01 3.214682441374527161e-02
7.598970361513051053e-01 3.389939488863757261e-02
7.496766989386134394e-01 3.565608383102968765e-02
7.394841821965345563e-01 3.741743978045963814e-02
7.293206187026060050e-01 3.918192363301851999e-02
7.191871380165538730e-01 4.094533351100693164e-02
7.090848663547572039e-01 4.270270419459383515e-02
6.990149264650814542e-01 4.445057197080801853e-02
6.889784375020977514e-01 4.618655908910444113e-02
6.789765149027036095e-01 4.791085273332724992e-02
6.690102702621547603e-01 4.962468543231018242e-02
6.590808112105230876e-01 5.133054243940207706e-02
6.491892412895989839e-01 5.302977926060455094e-02
6.393366598302444581e-01 5.471960858295809443e-02
6.295241618302156450e-01 5.639493456483314626e-02
6.197528378324663745e-01 5.804688185076013057e-02
6.100237738039482327e-01 5.966641753299029016e-02
6.003380510149177729e-01 6.124536819711477731e-02
5.906967459187653091e-01 6.277814710130995290e-02
5.811009300323815019e-01 6.426341354493245173e-02
5.715516698170692855e-01 6.570105516724594752e-02
5.620500265600203438e-01 6.709211429632895574e-02
5.525970562563653488e-01 6.843728374400401271e-02
5.431938094918128401e-01 6.973670928471696617e-02
5.338413313258880688e-01 7.099008865251932310e-02
5.245406611757882365e-01 7.219669555950830597e-02
5.152928327008634568e-01 7.335577785198699186e-02
5.060988736877365390e-01 7.446658483930874983e-02
4.969598059360780251e-01 7.552846631226874108e-02
4.878766451450451402e-01 7.654080339509383712e-02
4.788504008003974244e-01 7.750253206995005861e-02
4.698820760623064752e-01 7.841239820765105728e-02
4.609726676538650203e-01 7.926984885961468885e-02
4.521231657503131940e-01 8.007447109437663968e-02
4.433345538689928977e-01 8.082432214634824308e-02
4.346078087600411255e-01 8.151665123708914940e-02
4.259439002978354649e-01 8.214782056333094773e-02
4.173437913732044313e-01 8.271382292036738582e-02
4.088084377864137364e-01 8.321038580934415896e-02
4.003387881409395943e-01 8.363403564758895015e-02
3.919357837380436083e-01 8.398467050184271754e-02
3.836003584721576765e-01 8.426412793352756891e-02
3.753334387270930161e-01 8.447782402764704435e-02
3.671359432730831873e-01 8.463152151431505010e-02
3.590087831646743277e-01 8.473003408950334492e-02
3.509528616394713696e-01 8.477771175790679847e-02
3.429690740177547825e-01 8.477821427193929504e-02
3.350583076029753915e-01 8.473382832574900825e-02
3.272214415831418144e-01 8.464450494454774099e-02
3.194593469331089564e-01 8.451036759696944900e-02
3.117728863177794407e-01 8.433218167951346544e-02
3.041629139962280792e-01 8.411060172092388321e-02
2.966302757267624823e-01 8.384608820528857698e-02
2.891758086729252497e-01 8.353961520567108889e-02
2.818003413104546162e-01 8.319272608357869414e-02
2.745046933352085494e-01 8.280689214220401939e-02
2.672896755720651774e-01 8.238349944162087768e-02
2.601560898848094272e-01 8.192404490702816233e-02
2.531047290870154232e-01 8.143009336771044049e-02
2.461363768539343022e-01 8.090296754916248556e-02
2.392518076353984391e-01 8.034381443364288500e-02
2.324517865697500740e-01 7.975362583703819730e-02
2.257370693988056676e-01 7.913330941597157553e-02
2.191084023838638650e-01 7.848376708803185553e-02
2.125665222227673956e-01 7.780594336022533808e-02
2.061121559680280102e-01 7.710105936568195650e-02
1.997460209460230063e-01 7.637026524933059057e-02
1.934688246772731102e-01 7.561381914568039708e-02
1.872812647978095990e-01 7.483156936731948095e-02
1.811840289816407656e-01 7.402283006559141898e-02
1.751777948643248317e-01 7.318690888240586556e-02
1.692632299676588570e-01 7.232356661950223309e-02
1.634409916254914164e-01 7.143273566443919531e-02
1.577117269106679265e-01 7.051455968123764018e-02
1.520760725631161714e-01 6.956922455916399184e-02
1.465346549190801317e-01 6.859692539417452939e-02
1.410880898415101115e-01 6.759750279798856787e-02
1.357369826516168221e-01 6.657010388626444231e-02
1.304819280615971966e-01 6.551411372610732586e-02
1.253235101085391490e-01 6.442944479754236786e-02
1.202623020895129402e-01 6.331621094442524411e-02
1.152988664978553679e-01 6.217474573789995296e-02
1.104337549606562163e-01 6.100566980222075358e-02
1.056675081774507419e-01 5.980992565901345481e-02
1.010006558601274085e-01 5.858859646845350488e-02
9.643371667405697956e-02 5.734285319610031573e-02
9.196719818044885031e-02 5.607331878792882335e-02
8.760159677994161509e-02 5.478020510346272992e-02
8.333739765743386485e-02 5.346433251349773375e-02
7.917507472816209813e-02 5.212695581105925013e-02
7.511509058502996439e-02 5.076933007301666356e-02
7.115789644719716645e-02 4.939252423036531031e-02
6.730393210993146358e-02 4.799611377131975110e-02
6.355362589573076981e-02 4.657909666378332730e-02
5.990739460672012129e-02 4.514152179594246167e-02
5.636564347832906385e-02 4.368405339696671691e-02
5.292876613425423482e-02 4.220835248499609643e-02
4.959714454271368922e-02 4.071634290810700885e-02
4.637114897399441382e-02 3.920960694104096839e-02
4.325113795930202176e-02 3.768969827321679705e-02
4.023745825091396000e-02 3.615842041106483856e-02
3.733044478364233587e-02 3.461799045289153803e-02
3.453042063760936031e-02 3.307171217917062589e-02
3.183769700234129196e-02 3.152338163336577959e-02
2.925257314218321358e-02 2.997751805193091951e-02
2.677533636303963682e-02 2.843884234032282091e-02
2.440626198044326678e-02 2.691222465278025194e-02
2.214561328895736647e-02 2.539919717355055770e-02
1.999364153291383062e-02 2.389541338376916652e-02
1.795058587848985532e-02 2.239826885321796399e-02
1.601667338712764455e-02 2.090870292272754838e-02
1.419211899029970692e-02 1.943052662677077422e-02
1.247712546562085301e-02 1.797052872034026957e-02
1.087188341431266636e-02 1.652929673328250998e-02
9.376571240020115106e-03 1.510081902439432827e-02
7.991355128984078959e-03 1.368136603950706812e-02
6.716389031571567969e-03 1.226838718477348857e-02
5.551814645166519568e-03 1.084314583542304693e-02
4.497761398421062928e-03 9.377887416242491544e-03
3.554346436871580472e-03 7.880234226535397929e-03
2.721674609919344512e-03 6.381786275916449813e-03
1.999838459177394334e-03 4.927899924248028279e-03
1.388918208186096237e-03 3.571314259492853332e-03
8.889817534969424173e-04 2.366970046735441396e-03
5.000846571264760954e-04 1.368908558177896759e-03
2.222701403818971855e-04 6.202465179357274797e-04
5.556907905679420168e-05 1.569814767975032197e-04
0.000000000000000000e+00 -4.772997850000119214e-09
0.000000000000000000e+00 8.925898958632777856e-09
5.556907905679420168e-05 -3.348080614787895311e-04
2.222701403818971855e-04 -1.311792533861896740e-03
5.000846571264760954e-04 -2.854214756031688525e-03
8.889817534969424173e-04 -4.833815472706404388e-03
1.388918208186096237e-03 -7.098673138819470464e-03
1.999838459177394334e-03 -9.461313137256503747e-03
2.721674609919344512e-03 -1.173936255119423233e-02
3.554346436871580472e-03 -1.377591446740086129e-02
4.497761398421062928e-03 -1.545274342130598111e-02
5.551814645166519568e-03 -1.671997680352648591e-02
6.716389031571567969e-03 -1.764694489259234847e-02
7.991355128984078959e-03 -1.847769521043060581e-02
9.376571240020115106e-03 -1.936337911054272082e-02
1.087188341431266636e-02 -2.030924808246616781e-02
1.247712546562085301e-02 -2.128562589607415831e-02
1.419211899029970692e-02 -2.223644703635403036e-02
1.601667338712764455e-02 -2.313714965549399857e-02
1.795058587848985532e-02 -2.399432294504556806e-02
1.999364153291383062e-02 -2.481246832322679327e-02
2.214561328895736647e-02 -2.559445242142287941e-02
2.440626198044326678e-02 -2.635589557020521015e-02
2.677533636303963682e-02 -2.711943257255950909e-02
2.925257314218321358e-02 -2.789162139377826879e-02
3.183769700234129196e-02 -2.866997898648466700e-02
3.453042063760936031e-02 -2.945331238959287418e-02
3.733044478364233587e-02 -3.024107196880044743e-02
4.023745825091396000e-02 -3.103258571387031151e-02
4.325113795930202176e-02 -3.182739916490961996e-02
4.637114897399441382e-02 -3.262646529047390914e-02
4.959714454271368922e-02 -3.343106992106665426e-02
5.292876613425423482e-02 -3.424194396099343451e-02
5.636564347832906385e-02 -3.505927985469273200e-02
5.990739460672012129e-02 -3.588188759992740062e-02
6.355362589573076981e-02 -3.670844501612514216e-02
6.730393210993146358e-02 -3.753814486141310303e-02
7.115789644719716645e-02 -3.837025194577179527e-02
7.511509058502996439e-02 -3.920397908409888055e-02
7.917507472816209813e-02 -4.003877381574973832e-02
8.333739765743386485e-02 -4.087457810261881791e-02
8.760159677994161509e-02 -4.171150376722524561e-02
9.196719818044885031e-02 -4.254985516452005484e-02
9.643371667405697956e-02 -4.339021190251504678e-02
1.010006558601274085e-01 -4.423350559349484290e-02
1.056675081774507419e-01 -4.508018281766148355e-02
1.104337549606562163e-01 -4.593006937289413616e-02
1.152988664978553679e-01 -4.678290258555473091e-02
1.202623020895129402e-01 -4.763837679544161152e-02
1.253235101085391490e-01 -4.849635314635820232e-02
1.304819280615971966e-01 -4.935683642815936328e-02
1.357369826516168221e-01 -5.021981469146928612e-02
1.410880898415101115e-01 -5.108529302178977521e-02
1.465346549190801317e-01 -5.195362644730261437e-02
1.520760725631161714e-01 -5.282520424744650139e-02
1.577117269106679265e-01 -5.369887745178118094e-02
1.634409916254914164e-01 -5.457260516558853913e-02
1.692632299676588570e-01 -5.544360527471806077e-02
1.751777948643248317e-01 -5.630879952185529475e-02
1.811840289816407656e-01 -5.716520430678345005e-02
1.872812647978095990e-01 -5.800971482119151451e-02
1.934688246772731102e-01 -5.883850118069306606e-02
1.997460209460230063e-01 -5.964778531592404565e-02
2.061121559680280102e-01 -6.043480332190134113e-02
2.125665222227673956e-01 -6.119751690610788358e-02
2.191084023838638650e-01 -6.193541508578127852e-02
2.257370693988056676e-01 -6.264815554071462289e-02
2.324517865697500740e-01 -6.333504683526397505e-02
2.392518076353984391e-01 -6.399550740731123344e-02
2.461363768539343022e-01 -6.462931730095788918e-02
2.531047290870154232e-01 -6.523610452549824523e-02
2.601560898848094272e-01 -6.581513013781632726e-02
2.672896755720651774e-01 -6.636550628718473899e-02
2.745046933352085494e-01 -6.688617754457724940e-02
2.818003413104546162e-01 -6.737611439761971577e-02
2.891758086729252497e-01 -6.783434038658806009e-02
2.966302757267624823e-01 -6.825991459643684922e-02
3.041629139962280792e-01 -6.865188530641612441e-02
3.117728863177794407e-01 -6.900839471955588778e-02
3.194593469331089564e-01 -6.932675405521264433e-02
3.272214415831418144e-01 -6.960429052999045352e-02
3.350583076029753915e-01 -6.983833455415805469e-02
3.429690740177547825e-01 -7.002582523499753520e-02
3.509528616394713696e-01 -7.016359160260798866e-02
3.590087831646743277e-01 -7.024982952681378678e-02
3.671359432730831873e-01 -7.028358077040552931e-02
3.753334387270930161e-01 -7.026461151755521162e-02
3.836003584721576765e-01 -7.019300573966363865e-02
3.919357837380436083e-01 -7.006878410827771519e-02
4.003387881409395943e-01 -6.989192920892682570e-02
4.088084377864137364e-01 -6.966235625071560966e-02
4.173437913732044313e-01 -6.937991792624306764e-02
4.259439002978354649e-01 -6.904429523628712040e-02
4.346078087600411255e-01 -6.865514439032407989e-02
4.433345538689928977e-01 -6.821218968249438686e-02
4.521231657503131940e-01 -6.771531183634910134e-02
4.609726676538650203e-01 -6.716479377919987170e-02
4.698820760623064752e-01 -6.656121016983575223e-02
4.788504008003974244e-01 -6.590565474938976653e-02
4.878766451450451402e-01 -6.519923408639834161e-02
4.969598059360780251e-01 -6.444293950002294435e-02
5.060988736877365390e-01 -6.363814369296992568e-02
5.152928327008634568e-01 -6.278687466483380553e-02
5.245406611757882365e-01 -6.189148085714070435e-02
5.338413313258880688e-01 -6.095467000473318159e-02
5.431938094918128401e-01 -5.997917557157329133e-02
5.525970562563653488e-01 -5.896778204922311500e-02
5.620500265600203438e-01 -5.792442741001201795e-02
5.715516698170692855e-01 -5.685421804074630020e-02
5.811009300323815019e-01 -5.576288380791469962e-02
5.906967459187653091e-01 -5.465658990630637565e-02
6.003380510149177729e-01 -5.354096550890572598e-02
6.100237738039482327e-01 -5.242090501511020156e-02
6.197528378324663745e-01 -5.129770000130134261e-02
6.295241618302156450e-01 -5.017058255357272761e-02
6.393366598302444581e-01 -4.903920230900305627e-02
6.491892412895989839e-01 -4.790341604088960148e-02
6.590808112105230876e-01 -4.676300332397899384e-02
6.690102702621547603e-01 -4.561776012972405120e-02
6.789765149027036095e-01 -4.446774895649059645e-02
6.889784375020977514e-01 -4.331309830825048196e-02
6.990149264650814542e-01 -4.215382546074162434e-02
7.090848663547572039e-01 -4.098999606681989760e-02
7.191871380165538730e-01 -3.982197051406962535e-02
7.293206187026060050e-01 -3.865019662802578193e-02
7.394841821965345563e-01 -3.747518091523956152e-02
7.496766989386134394e-01 -3.629737609770122830e-02
7.598970361513051053e-01 -3.511706985045939117e-02
7.701440579651563922e-01 -3.393439294084512475e-02
7.804166255450371015e-01 -3.274919991773932865e-02
7.907135972167069760e-01 -3.156133860309209838e-02
8.010338285937002034e-01 -3.037070856890441636e-02
8.113761727045106786e-01 -2.917731875513153439e-02
8.217394801200630372e-01 -2.798133417395098563e-02
8.321225990814590245e-01 -2.678299259726089551e-02
8.425243756279822138e-01 -2.558260317452357852e-02
8.529436537253458628e-01 -2.438038364154956200e-02
8.633792753941731402e-01 -2.317644403036765721e-02
8.738300808386934015e-01 -2.197076664369084983e-02
8.842949085756387495e-01 -2.076322529666231598e-02
8.947725955633289985e-01 -1.955369976229227869e-02
9.052619773309316109e-01 -1.834210129337757525e-02
9.157618881078770645e-01 -1.712861370209808193e-02
9.262711609534211021e-01 -1.591359698696227440e-02
9.367886278863364335e-01 -1.469745409652207895e-02
9.473131200147204556e-01 -1.348060696865412654e-02
9.578434676659028923e-01 -1.226346099381789984e-02
9.683785005164411430e-01 -1.104641609885397523e-02
9.789170477221889044e-01 -9.829883625484337265e-03
9.894579380484205267e-01 -8.614277067792287454e-03
9.999999999999998890e-01 -7.399999958226898857e-03
