9.999999999999998890e-01 1.576262628983801860e-08
9.894579380484205267e-01 2.041886647326412226e-03
9.789170477221889044e-01 4.113782207806831494e-03
9.683785005164411430e-01 6.213262550069803720e-03
9.578434676659028923e-01 8.343340317073639351e-03
9.473131200147204556e-01 1.050746967056716448e-02
9.367886278863364335e-01 1.270725018518723860e-02
9.262711609534211021e-01 1.494347995470479175e-02
9.157618881078770645e-01 1.721584775539451023e-02
9.052619773309316109e-01 1.952363852789647247e-02
8.947725955633289985e-01 2.186568671667337219e-02
8.842949085756387495e-01 2.424238105479638999e-02
8.738300808386934015e-01 2.665664242122582975e-02
8.633792753941731402e-01 2.911090067659673208e-02
8.529436537253458628e-01 3.160665296359711773e-02
8.425243756279822138e-01 3.414604664865718980e-02
8.321225990814590245e-01 3.673236768474170966e-02
8.217394801200630372e-01 3.937591252403035286e-02
8.113761727045106786e-01 4.209170260307864425e-02
8.010338285937002034e-01 4.486480514232124572e-02
7.907135972167069760e-01 4.765739575747675316e-02
7.804166255450371015e-01 5.044758534250540216e-02
7.701440579651563922e-01 5.322561311231904096e-02
7.598970361513051053e-01 5.599078157863681543e-02
7.496766989386134394e-01 5.875036201158319316e-02
7.394841821965345563e-01 6.153495728883652538e-02
7.293206187026060050e-01 6.437016908495436784e-02
7.191871380165538730e-01 6.717849062950549677e-02
7.090848663547572039e-01 6.984582000495850873e-02
6.990149264650814542e-01 7.228013255654940072e-02
6.889784375020977514e-01 7.442269011069435614e-02
6.789765149027036095e-01 7.632727069709925594e-02
6.690102702621547603e-01 7.806562770775110627e-02
6.590808112105230876e-01 7.966526736915852114e-02
6.491892412895989839e-01 8.114127560034196940e-02
6.393366598302444581e-01 8.250118379524215562e-02
6.295241618302156450e-01 8.375937925181721477e-02
6.197528378324663745e-01 8.495023645952126667e-02
6.100237738039482327e-01 8.609832676342564495e-02
6.003380510149177729e-01 8.720212383034359194e-02
5.906967459187653091e-01 8.824946357694853083e-02
5.811009300323815019e-01 8.921555166921911473e-02
5.715516698170692855e-01 9.007933562493174173e-02
5.620500265600203438e-01 9.082726796126486257e-02
5.525970562563653488e-01 9.145899328423290342e-02
5.431938094918128401e-01 9.199002618176305157e-02
5.338413313258880688e-01 9.245176706673495504e-02
5.245406611757882365e-01 9.288947195049142291e-02
5.152928327008634568e-01 9.332462618396354659e-02
5.060988736877365390e-01 9.375682088313719298e-02
4.969598059360780251e-01 9.417264657628916791e-02
4.878766451450451402e-01 9.454968272488736836e-02
4.788504008003974244e-01 9.486428975649439932e-02
4.698820760623064752e-01 9.509418900751789860e-02
4.609726676538650203e-01 9.523415810875997256e-02
4.521231657503131940e-01 9.528997040185122058e-02
4.433345538689928977e-01 9.528341866235480462e-02
4.346078087600411255e-01 9.524102873873517561e-02
4.259439002978354649e-01 9.517762385027880856e-02
4.173437913732044313e-01 9.510236024354611073e-02
4.088084377864137364e-01 9.501727836196138810e-02
4.003387881409395943e-01 9.491846504841265630e-02
3.919357837380436083e-01 9.478709317298680825e-02
3.836003584721576765e-01 9.460511684943817556e-02
3.753334387270930161e-01 9.436833927466324601e-02
3.671359432730831873e-01 9.407599550765895213e-02
3.590087831646743277e-01 9.372916104964892914e-02
3.509528616394713696e-01 9.333302153753837704e-02
3.429690740177547825e-01 9.290104421224310016e-02
3.350583076029753915e-01 9.244322390219981977e-02
3.272214415831418144e-01 9.196121941254285781e-02
3.194593469331089564e-01 9.145622477306830644e-02
3.117728863177794407e-01 9.092997231539440284e-02
3.041629139962280792e-01 9.038003669058949918e-02
2.966302757267624823e-01 8.979871877993893248e-02
2.891758086729252497e-01 8.918230198604862324e-02
2.818003413104546162e-01 8.853181573993162967e-02
2.745046933352085494e-01 8.784892632292476411e-02
2.672896755720651774e-01 8.713553452387286236e-02
2.601560898848094272e-01 8.639156294731278884e-02
2.531047290870154232e-01 8.561555262801533173e-02
2.461363768539343022e-01 8.480792006947371342e-02
2.392518076353984391e-01 8.397030323322450529e-02
2.324517865697500740e-01 8.310408999047474987e-02
2.257370693988056676e-01 8.221059777336552077e-02
2.191084023838638650e-01 8.129173637096553939e-02
2.125665222227673956e-01 8.034948382109947940e-02
2.061121559680280102e-01 7.938456187219591897e-02
1.997460209460230063e-01 7.839773638708857906e-02
1.934688246772731102e-01 7.739241949729022685e-02
1.872812647978095990e-01 7.637108588052947400e-02
1.811840289816407656e-01 7.532883941778271975e-02
1.751777948643248317e-01 7.425998728187220566e-02
1.692632299676588570e-01 7.316267064963086209e-02
1.634409916254914164e-01 7.203688147713049883e-02
1.577117269106679265e-01 7.088552677133637403e-02
1.520760725631161714e-01 6.971165444263835442e-02
1.465346549190801317e-01 6.851743915689480213e-02
1.410880898415101115e-01 6.730471699296824983e-02
1.357369826516168221e-01 6.607491980561805422e-02
1.304819280615971966e-01 6.483044431578154077e-02
1.253235101085391490e-01 6.357528959093229626e-02
1.202623020895129402e-01 6.231081416107512455e-02
1.152988664978553679e-01 6.103441974293682959e-02
1.104337549606562163e-01 5.974030716900397692e-02
1.056675081774507419e-01 5.841964606731768483e-02
1.010006558601274085e-01 5.707162744445594404e-02
9.643371667405697956e-02 5.570331517967758161e-02
9.196719818044885031e-02 5.431871676294929008e-02
8.760159677994161509e-02 5.291918327894009483e-02
8.333739765743386485e-02 5.150808965724104627e-02
7.917507472816209813e-02 5.009008030813491552e-02
7.511509058502996439e-02 4.866771787250053632e-02
7.115789644719716645e-02 4.724270830274366478e-02
6.730393210993146358e-02 4.581991660901284930e-02
6.355362589573076981e-02 4.440337078380506702e-02
5.990739460672012129e-02 4.298104372251385086e-02
5.636564347832906385e-02 4.153724355174769067e-02
5.292876613425423482e-02 4.007229403082253338e-02
4.959714454271368922e-02 3.859227098733285233e-02
4.637114897399441382e-02 3.710457432680328016e-02
4.325113795930202176e-02 3.561501248418452725e-02
4.023745825091396000e-02 3.412213382105500764e-02
3.733044478364233587e-02 3.262404880319427075e-02
3.453042063760936031e-02 3.112266134115963812e-02
3.183769700234129196e-02 2.962294768475952356e-02
2.925257314218321358e-02 2.813578520588917026e-02
2.677533636303963682e-02 2.666537223273808543e-02
2.440626198044326678e-02 2.519995385306700308e-02
2.214561328895736647e-02 2.373075474713620681e-02
1.999364153291383062e-02 2.225798029031767628e-02
1.795058587848985532e-02 2.079136878628776164e-02
1.601667338712764455e-02 1.935295178866614646e-02
1.419211899029970692e-02 1.794846209339054019e-02
1.247712546562085301e-02 1.656197621541396353e-02
1.087188341431266636e-02 1.517503621379742013e-02
9.376571240020115106e-03 1.376956924266340559e-02
7.991355128984078959e-03 1.235788899184497684e-02
6.716389031571567969e-03 1.097808866614528693e-02
5.551814645166519568e-03 9.651106391362027428e-03
4.497761398421062928e-03 8.382859870218448833e-03
3.554346436871580472e-03 7.162411927200983998e-03
2.721674609919344512e-03 5.975113259606388248e-03
1.999838459177394334e-03 4.866459971104857181e-03
1.388918208186096237e-03 3.903679498201665429e-03
8.889817534969424173e-04 3.080430007233115035e-03
5.000846571264760954e-04 2.334617963708181167e-03
2.222701403818971855e-04 1.466908425394329845e-03
5.556907905679420168e-05 4.137912511857145311e-04
0.000000000000000000e+00 1.686482574920598486e-05
0.000000000000000000e+00 -1.332914165576405368e-08
5.556907905679420168e-05 4.836794106069513043e-06
2.222701403818971855e-04 1.979523950600553596e-05
5.000846571264760954e-04 5.028416550978233378e-05
8.889817534969424173e-04 1.010630219889363518e-04
1.388918208186096237e-03 1.797837582690348112e-04
1.999838459177394334e-03 3.023137895698711449e-04
2.721674609919344512e-03 4.773323132041746891e-04
3.554346436871580472e-03 6.941324941279225806e-04
4.497761398421062928e-03 9.436579900397634767e-04
5.551814645166519568e-03 1.225040552159283079e-03
6.716389031571567969e-03 1.539178275341547726e-03
7.991355128984078959e-03 1.888239769882890835e-03
9.376571240020115106e-03 2.270816000215219489e-03
1.087188341431266636e-02 2.680631109238103098e-03
1.247712546562085301e-02 3.113100224297368594e-03
1.419211899029970692e-02 3.565987166064450448e-03
1.601667338712764455e-02 4.038390020656735212e-03
1.795058587848985532e-02 4.530238755084445290e-03
1.999364153291383062e-02 5.036410679379493480e-03
2.214561328895736647e-02 5.547997869198405783e-03
2.440626198044326678e-02 6.059736807054151402e-03
2.677533636303963682e-02 6.568535250544196846e-03
2.925257314218321358e-02 7.067726045130911031e-03
3.183769700234129196e-02 7.550128899525245657e-03
3.453042063760936031e-02 8.020736996226573989e-03
3.733044478364233587e-02 8.489722794321712465e-03
4.023745825091396000e-02 8.963348820388765056e-03
4.325113795930202176e-02 9.445317588626565841e-03
4.637114897399441382e-02 9.934069030534868269e-03
4.959714454271368922e-02 1.042653214782075094e-02
5.292876613425423482e-02 1.092055306890030164e-02
5.636564347832906385e-02 1.141386268917584344e-02
5.990739460672012129e-02 1.190289912518383182e-02
6.355362589573076981e-02 1.238448725980774608e-02
6.730393210993146358e-02 1.285743158839131907e-02
7.115789644719716645e-02 1.332037682647091610e-02
7.511509058502996439e-02 1.377069952640160196e-02
7.917507472816209813e-02 1.420600825810410320e-02
8.333739765743386485e-02 1.462476025441056433e-02
8.760159677994161509e-02 1.502487112961315395e-02
9.196719818044885031e-02 1.540318354604170402e-02
9.643371667405697956e-02 1.575765562049783602e-02
1.010006558601274085e-01 1.608815067437614071e-02
1.056675081774507419e-01 1.639986590439243899e-02
1.104337549606562163e-01 1.670393936657938241e-02
1.152988664978553679e-01 1.700416702911074912e-02
1.202623020895129402e-01 1.729666837556488937e-02
1.253235101085391490e-01 1.758023423171640662e-02
1.304819280615971966e-01 1.785583522174172613e-02
1.357369826516168221e-01 1.811885220793715487e-02
1.410880898415101115e-01 1.836110201381515455e-02
1.465346549190801317e-01 1.858014806016685186e-02
1.520760725631161714e-01 1.877665622087518887e-02
1.577117269106679265e-01 1.894745186258254069e-02
1.634409916254914164e-01 1.908921579395975524e-02
1.692632299676588570e-01 1.921145227935562236e-02
1.751777948643248317e-01 1.932744102711789896e-02
1.811840289816407656e-01 1.944084412358419375e-02
1.872812647978095990e-01 1.955178470044351829e-02
1.934688246772731102e-01 1.965976630745793971e-02
1.997460209460230063e-01 1.976422353924388656e-02
2.061121559680280102e-01 1.986501731737789697e-02
2.125665222227673956e-01 1.996195308367708018e-02
2.191084023838638650e-01 2.005433595696344898e-02
2.257370693988056676e-01 2.014170297871352780e-02
2.324517865697500740e-01 2.022445631101037894e-02
2.392518076353984391e-01 2.030249052103618584e-02
2.461363768539343022e-01 2.037429643126717482e-02
2.531047290870154232e-01 2.043930597077550995e-02
2.601560898848094272e-01 2.049897027438634181e-02
2.672896755720651774e-01 2.055267518974194380e-02
2.745046933352085494e-01 2.059647311175138648e-02
2.818003413104546162e-01 2.063249903507808486e-02
2.891758086729252497e-01 2.067103014768166547e-02
2.966302757267624823e-01 2.072052135556845531e-02
3.041629139962280792e-01 2.078673527809810073e-02
3.117728863177794407e-01 2.087299616291066889e-02
3.194593469331089564e-01 2.098019036253523720e-02
3.272214415831418144e-01 2.110433466910783054e-02
3.350583076029753915e-01 2.123773942141685134e-02
3.429690740177547825e-01 2.137269817687134990e-02
3.509528616394713696e-01 2.150218250760928609e-02
3.590087831646743277e-01 2.162504394690698689e-02
3.671359432730831873e-01 2.174328919730247195e-02
3.753334387270930161e-01 2.185845753024589708e-02
3.836003584721576765e-01 2.197186496250383425e-02
3.919357837380436083e-01 2.208486323779530747e-02
4.003387881409395943e-01 2.219879207096198473e-02
4.088084377864137364e-01 2.231485921109828408e-02
4.173437913732044313e-01 2.243294950334560542e-02
4.259439002978354649e-01 2.254761916354067891e-02
4.346078087600411255e-01 2.265302536552754598e-02
4.433345538689928977e-01 2.274670188691214207e-02
4.521231657503131940e-01 2.282695491802646734e-02
4.609726676538650203e-01 2.289224707906933540e-02
4.698820760623064752e-01 2.294492135271564148e-02
4.788504008003974244e-01 2.299634529733212904e-02
4.878766451450451402e-01 2.305556823698030888e-02
4.969598059360780251e-01 2.312454292114155333e-02
5.060988736877365390e-01 2.320369472391895643e-02
5.152928327008634568e-01 2.329220397423942962e-02
5.245406611757882365e-01 2.338519036152485187e-02
5.338413313258880688e-01 2.347250821810014168e-02
5.431938094918128401e-01 2.354965911306124496e-02
5.525970562563653488e-01 2.361904684701299217e-02
5.620500265600203438e-01 2.368030889388527196e-02
5.715516698170692855e-01 2.372997833388980696e-02
5.811009300323815019e-01 2.376455787653466295e-02
5.906967459187653091e-01 2.378089900891641739e-02
6.003380510149177729e-01 2.377930355519104408e-02
6.100237738039482327e-01 2.376132269664722393e-02
6.197528378324663745e-01 2.371661756217085734e-02
6.295241618302156450e-01 2.362909865419409589e-02
6.393366598302444581e-01 2.349304841245054148e-02
6.491892412895989839e-01 2.330814124186293690e-02
6.590808112105230876e-01 2.307570017377518629e-02
6.690102702621547603e-01 2.279743446097852455e-02
6.789765149027036095e-01 2.247354638062113580e-02
6.889784375020977514e-01 2.210407969997702643e-02
6.990149264650814542e-01 2.169067467510869471e-02
7.090848663547572039e-01 2.123504669511908430e-02
7.191871380165538730e-01 2.073752975500493811e-02
7.293206187026060050e-01 2.019935951367608437e-02
7.394841821965345563e-01 1.962550980356749311e-02
7.496766989386134394e-01 1.902621779279158390e-02
7.598970361513051053e-01 1.842316477344091777e-02
7.701440579651563922e-01 1.782803841177596493e-02
7.804166255450371015e-01 1.722765104338800507e-02
7.907135972167069760e-01 1.660030119201809720e-02
8.010338285937002034e-01 1.591520093754815110e-02
8.113761727045106786e-01 1.516093957267208164e-02
8.217394801200630372e-01 1.435630893856106732e-02
8.321225990814590245e-01 1.352592853935677235e-02
8.425243756279822138e-01 1.269790726434343042e-02
8.529436537253458628e-01 1.188177037101164485e-02
8.633792753941731402e-01 1.106740944761562366e-02
8.738300808386934015e-01 1.024749757019218117e-02
8.842949085756387495e-01 9.418234005278053322e-03
8.947725955633289985e-01 8.579066693829962009e-03
9.052619773309316109e-01 7.731732031604300615e-03
9.157618881078770645e-01 6.877361211139543587e-03
9.262711609534211021e-01 6.016752064964415135e-03
9.367886278863364335e-01 5.151450559688784160e-03
9.473131200147204556e-01 4.283641395241018224e-03
9.578434676659028923e-01 3.417254792340844623e-03
9.683785005164411430e-01 2.556245306675023008e-03
9.789170477221889044e-01 1.700153981249572085e-03
9.894579380484205267e-01 8.475334676417736442e-04
9.999999999999998890e-01 1.209843421401371143e-08
