9.999999999999998890e-01 3.601385243968945331e-04
9.894579380484205267e-01 4.117404958105618136e-03
9.789170477221889044e-01 7.696688548185115497e-03
9.683785005164411430e-01 1.078949425566626784e-02
9.578434676659028923e-01 1.350960647980510229e-02
9.473131200147204556e-01 1.602839288773506149e-02
9.367886278863364335e-01 1.843739291266483643e-02
9.262711609534211021e-01 2.079230469452451532e-02
9.157618881078770645e-01 2.309811760470358716e-02
9.052619773309316109e-01 2.535106169864619757e-02
8.947725955633289985e-01 2.754419196123506289e-02
8.842949085756387495e-01 2.968300614451108155e-02
8.738300808386934015e-01 3.179317814924537133e-02
8.633792753941731402e-01 3.389567588675337917e-02
8.529436537253458628e-01 3.600218452797959018e-02
8.425243756279822138e-01 3.810679514282164226e-02
8.321225990814590245e-01 4.018500305072798123e-02
8.217394801200630372e-01 4.222249747615663962e-02
8.113761727045106786e-01 4.421608419941002593e-02
8.010338285937002034e-01 4.617028411904506441e-02
7.907135972167069760e-01 4.809509593223539742e-02
7.804166255450371015e-01 4.999608682349521160e-02
7.701440579651563922e-01 5.187532117252022928e-02
7.598970361513051053e-01 5.373089989332505145e-02
7.496766989386134394e-01 5.555887546314903364e-02
7.394841821965345563e-01 5.735660304085570677e-02
7.293206187026060050e-01 5.912223294020395314e-02
7.191871380165538730e-01 6.085497540189536286e-02
7.090848663547572039e-01 6.255446545020354465e-02
6.990149264650814542e-01 6.422037620243976896e-02
6.889784375020977514e-01 6.585236108609651695e-02
6.789765149027036095e-01 6.744993587870515284e-02
6.690102702621547603e-01 6.901260861094904442e-02
6.590808112105230876e-01 7.053999209568011242e-02
6.491892412895989839e-01 7.203165199793337692e-02
6.393366598302444581e-01 7.348694659555492226e-02
6.295241618302156450e-01 7.490507069371832305e-02
6.197528378324663745e-01 7.628491333844196476e-02
6.100237738039482327e-01 7.762537063735941434e-02
6.003380510149177729e-01 7.892544801312322000e-02
5.906967459187653091e-01 8.018432687661936065e-02
5.811009300323815019e-01 8.140146770917432162e-02
5.715516698170692855e-01 8.257644695061162887e-02
5.620500265600203438e-01 8.370896794648656491e-02
5.525970562563653488e-01 8.479873285453833065e-02
5.431938094918128401e-01 8.584542687644802772e-02
5.338413313258880688e-01 8.684864592293889407e-02
5.245406611757882365e-01 8.780789951358865253e-02
5.152928327008634568e-01 8.872275741058505139e-02
5.060988736877365390e-01 8.959284583674614888e-02
4.969598059360780251e-01 9.041781030804396657e-02
4.878766451450451402e-01 9.119730866201485042e-02
4.788504008003974244e-01 9.193099530058690405e-02
4.698820760623064752e-01 9.261853247609343198e-02
4.609726676538650203e-01 9.325966949139355422e-02
4.521231657503131940e-01 9.385420262391055979e-02
4.433345538689928977e-01 9.440194618261295301e-02
4.346078087600411255e-01 9.490272639013223877e-02
4.259439002978354649e-01 9.535639448043355115e-02
4.173437913732044313e-01 9.576283355498113603e-02
4.088084377864137364e-01 9.612203443052932950e-02
4.003387881409395943e-01 9.643401074101416726e-02
3.919357837380436083e-01 9.669874290470398259e-02
3.836003584721576765e-01 9.691621694746201110e-02
3.753334387270930161e-01 9.708646206147011903e-02
3.671359432730831873e-01 9.720954558339184315e-02
3.590087831646743277e-01 9.728561280801380218e-02
3.509528616394713696e-01 9.731486630432956142e-02
3.429690740177547825e-01 9.729760625905199689e-02
3.350583076029753915e-01 9.723415376171566649e-02
3.272214415831418144e-01 9.712484662037218497e-02
3.194593469331089564e-01 9.697014392695275931e-02
3.117728863177794407e-01 9.677067822368262684e-02
3.041629139962280792e-01 9.652671514463967428e-02
2.966302757267624823e-01 9.623802499968567292e-02
2.891758086729252497e-01 9.590429423418939114e-02
2.818003413104546162e-01 9.552516157125072460e-02
2.745046933352085494e-01 9.510042230073718905e-02
2.672896755720651774e-01 9.463003355379856485e-02
2.601560898848094272e-01 9.411419088259048715e-02
2.531047290870154232e-01 9.355328867695739126e-02
2.461363768539343022e-01 9.294794165479505765e-02
2.392518076353984391e-01 9.229890649590662133e-02
2.324517865697500740e-01 9.160695396075051178e-02
2.257370693988056676e-01 9.087289805087037098e-02
2.191084023838638650e-01 9.009783210842946255e-02
2.125665222227673956e-01 8.928298807460410824e-02
2.061121559680280102e-01 8.842966438730733014e-02
1.997460209460230063e-01 8.753922369934967473e-02
1.934688246772731102e-01 8.661322659783245170e-02
1.872812647978095990e-01 8.565318055094955918e-02
1.811840289816407656e-01 8.466011254663502461e-02
1.751777948643248317e-01 8.363481301417161062e-02
1.692632299676588570e-01 8.257769017665678168e-02
1.634409916254914164e-01 8.148921467437161836e-02
1.577117269106679265e-01 8.037026486925252788e-02
1.520760725631161714e-01 7.922175038792500512e-02
1.465346549190801317e-01 7.804448552480199031e-02
1.410880898415101115e-01 7.683919741091845002e-02
1.357369826516168221e-01 7.560647207165359374e-02
1.304819280615971966e-01 7.434709563332581039e-02
1.253235101085391490e-01 7.306220926032468144e-02
1.202623020895129402e-01 7.175293600215078282e-02
1.152988664978553679e-01 7.042031137743194613e-02
1.104337549606562163e-01 6.906484971559749553e-02
1.056675081774507419e-01 6.768648460864559735e-02
1.010006558601274085e-01 6.628556968674897965e-02
9.643371667405697956e-02 6.486291575979974411e-02
9.196719818044885031e-02 6.341953507024597481e-02
8.760159677994161509e-02 6.195656350134822604e-02
8.333739765743386485e-02 6.047477891574542380e-02
7.917507472816209813e-02 5.897473303938254030e-02
7.511509058502996439e-02 5.745725443755446415e-02
7.115789644719716645e-02 5.592343945024795537e-02
6.730393210993146358e-02 5.437522754681778370e-02
6.355362589573076981e-02 5.281466861287906905e-02
5.990739460672012129e-02 5.124178281865616330e-02
5.636564347832906385e-02 4.965582333867740034e-02
5.292876613425423482e-02 4.805640922625011718e-02
4.959714454271368922e-02 4.644359632850808550e-02
4.637114897399441382e-02 4.481884069921517749e-02
4.325113795930202176e-02 4.318405909565069256e-02
4.023745825091396000e-02 4.154141746626562742e-02
3.733044478364233587e-02 3.989301412964323112e-02
3.453042063760936031e-02 3.824056773365706874e-02
3.183769700234129196e-02 3.658677445093217601e-02
2.925257314218321358e-02 3.493697600256102237e-02
2.677533636303963682e-02 3.329536386211317395e-02
2.440626198044326678e-02 3.166278824030364925e-02
2.214561328895736647e-02 3.003535819694821279e-02
1.999364153291383062e-02 2.840167542469612325e-02
1.795058587848985532e-02 2.675552327259160534e-02
1.601667338712764455e-02 2.509951999083231966e-02
1.419211899029970692e-02 2.343761922091632324e-02
1.247712546562085301e-02 2.177470747464925471e-02
1.087188341431266636e-02 2.011964205599151012e-02
9.376571240020115106e-03 1.848521001388176224e-02
7.991355128984078959e-03 1.688070721457989726e-02
6.716389031571567969e-03 1.531327800230856961e-02
5.551814645166519568e-03 1.380608922145227374e-02
4.497761398421062928e-03 1.238819514419195814e-02
3.554346436871580472e-03 1.101909606647078453e-02
2.721674609919344512e-03 9.619038920313370544e-03
1.999838459177394334e-03 8.150541167002346710e-03
1.388918208186096237e-03 6.620342125699049673e-03
8.889817534969424173e-04 5.191689334223640283e-03
5.000846571264760954e-04 4.023085252175461098e-03
2.222701403818971855e-04 2.835930481493860369e-03
5.556907905679420168e-05 1.430357653094141857e-03
0.000000000000000000e+00 7.698805513592254417e-04
0.000000000000000000e+00 -1.026255513097253981e-05
5.556907905679420168e-05 -7.156063103933932041e-04
2.222701403818971855e-04 -1.533944721413250728e-03
5.000846571264760954e-04 -2.317086131699438133e-03
8.889817534969424173e-04 -3.090202288532904393e-03
1.388918208186096237e-03 -3.900136306238992726e-03
1.999838459177394334e-03 -4.755618665084361367e-03
2.721674609919344512e-03 -5.655559721122015507e-03
3.554346436871580472e-03 -6.591202022409641849e-03
4.497761398421062928e-03 -7.554333617950964586e-03
5.551814645166519568e-03 -8.539833691746229888e-03
6.716389031571567969e-03 -9.546816122258515447e-03
7.991355128984078959e-03 -1.058043329638715634e-02
9.376571240020115106e-03 -1.164040891357241703e-02
1.087188341431266636e-02 -1.271856105186116616e-02
1.247712546562085301e-02 -1.380830111927269267e-02
1.419211899029970692e-02 -1.490541896950063096e-02
1.601667338712764455e-02 -1.600496815024529326e-02
1.795058587848985532e-02 -1.710153473917287378e-02
1.999364153291383062e-02 -1.819532679998803540e-02
2.214561328895736647e-02 -1.929101728130031695e-02
2.440626198044326678e-02 -2.039253995506433437e-02
2.677533636303963682e-02 -2.150275738736841247e-02
2.925257314218321358e-02 -2.261975116360303781e-02
3.183769700234129196e-02 -2.373914543704054234e-02
3.453042063760936031e-02 -2.485850898031598949e-02
3.733044478364233587e-02 -2.597642551635395702e-02
4.023745825091396000e-02 -2.709197647862264871e-02
4.325113795930202176e-02 -2.820436806085196285e-02
4.637114897399441382e-02 -2.931243941027718639e-02
4.959714454271368922e-02 -3.041489563690876960e-02
5.292876613425423482e-02 -3.151038298782545682e-02
5.636564347832906385e-02 -3.259788172312721999e-02
5.990739460672012129e-02 -3.367761752903708494e-02
6.355362589573076981e-02 -3.475003474234238110e-02
6.730393210993146358e-02 -3.581540491746647292e-02
7.115789644719716645e-02 -3.687351272010148950e-02
7.511509058502996439e-02 -3.792303491730575349e-02
7.917507472816209813e-02 -3.896277071302085143e-02
8.333739765743386485e-02 -3.999210662563950497e-02
8.760159677994161509e-02 -4.101064601999174219e-02
9.196719818044885031e-02 -4.201823536642945028e-02
9.643371667405697956e-02 -4.301450096474416368e-02
1.010006558601274085e-01 -4.399872000708863334e-02
1.056675081774507419e-01 -4.497015101356358763e-02
1.104337549606562163e-01 -4.592807685709202753e-02
1.152988664978553679e-01 -4.687212432345227997e-02
1.202623020895129402e-01 -4.780225252010770337e-02
1.253235101085391490e-01 -4.871813705803432204e-02
1.304819280615971966e-01 -4.961917118389765069e-02
1.357369826516168221e-01 -5.050439067410001509e-02
1.410880898415101115e-01 -5.137260219820671131e-02
1.465346549190801317e-01 -5.222286053402602074e-02
1.520760725631161714e-01 -5.305436768548042747e-02
1.577117269106679265e-01 -5.386626537080459187e-02
1.634409916254914164e-01 -5.465761871713818026e-02
1.692632299676588570e-01 -5.542718080327713875e-02
1.751777948643248317e-01 -5.617358878621894064e-02
1.811840289816407656e-01 -5.689557532722436251e-02
1.872812647978095990e-01 -5.759190682371204822e-02
1.934688246772731102e-01 -5.826134877162637143e-02
1.997460209460230063e-01 -5.890262955554135399e-02
2.061121559680280102e-01 -5.951433582662515182e-02
2.125665222227673956e-01 -6.009497850932933594e-02
2.191084023838638650e-01 -6.064293669183355023e-02
2.257370693988056676e-01 -6.115667599302788277e-02
2.324517865697500740e-01 -6.163495399441001887e-02
2.392518076353984391e-01 -6.207588143240257844e-02
2.461363768539343022e-01 -6.247605056701324017e-02
2.531047290870154232e-01 -6.283167230062206010e-02
2.601560898848094272e-01 -6.313862199710250367e-02
2.672896755720651774e-01 -6.339246247906843434e-02
2.745046933352085494e-01 -6.358835987098314380e-02
2.818003413104546162e-01 -6.372252546089511582e-02
2.891758086729252497e-01 -6.379258671147303161e-02
2.966302757267624823e-01 -6.379683664705076973e-02
3.041629139962280792e-01 -6.373418447086440231e-02
3.117728863177794407e-01 -6.360341599519125921e-02
3.194593469331089564e-01 -6.340318864003692545e-02
3.272214415831418144e-01 -6.313236425883715641e-02
3.350583076029753915e-01 -6.278997659863984337e-02
3.429690740177547825e-01 -6.237517402708804559e-02
3.509528616394713696e-01 -6.188717125584312223e-02
3.590087831646743277e-01 -6.132513073856173808e-02
3.671359432730831873e-01 -6.068832869617955122e-02
3.753334387270930161e-01 -5.997712535268057837e-02
3.836003584721576765e-01 -5.919249076067002735e-02
3.919357837380436083e-01 -5.833609568987732641e-02
4.003387881409395943e-01 -5.740984700432039817e-02
4.088084377864137364e-01 -5.641550055918433809e-02
4.173437913732044313e-01 -5.535517104291635959e-02
4.259439002978354649e-01 -5.423266428009507895e-02
4.346078087600411255e-01 -5.305238622984249919e-02
4.433345538689928977e-01 -5.181929283023953975e-02
4.521231657503131940e-01 -5.053861723935630657e-02
4.609726676538650203e-01 -4.921604192219913160e-02
4.698820760623064752e-01 -4.785672361183438556e-02
4.788504008003974244e-01 -4.646439753704698777e-02
4.878766451450451402e-01 -4.504249797144672246e-02
4.969598059360780251e-01 -4.359427189772061007e-02
5.060988736877365390e-01 -4.212317324690353915e-02
5.152928327008634568e-01 -4.063301759429876342e-02
5.245406611757882365e-01 -3.912699968523732780e-02
5.338413313258880688e-01 -3.760740825419631173e-02
5.431938094918128401e-01 -3.607646798886290918e-02
5.525970562563653488e-01 -3.453641025932659148e-02
5.620500265600203438e-01 -3.298955639551906516e-02
5.715516698170692855e-01 -3.143831751101237165e-02
5.811009300323815019e-01 -2.988513333888792242e-02
5.906967459187653091e-01 -2.833247029741583350e-02
6.003380510149177729e-01 -2.678287379889159395e-02
6.100237738039482327e-01 -2.523894855168918108e-02
6.197528378324663745e-01 -2.370334653891112420e-02
6.295241618302156450e-01 -2.217872057495322638e-02
6.393366598302444581e-01 -2.066750690564182757e-02
6.491892412895989839e-01 -1.917204826046793598e-02
6.590808112105230876e-01 -1.769477555518980325e-02
6.690102702621547603e-01 -1.623815289254446070e-02
6.789765149027036095e-01 -1.480462633362767885e-02
6.889784375020977514e-01 -1.339661916141832512e-02
6.990149264650814542e-01 -1.201648001875168723e-02
7.090848663547572039e-01 -1.066654306524294181e-02
7.191871380165538730e-01 -9.349166483947807943e-03
7.293206187026060050e-01 -8.066762203103986645e-03
7.394841821965345563e-01 -6.821889398493385243e-03
7.496766989386134394e-01 -5.617204566877916777e-03
7.598970361513051053e-01 -4.455539321478227399e-03
7.701440579651563922e-01 -3.339711553341015784e-03
7.804166255450371015e-01 -2.272454491854115303e-03
7.907135972167069760e-01 -1.256637201526462520e-03
8.010338285937002034e-01 -2.953840871714628002e-04
8.113761727045106786e-01 6.083255263701150845e-04
8.217394801200630372e-01 1.451748540640234722e-03
8.321225990814590245e-01 2.231542037281574516e-03
8.425243756279822138e-01 2.943592129822172193e-03
8.529436537253458628e-01 3.583799223323821601e-03
8.633792753941731402e-01 4.148078010896994600e-03
8.738300808386934015e-01 4.631374510331627385e-03
8.842949085756387495e-01 5.027728917794334861e-03
8.947725955633289985e-01 5.330537678524338921e-03
9.052619773309316109e-01 5.532605255192907072e-03
9.157618881078770645e-01 5.625234687771813250e-03
9.262711609534211021e-01 5.598591688130463186e-03
9.367886278863364335e-01 5.441048181817971681e-03
9.473131200147204556e-01 5.138923581284025356e-03
9.578434676659028923e-01 4.670448392474502337e-03
9.683785005164411430e-01 4.008572495700970899e-03
9.789170477221889044e-01 3.116084798464196538e-03
9.894579380484205267e-01 1.939014468506738802e-03
9.999999999999998890e-01 3.599985637040778192e-04
