9.999999999999998890e-01 2.650000053218185513e-03
9.894579380484205267e-01 2.918638132995577967e-03
9.789170477221889044e-01 3.302986622071047828e-03
9.683785005164411430e-01 3.799219232005097806e-03
9.578434676659028923e-01 4.403473633561122598e-03
9.473131200147204556e-01 5.111855269936764132e-03
9.367886278863364335e-01 5.920401959540281915e-03
9.262711609534211021e-01 6.825139436648378945e-03
9.157618881078770645e-01 7.822091435355350494e-03
9.052619773309316109e-01 8.907230012405774680e-03
8.947725955633289985e-01 1.007642385828612028e-02
8.842949085756387495e-01 1.132514450317619048e-02
8.738300808386934015e-01 1.264825109485512300e-02
8.633792753941731402e-01 1.404056773032229428e-02
8.529436537253458628e-01 1.549694553587108170e-02
8.425243756279822138e-01 1.701227215279947289e-02
8.321225990814590245e-01 1.858147200158535850e-02
8.217394801200630372e-01 2.019942298667429942e-02
8.113761727045106786e-01 2.186097263085155090e-02
8.010338285937002034e-01 2.356121845425195385e-02
7.907135972167069760e-01 2.529558991109023131e-02
7.804166255450371015e-01 2.706113212663040918e-02
7.701440579651563922e-01 2.885596092367520918e-02
7.598970361513051053e-01 3.067804504468186685e-02
7.496766989386134394e-01 3.252526781316187471e-02
7.394841821965345563e-01 3.439558796526191037e-02
7.293206187026060050e-01 3.628700601984903573e-02
7.191871380165538730e-01 3.819755771269332800e-02
7.090848663547572039e-01 4.012527199267795081e-02
6.990149264650814542e-01 4.206806930979941489e-02
6.889784375020977514e-01 4.402333104564502136e-02
6.789765149027036095e-01 4.598626127620204090e-02
6.690102702621547603e-01 4.795156196665310844e-02
6.590808112105230876e-01 4.991424221280677670e-02
6.491892412895989839e-01 5.186938592158547162e-02
6.393366598302444581e-01 5.381209645741184128e-02
6.295241618302156450e-01 5.573759513179577657e-02
6.197528378324663745e-01 5.764138178656749711e-02
6.100237738039482327e-01 5.951895248563150720e-02
6.003380510149177729e-01 6.136572423026052936e-02
5.906967459187653091e-01 6.317813658321334847e-02
5.811009300323815019e-01 6.495439180846414307e-02
5.715516698170692855e-01 6.669307142326236226e-02
5.620500265600203438e-01 6.839305473121258527e-02
5.525970562563653488e-01 7.005324877781567150e-02
5.431938094918128401e-01 7.167256723854840972e-02
5.338413313258880688e-01 7.324994270568938037e-02
5.245406611757882365e-01 7.478433806901380043e-02
5.152928327008634568e-01 7.627491943669817420e-02
5.060988736877365390e-01 7.772099354203283739e-02
4.969598059360780251e-01 7.912142052883006094e-02
4.878766451450451402e-01 8.047464462817321973e-02
4.788504008003974244e-01 8.177814973156580236e-02
4.698820760623064752e-01 8.302889357476375687e-02
4.609726676538650203e-01 8.422429116402427307e-02
4.521231657503131940e-01 8.536199746508572883e-02
4.433345538689928977e-01 8.643968613126135070e-02
4.346078087600411255e-01 8.745509543159082910e-02
4.259439002978354649e-01 8.840629097421003058e-02
4.173437913732044313e-01 8.929145643232218321e-02
4.088084377864137364e-01 9.010878659810322988e-02
4.003387881409395943e-01 9.085665939706140393e-02
3.919357837380436083e-01 9.153414503763984689e-02
3.836003584721576765e-01 9.214068403242103855e-02
3.753334387270930161e-01 9.267636323930690534e-02
3.671359432730831873e-01 9.314138461838276928e-02
3.590087831646743277e-01 9.353591722066000036e-02
3.509528616394713696e-01 9.386020531929158139e-02
3.429690740177547825e-01 9.411466954257469153e-02
3.350583076029753915e-01 9.429978845880555849e-02
3.272214415831418144e-01 9.441610530713148708e-02
3.194593469331089564e-01 9.446424627618846270e-02
3.117728863177794407e-01 9.444495550806031314e-02
3.041629139962280792e-01 9.435903261235174810e-02
2.966302757267624823e-01 9.420730964964502130e-02
2.891758086729252497e-01 9.398991289249003511e-02
2.818003413104546162e-01 9.370620669768181532e-02
2.745046933352085494e-01 9.335572498496036431e-02
2.672896755720651774e-01 9.293820311954319180e-02
2.601560898848094272e-01 9.245353303059924976e-02
2.531047290870154232e-01 9.190174349245062990e-02
2.461363768539343022e-01 9.128311441968671447e-02
2.392518076353984391e-01 9.059809622358699910e-02
2.324517865697500740e-01 8.984722255387327106e-02
2.257370693988056676e-01 8.903112488313376371e-02
2.191084023838638650e-01 8.815084240397813575e-02
2.125665222227673956e-01 8.720755237020139106e-02
2.061121559680280102e-01 8.620213368412758814e-02
1.997460209460230063e-01 8.513576963435320888e-02
1.934688246772731102e-01 8.401175964243585981e-02
1.872812647978095990e-01 8.283443749703292558e-02
1.811840289816407656e-01 8.160966296530600128e-02
1.751777948643248317e-01 8.034333580015960707e-02
1.692632299676588570e-01 7.904013493783577926e-02
1.634409916254914164e-01 7.770474934571358627e-02
1.577117269106679265e-01 7.634263129196940112e-02
1.520760725631161714e-01 7.495833891373106239e-02
1.465346549190801317e-01 7.355399187253870708e-02
1.410880898415101115e-01 7.212854528039282231e-02
1.357369826516168221e-01 7.067544731688853166e-02
1.304819280615971966e-01 6.918858701020440261e-02
1.253235101085391490e-01 6.766364617028983175e-02
1.202623020895129402e-01 6.609715238825168704e-02
1.152988664978553679e-01 6.448657428934605196e-02
1.104337549606562163e-01 6.282947365439851828e-02
1.056675081774507419e-01 6.112355864786045423e-02
1.010006558601274085e-01 5.936917306481273582e-02
9.643371667405697956e-02 5.756988795354570088e-02
9.196719818044885031e-02 5.574009097306805577e-02
8.760159677994161509e-02 5.390280279923442136e-02
8.333739765743386485e-02 5.207804089523779961e-02
7.917507472816209813e-02 5.028310609140929088e-02
7.511509058502996439e-02 4.853085033931490988e-02
7.115789644719716645e-02 4.682907946262727938e-02
6.730393210993146358e-02 4.516529032751909201e-02
6.355362589573076981e-02 4.351817315411906500e-02
5.990739460672012129e-02 4.187422386075762004e-02
5.636564347832906385e-02 4.022304966958243494e-02
5.292876613425423482e-02 3.855360384695406817e-02
4.959714454271368922e-02 3.685765354780815711e-02
4.637114897399441382e-02 3.514063419883910883e-02
4.325113795930202176e-02 3.341313779335092909e-02
4.023745825091396000e-02 3.169062725726244645e-02
3.733044478364233587e-02 2.998813492096289932e-02
3.453042063760936031e-02 2.831594086568431021e-02
3.183769700234129196e-02 2.668328090186742468e-02
2.925257314218321358e-02 2.509902534972555457e-02
2.677533636303963682e-02 2.357051634496399456e-02
2.440626198044326678e-02 2.210188219130417714e-02
2.214561328895736647e-02 2.068699778420270141e-02
1.999364153291383062e-02 1.930247677775778076e-02
1.795058587848985532e-02 1.792914225656375843e-02
1.601667338712764455e-02 1.655678504807151993e-02
1.419211899029970692e-02 1.518016551866011900e-02
1.247712546562085301e-02 1.379949591626459388e-02
1.087188341431266636e-02 1.241900731570350774e-02
9.376571240020115106e-03 1.104693199955358689e-02
7.991355128984078959e-03 9.693999032951820111e-03
6.716389031571567969e-03 8.373080877604608535e-03
5.551814645166519568e-03 7.098410654840747909e-03
4.497761398421062928e-03 5.885193341351033745e-03
3.554346436871580472e-03 4.748726651167819307e-03
2.721674609919344512e-03 3.704245521979115854e-03
1.999838459177394334e-03 2.766027677438001858e-03
1.388918208186096237e-03 1.947589832106902700e-03
8.889817534969424173e-04 1.260594635111031338e-03
5.000846571264760954e-04 7.154469238003632534e-04
2.222701403818971855e-04 3.199344198459298490e-04
5.556907905679420168e-05 8.030682251567618766e-05
0.000000000000000000e+00 -1.227604044623715237e-09
0.000000000000000000e+00 2.232366826539092817e-09
5.556907905679420168e-05 -6.567632749228831922e-05
2.222701403818971855e-04 -2.603368150740147471e-04
5.000846571264760954e-04 -5.776847186735455542e-04
8.889817534969424173e-04 -1.006282786913447651e-03
1.388918208186096237e-03 -1.531896094276625391e-03
1.999838459177394334e-03 -2.135541751638518702e-03
2.721674609919344512e-03 -2.795993929826419509e-03
3.554346436871580472e-03 -3.488752284636500479e-03
4.497761398421062928e-03 -4.188037859805812842e-03
5.551814645166519568e-03 -4.866508158239819977e-03
6.716389031571567969e-03 -5.496924649316631099e-03
7.991355128984078959e-03 -6.052539684369191535e-03
9.376571240020115106e-03 -6.508687529278947906e-03
1.087188341431266636e-02 -6.843577767126038901e-03
1.247712546562085301e-02 -7.039871187208056845e-03
1.419211899029970692e-02 -7.085389699585659465e-03
1.601667338712764455e-02 -6.975842470216465918e-03
1.795058587848985532e-02 -6.714870370841017136e-03
1.999364153291383062e-02 -6.317209264143135161e-03
2.214561328895736647e-02 -5.807610338613672200e-03
2.440626198044326678e-02 -5.227762955527774473e-03
2.677533636303963682e-02 -4.627445122707050246e-03
2.925257314218321358e-02 -4.025304504294470280e-03
3.183769700234129196e-02 -3.421854110507778057e-03
3.453042063760936031e-02 -2.814676186546842106e-03
3.733044478364233587e-02 -2.200002599783547428e-03
4.023745825091396000e-02 -1.573701684812927552e-03
4.325113795930202176e-02 -9.307462671954828438e-04
4.637114897399441382e-02 -2.621377263649402696e-04
4.959714454271368922e-02 4.416618604995831403e-04
5.292876613425423482e-02 1.186895924242420105e-03
5.636564347832906385e-02 1.976577108222887010e-03
5.990739460672012129e-02 2.805388045821246776e-03
6.355362589573076981e-02 3.666396488106670251e-03
6.730393210993146358e-02 4.553364301334360958e-03
7.115789644719716645e-02 5.458765358066485288e-03
7.511509058502996439e-02 6.371649221807510789e-03
7.917507472816209813e-02 7.284052958952629171e-03
8.333739765743386485e-02 8.195135752956087330e-03
8.760159677994161509e-02 9.105549801326648374e-03
9.196719818044885031e-02 1.001702831041923619e-02
9.643371667405697956e-02 1.093182532025897997e-02
1.010006558601274085e-01 1.185272870743110142e-02
1.056675081774507419e-01 1.278053368994232220e-02
1.104337549606562163e-01 1.371355445275498214e-02
1.152988664978553679e-01 1.464938094507085668e-02
1.202623020895129402e-01 1.558501025669829093e-02
1.253235101085391490e-01 1.651732434661621826e-02
1.304819280615971966e-01 1.744311161292153717e-02
1.357369826516168221e-01 1.835892108707073284e-02
1.410880898415101115e-01 1.926108250476095754e-02
1.465346549190801317e-01 2.014540718091380536e-02
1.520760725631161714e-01 2.100757826630531011e-02
1.577117269106679265e-01 2.184486843006451171e-02
1.634409916254914164e-01 2.265545099340950802e-02
1.692632299676588570e-01 2.343811407036835645e-02
1.751777948643248317e-01 2.419188068183824106e-02
1.811840289816407656e-01 2.491563737733800896e-02
1.872812647978095990e-01 2.560827583584677006e-02
1.934688246772731102e-01 2.626893883582161193e-02
1.997460209460230063e-01 2.689681961548961650e-02
2.061121559680280102e-01 2.749102336950533937e-02
2.125665222227673956e-01 2.805061352932510660e-02
2.191084023838638650e-01 2.857458831691564102e-02
2.257370693988056676e-01 2.906197500835975417e-02
2.324517865697500740e-01 2.951191115670772150e-02
2.392518076353984391e-01 2.992358348264303677e-02
2.461363768539343022e-01 3.029624759494333255e-02
2.531047290870154232e-01 3.062921754540110647e-02
2.601560898848094272e-01 3.092189846830069658e-02
2.672896755720651774e-01 3.117375662914658591e-02
2.745046933352085494e-01 3.138433896514759847e-02
2.818003413104546162e-01 3.155326473628287942e-02
2.891758086729252497e-01 3.168024048204610282e-02
2.966302757267624823e-01 3.176504823063031058e-02
3.041629139962280792e-01 3.180752748388050721e-02
3.117728863177794407e-01 3.180715271133030542e-02
3.194593469331089564e-01 3.176306011285680991e-02
3.272214415831418144e-01 3.167438286133468506e-02
3.350583076029753915e-01 3.154026822100652883e-02
3.429690740177547825e-01 3.135994256290602911e-02
3.509528616394713696e-01 3.113267974748580580e-02
3.590087831646743277e-01 3.085771680213807849e-02
3.671359432730831873e-01 3.053429665402996457e-02
3.753334387270930161e-01 3.016186334677511266e-02
3.836003584721576765e-01 2.973990554602113159e-02
3.919357837380436083e-01 2.926761862308838169e-02
4.003387881409395943e-01 2.874434457801469320e-02
4.088084377864137364e-01 2.817073299102228201e-02
4.173437913732044313e-01 2.754816682761041663e-02
4.259439002978354649e-01 2.687936381950627868e-02
4.346078087600411255e-01 2.616733836887581363e-02
4.433345538689928977e-01 2.541493305172030925e-02
4.521231657503131940e-01 2.462512652973098543e-02
4.609726676538650203e-01 2.380138632062192561e-02
4.698820760623064752e-01 2.294722701880835131e-02
4.788504008003974244e-01 2.206607499802780425e-02
4.878766451450451402e-01 2.116169861775241481e-02
4.969598059360780251e-01 2.023854698701984395e-02
5.060988736877365390e-01 1.930009368359155916e-02
5.152928327008634568e-01 1.834806387834570646e-02
5.245406611757882365e-01 1.738342397627547567e-02
5.338413313258880688e-01 1.640632231798777596e-02
5.431938094918128401e-01 1.541707527550756351e-02
5.525970562563653488e-01 1.441626269375774309e-02
5.620500265600203438e-01 1.340442025590785416e-02
5.715516698170692855e-01 1.238202409642728818e-02
5.811009300323815019e-01 1.134952481316021944e-02
5.906967459187653091e-01 1.030737647170394677e-02
6.003380510149177729e-01 9.256326708443398180e-03
6.100237738039482327e-01 8.197514458467978354e-03
6.197528378324663745e-01 7.133990171741834072e-03
6.295241618302156450e-01 6.069906197055226216e-03
6.393366598302444581e-01 5.009269496674140405e-03
6.491892412895989839e-01 3.956046747594960285e-03
6.590808112105230876e-01 2.914460834652325347e-03
6.690102702621547603e-01 1.888839560479122761e-03
6.789765149027036095e-01 8.835084708917852799e-04
6.889784375020977514e-01 -9.715561732144258143e-05
6.990149264650814542e-01 -1.048541413228089823e-03
7.090848663547572039e-01 -1.966401743610153921e-03
7.191871380165538730e-01 -2.848080576612969407e-03
7.293206187026060050e-01 -3.691306896043405374e-03
7.394841821965345563e-01 -4.493861752363175269e-03
7.496766989386134394e-01 -5.253535519740532012e-03
7.598970361513051053e-01 -5.968116869694765729e-03
7.701440579651563922e-01 -6.635352438649150600e-03
7.804166255450371015e-01 -7.252902085568728625e-03
7.907135972167069760e-01 -7.818523373868855111e-03
8.010338285937002034e-01 -8.330144390705014612e-03
8.113761727045106786e-01 -8.784584068251518815e-03
8.217394801200630372e-01 -9.176986333775293686e-03
8.321225990814590245e-01 -9.502202164483667529e-03
8.425243756279822138e-01 -9.754884678829713052e-03
8.529436537253458628e-01 -9.929655974590242615e-03
8.633792753941731402e-01 -1.002112462543523937e-02
8.738300808386934015e-01 -1.002401247171047505e-02
8.842949085756387495e-01 -9.933116667633277302e-03
8.947725955633289985e-01 -9.742862855882303968e-03
9.052619773309316109e-01 -9.447901101087561801e-03
9.157618881078770645e-01 -9.048568367666961001e-03
9.262711609534211021e-01 -8.548864506825161469e-03
9.367886278863364335e-01 -7.953507475744780661e-03
9.473131200147204556e-01 -7.267539697165416486e-03
9.578434676659028923e-01 -6.495820754704653179e-03
9.683785005164411430e-01 -5.643164299862693696e-03
9.789170477221889044e-01 -4.714598426822423291e-03
9.894579380484205267e-01 -3.715211251078134359e-03
9.999999999999998890e-01 -2.649999434722593965e-03
