9.999999999999998890e-01 1.549999523279149650e-03
9.894579380484205267e-01 4.613428218660788407e-03
9.789170477221889044e-01 7.716829208903906029e-03
9.683785005164411430e-01 1.084935716301227600e-02
9.578434676659028923e-01 1.400005598990940701e-02
9.473131200147204556e-01 1.715800307328162536e-02
9.367886278863364335e-01 2.031242878331834464e-02
9.262711609534211021e-01 2.345252140461052959e-02
9.157618881078770645e-01 2.656731801744800087e-02
9.052619773309316109e-01 2.964612215849518964e-02
8.947725955633289985e-01 3.267885334274662351e-02
8.842949085756387495e-01 3.566009993647027698e-02
8.738300808386934015e-01 3.859175489189611841e-02
8.633792753941731402e-01 4.147612414625775901e-02
8.529436537253458628e-01 4.431520160792144780e-02
8.425243756279822138e-01 4.711104029937105558e-02
8.321225990814590245e-01 4.986578480331543828e-02
8.217394801200630372e-01 5.258159128349982475e-02
8.113761727045106786e-01 5.526061035053195236e-02
8.010338285937002034e-01 5.790480279332075458e-02
7.907135972167069760e-01 6.051569664881073507e-02
7.804166255450371015e-01 6.309134337728994346e-02
7.701440579651563922e-01 6.562748250340801059e-02
7.598970361513051053e-01 6.812014382049416672e-02
7.496766989386134394e-01 7.056554212881269161e-02
7.394841821965345563e-01 7.295985646827413129e-02
7.293206187026060050e-01 7.529928134917077132e-02
7.191871380165538730e-01 7.758022638528407067e-02
7.090848663547572039e-01 7.979918160075986922e-02
6.990149264650814542e-01 8.195261241745435687e-02
6.889784375020977514e-01 8.403794061546458749e-02
6.789765149027036095e-01 8.605675869681361778e-02
6.690102702621547603e-01 8.801177316970458520e-02
6.590808112105230876e-01 8.990564394656454239e-02
6.491892412895989839e-01 9.174105907971835672e-02
6.393366598302444581e-01 9.352081928519476173e-02
6.295241618302156450e-01 9.524758893393873993e-02
6.197528378324663745e-01 9.692365224021008696e-02
6.100237738039482327e-01 9.855157660487762206e-02
6.003380510149177729e-01 1.001345943431403568e-01
5.906967459187653091e-01 1.016739646126173374e-01
5.811009300323815019e-01 1.031674320014728113e-01
5.715516698170692855e-01 1.046116387828148614e-01
5.620500265600203438e-01 1.060021509761407132e-01
5.525970562563653488e-01 1.073348851486699146e-01
5.431938094918128401e-01 1.086062838729963537e-01
5.338413313258880688e-01 1.098128818556647068e-01
5.245406611757882365e-01 1.109512781589271913e-01
5.152928327008634568e-01 1.120181161700765926e-01
5.060988736877365390e-01 1.130101316441617376e-01
4.969598059360780251e-01 1.139248360792838310e-01
4.878766451450451402e-01 1.147605979850612884e-01
4.788504008003974244e-01 1.155189865818491562e-01
4.698820760623064752e-01 1.162034385625832777e-01
4.609726676538650203e-01 1.168167849519252122e-01
4.521231657503131940e-01 1.173615772593278872e-01
4.433345538689928977e-01 1.178406685669550619e-01
4.346078087600411255e-01 1.182569714530684324e-01
4.259439002978354649e-01 1.186130001173703735e-01
4.173437913732044313e-01 1.189112230447211954e-01
4.088084377864137364e-01 1.191545541246425005e-01
4.003387881409395943e-01 1.193456958630900594e-01
3.919357837380436083e-01 1.194860366436257260e-01
3.836003584721576765e-01 1.195758230015117607e-01
3.753334387270930161e-01 1.196126833457539784e-01
3.671359432730831873e-01 1.195940240952987621e-01
3.590087831646743277e-01 1.195180279177594090e-01
3.509528616394713696e-01 1.193830190800560104e-01
3.429690740177547825e-01 1.191873577241198551e-01
3.350583076029753915e-01 1.189295374658108778e-01
3.272214415831418144e-01 1.186082909002510039e-01
3.194593469331089564e-01 1.182225906633358886e-01
3.117728863177794407e-01 1.177717352449786509e-01
3.041629139962280792e-01 1.172549143852035236e-01
2.966302757267624823e-01 1.166712316745298905e-01
2.891758086729252497e-01 1.160222063889592425e-01
2.818003413104546162e-01 1.153120169883714019e-01
2.745046933352085494e-01 1.145453167329860134e-01
2.672896755720651774e-01 1.137270509425558074e-01
2.601560898848094272e-01 1.128618467073258663e-01
2.531047290870154232e-01 1.119540592880270830e-01
2.461363768539343022e-01 1.110078466480962089e-01
2.392518076353984391e-01 1.100272420272344759e-01
2.324517865697500740e-01 1.090162735709426650e-01
2.257370693988056676e-01 1.079788812161999734e-01
2.191084023838638650e-01 1.069183486780277692e-01
2.125665222227673956e-01 1.058377960979857146e-01
2.061121559680280102e-01 1.047411876707588507e-01
1.997460209460230063e-01 1.036321510036092713e-01
1.934688246772731102e-01 1.025109821924870268e-01
1.872812647978095990e-01 1.013757516453663438e-01
1.811840289816407656e-01 1.002196438480940227e-01
1.751777948643248317e-01 9.903524693637666410e-02
1.692632299676588570e-01 9.781745562116483939e-02
1.634409916254914164e-01 9.656173321849070845e-02
1.577117269106679265e-01 9.526375788911065068e-02
1.520760725631161714e-01 9.391973610560350183e-02
1.465346549190801317e-01 9.252703534770513605e-02
1.410880898415101115e-01 9.108421581759174046e-02
1.357369826516168221e-01 8.959185459187801737e-02
1.304819280615971966e-01 8.805101519671777732e-02
1.253235101085391490e-01 8.646317898009908687e-02
1.202623020895129402e-01 8.482999509684656381e-02
1.152988664978553679e-01 8.315330205969481692e-02
1.104337549606562163e-01 8.143528420763124220e-02
1.056675081774507419e-01 7.967850939801177090e-02
1.010006558601274085e-01 7.788547591409931969e-02
9.643371667405697956e-02 7.605883380354856727e-02
9.196719818044885031e-02 7.420528845644737415e-02
8.760159677994161509e-02 7.233483460021988831e-02
8.333739765743386485e-02 7.045654429697598142e-02
7.917507472816209813e-02 6.857877033686955726e-02
7.511509058502996439e-02 6.670982274896473940e-02
7.115789644719716645e-02 6.485643254713747974e-02
6.730393210993146358e-02 6.301244306435682674e-02
6.355362589573076981e-02 6.116590066149090593e-02
5.990739460672012129e-02 5.930847831227947092e-02
5.636564347832906385e-02 5.743329788641556022e-02
5.292876613425423482e-02 5.553316895279761939e-02
4.959714454271368922e-02 5.360337494694822347e-02
4.637114897399441382e-02 5.165080782541676963e-02
4.325113795930202176e-02 4.968824183104978559e-02
4.023745825091396000e-02 4.773814873164819450e-02
3.733044478364233587e-02 4.582329245304218868e-02
3.453042063760936031e-02 4.396047894759635283e-02
3.183769700234129196e-02 4.216321586952174322e-02
2.925257314218321358e-02 4.043954613826935413e-02
2.677533636303963682e-02 3.879886257030481372e-02
2.440626198044326678e-02 3.725480658321445038e-02
2.214561328895736647e-02 3.578777610816543525e-02
1.999364153291383062e-02 3.431879259387980025e-02
1.795058587848985532e-02 3.277485576178611887e-02
1.601667338712764455e-02 3.110138194717153651e-02
1.419211899029970692e-02 2.926612150778953869e-02
1.247712546562085301e-02 2.726334675539072300e-02
1.087188341431266636e-02 2.510078514811476050e-02
9.376571240020115106e-03 2.279916743302110027e-02
7.991355128984078959e-03 2.039045821861549396e-02
6.716389031571567969e-03 1.791639422813095378e-02
5.551814645166519568e-03 1.542364271661944911e-02
4.497761398421062928e-03 1.296244056932262072e-02
3.554346436871580472e-03 1.058448976317906236e-02
2.721674609919344512e-03 8.342011160924624191e-03
1.999838459177394334e-03 6.284072320885947076e-03
1.388918208186096237e-03 4.457233247161199174e-03
8.889817534969424173e-04 2.901985497770280444e-03
5.000846571264760954e-04 1.654607774491638787e-03
2.222701403818971855e-04 7.422434779779505830e-04
5.556907905679420168e-05 1.866861916280514340e-04
0.000000000000000000e+00 -3.915578098747594425e-09
0.000000000000000000e+00 2.392760250822837494e-09
5.556907905679420168e-05 -8.878451734082230373e-05
2.222701403818971855e-04 -3.526786261106523517e-04
5.000846571264760954e-04 -7.851672533604533034e-04
8.889817534969424173e-04 -1.374394331622527535e-03
1.388918208186096237e-03 -2.105616773154803025e-03
1.999838459177394334e-03 -2.959212297688755718e-03
2.721674609919344512e-03 -3.913246973785360072e-03
3.554346436871580472e-03 -4.942407215571442865e-03
4.497761398421062928e-03 -6.020127929361518415e-03
5.551814645166519568e-03 -7.118359515671622041e-03
6.716389031571567969e-03 -8.209186210295432370e-03
7.991355128984078959e-03 -9.265224423651926763e-03
9.376571240020115106e-03 -1.026149796821445963e-02
1.087188341431266636e-02 -1.117633884486680940e-02
1.247712546562085301e-02 -1.199262615408853462e-02
1.419211899029970692e-02 -1.269852525583388056e-02
1.601667338712764455e-02 -1.329116327506657362e-02
1.795058587848985532e-02 -1.377659066159728218e-02
1.999364153291383062e-02 -1.417158096108793626e-02
2.214561328895736647e-02 -1.450291235721829289e-02
2.440626198044326678e-02 -1.481825433416076102e-02
2.677533636303963682e-02 -1.517548486931642564e-02
2.925257314218321358e-02 -1.559592717421894557e-02
3.183769700234129196e-02 -1.607873616362847508e-02
3.453042063760936031e-02 -1.661277919382347229e-02
3.733044478364233587e-02 -1.718203249487642789e-02
4.023745825091396000e-02 -1.776967980734394173e-02
4.325113795930202176e-02 -1.835633715759324436e-02
4.637114897399441382e-02 -1.891070006321667399e-02
4.959714454271368922e-02 -1.939933309887478807e-02
5.292876613425423482e-02 -1.979647503434376482e-02
5.636564347832906385e-02 -2.008679726438976354e-02
5.990739460672012129e-02 -2.028472123298067156e-02
6.355362589573076981e-02 -2.041043574749615980e-02
6.730393210993146358e-02 -2.048165205692315666e-02
7.115789644719716645e-02 -2.052122575240951374e-02
7.511509058502996439e-02 -2.056555608176822980e-02
7.917507472816209813e-02 -2.063880405949581123e-02
8.333739765743386485e-02 -2.073608224066611147e-02
8.760159677994161509e-02 -2.084485086480688740e-02
9.196719818044885031e-02 -2.094547927008246629e-02
9.643371667405697956e-02 -2.101501428245344458e-02
1.010006558601274085e-01 -2.102706122397991415e-02
1.056675081774507419e-01 -2.096585058598246509e-02
1.104337549606562163e-01 -2.082893483031860241e-02
1.152988664978553679e-01 -2.061861931040069942e-02
1.202623020895129402e-01 -2.034124561718215346e-02
1.253235101085391490e-01 -2.000331294416590397e-02
1.304819280615971966e-01 -1.961139375691982323e-02
1.357369826516168221e-01 -1.917333456604443723e-02
1.410880898415101115e-01 -1.869816188200306914e-02
1.465346549190801317e-01 -1.819769165059226951e-02
1.520760725631161714e-01 -1.768434596990990995e-02
1.577117269106679265e-01 -1.716127578460991537e-02
1.634409916254914164e-01 -1.662622992798609700e-02
1.692632299676588570e-01 -1.607232582021692058e-02
1.751777948643248317e-01 -1.549092229367926565e-02
1.811840289816407656e-01 -1.487449595174230275e-02
1.872812647978095990e-01 -1.421533132507563080e-02
1.934688246772731102e-01 -1.350295568573564239e-02
1.997460209460230063e-01 -1.272690694874570663e-02
2.061121559680280102e-01 -1.187986271831151762e-02
2.125665222227673956e-01 -1.095671089182205689e-02
2.191084023838638650e-01 -9.956953325414727440e-03
2.257370693988056676e-01 -8.880637647025674611e-03
2.324517865697500740e-01 -7.726850985913019144e-03
2.392518076353984391e-01 -6.494839103253186897e-03
2.461363768539343022e-01 -5.184533889393837941e-03
2.531047290870154232e-01 -3.795908507348495428e-03
2.601560898848094272e-01 -2.328849646424667724e-03
2.672896755720651774e-01 -7.834416398851931813e-04
2.745046933352085494e-01 8.399122399683229406e-04
2.818003413104546162e-01 2.540727112960981283e-03
2.891758086729252497e-01 4.318438704479611763e-03
2.966302757267624823e-01 6.172241315996748919e-03
3.041629139962280792e-01 8.100869607994097901e-03
3.117728863177794407e-01 1.009903861109025941e-02
3.194593469331089564e-01 1.215773239002888341e-02
3.272214415831418144e-01 1.426704542574712929e-02
3.350583076029753915e-01 1.641644629171092745e-02
3.429690740177547825e-01 1.859488792348256911e-02
3.509528616394713696e-01 2.079086950756318594e-02
3.590087831646743277e-01 2.299168975302724391e-02
3.671359432730831873e-01 2.518400460971337643e-02
3.753334387270930161e-01 2.735455365219077728e-02
3.836003584721576765e-01 2.948966985126242474e-02
3.919357837380436083e-01 3.157292175856012822e-02
4.003387881409395943e-01 3.358817839099668273e-02
4.088084377864137364e-01 3.552615487090739210e-02
4.173437913732044313e-01 3.738102646352764458e-02
4.259439002978354649e-01 3.915237672012249204e-02
4.346078087600411255e-01 4.084073241053911424e-02
4.433345538689928977e-01 4.244503742487956699e-02
4.521231657503131940e-01 4.396422557766135886e-02
4.609726676538650203e-01 4.539815957147128045e-02
4.698820760623064752e-01 4.674675333414567840e-02
4.788504008003974244e-01 4.800965908825730044e-02
4.878766451450451402e-01 4.918663469992564513e-02
4.969598059360780251e-01 5.027772069836516922e-02
5.060988736877365390e-01 5.128311661088406220e-02
5.152928327008634568e-01 5.220323253503922345e-02
5.245406611757882365e-01 5.303863193375797647e-02
5.338413313258880688e-01 5.379006762863484253e-02
5.431938094918128401e-01 5.445843305698163522e-02
5.525970562563653488e-01 5.504476869009691103e-02
5.620500265600203438e-01 5.555010171376542627e-02
5.715516698170692855e-01 5.597546291872448898e-02
5.811009300323815019e-01 5.632229998590305986e-02
5.906967459187653091e-01 5.659234486437569184e-02
6.003380510149177729e-01 5.678652864245726378e-02
6.100237738039482327e-01 5.690488595181313058e-02
6.197528378324663745e-01 5.694405813437196373e-02
6.295241618302156450e-01 5.689876493378233369e-02
6.393366598302444581e-01 5.676424843192318104e-02
6.491892412895989839e-01 5.653596581149798045e-02
6.590808112105230876e-01 5.620901066461041901e-02
6.690102702621547603e-01 5.577834750971916861e-02
6.789765149027036095e-01 5.523905502267312945e-02
6.889784375020977514e-01 5.458621116444824228e-02
6.990149264650814542e-01 5.381471531510623185e-02
7.090848663547572039e-01 5.292121996577611037e-02
7.191871380165538730e-01 5.190905051748863352e-02
7.293206187026060050e-01 5.078314245706765095e-02
7.394841821965345563e-01 4.954863584348210420e-02
7.496766989386134394e-01 4.821079241755575617e-02
7.598970361513051053e-01 4.677508363834364385e-02
7.701440579651563922e-01 4.524706249516373402e-02
7.804166255450371015e-01 4.363238683656249506e-02
7.907135972167069760e-01 4.193688585328011337e-02
8.010338285937002034e-01 4.016664881196675002e-02
8.113761727045106786e-01 3.832679238047862619e-02
8.217394801200630372e-01 3.642095084338082406e-02
8.321225990814590245e-01 3.445260989581050426e-02
8.425243756279822138e-01 3.242522149236606865e-02
8.529436537253458628e-01 3.034229589394003487e-02
8.633792753941731402e-01 2.820741322606624968e-02
8.738300808386934015e-01 2.602427157315176376e-02
8.842949085756387495e-01 2.379666030743161909e-02
8.947725955633289985e-01 2.152821747876486336e-02
9.052619773309316109e-01 1.922281644080710630e-02
9.157618881078770645e-01 1.688828596784761049e-02
9.262711609534211021e-01 1.453499181450041561e-02
9.367886278863364335e-01 1.217371406896792553e-02
9.473131200147204556e-01 9.815419027487580494e-03
9.578434676659028923e-01 7.470985689643036554e-03
9.683785005164411430e-01 5.151270588301660319e-03
9.789170477221889044e-01 2.867230207037033043e-03
9.894579380484205267e-01 6.298412059213137626e-04
9.999999999999998890e-01 -1.550000313456201479e-03
