9.999999999999998890e-01 -1.545662889678697678e-06
9.894579380484205267e-01 5.085557148798244441e-04
9.789170477221889044e-01 1.279484676197828420e-03
9.683785005164411430e-01 2.107889006102772311e-03
9.578434676659028923e-01 2.959181636427839213e-03
9.473131200147204556e-01 3.831842687297701625e-03
9.367886278863364335e-01 4.719894406469386447e-03
9.262711609534211021e-01 5.618839593986502817e-03
9.157618881078770645e-01 6.529234057051388866e-03
9.052619773309316109e-01 7.451776538771013279e-03
8.947725955633289985e-01 8.386119688401532865e-03
8.842949085756387495e-01 9.331768059509911589e-03
8.738300808386934015e-01 1.028819405121852645e-02
8.633792753941731402e-01 1.125562361487389591e-02
8.529436537253458628e-01 1.223518048592847456e-02
8.425243756279822138e-01 1.322477231491590854e-02
8.321225990814590245e-01 1.421870584627430746e-02
8.217394801200630372e-01 1.521318557476358281e-02
8.113761727045106786e-01 1.620648622654383489e-02
8.010338285937002034e-01 1.719821793728852632e-02
7.907135972167069760e-01 1.818894830670156337e-02
7.804166255450371015e-01 1.917865071624336518e-02
7.701440579651563922e-01 2.016690251616688051e-02
7.598970361513051053e-01 2.115351488249640755e-02
7.496766989386134394e-01 2.213844507484198990e-02
7.394841821965345563e-01 2.312172207481480446e-02
7.293206187026060050e-01 2.410333823030614414e-02
7.191871380165538730e-01 2.508283657298747762e-02
7.090848663547572039e-01 2.605979991549124339e-02
6.990149264650814542e-01 2.703495535334181007e-02
6.889784375020977514e-01 2.800853283135862348e-02
6.789765149027036095e-01 2.897699060121436410e-02
6.690102702621547603e-01 2.993640871951541368e-02
6.590808112105230876e-01 3.088514967623443713e-02
6.491892412895989839e-01 3.182246083715684765e-02
6.393366598302444581e-01 3.274869729878512881e-02
6.295241618302156450e-01 3.366416957159298201e-02
6.197528378324663745e-01 3.456858788112078529e-02
6.100237738039482327e-01 3.546182012155522228e-02
6.003380510149177729e-01 3.634422138954510745e-02
5.906967459187653091e-01 3.721498092663355628e-02
5.811009300323815019e-01 3.807122828888586524e-02
5.715516698170692855e-01 3.891121422813216546e-02
5.620500265600203438e-01 3.973508234334634931e-02
5.525970562563653488e-01 4.054309636004114342e-02
5.431938094918128401e-01 4.133547718269633964e-02
5.338413313258880688e-01 4.211215727012828508e-02
5.245406611757882365e-01 4.287282589859193332e-02
5.152928327008634568e-01 4.361801635754269935e-02
5.060988736877365390e-01 4.434873444648135959e-02
4.969598059360780251e-01 4.506241351553826047e-02
4.878766451450451402e-01 4.575415343653446015e-02
4.788504008003974244e-01 4.642189498509077111e-02
4.698820760623064752e-01 4.706542194135811263e-02
4.609726676538650203e-01 4.768521543952500968e-02
4.521231657503131940e-01 4.828199748925211116e-02
4.433345538689928977e-01 4.885577991357339944e-02
4.346078087600411255e-01 4.940646098679137704e-02
4.259439002978354649e-01 4.993502032239401783e-02
4.173437913732044313e-01 5.044236574730135564e-02
4.088084377864137364e-01 5.092728054947689292e-02
4.003387881409395943e-01 5.138750408167017808e-02
3.919357837380436083e-01 5.181914731426136983e-02
3.836003584721576765e-01 5.221923413197627345e-02
3.753334387270930161e-01 5.258892380380589954e-02
3.671359432730831873e-01 5.292979434394352867e-02
3.590087831646743277e-01 5.324237616150593461e-02
3.509528616394713696e-01 5.352694944609784344e-02
3.429690740177547825e-01 5.378362636405196323e-02
3.350583076029753915e-01 5.401325547301821794e-02
3.272214415831418144e-01 5.421802730834109768e-02
3.194593469331089564e-01 5.439769949187026055e-02
3.117728863177794407e-01 5.454809820159543104e-02
3.041629139962280792e-01 5.466556866155557887e-02
2.966302757267624823e-01 5.474763964022386076e-02
2.891758086729252497e-01 5.479411887369746437e-02
2.818003413104546162e-01 5.480717659332536018e-02
2.745046933352085494e-01 5.478833707612477261e-02
2.672896755720651774e-01 5.473840863621535352e-02
2.601560898848094272e-01 5.465800282928034992e-02
2.531047290870154232e-01 5.454771708746507242e-02
2.461363768539343022e-01 5.440954004495257568e-02
2.392518076353984391e-01 5.424588354510702370e-02
2.324517865697500740e-01 5.405459874144370042e-02
2.257370693988056676e-01 5.383122705095368110e-02
2.191084023838638650e-01 5.357278237112914065e-02
2.125665222227673956e-01 5.327752266900520617e-02
2.061121559680280102e-01 5.294715173038132272e-02
1.997460209460230063e-01 5.258445388842320628e-02
1.934688246772731102e-01 5.219104635987347612e-02
1.872812647978095990e-01 5.176814089321721962e-02
1.811840289816407656e-01 5.131679716746670450e-02
1.751777948643248317e-01 5.083847770235926100e-02
1.692632299676588570e-01 5.033615804390634968e-02
1.634409916254914164e-01 4.981166616943261821e-02
1.577117269106679265e-01 4.926266559090569652e-02
1.520760725631161714e-01 4.868551530004301686e-02
1.465346549190801317e-01 4.807525240211128065e-02
1.410880898415101115e-01 4.742989296186893300e-02
1.357369826516168221e-01 4.675364917744181947e-02
1.304819280615971966e-01 4.605005434782231954e-02
1.253235101085391490e-01 4.532035735882709859e-02
1.202623020895129402e-01 4.456633475961088720e-02
1.152988664978553679e-01 4.379077300629927866e-02
1.104337549606562163e-01 4.299608211464611696e-02
1.056675081774507419e-01 4.218415928377324681e-02
1.010006558601274085e-01 4.135716331298998349e-02
9.643371667405697956e-02 4.051714253517481323e-02
9.196719818044885031e-02 3.965949189246222722e-02
8.760159677994161509e-02 3.877479966005573098e-02
8.333739765743386485e-02 3.786290235791357761e-02
7.917507472816209813e-02 3.693008280356711165e-02
7.511509058502996439e-02 3.598133734460844807e-02
7.115789644719716645e-02 3.502112779054027819e-02
6.730393210993146358e-02 3.405638940108788454e-02
6.355362589573076981e-02 3.309258929483528677e-02
5.990739460672012129e-02 3.211718936315983985e-02
5.636564347832906385e-02 3.111272637520294884e-02
5.292876613425423482e-02 3.007522766552674781e-02
4.959714454271368922e-02 2.900759312206786789e-02
4.637114897399441382e-02 2.792294528726819644e-02
4.325113795930202176e-02 2.683670912268553213e-02
4.023745825091396000e-02 2.576220255711228133e-02
3.733044478364233587e-02 2.470603286812651789e-02
3.453042063760936031e-02 2.365582016552932737e-02
3.183769700234129196e-02 2.259829581389054612e-02
2.925257314218321358e-02 2.152710169196077328e-02
2.677533636303963682e-02 2.044189853763863848e-02
2.440626198044326678e-02 1.935274256174973617e-02
2.214561328895736647e-02 1.826904998051159801e-02
1.999364153291383062e-02 1.719677492934354110e-02
1.795058587848985532e-02 1.614085976209762852e-02
1.601667338712764455e-02 1.510490353267653248e-02
1.419211899029970692e-02 1.407944372453399061e-02
1.247712546562085301e-02 1.303992282778186802e-02
1.087188341431266636e-02 1.198836808271935665e-02
9.376571240020115106e-03 1.095473693387447912e-02
7.991355128984078959e-03 9.949560440339724407e-03
6.716389031571567969e-03 8.966974978943536428e-03
5.551814645166519568e-03 8.030423438991355495e-03
4.497761398421062928e-03 7.177612859595240355e-03
3.554346436871580472e-03 6.354759029463791405e-03
2.721674609919344512e-03 5.466562373862133423e-03
1.999838459177394334e-03 4.565209233991744144e-03
1.388918208186096237e-03 3.753573250343744498e-03
8.889817534969424173e-04 2.933266672763299408e-03
5.000846571264760954e-04 1.965022464103631690e-03
2.222701403818971855e-04 9.957173547357220465e-04
5.556907905679420168e-05 2.726677826772591412e-04
0.000000000000000000e+00 2.027151627477406716e-05
0.000000000000000000e+00 -1.802330609985340780e-05
5.556907905679420168e-05 -2.610986444995838283e-04
2.222701403818971855e-04 -9.559072000717466940e-04
5.000846571264760954e-04 -1.875576177133546222e-03
8.889817534969424173e-04 -2.770398032732699668e-03
1.388918208186096237e-03 -3.492701421379857188e-03
1.999838459177394334e-03 -4.185257767743613862e-03
2.721674609919344512e-03 -4.949702570558255424e-03
3.554346436871580472e-03 -5.684178210259202210e-03
4.497761398421062928e-03 -6.336405616627398263e-03
5.551814645166519568e-03 -7.000085621984371634e-03
6.716389031571567969e-03 -7.727995709357177688e-03
7.991355128984078959e-03 -8.482629435901388112e-03
9.376571240020115106e-03 -9.240869852121543979e-03
1.087188341431266636e-02 -1.000892096382331037e-02
1.247712546562085301e-02 -1.077630916661238836e-02
1.419211899029970692e-02 -1.151288318521153341e-02
1.601667338712764455e-02 -1.221785961837515075e-02
1.795058587848985532e-02 -1.291839923978607869e-02
1.999364153291383062e-02 -1.362625226696790801e-02
2.214561328895736647e-02 -1.433972972364886897e-02
2.440626198044326678e-02 -1.505479221467411095e-02
2.677533636303963682e-02 -1.576588922605696996e-02
2.925257314218321358e-02 -1.646571910951472040e-02
3.183769700234129196e-02 -1.714681624186204650e-02
3.453042063760936031e-02 -1.780815130047713746e-02
3.733044478364233587e-02 -1.845211117302332157e-02
4.023745825091396000e-02 -1.908337523779801703e-02
4.325113795930202176e-02 -1.970617589983126444e-02
4.637114897399441382e-02 -2.031766425964743467e-02
4.959714454271368922e-02 -2.091452361670116319e-02
5.292876613425423482e-02 -2.150145056676424846e-02
5.636564347832906385e-02 -2.208290176663047985e-02
5.990739460672012129e-02 -2.265477130025413122e-02
6.355362589573076981e-02 -2.321223780592538560e-02
6.730393210993146358e-02 -2.375396985526940022e-02
7.115789644719716645e-02 -2.427820130226364739e-02
7.511509058502996439e-02 -2.478058218344989308e-02
7.917507472816209813e-02 -2.526068007514840202e-02
8.333739765743386485e-02 -2.572675125453621064e-02
8.760159677994161509e-02 -2.618334909448449821e-02
9.196719818044885031e-02 -2.662700116334736425e-02
9.643371667405697956e-02 -2.705721912419213615e-02
1.010006558601274085e-01 -2.747882018669616996e-02
1.056675081774507419e-01 -2.789409461214771568e-02
1.104337549606562163e-01 -2.830180166354102217e-02
1.152988664978553679e-01 -2.870083013696203555e-02
1.202623020895129402e-01 -2.909038966189022093e-02
1.253235101085391490e-01 -2.946925156023453077e-02
1.304819280615971966e-01 -2.983585435195297564e-02
1.357369826516168221e-01 -3.018939981311080309e-02
1.410880898415101115e-01 -3.052949928725302853e-02
1.465346549190801317e-01 -3.085414133439031911e-02
1.520760725631161714e-01 -3.116082742528638455e-02
1.577117269106679265e-01 -3.145142316866943177e-02
1.634409916254914164e-01 -3.172989753664659518e-02
1.692632299676588570e-01 -3.199932416658480411e-02
1.751777948643248317e-01 -3.226186114058575416e-02
1.811840289816407656e-01 -3.251666538147816865e-02
1.872812647978095990e-01 -3.276209375234115373e-02
1.934688246772731102e-01 -3.299771963344783066e-02
1.997460209460230063e-01 -3.322337024998001098e-02
2.061121559680280102e-01 -3.343848130065384811e-02
2.125665222227673956e-01 -3.364231301186827727e-02
2.191084023838638650e-01 -3.383386863987818821e-02
2.257370693988056676e-01 -3.401255091946835812e-02
2.324517865697500740e-01 -3.417894609270422795e-02
2.392518076353984391e-01 -3.433411756328266784e-02
2.461363768539343022e-01 -3.447974236092930106e-02
2.531047290870154232e-01 -3.461661357100091763e-02
2.601560898848094272e-01 -3.474376747216795930e-02
2.672896755720651774e-01 -3.486043988622514189e-02
2.745046933352085494e-01 -3.496645631384780878e-02
2.818003413104546162e-01 -3.506155428868473756e-02
2.891758086729252497e-01 -3.514529000127504521e-02
2.966302757267624823e-01 -3.521712619760517665e-02
3.041629139962280792e-01 -3.527646020631505785e-02
3.117728863177794407e-01 -3.532315014452173940e-02
3.194593469331089564e-01 -3.535749996096258785e-02
3.272214415831418144e-01 -3.538010703437177024e-02
3.350583076029753915e-01 -3.539170814762162415e-02
3.429690740177547825e-01 -3.539215145230813209e-02
3.509528616394713696e-01 -3.538074222298939753e-02
3.590087831646743277e-01 -3.535715874206067644e-02
3.671359432730831873e-01 -3.532126318570202178e-02
3.753334387270930161e-01 -3.527272300427918006e-02
3.836003584721576765e-01 -3.521113365051033867e-02
3.919357837380436083e-01 -3.513620235153619431e-02
4.003387881409395943e-01 -3.504766835285451354e-02
4.088084377864137364e-01 -3.494521658022580607e-02
4.173437913732044313e-01 -3.482852348092609074e-02
4.259439002978354649e-01 -3.469730159733969838e-02
4.346078087600411255e-01 -3.455126946090352619e-02
4.433345538689928977e-01 -3.439013398365364793e-02
4.521231657503131940e-01 -3.421360472079257309e-02
4.609726676538650203e-01 -3.402140573736289753e-02
4.698820760623064752e-01 -3.381326380633507128e-02
4.788504008003974244e-01 -3.358890611701938894e-02
4.878766451450451402e-01 -3.334806484116170644e-02
4.969598059360780251e-01 -3.309048185442017842e-02
5.060988736877365390e-01 -3.281590343077117611e-02
5.152928327008634568e-01 -3.252408133608082619e-02
5.245406611757882365e-01 -3.221477275942104257e-02
5.338413313258880688e-01 -3.188774169474543896e-02
5.431938094918128401e-01 -3.154275273506741695e-02
5.525970562563653488e-01 -3.117957131876358465e-02
5.620500265600203438e-01 -3.079797912450021186e-02
5.715516698170692855e-01 -3.039777290118901923e-02
5.811009300323815019e-01 -2.997873510939647740e-02
5.906967459187653091e-01 -2.954063961557526832e-02
6.003380510149177729e-01 -2.908330958555437051e-02
6.100237738039482327e-01 -2.860659553622486168e-02
6.197528378324663745e-01 -2.811027277056514159e-02
6.295241618302156450e-01 -2.759409290022687283e-02
6.393366598302444581e-01 -2.705797971500634169e-02
6.491892412895989839e-01 -2.650189509268324056e-02
6.590808112105230876e-01 -2.592548712411689091e-02
6.690102702621547603e-01 -2.532839714205828777e-02
6.789765149027036095e-01 -2.471093540421309687e-02
6.889784375020977514e-01 -2.407395201242499769e-02
6.990149264650814542e-01 -2.341970016046996186e-02
7.090848663547572039e-01 -2.275021086853156252e-02
7.191871380165538730e-01 -2.206523472585116344e-02
7.293206187026060050e-01 -2.136420992881129036e-02
7.394841821965345563e-01 -2.064723059611550324e-02
7.496766989386134394e-01 -1.991445006949429594e-02
7.598970361513051053e-01 -1.916585574098060921e-02
7.701440579651563922e-01 -1.840134380926808713e-02
7.804166255450371015e-01 -1.762067593483685260e-02
7.907135972167069760e-01 -1.682387702853604602e-02
8.010338285937002034e-01 -1.601145400328682009e-02
8.113761727045106786e-01 -1.518329933797886444e-02
8.217394801200630372e-01 -1.433836465940761112e-02
8.321225990814590245e-01 -1.347705231725718732e-02
8.425243756279822138e-01 -1.260178715467429565e-02
8.529436537253458628e-01 -1.171800556821164276e-02
8.633792753941731402e-01 -1.083389999224578480e-02
8.738300808386934015e-01 -9.952437171940530999e-03
8.842949085756387495e-01 -9.071909502346809512e-03
8.947725955633289985e-01 -8.191811204965039964e-03
9.052619773309316109e-01 -7.312677816751739224e-03
9.157618881078770645e-01 -6.435260448928882722e-03
9.262711609534211021e-01 -5.560195718082420330e-03
9.367886278863364335e-01 -4.686010858077791982e-03
9.473131200147204556e-01 -3.811471782666983610e-03
9.578434676659028923e-01 -2.945184460725273901e-03
9.683785005164411430e-01 -2.098772119017265712e-03
9.789170477221889044e-01 -1.275970763522633975e-03
9.894579380484205267e-01 -5.106523650299002980e-04
9.999999999999998890e-01 2.663106522045886857e-06
