9.999999999999998890e-01 -1.933459736371802946e-03
9.894579380484205267e-01 9.924716918698300687e-04
9.789170477221889044e-01 4.139296437385054164e-03
9.683785005164411430e-01 7.279772554528158961e-03
9.578434676659028923e-01 1.030436750956127516e-02
9.473131200147204556e-01 1.315615158852189749e-02
9.367886278863364335e-01 1.585557292858845099e-02
9.262711609534211021e-01 1.843628598831041632e-02
9.157618881078770645e-01 2.093220383669419996e-02
9.052619773309316109e-01 2.336748688300651147e-02
8.947725955633289985e-01 2.574779797338936152e-02
8.842949085756387495e-01 2.807897158033405630e-02
8.738300808386934015e-01 3.037024438705411902e-02
8.633792753941731402e-01 3.262540572369189429e-02
8.529436537253458628e-01 3.484065626807744676e-02
8.425243756279822138e-01 3.701464121817673453e-02
8.321225990814590245e-01 3.914929943848943078e-02
8.217394801200630372e-01 4.124544998094224757e-02
8.113761727045106786e-01 4.330265930996728130e-02
8.010338285937002034e-01 4.532015615016491555e-02
7.907135972167069760e-01 4.729696513641555577e-02
7.804166255450371015e-01 4.923244579415504002e-02
7.701440579651563922e-01 5.112577815857455299e-02
7.598970361513051053e-01 5.297211721230597747e-02
7.496766989386134394e-01 5.476454958346941432e-02
7.394841821965345563e-01 5.649786423998277157e-02
7.293206187026060050e-01 5.816831753151001372e-02
7.191871380165538730e-01 5.977632442263901974e-02
7.090848663547572039e-01 6.132369571149508952e-02
6.990149264650814542e-01 6.281094612511833875e-02
6.889784375020977514e-01 6.423877595729511614e-02
6.789765149027036095e-01 6.561053000383328115e-02
6.690102702621547603e-01 6.692936908416011188e-02
6.590808112105230876e-01 6.819525540675920594e-02
6.491892412895989839e-01 6.940781036828243267e-02
6.393366598302444581e-01 7.056774372136970230e-02
6.295241618302156450e-01 7.167581939089433252e-02
6.197528378324663745e-01 7.273244845121734636e-02
6.100237738039482327e-01 7.373796059154319460e-02
6.003380510149177729e-01 7.469263406186427146e-02
5.906967459187653091e-01 7.559727553925388310e-02
5.811009300323815019e-01 7.645359659646731865e-02
5.715516698170692855e-01 7.726310549146603313e-02
5.620500265600203438e-01 7.802688280234056084e-02
5.525970562563653488e-01 7.874563975965383211e-02
5.431938094918128401e-01 7.941969135689859460e-02
5.338413313258880688e-01 8.004957010927372940e-02
5.245406611757882365e-01 8.063604383831171618e-02
5.152928327008634568e-01 8.117970443918277879e-02
5.060988736877365390e-01 8.168100413350445899e-02
4.969598059360780251e-01 8.214067423635131038e-02
4.878766451450451402e-01 8.255959487905306649e-02
4.788504008003974244e-01 8.293803807069119460e-02
4.698820760623064752e-01 8.327593509066211208e-02
4.609726676538650203e-01 8.357348999771846421e-02
4.521231657503131940e-01 8.383109839319305423e-02
4.433345538689928977e-01 8.404950319192346087e-02
4.346078087600411255e-01 8.422957852691966008e-02
4.259439002978354649e-01 8.437210680429894916e-02
4.173437913732044313e-01 8.447783065471232977e-02
4.088084377864137364e-01 8.454745921894118998e-02
4.003387881409395943e-01 8.458164772303175538e-02
3.919357837380436083e-01 8.458088159959420427e-02
3.836003584721576765e-01 8.454572202184951202e-02
3.753334387270930161e-01 8.447709872006094189e-02
3.671359432730831873e-01 8.437547696451651313e-02
3.590087831646743277e-01 8.423991561338528555e-02
3.509528616394713696e-01 8.407003498474520387e-02
3.429690740177547825e-01 8.386717595739226483e-02
3.350583076029753915e-01 8.363251077389234622e-02
3.272214415831418144e-01 8.336649847660998480e-02
3.194593469331089564e-01 8.307009838870123286e-02
3.117728863177794407e-01 8.274511818714594402e-02
3.041629139962280792e-01 8.239205893548715021e-02
2.966302757267624823e-01 8.200965097357097722e-02
2.891758086729252497e-01 8.159682123643986762e-02
2.818003413104546162e-01 8.115291116232691004e-02
2.745046933352085494e-01 8.067871188180875119e-02
2.672896755720651774e-01 8.017626721408435686e-02
2.601560898848094272e-01 7.964671156487519721e-02
2.531047290870154232e-01 7.909053233862982368e-02
2.461363768539343022e-01 7.850932830877491164e-02
2.392518076353984391e-01 7.790507300742784136e-02
2.324517865697500740e-01 7.727633938778130651e-02
2.257370693988056676e-01 7.662029658077727790e-02
2.191084023838638650e-01 7.593762869074621724e-02
2.125665222227673956e-01 7.523031293607986003e-02
2.061121559680280102e-01 7.449832424708228984e-02
1.997460209460230063e-01 7.374087631465352233e-02
1.934688246772731102e-01 7.295720676173590713e-02
1.872812647978095990e-01 7.214717700004200096e-02
1.811840289816407656e-01 7.131320930204723685e-02
1.751777948643248317e-01 7.045782201256101107e-02
1.692632299676588570e-01 6.958158411147982725e-02
1.634409916254914164e-01 6.868558276867370305e-02
1.577117269106679265e-01 6.777353977345558500e-02
1.520760725631161714e-01 6.684664815861299236e-02
1.465346549190801317e-01 6.589908866044665026e-02
1.410880898415101115e-01 6.492612033004097061e-02
1.357369826516168221e-01 6.392711172819666443e-02
1.304819280615971966e-01 6.290342035498328044e-02
1.253235101085391490e-01 6.185886014242336639e-02
1.202623020895129402e-01 6.079610353672672968e-02
1.152988664978553679e-01 5.971598986535371634e-02
1.104337549606562163e-01 5.862117285799053196e-02
1.056675081774507419e-01 5.751625892309641247e-02
1.010006558601274085e-01 5.639878486409752312e-02
9.643371667405697956e-02 5.525964151707519340e-02
9.196719818044885031e-02 5.409666133444691188e-02
8.760159677994161509e-02 5.291358836389491171e-02
8.333739765743386485e-02 5.171310110515421610e-02
7.917507472816209813e-02 5.049690438980695972e-02
7.511509058502996439e-02 4.926564375345870300e-02
7.115789644719716645e-02 4.801984249222131934e-02
6.730393210993146358e-02 4.676405735778750572e-02
6.355362589573076981e-02 4.550279753243791081e-02
5.990739460672012129e-02 4.422694902317642063e-02
5.636564347832906385e-02 4.292477119839505084e-02
5.292876613425423482e-02 4.160076732072311156e-02
4.959714454271368922e-02 4.026324968440294499e-02
4.637114897399441382e-02 3.891277335350822042e-02
4.325113795930202176e-02 3.754854006683674972e-02
4.023745825091396000e-02 3.617281337063856655e-02
3.733044478364233587e-02 3.478953426700947399e-02
3.453042063760936031e-02 3.340558474493868224e-02
3.183769700234129196e-02 3.202130207241014187e-02
2.925257314218321358e-02 3.061913511289801604e-02
2.677533636303963682e-02 2.919182838122197365e-02
2.440626198044326678e-02 2.775952102162909663e-02
2.214561328895736647e-02 2.633112829784428274e-02
1.999364153291383062e-02 2.488987540572991028e-02
1.795058587848985532e-02 2.342848183559311306e-02
1.601667338712764455e-02 2.195761023201823342e-02
1.419211899029970692e-02 2.048886547311586787e-02
1.247712546562085301e-02 1.903258054637678096e-02
1.087188341431266636e-02 1.758291126202190038e-02
9.376571240020115106e-03 1.611937040643521973e-02
7.991355128984078959e-03 1.466444865213749164e-02
6.716389031571567969e-03 1.327300243784113390e-02
5.551814645166519568e-03 1.190757149688874590e-02
4.497761398421062928e-03 1.047298320807905740e-02
3.554346436871580472e-03 9.012617767956955517e-03
2.721674609919344512e-03 7.640681110226064249e-03
1.999838459177394334e-03 6.314618779257520631e-03
1.388918208186096237e-03 4.924625364707557740e-03
8.889817534969424173e-04 3.479193006151126699e-03
5.000846571264760954e-04 2.061082266416857430e-03
2.222701403818971855e-04 8.817989026498829425e-04
5.556907905679420168e-05 1.570612878580211985e-04
0.000000000000000000e+00 -1.062559336139142104e-04
0.000000000000000000e+00 -2.268699582025005934e-04
5.556907905679420168e-05 -2.249951112984910524e-03
2.222701403818971855e-04 -4.950465662426108138e-03
5.000846571264760954e-04 -5.921820986565965589e-03
8.889817534969424173e-04 -6.211915062622501080e-03
1.388918208186096237e-03 -7.009129030993195217e-03
1.999838459177394334e-03 -7.949801269897091918e-03
2.721674609919344512e-03 -8.637370226668656184e-03
3.554346436871580472e-03 -9.193296954485704123e-03
4.497761398421062928e-03 -9.744144598571152435e-03
5.551814645166519568e-03 -1.029133377985388953e-02
6.716389031571567969e-03 -1.083089130509134329e-02
7.991355128984078959e-03 -1.137207008349073664e-02
9.376571240020115106e-03 -1.191221083635601863e-02
1.087188341431266636e-02 -1.243189785679949498e-02
1.247712546562085301e-02 -1.293212829845024128e-02
1.419211899029970692e-02 -1.343721716677535351e-02
1.601667338712764455e-02 -1.395093525227793577e-02
1.795058587848985532e-02 -1.445679404899512070e-02
1.999364153291383062e-02 -1.494547533324510659e-02
2.214561328895736647e-02 -1.541391146337562669e-02
2.440626198044326678e-02 -1.585724195188032565e-02
2.677533636303963682e-02 -1.626864183230122829e-02
2.925257314218321358e-02 -1.663505953730897574e-02
3.183769700234129196e-02 -1.694339813486893734e-02
3.453042063760936031e-02 -1.720798457760973343e-02
3.733044478364233587e-02 -1.745415392565136808e-02
4.023745825091396000e-02 -1.769423367396744454e-02
4.325113795930202176e-02 -1.793380277656253519e-02
4.637114897399441382e-02 -1.817015616327110131e-02
4.959714454271368922e-02 -1.839879098238172278e-02
5.292876613425423482e-02 -1.861914932998854147e-02
5.636564347832906385e-02 -1.883120793939906112e-02
5.990739460672012129e-02 -1.903305045371328497e-02
6.355362589573076981e-02 -1.922249807914937561e-02
6.730393210993146358e-02 -1.939783863912393144e-02
7.115789644719716645e-02 -1.955765580378648547e-02
7.511509058502996439e-02 -1.970104008457931530e-02
7.917507472816209813e-02 -1.982622631492078277e-02
8.333739765743386485e-02 -1.992958840527345871e-02
8.760159677994161509e-02 -2.000982890766339617e-02
9.196719818044885031e-02 -2.007003188520221568e-02
9.643371667405697956e-02 -2.011516223494082961e-02
1.010006558601274085e-01 -2.015213231587486414e-02
1.056675081774507419e-01 -2.018350402731920734e-02
1.104337549606562163e-01 -2.020647855773147553e-02
1.152988664978553679e-01 -2.021972237063623251e-02
1.202623020895129402e-01 -2.022367968389009521e-02
1.253235101085391490e-01 -2.021813635044363705e-02
1.304819280615971966e-01 -2.020222953679739336e-02
1.357369826516168221e-01 -2.017489134927498776e-02
1.410880898415101115e-01 -2.013523329530710754e-02
1.465346549190801317e-01 -2.008572972864508185e-02
1.520760725631161714e-01 -2.003057759002299654e-02
1.577117269106679265e-01 -1.997119115758898625e-02
1.634409916254914164e-01 -1.990752579224462290e-02
1.692632299676588570e-01 -1.983935770185092998e-02
1.751777948643248317e-01 -1.976641596233940160e-02
1.811840289816407656e-01 -1.968856762469825203e-02
1.872812647978095990e-01 -1.960571078680236126e-02
1.934688246772731102e-01 -1.951766025806933591e-02
1.997460209460230063e-01 -1.942421881718458740e-02
2.061121559680280102e-01 -1.932523658921085977e-02
2.125665222227673956e-01 -1.922056477326772664e-02
2.191084023838638650e-01 -1.911002189602506104e-02
2.257370693988056676e-01 -1.899343114400743951e-02
2.324517865697500740e-01 -1.887064480319742416e-02
2.392518076353984391e-01 -1.874150238849501063e-02
2.461363768539343022e-01 -1.860580555185240015e-02
2.531047290870154232e-01 -1.846338429826250085e-02
2.601560898848094272e-01 -1.831412842178972364e-02
2.672896755720651774e-01 -1.815786675701889022e-02
2.745046933352085494e-01 -1.799432849858101369e-02
2.818003413104546162e-01 -1.782337574200178187e-02
2.891758086729252497e-01 -1.764504179730816066e-02
2.966302757267624823e-01 -1.745906126162442493e-02
3.041629139962280792e-01 -1.726487713343797040e-02
3.117728863177794407e-01 -1.706284151929879020e-02
3.194593469331089564e-01 -1.685413654723376051e-02
3.272214415831418144e-01 -1.663965994961146000e-02
3.350583076029753915e-01 -1.642001393285682023e-02
3.429690740177547825e-01 -1.619519671328338573e-02
3.509528616394713696e-01 -1.596484968432281340e-02
3.590087831646743277e-01 -1.572891951590099993e-02
3.671359432730831873e-01 -1.548749819440448268e-02
3.753334387270930161e-01 -1.524048528768045044e-02
3.836003584721576765e-01 -1.498771749249878070e-02
3.919357837380436083e-01 -1.472919195926778585e-02
4.003387881409395943e-01 -1.446493017870073908e-02
4.088084377864137364e-01 -1.419476671419469746e-02
4.173437913732044313e-01 -1.391854908808582390e-02
4.259439002978354649e-01 -1.363642403392440784e-02
4.346078087600411255e-01 -1.334845781503283570e-02
4.433345538689928977e-01 -1.305417524655883010e-02
4.521231657503131940e-01 -1.275338748307254522e-02
4.609726676538650203e-01 -1.244703708679240420e-02
4.698820760623064752e-01 -1.213454445929680083e-02
4.788504008003974244e-01 -1.181129613509651274e-02
4.878766451450451402e-01 -1.147330702503827210e-02
4.969598059360780251e-01 -1.111897028731917772e-02
5.060988736877365390e-01 -1.074771196962580680e-02
5.152928327008634568e-01 -1.036018281413220860e-02
5.245406611757882365e-01 -9.956242484284224398e-03
5.338413313258880688e-01 -9.534547066172984614e-03
5.431938094918128401e-01 -9.095179065704575572e-03
5.525970562563653488e-01 -8.640166716090936019e-03
5.620500265600203438e-01 -8.175594254448784529e-03
5.715516698170692855e-01 -7.711047630520683795e-03
5.811009300323815019e-01 -7.249757646928466429e-03
5.906967459187653091e-01 -6.789490664044659125e-03
6.003380510149177729e-01 -6.327133410536776859e-03
6.100237738039482327e-01 -5.859235455355541432e-03
6.197528378324663745e-01 -5.384016206724370410e-03
6.295241618302156450e-01 -4.900864830426190921e-03
6.393366598302444581e-01 -4.410684641899769234e-03
6.491892412895989839e-01 -3.914619473860229092e-03
6.590808112105230876e-01 -3.410479731833928208e-03
6.690102702621547603e-01 -2.896968416438746533e-03
6.789765149027036095e-01 -2.385170680476235514e-03
6.889784375020977514e-01 -1.888397499006772527e-03
6.990149264650814542e-01 -1.411013203312840763e-03
7.090848663547572039e-01 -9.543996422292488208e-04
7.191871380165538730e-01 -5.182069509976774220e-04
7.293206187026060050e-01 -1.020450660378888376e-04
7.394841821965345563e-01 2.933774562560345200e-04
7.496766989386134394e-01 6.674754599001992512e-04
7.598970361513051053e-01 1.020501614384430097e-03
7.701440579651563922e-01 1.352430125421439028e-03
7.804166255450371015e-01 1.662381805020887509e-03
7.907135972167069760e-01 1.950082930478457639e-03
8.010338285937002034e-01 2.216491906141080260e-03
8.113761727045106786e-01 2.461279013301558450e-03
8.217394801200630372e-01 2.682112159192822070e-03
8.321225990814590245e-01 2.879822972410068897e-03
8.425243756279822138e-01 3.058866537527543672e-03
8.529436537253458628e-01 3.210515761584283641e-03
8.633792753941731402e-01 3.312486465432946427e-03
8.738300808386934015e-01 3.352823817241489760e-03
8.842949085756387495e-01 3.329425065913110913e-03
8.947725955633289985e-01 3.241689488789982736e-03
9.052619773309316109e-01 3.089890752924951637e-03
9.157618881078770645e-01 2.874365748753564612e-03
9.262711609534211021e-01 2.595304705661894903e-03
9.367886278863364335e-01 2.251340328864596257e-03
9.473131200147204556e-01 1.841132708365129239e-03
9.578434676659028923e-01 1.369521948600620426e-03
9.683785005164411430e-01 8.315593953507359254e-04
9.789170477221889044e-01 1.480783917943599226e-04
9.894579380484205267e-01 -7.694747552356260168e-04
9.999999999999998890e-01 -1.922837869101602041e-03
