9.999999999999998890e-01 1.107998812012722699e-03
9.894579380484205267e-01 3.750321981574735158e-03
9.789170477221889044e-01 6.355130338295569142e-03
9.683785005164411430e-01 8.917128263861448176e-03
9.578434676659028923e-01 1.143076909890582138e-02
9.473131200147204556e-01 1.389058638824118737e-02
9.367886278863364335e-01 1.629147201891921470e-02
9.262711609534211021e-01 1.862817630761315693e-02
9.157618881078770645e-01 2.089499730677168987e-02
9.052619773309316109e-01 2.308676752243157826e-02
8.947725955633289985e-01 2.519951811217232759e-02
8.842949085756387495e-01 2.723381235695457661e-02
8.738300808386934015e-01 2.919721627993942734e-02
8.633792753941731402e-01 3.109844138853598908e-02
8.529436537253458628e-01 3.294676379432914803e-02
8.425243756279822138e-01 3.474758347298064626e-02
8.321225990814590245e-01 3.650174229444241858e-02
8.217394801200630372e-01 3.820692959801481187e-02
8.113761727045106786e-01 3.985814531406758898e-02
8.010338285937002034e-01 4.145159872314393285e-02
7.907135972167069760e-01 4.298469491308314766e-02
7.804166255450371015e-01 4.445657660605403100e-02
7.701440579651563922e-01 4.586752531947971973e-02
7.598970361513051053e-01 4.721769615475977094e-02
7.496766989386134394e-01 4.850727750303198554e-02
7.394841821965345563e-01 4.973738448870013845e-02
7.293206187026060050e-01 5.090964846064619659e-02
7.191871380165538730e-01 5.202618926097225122e-02
7.090848663547572039e-01 5.308933184244900988e-02
6.990149264650814542e-01 5.410146973426319117e-02
6.889784375020977514e-01 5.506529858699008018e-02
6.789765149027036095e-01 5.598472403222634619e-02
6.690102702621547603e-01 5.686417989493409986e-02
6.590808112105230876e-01 5.770881536150127694e-02
6.491892412895989839e-01 5.852293122865353386e-02
6.393366598302444581e-01 5.930786421691379429e-02
6.295241618302156450e-01 6.006315268224780846e-02
6.197528378324663745e-01 6.078527328276343844e-02
6.100237738039482327e-01 6.147053408800490920e-02
6.003380510149177729e-01 6.211585060593046576e-02
5.906967459187653091e-01 6.271979023738268044e-02
5.811009300323815019e-01 6.328362155632973052e-02
5.715516698170692855e-01 6.380947796166176744e-02
5.620500265600203438e-01 6.430034182534150045e-02
5.525970562563653488e-01 6.475881406322647749e-02
5.431938094918128401e-01 6.518689490082360538e-02
5.338413313258880688e-01 6.558510491141596177e-02
5.245406611757882365e-01 6.595250475673261614e-02
5.152928327008634568e-01 6.628830798866605645e-02
5.060988736877365390e-01 6.659190063326317355e-02
4.969598059360780251e-01 6.686246418649878509e-02
4.878766451450451402e-01 6.709903629269457770e-02
4.788504008003974244e-01 6.730074370328499589e-02
4.698820760623064752e-01 6.746671892152704408e-02
4.609726676538650203e-01 6.759565985821325285e-02
4.521231657503131940e-01 6.768630523666278875e-02
4.433345538689928977e-01 6.773922615605153241e-02
4.346078087600411255e-01 6.775608396913428144e-02
4.259439002978354649e-01 6.774030393822712270e-02
4.173437913732044313e-01 6.769591657949614039e-02
4.088084377864137364e-01 6.762687211875155480e-02
4.003387881409395943e-01 6.753658415474270149e-02
3.919357837380436083e-01 6.742649249280327495e-02
3.836003584721576765e-01 6.729677412152834659e-02
3.753334387270930161e-01 6.714510715846633282e-02
3.671359432730831873e-01 6.696891878213541427e-02
3.590087831646743277e-01 6.676627601186094219e-02
3.509528616394713696e-01 6.653565020019994170e-02
3.429690740177547825e-01 6.627618168784711605e-02
3.350583076029753915e-01 6.598827959315906044e-02
3.272214415831418144e-01 6.567450424734609660e-02
3.194593469331089564e-01 6.533728182568833420e-02
3.117728863177794407e-01 6.497848362234263930e-02
3.041629139962280792e-01 6.460002822803452560e-02
2.966302757267624823e-01 6.420393350911740571e-02
2.891758086729252497e-01 6.379161588843140773e-02
2.818003413104546162e-01 6.336382390145808841e-02
2.745046933352085494e-01 6.292118357802541084e-02
2.672896755720651774e-01 6.246425765456085910e-02
2.601560898848094272e-01 6.199388609281503149e-02
2.531047290870154232e-01 6.151103176877208145e-02
2.461363768539343022e-01 6.101554943739596198e-02
2.392518076353984391e-01 6.050632278725392998e-02
2.324517865697500740e-01 5.997992897995802625e-02
2.257370693988056676e-01 5.943194098346097493e-02
2.191084023838638650e-01 5.885983418296025088e-02
2.125665222227673956e-01 5.826165478504739814e-02
2.061121559680280102e-01 5.763356178388982787e-02
1.997460209460230063e-01 5.697253665356024482e-02
1.934688246772731102e-01 5.628336538095261160e-02
1.872812647978095990e-01 5.557486420426969304e-02
1.811840289816407656e-01 5.486237218174427888e-02
1.751777948643248317e-01 5.415990314541022088e-02
1.692632299676588570e-01 5.347112727845051289e-02
1.634409916254914164e-01 5.279717068521419532e-02
1.577117269106679265e-01 5.213819201749435306e-02
1.520760725631161714e-01 5.148647386336024229e-02
1.465346549190801317e-01 5.081623596736722231e-02
1.410880898415101115e-01 5.010474356277538205e-02
1.357369826516168221e-01 4.934053705251262301e-02
1.304819280615971966e-01 4.852891058798348978e-02
1.253235101085391490e-01 4.770037347363016711e-02
1.202623020895129402e-01 4.687907484236793904e-02
1.152988664978553679e-01 4.607666499664206383e-02
1.104337549606562163e-01 4.529012001086567263e-02
1.056675081774507419e-01 4.450060849088929849e-02
1.010006558601274085e-01 4.369415984676018605e-02
9.643371667405697956e-02 4.286307077125320331e-02
9.196719818044885031e-02 4.200991150425004150e-02
8.760159677994161509e-02 4.114561051970138522e-02
8.333739765743386485e-02 4.028176374481666489e-02
7.917507472816209813e-02 3.942896025417662320e-02
7.511509058502996439e-02 3.858446219463438492e-02
7.115789644719716645e-02 3.773736764607494437e-02
6.730393210993146358e-02 3.687398650043886145e-02
6.355362589573076981e-02 3.598017417651441091e-02
5.990739460672012129e-02 3.504759338235615557e-02
5.636564347832906385e-02 3.407319808191096311e-02
5.292876613425423482e-02 3.306984350286289870e-02
4.959714454271368922e-02 3.205491559716908828e-02
4.637114897399441382e-02 3.104184970293938362e-02
4.325113795930202176e-02 3.004275646810082231e-02
4.023745825091396000e-02 2.906895240900727109e-02
3.733044478364233587e-02 2.812476417036553766e-02
3.453042063760936031e-02 2.719374982452068060e-02
3.183769700234129196e-02 2.625725692713441750e-02
2.925257314218321358e-02 2.530104262085980035e-02
2.677533636303963682e-02 2.431415650015011920e-02
2.440626198044326678e-02 2.329116549733295863e-02
2.214561328895736647e-02 2.222949957413442382e-02
1.999364153291383062e-02 2.113042795112689276e-02
1.795058587848985532e-02 1.999663432051672005e-02
1.601667338712764455e-02 1.883238209653356754e-02
1.419211899029970692e-02 1.764424823388494393e-02
1.247712546562085301e-02 1.644155815448578029e-02
1.087188341431266636e-02 1.523422549137583119e-02
9.376571240020115106e-03 1.403168233506887214e-02
7.991355128984078959e-03 1.282613685765272155e-02
6.716389031571567969e-03 1.159821483099795006e-02
5.551814645166519568e-03 1.038163160994953066e-02
4.497761398421062928e-03 9.239932592325460561e-03
3.554346436871580472e-03 8.121197989893478089e-03
2.721674609919344512e-03 6.911621582587606366e-03
1.999838459177394334e-03 5.599789744044084139e-03
1.388918208186096237e-03 4.234848302040383414e-03
8.889817534969424173e-04 2.908628557741562912e-03
5.000846571264760954e-04 1.730066099453321819e-03
2.222701403818971855e-04 7.991036724789337678e-04
5.556907905679420168e-05 2.048562332266987281e-04
0.000000000000000000e+00 -1.837510375635277349e-08
0.000000000000000000e+00 4.702946358405962013e-08
5.556907905679420168e-05 -3.238880076285320696e-04
2.222701403818971855e-04 -1.258198206865960645e-03
5.000846571264760954e-04 -2.709800817753404110e-03
8.889817534969424173e-04 -4.515759715584061890e-03
1.388918208186096237e-03 -6.492524669652852652e-03
1.999838459177394334e-03 -8.439634187657023279e-03
2.721674609919344512e-03 -1.018008114382787030e-02
3.554346436871580472e-03 -1.159735566473869481e-02
4.497761398421062928e-03 -1.268181276955401317e-02
5.551814645166519568e-03 -1.360931015456152450e-02
6.716389031571567969e-03 -1.450801793526673537e-02
7.991355128984078959e-03 -1.539735625155855443e-02
9.376571240020115106e-03 -1.627923362507604013e-02
1.087188341431266636e-02 -1.714512157870044448e-02
1.247712546562085301e-02 -1.798802709888564985e-02
1.419211899029970692e-02 -1.880360187041308848e-02
1.601667338712764455e-02 -1.958955753505680145e-02
1.795058587848985532e-02 -2.034578664884997140e-02
1.999364153291383062e-02 -2.107786832361584900e-02
2.214561328895736647e-02 -2.179525707300872944e-02
2.440626198044326678e-02 -2.249976691672376031e-02
2.677533636303963682e-02 -2.318824418634280252e-02
2.925257314218321358e-02 -2.386018805647876703e-02
3.183769700234129196e-02 -2.451684856700156803e-02
3.453042063760936031e-02 -2.516098838473340357e-02
3.733044478364233587e-02 -2.579650831103617870e-02
4.023745825091396000e-02 -2.643006516503309394e-02
4.325113795930202176e-02 -2.706785612474238434e-02
4.637114897399441382e-02 -2.770793663992637476e-02
4.959714454271368922e-02 -2.834562997619132982e-02
5.292876613425423482e-02 -2.897598409265786379e-02
5.636564347832906385e-02 -2.959361593850395183e-02
5.990739460672012129e-02 -3.019187307124420253e-02
6.355362589573076981e-02 -3.076555825951216711e-02
6.730393210993146358e-02 -3.131458278593395733e-02
7.115789644719716645e-02 -3.184085258875913454e-02
7.511509058502996439e-02 -3.234885709267524417e-02
7.917507472816209813e-02 -3.284294456778273641e-02
8.333739765743386485e-02 -3.332634481695222889e-02
8.760159677994161509e-02 -3.379850174720160777e-02
9.196719818044885031e-02 -3.425263002198142975e-02
9.643371667405697956e-02 -3.468083308156267447e-02
1.010006558601274085e-01 -3.507470588063116984e-02
1.056675081774507419e-01 -3.543289717900055535e-02
1.104337549606562163e-01 -3.576284908529096807e-02
1.152988664978553679e-01 -3.607785797779926307e-02
1.202623020895129402e-01 -3.639610400637716819e-02
1.253235101085391490e-01 -3.672622705745477723e-02
1.304819280615971966e-01 -3.706804922367274574e-02
1.357369826516168221e-01 -3.741540056070945947e-02
1.410880898415101115e-01 -3.775832282366530651e-02
1.465346549190801317e-01 -3.809054371504147496e-02
1.520760725631161714e-01 -3.840791661312367711e-02
1.577117269106679265e-01 -3.870482437530368969e-02
1.634409916254914164e-01 -3.897644231189550251e-02
1.692632299676588570e-01 -3.922881567632686278e-02
1.751777948643248317e-01 -3.947307090885105590e-02
1.811840289816407656e-01 -3.972291263809146766e-02
1.872812647978095990e-01 -3.998842302984526031e-02
1.934688246772731102e-01 -4.025851420186089824e-02
1.997460209460230063e-01 -4.051766395524020181e-02
2.061121559680280102e-01 -4.075707636611654305e-02
2.125665222227673956e-01 -4.097214209515737116e-02
2.191084023838638650e-01 -4.116639668664499874e-02
2.257370693988056676e-01 -4.134430083382212989e-02
2.324517865697500740e-01 -4.150852109454221395e-02
2.392518076353984391e-01 -4.166235437051141882e-02
2.461363768539343022e-01 -4.181109442645494778e-02
2.531047290870154232e-01 -4.195878500992798743e-02
2.601560898848094272e-01 -4.210668165948078245e-02
2.672896755720651774e-01 -4.225445768484442643e-02
2.745046933352085494e-01 -4.239982073696248882e-02
2.818003413104546162e-01 -4.254060170706881056e-02
2.891758086729252497e-01 -4.267499519699471944e-02
2.966302757267624823e-01 -4.280092792741659047e-02
3.041629139962280792e-01 -4.291603720244029085e-02
3.117728863177794407e-01 -4.301852194161183418e-02
3.194593469331089564e-01 -4.310711317537180287e-02
3.272214415831418144e-01 -4.318058230027786715e-02
3.350583076029753915e-01 -4.323769155306814160e-02
3.429690740177547825e-01 -4.327690635216525916e-02
3.509528616394713696e-01 -4.329661450356738633e-02
3.590087831646743277e-01 -4.329629405905534995e-02
3.671359432730831873e-01 -4.327607971171388429e-02
3.753334387270930161e-01 -4.323654771828962240e-02
3.836003584721576765e-01 -4.317852161544397799e-02
3.919357837380436083e-01 -4.310312107506455298e-02
4.003387881409395943e-01 -4.301134171655664196e-02
4.088084377864137364e-01 -4.290298320710796143e-02
4.173437913732044313e-01 -4.277720510504286894e-02
4.259439002978354649e-01 -4.263207371207375362e-02
4.346078087600411255e-01 -4.246534291628105418e-02
4.433345538689928977e-01 -4.227467018223210471e-02
4.521231657503131940e-01 -4.205805638199928975e-02
4.609726676538650203e-01 -4.181453400000845200e-02
4.698820760623064752e-01 -4.154376728446316364e-02
4.788504008003974244e-01 -4.124647926247077684e-02
4.878766451450451402e-01 -4.092352801681425900e-02
4.969598059360780251e-01 -4.057573167707263784e-02
5.060988736877365390e-01 -4.020340618709382363e-02
5.152928327008634568e-01 -3.980603988412584338e-02
5.245406611757882365e-01 -3.938264075643437695e-02
5.338413313258880688e-01 -3.893165944205598250e-02
5.431938094918128401e-01 -3.845154190853482951e-02
5.525970562563653488e-01 -3.794087707892816047e-02
5.620500265600203438e-01 -3.740050478458886718e-02
5.715516698170692855e-01 -3.683355486952136909e-02
5.811009300323815019e-01 -3.624458157869625552e-02
5.906967459187653091e-01 -3.563910549828779722e-02
6.003380510149177729e-01 -3.502088321005812632e-02
6.100237738039482327e-01 -3.439180409594687349e-02
6.197528378324663745e-01 -3.374746078980945391e-02
6.295241618302156450e-01 -3.307956266986093741e-02
6.393366598302444581e-01 -3.237814984794080281e-02
6.491892412895989839e-01 -3.163357771162658011e-02
6.590808112105230876e-01 -3.084365228219992927e-02
6.690102702621547603e-01 -3.001067832469788213e-02
6.789765149027036095e-01 -2.914484229659514147e-02
6.889784375020977514e-01 -2.825865002962732117e-02
6.990149264650814542e-01 -2.736298909056258943e-02
7.090848663547572039e-01 -2.646624039837635126e-02
7.191871380165538730e-01 -2.556919360228838978e-02
7.293206187026060050e-01 -2.467027908563741712e-02
7.394841821965345563e-01 -2.376608641051291410e-02
7.496766989386134394e-01 -2.285363011078127282e-02
7.598970361513051053e-01 -2.193189036899144059e-02
7.701440579651563922e-01 -2.100109995916795910e-02
7.804166255450371015e-01 -2.006348488118654683e-02
7.907135972167069760e-01 -1.912135995918084683e-02
8.010338285937002034e-01 -1.817674375774273182e-02
8.113761727045106786e-01 -1.723119716655919717e-02
8.217394801200630372e-01 -1.628563972334582874e-02
8.321225990814590245e-01 -1.534067810587248781e-02
8.425243756279822138e-01 -1.439660879108967985e-02
8.529436537253458628e-01 -1.345411398936948062e-02
8.633792753941731402e-01 -1.251432936147246072e-02
8.738300808386934015e-01 -1.157889922983755017e-02
8.842949085756387495e-01 -1.064990044436036308e-02
8.947725955633289985e-01 -9.729408099594246198e-03
9.052619773309316109e-01 -8.819376416269413335e-03
9.157618881078770645e-01 -7.920539446299799946e-03
9.262711609534211021e-01 -7.032842491014159106e-03
9.367886278863364335e-01 -6.156041183406215679e-03
9.473131200147204556e-01 -5.289807027786743061e-03
9.578434676659028923e-01 -4.433881985209497077e-03
9.683785005164411430e-01 -3.588030299965995918e-03
9.789170477221889044e-01 -2.751961725050997357e-03
9.894579380484205267e-01 -1.925373576409078209e-03
9.999999999999998890e-01 -1.108000179540971110e-03
