9.999999999999998890e-01 -3.753097319447424945e-04
9.894579380484205267e-01 -2.212419704099551424e-04
9.789170477221889044e-01 5.824953948712891080e-05
9.683785005164411430e-01 4.584218759212253433e-04
9.578434676659028923e-01 9.850990071313230068e-04
9.473131200147204556e-01 1.635706601702992995e-03
9.367886278863364335e-01 2.378905011958652119e-03
9.262711609534211021e-01 3.187852538785979507e-03
9.157618881078770645e-01 4.056910540482063128e-03
9.052619773309316109e-01 4.985447766012807494e-03
8.947725955633289985e-01 5.976701506848543233e-03
8.842949085756387495e-01 7.028652372866979296e-03
8.738300808386934015e-01 8.130343587182791917e-03
8.633792753941731402e-01 9.274131763673460968e-03
8.529436537253458628e-01 1.045788855606176113e-02
8.425243756279822138e-01 1.168046166191741980e-02
8.321225990814590245e-01 1.294141353365998483e-02
8.217394801200630372e-01 1.424131887424290657e-02
8.113761727045106786e-01 1.558136124182998329e-02
8.010338285937002034e-01 1.695767468786578067e-02
7.907135972167069760e-01 1.836249891857267419e-02
7.804166255450371015e-01 1.979024741323876305e-02
7.701440579651563922e-01 2.123722385711305366e-02
7.598970361513051053e-01 2.270314005239470675e-02
7.496766989386134394e-01 2.418934307779312815e-02
7.394841821965345563e-01 2.569496806118251597e-02
7.293206187026060050e-01 2.721845705999920151e-02
7.191871380165538730e-01 2.876061042660379985e-02
7.090848663547572039e-01 3.032193700669773284e-02
6.990149264650814542e-01 3.189649341731330690e-02
6.889784375020977514e-01 3.347727796163274538e-02
6.789765149027036095e-01 3.506185765545617727e-02
6.690102702621547603e-01 3.664937466545898498e-02
6.590808112105230876e-01 3.824018157559564562e-02
6.491892412895989839e-01 3.983443786881686599e-02
6.393366598302444581e-01 4.143094723030090604e-02
6.295241618302156450e-01 4.302909558555538527e-02
6.197528378324663745e-01 4.463027800370645420e-02
6.100237738039482327e-01 4.623419505075791747e-02
6.003380510149177729e-01 4.783648936828283765e-02
5.906967459187653091e-01 4.943211351622657512e-02
5.811009300323815019e-01 5.101573852925049557e-02
5.715516698170692855e-01 5.258472904449804780e-02
5.620500265600203438e-01 5.414032188664109901e-02
5.525970562563653488e-01 5.568317910127735387e-02
5.431938094918128401e-01 5.721290309720328954e-02
5.338413313258880688e-01 5.872890081484482411e-02
5.245406611757882365e-01 6.023052707184940735e-02
5.152928327008634568e-01 6.171860008316530644e-02
5.060988736877365390e-01 6.319478873110948025e-02
4.969598059360780251e-01 6.465519100649948225e-02
4.878766451450451402e-01 6.609215953646621622e-02
4.788504008003974244e-01 6.750135990961456112e-02
4.698820760623064752e-01 6.888076728749514821e-02
4.609726676538650203e-01 7.023043068942959322e-02
4.521231657503131940e-01 7.155137451537714466e-02
4.433345538689928977e-01 7.284415758367049354e-02
4.346078087600411255e-01 7.410900231406165883e-02
4.259439002978354649e-01 7.534536387099213806e-02
4.173437913732044313e-01 7.655299266624281118e-02
4.088084377864137364e-01 7.773428633901097173e-02
4.003387881409395943e-01 7.889005491520709179e-02
3.919357837380436083e-01 8.001202686945710352e-02
3.836003584721576765e-01 8.109160881399099519e-02
3.753334387270930161e-01 8.212611231995572969e-02
3.671359432730831873e-01 8.311478675829400697e-02
3.590087831646743277e-01 8.405890269916636848e-02
3.509528616394713696e-01 8.495992007525472733e-02
3.429690740177547825e-01 8.581899103573090160e-02
3.350583076029753915e-01 8.663664804145961018e-02
3.272214415831418144e-01 8.741239850678073076e-02
3.194593469331089564e-01 8.814757209216965428e-02
3.117728863177794407e-01 8.884628610351615052e-02
3.041629139962280792e-01 8.950613424757403180e-02
2.966302757267624823e-01 9.011613021503304954e-02
2.891758086729252497e-01 9.066903240039149436e-02
2.818003413104546162e-01 9.116243480032300284e-02
2.745046933352085494e-01 9.159675820372592536e-02
2.672896755720651774e-01 9.197478130143421637e-02
2.601560898848094272e-01 9.229904814021444581e-02
2.531047290870154232e-01 9.257169191236777617e-02
2.461363768539343022e-01 9.279294385381152421e-02
2.392518076353984391e-01 9.296239580159938731e-02
2.324517865697500740e-01 9.308523426565311343e-02
2.257370693988056676e-01 9.316742659358573375e-02
2.191084023838638650e-01 9.319757019919878982e-02
2.125665222227673956e-01 9.315779750669238302e-02
2.061121559680280102e-01 9.303949559990978835e-02
1.997460209460230063e-01 9.283910616127469262e-02
1.934688246772731102e-01 9.256072433871750937e-02
1.872812647978095990e-01 9.221027506810168528e-02
1.811840289816407656e-01 9.179126397501873036e-02
1.751777948643248317e-01 9.130629753821778438e-02
1.692632299676588570e-01 9.075705940810654959e-02
1.634409916254914164e-01 9.014673478510196181e-02
1.577117269106679265e-01 8.948329004740607218e-02
1.520760725631161714e-01 8.876862041585978358e-02
1.465346549190801317e-01 8.798842167801998460e-02
1.410880898415101115e-01 8.713094096967370639e-02
1.357369826516168221e-01 8.619403148230771194e-02
1.304819280615971966e-01 8.517974737151441655e-02
1.253235101085391490e-01 8.409519300829340627e-02
1.202623020895129402e-01 8.294678463954620329e-02
1.152988664978553679e-01 8.173931301982109709e-02
1.104337549606562163e-01 8.047674957069179957e-02
1.056675081774507419e-01 7.916240130337834358e-02
1.010006558601274085e-01 7.780295064860512366e-02
9.643371667405697956e-02 7.640753656646968872e-02
9.196719818044885031e-02 7.497019618620195947e-02
8.760159677994161509e-02 7.347334311568616549e-02
8.333739765743386485e-02 7.191233846572765709e-02
7.917507472816209813e-02 7.029203888859308913e-02
7.511509058502996439e-02 6.861927279980177541e-02
7.115789644719716645e-02 6.690187141514664093e-02
6.730393210993146358e-02 6.514731717266884770e-02
6.355362589573076981e-02 6.336262889651855801e-02
5.990739460672012129e-02 6.155291456224815105e-02
5.636564347832906385e-02 5.972343387951344756e-02
5.292876613425423482e-02 5.788456491513942898e-02
4.959714454271368922e-02 5.604257533492611881e-02
4.637114897399441382e-02 5.417741454539980184e-02
4.325113795930202176e-02 5.226833749992786105e-02
4.023745825091396000e-02 5.031939132163233686e-02
3.733044478364233587e-02 4.834117491634988550e-02
3.453042063760936031e-02 4.634677221407403763e-02
3.183769700234129196e-02 4.434452321575647199e-02
2.925257314218321358e-02 4.232960376794885765e-02
2.677533636303963682e-02 4.030001393080163280e-02
2.440626198044326678e-02 3.826407007602171395e-02
2.214561328895736647e-02 3.623552382211007311e-02
1.999364153291383062e-02 3.423491819067243924e-02
1.795058587848985532e-02 3.225718867254017547e-02
1.601667338712764455e-02 3.025918513599601053e-02
1.419211899029970692e-02 2.822707736229592562e-02
1.247712546562085301e-02 2.618742254699565897e-02
1.087188341431266636e-02 2.416685476452068784e-02
9.376571240020115106e-03 2.218773577156427784e-02
7.991355128984078959e-03 2.024083495274901431e-02
6.716389031571567969e-03 1.829086318660472568e-02
5.551814645166519568e-03 1.632870489749437687e-02
4.497761398421062928e-03 1.437163451633416411e-02
3.554346436871580472e-03 1.250567140189350404e-02
2.721674609919344512e-03 1.083075292421955237e-02
1.999838459177394334e-03 9.185732578966746345e-03
1.388918208186096237e-03 7.332618804555880200e-03
8.889817534969424173e-04 5.479756202272456286e-03
5.000846571264760954e-04 3.942297414229412045e-03
2.222701403818971855e-04 2.497401579047598286e-03
5.556907905679420168e-05 9.322646683995989376e-04
0.000000000000000000e+00 4.447713312054632571e-05
0.000000000000000000e+00 2.575134988480063539e-06
5.556907905679420168e-05 -1.229908166689898472e-03
2.222701403818971855e-04 -3.176815427509655215e-03
5.000846571264760954e-04 -4.270736957049398735e-03
8.889817534969424173e-04 -4.950052773503841631e-03
1.388918208186096237e-03 -5.787627097456550691e-03
1.999838459177394334e-03 -6.599420132661770397e-03
2.721674609919344512e-03 -7.222748515777200652e-03
3.554346436871580472e-03 -7.831599324191241412e-03
4.497761398421062928e-03 -8.537541699733022446e-03
5.551814645166519568e-03 -9.247312839010726065e-03
6.716389031571567969e-03 -9.911456045605117685e-03
7.991355128984078959e-03 -1.058532066901356206e-02
9.376571240020115106e-03 -1.129221988815159138e-02
1.087188341431266636e-02 -1.200100982853848954e-02
1.247712546562085301e-02 -1.270117314855473238e-02
1.419211899029970692e-02 -1.340867702522292176e-02
1.601667338712764455e-02 -1.411833872540467320e-02
1.795058587848985532e-02 -1.480522607912076322e-02
1.999364153291383062e-02 -1.547142441895956073e-02
2.214561328895736647e-02 -1.613988827607559448e-02
2.440626198044326678e-02 -1.681585277979025239e-02
2.677533636303963682e-02 -1.749236182646291340e-02
2.925257314218321358e-02 -1.816424607479905431e-02
3.183769700234129196e-02 -1.882747965545999991e-02
3.453042063760936031e-02 -1.947802563689542826e-02
3.733044478364233587e-02 -2.011312989598689621e-02
4.023745825091396000e-02 -2.073835572007720271e-02
4.325113795930202176e-02 -2.136081372752372115e-02
4.637114897399441382e-02 -2.197845472960179708e-02
4.959714454271368922e-02 -2.258643436321794776e-02
5.292876613425423482e-02 -2.318081082737463022e-02
5.636564347832906385e-02 -2.375877713926039664e-02
5.990739460672012129e-02 -2.432069595777222940e-02
6.355362589573076981e-02 -2.486778872003772567e-02
6.730393210993146358e-02 -2.540172452271748788e-02
7.115789644719716645e-02 -2.592281342323304524e-02
7.511509058502996439e-02 -2.642785509179706310e-02
7.917507472816209813e-02 -2.691338744394536700e-02
8.333739765743386485e-02 -2.737651980098929419e-02
8.760159677994161509e-02 -2.781734370177743609e-02
9.196719818044885031e-02 -2.824086224099609660e-02
9.643371667405697956e-02 -2.865007076162816649e-02
1.010006558601274085e-01 -2.904437043176296557e-02
1.056675081774507419e-01 -2.942180876624235844e-02
1.104337549606562163e-01 -2.977923001062470973e-02
1.152988664978553679e-01 -3.011572526595247823e-02
1.202623020895129402e-01 -3.043284695005942647e-02
1.253235101085391490e-01 -3.073397860532370643e-02
1.304819280615971966e-01 -3.102368360362043123e-02
1.357369826516168221e-01 -3.130245909645456431e-02
1.410880898415101115e-01 -3.156790086351094621e-02
1.465346549190801317e-01 -3.181836114248542263e-02
1.520760725631161714e-01 -3.205298524454108094e-02
1.577117269106679265e-01 -3.227344055794631461e-02
1.634409916254914164e-01 -3.248244000698798789e-02
1.692632299676588570e-01 -3.268104764972684650e-02
1.751777948643248317e-01 -3.286941126009111647e-02
1.811840289816407656e-01 -3.304648134491473821e-02
1.872812647978095990e-01 -3.321103665105606256e-02
1.934688246772731102e-01 -3.336302712500612000e-02
1.997460209460230063e-01 -3.350295615815992306e-02
2.061121559680280102e-01 -3.363213981001038355e-02
2.125665222227673956e-01 -3.375158467857817396e-02
2.191084023838638650e-01 -3.386069665364171283e-02
2.257370693988056676e-01 -3.395862140158761866e-02
2.324517865697500740e-01 -3.404465550351608305e-02
2.392518076353984391e-01 -3.411873269717424079e-02
2.461363768539343022e-01 -3.418212089788737196e-02
2.531047290870154232e-01 -3.423582713521148430e-02
2.601560898848094272e-01 -3.428005378503499317e-02
2.672896755720651774e-01 -3.431456246858895220e-02
2.745046933352085494e-01 -3.433858248809560504e-02
2.818003413104546162e-01 -3.435178672723831345e-02
2.891758086729252497e-01 -3.435448365914826885e-02
2.966302757267624823e-01 -3.434712404388141210e-02
3.041629139962280792e-01 -3.433023941545580715e-02
3.117728863177794407e-01 -3.430379935669947145e-02
3.194593469331089564e-01 -3.426726543561880306e-02
3.272214415831418144e-01 -3.422028171511046213e-02
3.350583076029753915e-01 -3.416270296165661857e-02
3.429690740177547825e-01 -3.409502866988996239e-02
3.509528616394713696e-01 -3.401809750845743996e-02
3.590087831646743277e-01 -3.393201350943759326e-02
3.671359432730831873e-01 -3.383647565917315830e-02
3.753334387270930161e-01 -3.373118945100692795e-02
3.836003584721576765e-01 -3.361592415303169684e-02
3.919357837380436083e-01 -3.349081246718178806e-02
4.003387881409395943e-01 -3.335609071055709030e-02
4.088084377864137364e-01 -3.321181907576003373e-02
4.173437913732044313e-01 -3.305793535843656872e-02
4.259439002978354649e-01 -3.289409969623304647e-02
4.346078087600411255e-01 -3.272005016904160762e-02
4.433345538689928977e-01 -3.253603882597908004e-02
4.521231657503131940e-01 -3.234237376256456076e-02
4.609726676538650203e-01 -3.213921026276331250e-02
4.698820760623064752e-01 -3.192657445729704668e-02
4.788504008003974244e-01 -3.170425244798327075e-02
4.878766451450451402e-01 -3.147204719083853547e-02
4.969598059360780251e-01 -3.122986203974194991e-02
5.060988736877365390e-01 -3.097759875436900678e-02
5.152928327008634568e-01 -3.071513689523317978e-02
5.245406611757882365e-01 -3.044233643258005204e-02
5.338413313258880688e-01 -3.015903561703607225e-02
5.431938094918128401e-01 -2.986514932922475912e-02
5.525970562563653488e-01 -2.956068150530511904e-02
5.620500265600203438e-01 -2.924559041557250536e-02
5.715516698170692855e-01 -2.891978820615016821e-02
5.811009300323815019e-01 -2.858324938806015153e-02
5.906967459187653091e-01 -2.823597331535201982e-02
6.003380510149177729e-01 -2.787758838429900410e-02
6.100237738039482327e-01 -2.750747106666321523e-02
6.197528378324663745e-01 -2.712508116495240124e-02
6.295241618302156450e-01 -2.672998842342412876e-02
6.393366598302444581e-01 -2.632224006272911032e-02
6.491892412895989839e-01 -2.590197301878712985e-02
6.590808112105230876e-01 -2.546835497233642526e-02
6.690102702621547603e-01 -2.502035886644407570e-02
6.789765149027036095e-01 -2.455807180479455815e-02
6.889784375020977514e-01 -2.408170084301437114e-02
6.990149264650814542e-01 -2.359028551995485598e-02
7.090848663547572039e-01 -2.308219746749151993e-02
7.191871380165538730e-01 -2.255455145459455552e-02
7.293206187026060050e-01 -2.200519577328962501e-02
7.394841821965345563e-01 -2.143509964252526129e-02
7.496766989386134394e-01 -2.084385590587177484e-02
7.598970361513051053e-01 -2.022608753705809961e-02
7.701440579651563922e-01 -1.957760507723509125e-02
7.804166255450371015e-01 -1.889834524114336264e-02
7.907135972167069760e-01 -1.818821516225248291e-02
8.010338285937002034e-01 -1.744614465465193706e-02
8.113761727045106786e-01 -1.667074684829756084e-02
8.217394801200630372e-01 -1.586037794117202415e-02
8.321225990814590245e-01 -1.501568287059587732e-02
8.425243756279822138e-01 -1.414013036709181603e-02
8.529436537253458628e-01 -1.323579286546994020e-02
8.633792753941731402e-01 -1.230319601791022080e-02
8.738300808386934015e-01 -1.134490439383600661e-02
8.842949085756387495e-01 -1.036531019732148465e-02
8.947725955633289985e-01 -9.368105702044078956e-03
9.052619773309316109e-01 -8.356669660106855191e-03
9.157618881078770645e-01 -7.337293233511366433e-03
9.262711609534211021e-01 -6.318181436887509647e-03
9.367886278863364335e-01 -5.308189960786136898e-03
9.473131200147204556e-01 -4.316966625174767196e-03
9.578434676659028923e-01 -3.357529747255631226e-03
9.683785005164411430e-01 -2.446268299023713916e-03
9.789170477221889044e-01 -1.610741307767940425e-03
9.894579380484205267e-01 -8.892255387616911826e-04
9.999999999999998890e-01 -3.521929465170814334e-04
