9.999999999999998890e-01 3.500000009889208015e-03
9.894579380484205267e-01 6.167733423551900913e-03
9.789170477221889044e-01 8.790926800356337750e-03
9.683785005164411430e-01 1.136930477206091368e-02
9.578434676659028923e-01 1.390261576942481737e-02
9.473131200147204556e-01 1.639062242344377016e-02
9.367886278863364335e-01 1.883311277005286430e-02
9.262711609534211021e-01 2.122988969767367409e-02
9.157618881078770645e-01 2.358078014692746929e-02
9.052619773309316109e-01 2.588562667669665890e-02
8.947725955633289985e-01 2.814429536723116188e-02
8.842949085756387495e-01 3.035666868610999158e-02
8.738300808386934015e-01 3.252265135899040649e-02
8.633792753941731402e-01 3.464216552541424243e-02
8.529436537253458628e-01 3.671515456428471602e-02
8.425243756279822138e-01 3.874158008369787271e-02
8.321225990814590245e-01 4.072142347658173206e-02
8.217394801200630372e-01 4.265468561292847655e-02
8.113761727045106786e-01 4.454138610752287480e-02
8.010338285937002034e-01 4.638156424760191132e-02
7.907135972167069760e-01 4.817527587203908335e-02
7.804166255450371015e-01 4.992259375025571294e-02
7.701440579651563922e-01 5.162360402982428542e-02
7.598970361513051053e-01 5.327841496448724318e-02
7.496766989386134394e-01 5.488715002931091741e-02
7.394841821965345563e-01 5.644995492027837097e-02
7.293206187026060050e-01 5.796698928810870011e-02
7.191871380165538730e-01 5.943843513522611977e-02
7.090848663547572039e-01 6.086448774310311560e-02
6.990149264650814542e-01 6.224536589500017508e-02
6.889784375020977514e-01 6.358130795474689623e-02
6.789765149027036095e-01 6.487260369072463118e-02
6.690102702621547603e-01 6.611956163689708399e-02
6.590808112105230876e-01 6.732250768699941934e-02
6.491892412895989839e-01 6.848177969989327485e-02
6.393366598302444581e-01 6.959773936156957164e-02
6.295241618302156450e-01 7.067075744972971252e-02
6.197528378324663745e-01 7.170121640208153291e-02
6.100237738039482327e-01 7.268951598471343201e-02
6.003380510149177729e-01 7.363608713369031167e-02
5.906967459187653091e-01 7.454132405620224333e-02
5.811009300323815019e-01 7.540555204026039293e-02
5.715516698170692855e-01 7.622909418160229988e-02
5.620500265600203438e-01 7.701228043385072164e-02
5.525970562563653488e-01 7.775545414008121214e-02
5.431938094918128401e-01 7.845897529454558261e-02
5.338413313258880688e-01 7.912323124241683880e-02
5.245406611757882365e-01 7.974863550250002597e-02
5.152928327008634568e-01 8.033559031766712710e-02
5.060988736877365390e-01 8.088449531099736745e-02
4.969598059360780251e-01 8.139586033065110415e-02
4.878766451450451402e-01 8.187029855737357198e-02
4.788504008003974244e-01 8.230867561740780325e-02
4.698820760623064752e-01 8.271200047081121720e-02
4.609726676538650203e-01 8.308120441844553394e-02
4.521231657503131940e-01 8.341718662113781213e-02
4.433345538689928977e-01 8.372090585593013057e-02
4.346078087600411255e-01 8.399332922934538148e-02
4.259439002978354649e-01 8.423532599616585792e-02
4.173437913732044313e-01 8.444776545078269692e-02
4.088084377864137364e-01 8.463167893902792671e-02
4.003387881409395943e-01 8.478800870359096131e-02
3.919357837380436083e-01 8.491717201524334735e-02
3.836003584721576765e-01 8.501926965467852815e-02
3.753334387270930161e-01 8.509379930265459357e-02
3.671359432730831873e-01 8.514023608908109775e-02
3.590087831646743277e-01 8.515830895161924374e-02
3.509528616394713696e-01 8.514778309708785631e-02
3.429690740177547825e-01 8.510841373772420893e-02
3.350583076029753915e-01 8.504001515185224958e-02
3.272214415831418144e-01 8.494251240410774506e-02
3.194593469331089564e-01 8.481586719020929588e-02
3.117728863177794407e-01 8.466008093186606909e-02
3.041629139962280792e-01 8.447521935252316760e-02
2.966302757267624823e-01 8.426140784589430943e-02
2.891758086729252497e-01 8.401826204229058404e-02
2.818003413104546162e-01 8.374484195708843670e-02
2.745046933352085494e-01 8.344027642211410134e-02
2.672896755720651774e-01 8.310379478354298910e-02
2.601560898848094272e-01 8.273480099925889508e-02
2.531047290870154232e-01 8.233283759103951494e-02
2.461363768539343022e-01 8.189751896162650313e-02
2.392518076353984391e-01 8.142853276586213551e-02
2.324517865697500740e-01 8.092583618139506663e-02
2.257370693988056676e-01 8.038951765913303349e-02
2.191084023838638650e-01 7.981954605044581930e-02
2.125665222227673956e-01 7.921594752194956179e-02
2.061121559680280102e-01 7.857944403001550226e-02
1.997460209460230063e-01 7.791065342905753588e-02
1.934688246772731102e-01 7.720832597290748500e-02
1.872812647978095990e-01 7.647028050174993485e-02
1.811840289816407656e-01 7.569291246979012455e-02
1.751777948643248317e-01 7.487263694523729751e-02
1.692632299676588570e-01 7.400720293162969809e-02
1.634409916254914164e-01 7.309464895790140915e-02
1.577117269106679265e-01 7.213302760811890479e-02
1.520760725631161714e-01 7.112095459422604349e-02
1.465346549190801317e-01 7.005837520968413723e-02
1.410880898415101115e-01 6.894694183555399869e-02
1.357369826516168221e-01 6.779127747271249116e-02
1.304819280615971966e-01 6.659604477060093730e-02
1.253235101085391490e-01 6.536540335645453503e-02
1.202623020895129402e-01 6.410343869057960609e-02
1.152988664978553679e-01 6.281419540171777338e-02
1.104337549606562163e-01 6.150162637185913744e-02
1.056675081774507419e-01 6.016956722952496173e-02
1.010006558601274085e-01 5.882154393343270310e-02
9.643371667405697956e-02 5.746064715841769921e-02
9.196719818044885031e-02 5.608766117770715848e-02
8.760159677994161509e-02 5.470152738787616153e-02
8.333739765743386485e-02 5.330191558755829201e-02
7.917507472816209813e-02 5.188906637340193195e-02
7.511509058502996439e-02 5.046344863724847724e-02
7.115789644719716645e-02 4.902551526757578659e-02
6.730393210993146358e-02 4.757453652758517754e-02
6.355362589573076981e-02 4.610938686425884031e-02
5.990739460672012129e-02 4.463019017868517790e-02
5.636564347832906385e-02 4.313762416124802129e-02
5.292876613425423482e-02 4.163258298698831184e-02
4.959714454271368922e-02 4.011658975558913404e-02
4.637114897399441382e-02 3.859366659256204674e-02
4.325113795930202176e-02 3.706887784735653224e-02
4.023745825091396000e-02 3.554854644238737010e-02
3.733044478364233587e-02 3.403896635687876648e-02
3.453042063760936031e-02 3.254545493008065976e-02
3.183769700234129196e-02 3.107312630590365610e-02
2.925257314218321358e-02 2.962704846764418337e-02
2.677533636303963682e-02 2.821199338647507188e-02
2.440626198044326678e-02 2.683195790845235851e-02
2.214561328895736647e-02 2.547636036100858065e-02
1.999364153291383062e-02 2.410924052729032652e-02
1.795058587848985532e-02 2.270111271781410228e-02
1.601667338712764455e-02 2.123613310676941007e-02
1.419211899029970692e-02 1.970698714806954494e-02
1.247712546562085301e-02 1.811587629614225953e-02
1.087188341431266636e-02 1.647146506860322837e-02
9.376571240020115106e-03 1.478881325656106888e-02
7.991355128984078959e-03 1.308718296776133563e-02
6.716389031571567969e-03 1.138944561632291262e-02
5.551814645166519568e-03 9.720582380869398700e-03
4.497761398421062928e-03 8.107068797366702440e-03
3.554346436871580472e-03 6.575466695634262296e-03
2.721674609919344512e-03 5.152175692416325822e-03
1.999838459177394334e-03 3.861852177913601206e-03
1.388918208186096237e-03 2.727789488227194345e-03
8.889817534969424173e-04 1.770067674734925435e-03
5.000846571264760954e-04 1.006589449101717194e-03
2.222701403818971855e-04 4.507360173856671541e-04
5.556907905679420168e-05 1.132383731271044522e-04
0.000000000000000000e+00 -2.074098692641236767e-09
0.000000000000000000e+00 1.364515652934193492e-09
5.556907905679420168e-05 -5.204078336276832608e-05
2.222701403818971855e-04 -2.067245910004484038e-04
5.000846571264760954e-04 -4.602270725204942858e-04
8.889817534969424173e-04 -8.055887153497077319e-04
1.388918208186096237e-03 -1.234130728141519251e-03
1.999838459177394334e-03 -1.734242951104906843e-03
2.721674609919344512e-03 -2.292894610556258511e-03
3.554346436871580472e-03 -2.894951263222117922e-03
4.497761398421062928e-03 -3.524388119463805862e-03
5.551814645166519568e-03 -4.164042389037466048e-03
6.716389031571567969e-03 -4.796609417078245494e-03
7.991355128984078959e-03 -5.404783553335438043e-03
9.376571240020115106e-03 -5.972222557590348146e-03
1.087188341431266636e-02 -6.483947508301802012e-03
1.247712546562085301e-02 -6.927204223527692190e-03
1.419211899029970692e-02 -7.291836354875094045e-03
1.601667338712764455e-02 -7.571892287585103506e-03
1.795058587848985532e-02 -7.765649003436962856e-03
1.999364153291383062e-02 -7.877176895020572903e-03
2.214561328895736647e-02 -7.915821049517166377e-03
2.440626198044326678e-02 -7.900363277159438286e-03
2.677533636303963682e-02 -7.854374776636450367e-03
2.925257314218321358e-02 -7.786806139750157910e-03
3.183769700234129196e-02 -7.698255641651538528e-03
3.453042063760936031e-02 -7.589331112297092140e-03
3.733044478364233587e-02 -7.460806748322573560e-03
4.023745825091396000e-02 -7.314203917934462840e-03
4.325113795930202176e-02 -7.151682412221201969e-03
4.637114897399441382e-02 -6.977207283957280459e-03
4.959714454271368922e-02 -6.794895155630074381e-03
5.292876613425423482e-02 -6.606961242612494067e-03
5.636564347832906385e-02 -6.413553930562295412e-03
5.990739460672012129e-02 -6.209294197747603633e-03
6.355362589573076981e-02 -5.987732906740088346e-03
6.730393210993146358e-02 -5.742884901475555845e-03
7.115789644719716645e-02 -5.467633099022969033e-03
7.511509058502996439e-02 -5.151924635404974730e-03
7.917507472816209813e-02 -4.789567338512630904e-03
8.333739765743386485e-02 -4.383124336083118328e-03
8.760159677994161509e-02 -3.937340069717765526e-03
9.196719818044885031e-02 -3.458891595434021929e-03
9.643371667405697956e-02 -2.955853516718856978e-03
1.010006558601274085e-01 -2.437904740465365958e-03
1.056675081774507419e-01 -1.910606737233348394e-03
1.104337549606562163e-01 -1.374358475059836307e-03
1.152988664978553679e-01 -8.283117237257506390e-04
1.202623020895129402e-01 -2.706655885776587905e-04
1.253235101085391490e-01 3.003236308903842774e-04
1.304819280615971966e-01 8.863309502564305697e-04
1.357369826516168221e-01 1.489264695080668712e-03
1.410880898415101115e-01 2.111258166454101342e-03
1.465346549190801317e-01 2.755030323773226437e-03
1.520760725631161714e-01 3.423310217502924246e-03
1.577117269106679265e-01 4.115868824302396263e-03
1.634409916254914164e-01 4.830757408654974203e-03
1.692632299676588570e-01 5.564567448832534804e-03
1.751777948643248317e-01 6.313306440955404435e-03
1.811840289816407656e-01 7.073164767511821299e-03
1.872812647978095990e-01 7.840115557976746336e-03
1.934688246772731102e-01 8.608810125597669144e-03
1.997460209460230063e-01 9.373948349862243345e-03
2.061121559680280102e-01 1.013190233548720391e-02
2.125665222227673956e-01 1.088020039897722065e-02
2.191084023838638650e-01 1.161876163351791003e-02
2.257370693988056676e-01 1.234776032772051842e-02
2.324517865697500740e-01 1.306680059754452769e-02
2.392518076353984391e-01 1.377555294925443541e-02
2.461363768539343022e-01 1.447403434506185430e-02
2.531047290870154232e-01 1.516226294713966458e-02
2.601560898848094272e-01 1.584017700376215074e-02
2.672896755720651774e-01 1.650779007957964978e-02
2.745046933352085494e-01 1.716524497440629141e-02
2.818003413104546162e-01 1.781271720105390838e-02
2.891758086729252497e-01 1.845041248795608810e-02
2.966302757267624823e-01 1.907859406337773095e-02
3.041629139962280792e-01 1.969753526696561494e-02
3.117728863177794407e-01 2.030651167943573962e-02
3.194593469331089564e-01 2.090387353461902950e-02
3.272214415831418144e-01 2.148784869806868308e-02
3.350583076029753915e-01 2.205659525422051445e-02
3.429690740177547825e-01 2.260825291755620345e-02
3.509528616394713696e-01 2.314092985208544145e-02
3.590087831646743277e-01 2.365253927681148366e-02
3.671359432730831873e-01 2.414090922118680357e-02
3.753334387270930161e-01 2.460402971611340070e-02
3.836003584721576765e-01 2.503986602954739321e-02
3.919357837380436083e-01 2.544576993440671175e-02
4.003387881409395943e-01 2.581924181451234965e-02
4.088084377864137364e-01 2.615971639914075123e-02
4.173437913732044313e-01 2.646769408731534934e-02
4.259439002978354649e-01 2.674556959523749500e-02
4.346078087600411255e-01 2.699610068067302693e-02
4.433345538689928977e-01 2.722160262885711668e-02
4.521231657503131940e-01 2.742452525059757909e-02
4.609726676538650203e-01 2.760796613500471688e-02
4.698820760623064752e-01 2.777498073416517776e-02
4.788504008003974244e-01 2.792826276251688875e-02
4.878766451450451402e-01 2.807101862924340011e-02
4.969598059360780251e-01 2.820753135781991355e-02
5.060988736877365390e-01 2.834002955245944894e-02
5.152928327008634568e-01 2.846712857321987214e-02
5.245406611757882365e-01 2.858587876545862910e-02
5.338413313258880688e-01 2.869163772037769400e-02
5.431938094918128401e-01 2.877991458945350703e-02
5.525970562563653488e-01 2.884652982151379025e-02
5.620500265600203438e-01 2.888709085951581684e-02
5.715516698170692855e-01 2.889696300124797168e-02
5.811009300323815019e-01 2.887125195828690524e-02
5.906967459187653091e-01 2.880489898949973454e-02
6.003380510149177729e-01 2.869339810111335570e-02
6.100237738039482327e-01 2.853303053418015933e-02
6.197528378324663745e-01 2.832415819075227367e-02
6.295241618302156450e-01 2.806947468332877255e-02
6.393366598302444581e-01 2.777118856589034374e-02
6.491892412895989839e-01 2.743131653272202000e-02
6.590808112105230876e-01 2.705228880325526511e-02
6.690102702621547603e-01 2.663668693519762043e-02
6.789765149027036095e-01 2.618698831925883250e-02
6.889784375020977514e-01 2.570570406260784882e-02
6.990149264650814542e-01 2.519565706761272769e-02
7.090848663547572039e-01 2.465908532867824507e-02
7.191871380165538730e-01 2.409573826379761766e-02
7.293206187026060050e-01 2.350474819852634359e-02
7.394841821965345563e-01 2.288512051511414416e-02
7.496766989386134394e-01 2.223584866644182090e-02
7.598970361513051053e-01 2.155595697999767787e-02
7.701440579651563922e-01 2.084447745197575211e-02
7.804166255450371015e-01 2.010044778460443743e-02
7.907135972167069760e-01 1.932287769282732548e-02
8.010338285937002034e-01 1.851073341596787963e-02
8.113761727045106786e-01 1.766335758253847338e-02
8.217394801200630372e-01 1.678065961634504083e-02
8.321225990814590245e-01 1.586266802002475954e-02
8.425243756279822138e-01 1.490950247709364046e-02
8.529436537253458628e-01 1.392127698769446940e-02
8.633792753941731402e-01 1.289809515186229709e-02
8.738300808386934015e-01 1.184009060698441342e-02
8.842949085756387495e-01 1.074742477718105757e-02
8.947725955633289985e-01 9.620268673896920433e-03
9.052619773309316109e-01 8.458801776054894125e-03
9.157618881078770645e-01 7.263226187561993077e-03
9.262711609534211021e-01 6.033759914076717613e-03
9.367886278863364335e-01 4.770636809026929624e-03
9.473131200147204556e-01 3.474101745131070399e-03
9.578434676659028923e-01 2.144419700540774101e-03
9.683785005164411430e-01 7.818675461116666309e-04
9.789170477221889044e-01 -6.132597576213724352e-04
9.894579380484205267e-01 -2.040656847670663764e-03
9.999999999999998890e-01 -3.499999988895891121e-03
