9.999999999999998890e-01 1.105026515293793344e-11
9.894579380484205267e-01 1.633674386654540090e-03
9.789170477221889044e-01 3.264873355769697290e-03
9.683785005164411430e-01 4.892376863354170637e-03
9.578434676659028923e-01 6.514970661018739014e-03
9.473131200147204556e-01 8.131443147917909176e-03
9.367886278863364335e-01 9.740586708835895224e-03
9.262711609534211021e-01 1.134120010551188835e-02
9.157618881078770645e-01 1.293209504510115480e-02
9.052619773309316109e-01 1.451208733887492108e-02
8.947725955633289985e-01 1.607999744460503547e-02
8.842949085756387495e-01 1.763466216475431322e-02
8.738300808386934015e-01 1.917494333854649624e-02
8.633792753941731402e-01 2.069970027879987004e-02
8.529436537253458628e-01 2.220778756064284779e-02
8.425243756279822138e-01 2.369810579233888603e-02
8.321225990814590245e-01 2.516960539606988984e-02
8.217394801200630372e-01 2.662118668253416615e-02
8.113761727045106786e-01 2.805171287406951416e-02
8.010338285937002034e-01 2.946025532922210907e-02
7.907135972167069760e-01 3.084616731808253673e-02
7.804166255450371015e-01 3.221021145709680039e-02
7.701440579651563922e-01 3.355408208901959621e-02
7.598970361513051053e-01 3.487932181783642144e-02
7.496766989386134394e-01 3.618738051834690522e-02
7.394841821965345563e-01 3.747973486796740000e-02
7.293206187026060050e-01 3.875787313437215748e-02
7.191871380165538730e-01 4.002327296727339889e-02
7.090848663547572039e-01 4.127737873943152641e-02
6.990149264650814542e-01 4.252148200590362415e-02
6.889784375020977514e-01 4.375631149533246167e-02
6.789765149027036095e-01 4.498037862279685717e-02
6.690102702621547603e-01 4.619165423164772050e-02
6.590808112105230876e-01 4.738831785653214307e-02
6.491892412895989839e-01 4.856858494462452241e-02
6.393366598302444581e-01 4.973064027455857683e-02
6.295241618302156450e-01 5.087272537192715632e-02
6.197528378324663745e-01 5.199323345160680038e-02
6.100237738039482327e-01 5.309053779427402864e-02
6.003380510149177729e-01 5.416293252073721420e-02
5.906967459187653091e-01 5.520928327728055751e-02
5.811009300323815019e-01 5.622944811655298386e-02
5.715516698170692855e-01 5.722349688151529695e-02
5.620500265600203438e-01 5.819166369445991777e-02
5.525970562563653488e-01 5.913416850846716505e-02
5.431938094918128401e-01 6.005119909682796187e-02
5.338413313258880688e-01 6.094294599415523567e-02
5.245406611757882365e-01 6.180960774245367051e-02
5.152928327008634568e-01 6.265144052656242135e-02
5.060988736877365390e-01 6.346873713627207425e-02
4.969598059360780251e-01 6.426161852593184620e-02
4.878766451450451402e-01 6.503005019472267445e-02
4.788504008003974244e-01 6.577367293497209111e-02
4.698820760623064752e-01 6.649194109679894271e-02
4.609726676538650203e-01 6.718438837536101771e-02
4.521231657503131940e-01 6.785060637163346786e-02
4.433345538689928977e-01 6.849029858016585093e-02
4.346078087600411255e-01 6.910318987513257294e-02
4.259439002978354649e-01 6.968885649583479724e-02
4.173437913732044313e-01 7.024692946967769913e-02
4.088084377864137364e-01 7.077754192215134077e-02
4.003387881409395943e-01 7.128059614944461109e-02
3.919357837380436083e-01 7.175454206407738678e-02
3.836003584721576765e-01 7.219699462455957117e-02
3.753334387270930161e-01 7.260402919998856786e-02
3.671359432730831873e-01 7.297171532411286798e-02
3.590087831646743277e-01 7.329690642050923355e-02
3.509528616394713696e-01 7.357660357297650389e-02
3.429690740177547825e-01 7.380785506828321796e-02
3.350583076029753915e-01 7.398792128538582424e-02
3.272214415831418144e-01 7.411444091116772825e-02
3.194593469331089564e-01 7.418521337868221044e-02
3.117728863177794407e-01 7.419822826815326844e-02
3.041629139962280792e-01 7.415168997152754571e-02
2.966302757267624823e-01 7.404413273881051138e-02
2.891758086729252497e-01 7.387607115890681975e-02
2.818003413104546162e-01 7.365015486745055129e-02
2.745046933352085494e-01 7.336910375833650966e-02
2.672896755720651774e-01 7.303559981412434399e-02
2.601560898848094272e-01 7.265227082362922528e-02
2.531047290870154232e-01 7.222169942690775946e-02
2.461363768539343022e-01 7.174641836255676863e-02
2.392518076353984391e-01 7.122892195182592423e-02
2.324517865697500740e-01 7.067164244135082374e-02
2.257370693988056676e-01 7.007697186728550909e-02
2.191084023838638650e-01 6.944725266640131012e-02
2.125665222227673956e-01 6.878479051096286767e-02
2.061121559680280102e-01 6.809180331134186137e-02
1.997460209460230063e-01 6.737049846710713163e-02
1.934688246772731102e-01 6.662319907981842371e-02
1.872812647978095990e-01 6.585233274566584805e-02
1.811840289816407656e-01 6.506060978595920585e-02
1.751777948643248317e-01 6.425065873114486903e-02
1.692632299676588570e-01 6.342457661968990690e-02
1.634409916254914164e-01 6.258455104204685426e-02
1.577117269106679265e-01 6.173334462405664219e-02
1.520760725631161714e-01 6.087307164583286023e-02
1.465346549190801317e-01 6.000406501289648475e-02
1.410880898415101115e-01 5.912382276444239082e-02
1.357369826516168221e-01 5.822479736292669045e-02
1.304819280615971966e-01 5.729989536657578014e-02
1.253235101085391490e-01 5.634374924456232725e-02
1.202623020895129402e-01 5.535180832163223014e-02
1.152988664978553679e-01 5.432043659179151829e-02
1.104337549606562163e-01 5.324624522404536320e-02
1.056675081774507419e-01 5.212615414793959900e-02
1.010006558601274085e-01 5.095928925263209369e-02
9.643371667405697956e-02 4.974752467958133695e-02
9.196719818044885031e-02 4.850275270213721263e-02
8.760159677994161509e-02 4.724489380592811899e-02
8.333739765743386485e-02 4.599139977042653732e-02
7.917507472816209813e-02 4.475743464231008578e-02
7.511509058502996439e-02 4.355414700784342869e-02
7.115789644719716645e-02 4.238774316329643049e-02
6.730393210993146358e-02 4.124291709178326548e-02
6.355362589573076981e-02 4.009505755606561361e-02
5.990739460672012129e-02 3.892799407479408808e-02
5.636564347832906385e-02 3.772901279192092394e-02
5.292876613425423482e-02 3.648520072707180789e-02
4.959714454271368922e-02 3.518685788726285540e-02
4.637114897399441382e-02 3.383905226420809431e-02
4.325113795930202176e-02 3.245262295851983336e-02
4.023745825091396000e-02 3.104441088924739592e-02
3.733044478364233587e-02 2.963099597580345218e-02
3.453042063760936031e-02 2.822392539179202978e-02
3.183769700234129196e-02 2.683366743796209916e-02
2.925257314218321358e-02 2.547037256247233414e-02
2.677533636303963682e-02 2.414272045560396374e-02
2.440626198044326678e-02 2.285625141099179025e-02
2.214561328895736647e-02 2.160356794211564305e-02
1.999364153291383062e-02 2.035528760303061124e-02
1.795058587848985532e-02 1.908730546017460908e-02
1.601667338712764455e-02 1.778682202847207613e-02
1.419211899029970692e-02 1.644764031095961865e-02
1.247712546562085301e-02 1.507086157182277626e-02
1.087188341431266636e-02 1.366276598587358622e-02
9.376571240020115106e-03 1.223477535090759967e-02
7.991355128984078959e-03 1.080159320136010910e-02
6.716389031571567969e-03 9.380740378603109192e-03
5.551814645166519568e-03 7.991455652731682680e-03
4.497761398421062928e-03 6.654199220083333900e-03
3.554346436871580472e-03 5.389517765535865521e-03
2.721674609919344512e-03 4.217847028370345398e-03
1.999838459177394334e-03 3.158302023463584358e-03
1.388918208186096237e-03 2.228957508091796227e-03
8.889817534969424173e-04 1.445399491067179314e-03
5.000846571264760954e-04 8.215272109730147303e-04
2.222701403818971855e-04 3.677360297406193817e-04
5.556907905679420168e-05 9.236503210829672154e-05
0.000000000000000000e+00 -1.625583887816838178e-09
0.000000000000000000e+00 1.788746511496647470e-09
5.556907905679420168e-05 -5.812229388304357555e-05
2.222701403818971855e-04 -2.305943890399621461e-04
5.000846571264760954e-04 -5.123803129893599040e-04
8.889817534969424173e-04 -8.943339727400507035e-04
1.388918208186096237e-03 -1.365076020785995110e-03
1.999838459177394334e-03 -1.909440814754379077e-03
2.721674609919344512e-03 -2.510480420057971309e-03
3.554346436871580472e-03 -3.148650205646460597e-03
4.497761398421062928e-03 -3.803408701052627284e-03
5.551814645166519568e-03 -4.453007509996814023e-03
6.716389031571567969e-03 -5.075821637586091020e-03
7.991355128984078959e-03 -5.650676570321706838e-03
9.376571240020115106e-03 -6.158134888266802998e-03
1.087188341431266636e-02 -6.581151076612759034e-03
1.247712546562085301e-02 -6.906326357076266950e-03
1.419211899029970692e-02 -7.124487694158701534e-03
1.601667338712764455e-02 -7.232928800513662750e-03
1.795058587848985532e-02 -7.235441165343278573e-03
1.999364153291383062e-02 -7.144822056465580801e-03
2.214561328895736647e-02 -6.982009705593604336e-03
2.440626198044326678e-02 -6.781857519811869406e-03
2.677533636303963682e-02 -6.585818404372149708e-03
2.925257314218321358e-02 -6.409307125182206986e-03
3.183769700234129196e-02 -6.252489880687882827e-03
3.453042063760936031e-02 -6.112432577417164538e-03
3.733044478364233587e-02 -5.984724575863331272e-03
4.023745825091396000e-02 -5.864399777849057041e-03
4.325113795930202176e-02 -5.745435922669706388e-03
4.637114897399441382e-02 -5.617392095630403467e-03
4.959714454271368922e-02 -5.469178171557919667e-03
5.292876613425423482e-02 -5.293156613777521245e-03
5.636564347832906385e-02 -5.085121086955481616e-03
5.990739460672012129e-02 -4.849756432553335370e-03
6.355362589573076981e-02 -4.593430105533467291e-03
6.730393210993146358e-02 -4.321647711996151782e-03
7.115789644719716645e-02 -4.041158312066746999e-03
7.511509058502996439e-02 -3.762102441543691608e-03
7.917507472816209813e-02 -3.491776511979986005e-03
8.333739765743386485e-02 -3.230656860263906704e-03
8.760159677994161509e-02 -2.977807493319160111e-03
9.196719818044885031e-02 -2.731288950711185676e-03
9.643371667405697956e-02 -2.488768727075966417e-03
1.010006558601274085e-01 -2.247527328865254071e-03
1.056675081774507419e-01 -2.006010799394926467e-03
1.104337549606562163e-01 -1.764120874017703795e-03
1.152988664978553679e-01 -1.522125310480835743e-03
1.202623020895129402e-01 -1.280570872547244499e-03
1.253235101085391490e-01 -1.039913531732646794e-03
1.304819280615971966e-01 -8.005247512602050274e-04
1.357369826516168221e-01 -5.628331148223921507e-04
1.410880898415101115e-01 -3.273141889432460219e-04
1.465346549190801317e-01 -9.448270359488452448e-05
1.520760725631161714e-01 1.351732624115482080e-04
1.577117269106679265e-01 3.615949815818966231e-04
1.634409916254914164e-01 5.849788884864855513e-04
1.692632299676588570e-01 8.057734480856043992e-04
1.751777948643248317e-01 1.024530071731578635e-03
1.811840289816407656e-01 1.241779874524822280e-03
1.872812647978095990e-01 1.458102422566583036e-03
1.934688246772731102e-01 1.674338017374419870e-03
1.997460209460230063e-01 1.891316790812105995e-03
2.061121559680280102e-01 2.109536755499387840e-03
2.125665222227673956e-01 2.329261204960920203e-03
2.191084023838638650e-01 2.550262483846042847e-03
2.257370693988056676e-01 2.772261407693966950e-03
2.324517865697500740e-01 2.995098180006096691e-03
2.392518076353984391e-01 3.218600492576710603e-03
2.461363768539343022e-01 3.442526545781616088e-03
2.531047290870154232e-01 3.666636291796092090e-03
2.601560898848094272e-01 3.890709362576809729e-03
2.672896755720651774e-01 4.114511216612770639e-03
2.745046933352085494e-01 4.337782327094948445e-03
2.818003413104546162e-01 4.560260510684979555e-03
2.891758086729252497e-01 4.781682419706579160e-03
2.966302757267624823e-01 5.001772139454296884e-03
3.041629139962280792e-01 5.220233601638134616e-03
3.117728863177794407e-01 5.436640583932931051e-03
3.194593469331089564e-01 5.650445846689179305e-03
3.272214415831418144e-01 5.861066479016181600e-03
3.350583076029753915e-01 6.067894082799732240e-03
3.429690740177547825e-01 6.270304709795680546e-03
3.509528616394713696e-01 6.467659468331439336e-03
3.590087831646743277e-01 6.659270367736429969e-03
3.671359432730831873e-01 6.844424376916339280e-03
3.753334387270930161e-01 7.022421602054965822e-03
3.836003584721576765e-01 7.192548760096784989e-03
3.919357837380436083e-01 7.353972055888152899e-03
4.003387881409395943e-01 7.505872317163189179e-03
4.088084377864137364e-01 7.647736573987589694e-03
4.173437913732044313e-01 7.779219182470820983e-03
4.259439002978354649e-01 7.900268656483295029e-03
4.346078087600411255e-01 8.010888977111430692e-03
4.433345538689928977e-01 8.111012293039383467e-03
4.521231657503131940e-01 8.200576635846602153e-03
4.609726676538650203e-01 8.279580129226074212e-03
4.698820760623064752e-01 8.348026449721756073e-03
4.788504008003974244e-01 8.405907692997368480e-03
4.878766451450451402e-01 8.453234592738769967e-03
4.969598059360780251e-01 8.490057284675495489e-03
5.060988736877365390e-01 8.516400913493548525e-03
5.152928327008634568e-01 8.532241803132105396e-03
5.245406611757882365e-01 8.537543913282038405e-03
5.338413313258880688e-01 8.532260664073868656e-03
5.431938094918128401e-01 8.516353775583041311e-03
5.525970562563653488e-01 8.489796161838257180e-03
5.620500265600203438e-01 8.452574760685682004e-03
5.715516698170692855e-01 8.404689229858812449e-03
5.811009300323815019e-01 8.346131702439717193e-03
5.906967459187653091e-01 8.276892237657703516e-03
6.003380510149177729e-01 8.197020917572062776e-03
6.100237738039482327e-01 8.106640690968341598e-03
6.197528378324663745e-01 8.006191375742075650e-03
6.295241618302156450e-01 7.896296168935862392e-03
6.393366598302444581e-01 7.777560893287960297e-03
6.491892412895989839e-01 7.650589512405405607e-03
6.590808112105230876e-01 7.516038567926455055e-03
6.690102702621547603e-01 7.374585953442487629e-03
6.789765149027036095e-01 7.226908220958097075e-03
6.889784375020977514e-01 7.073696315407436257e-03
6.990149264650814542e-01 6.915708049429236323e-03
7.090848663547572039e-01 6.753548636503564108e-03
7.191871380165538730e-01 6.587189091556000867e-03
7.293206187026060050e-01 6.416439955908641649e-03
7.394841821965345563e-01 6.241069620965429381e-03
7.496766989386134394e-01 6.060842420682268847e-03
7.598970361513051053e-01 5.875532686461674113e-03
7.701440579651563922e-01 5.684915588191049272e-03
7.804166255450371015e-01 5.488764692901173213e-03
7.907135972167069760e-01 5.286845420939830821e-03
8.010338285937002034e-01 5.078911004947525218e-03
8.113761727045106786e-01 4.864810433963401466e-03
8.217394801200630372e-01 4.644537063009200085e-03
8.321225990814590245e-01 4.418114506147889121e-03
8.425243756279822138e-01 4.185589452149343984e-03
8.529436537253458628e-01 3.947005600691891151e-03
8.633792753941731402e-01 3.702402333619240343e-03
8.738300808386934015e-01 3.451825615797602959e-03
8.842949085756387495e-01 3.195327507389319772e-03
8.947725955633289985e-01 2.932961012012637401e-03
9.052619773309316109e-01 2.664780070896952645e-03
9.157618881078770645e-01 2.390843013738339594e-03
9.262711609534211021e-01 2.111211196992126594e-03
9.367886278863364335e-01 1.825948436173234013e-03
9.473131200147204556e-01 1.535120313821908625e-03
9.578434676659028923e-01 1.238795981524903021e-03
9.683785005164411430e-01 9.370466536230007484e-04
9.789170477221889044e-01 6.299464642729516155e-04
9.894579380484205267e-01 3.175712584533061733e-04
9.999999999999998890e-01 2.234784088318320967e-12
