9.999999999999998890e-01 2.210000026039667977e-03
9.894579380484205267e-01 4.781624799776201806e-03
9.789170477221889044e-01 7.320103593749023585e-03
9.683785005164411430e-01 9.825752949461726352e-03
9.578434676659028923e-01 1.229891033700086442e-02
9.473131200147204556e-01 1.473992155741544845e-02
9.367886278863364335e-01 1.714914342802700831e-02
9.262711609534211021e-01 1.952694435237153220e-02
9.157618881078770645e-01 2.187371473613304237e-02
9.052619773309316109e-01 2.418984392565532923e-02
8.947725955633289985e-01 2.647571167918050597e-02
8.842949085756387495e-01 2.873157856950135994e-02
8.738300808386934015e-01 3.095751797234139180e-02
8.633792753941731402e-01 3.315360740463029615e-02
8.529436537253458628e-01 3.531995213570191666e-02
8.425243756279822138e-01 3.745665886989717891e-02
8.321225990814590245e-01 3.956383471495382442e-02
8.217394801200630372e-01 4.164160702578556528e-02
8.113761727045106786e-01 4.369012141596713417e-02
8.010338285937002034e-01 4.570950811836365507e-02
7.907135972167069760e-01 4.769987076613203814e-02
7.804166255450371015e-01 4.966114351370953806e-02
7.701440579651563922e-01 5.159315002834656549e-02
7.598970361513051053e-01 5.349574887616832114e-02
7.496766989386134394e-01 5.536881992691485704e-02
7.394841821965345563e-01 5.721224546687913443e-02
7.293206187026060050e-01 5.902591317410894878e-02
7.191871380165538730e-01 6.080973874213047720e-02
7.090848663547572039e-01 6.256364813333464836e-02
6.990149264650814542e-01 6.428756307558010363e-02
6.889784375020977514e-01 6.598135270056620927e-02
6.789765149027036095e-01 6.764466473828727178e-02
6.690102702621547603e-01 6.927709731100772927e-02
6.590808112105230876e-01 7.087828494192600914e-02
6.491892412895989839e-01 7.244788006015025206e-02
6.393366598302444581e-01 7.398556393878991111e-02
6.295241618302156450e-01 7.549102945989800972e-02
6.197528378324663745e-01 7.696398515173807908e-02
6.100237738039482327e-01 7.840416951766843168e-02
6.003380510149177729e-01 7.981137576581713577e-02
5.906967459187653091e-01 8.118528776785728651e-02
5.811009300323815019e-01 8.252539168760801569e-02
5.715516698170692855e-01 8.383114784598905134e-02
5.620500265600203438e-01 8.510200857595258406e-02
5.525970562563653488e-01 8.633747422350886158e-02
5.431938094918128401e-01 8.753710439958643785e-02
5.338413313258880688e-01 8.870047465294435274e-02
5.245406611757882365e-01 8.982717712987063619e-02
5.152928327008634568e-01 9.091687449098136142e-02
5.060988736877365390e-01 9.196928554808028733e-02
4.969598059360780251e-01 9.298407783745003818e-02
4.878766451450451402e-01 9.396086848502369082e-02
4.788504008003974244e-01 9.489914588992084954e-02
4.698820760623064752e-01 9.579833178307795016e-02
4.609726676538650203e-01 9.665794304293176542e-02
4.521231657503131940e-01 9.747755462661235326e-02
4.433345538689928977e-01 9.825680436915262828e-02
4.346078087600411255e-01 9.899536328244840089e-02
4.259439002978354649e-01 9.969293988536501172e-02
4.173437913732044313e-01 1.003492868028296181e-01
4.088084377864137364e-01 1.009643010651055384e-01
4.003387881409395943e-01 1.015378694994371195e-01
3.919357837380436083e-01 1.020696774368805432e-01
3.836003584721576765e-01 1.025592922246833655e-01
3.753334387270930161e-01 1.030060608749895495e-01
3.671359432730831873e-01 1.034093608323978508e-01
3.590087831646743277e-01 1.037687639360069525e-01
3.509528616394713696e-01 1.040839016998000716e-01
3.429690740177547825e-01 1.043544678234624989e-01
3.350583076029753915e-01 1.045802253923001357e-01
3.272214415831418144e-01 1.047610502515862047e-01
3.194593469331089564e-01 1.048968853203498808e-01
3.117728863177794407e-01 1.049877595593698143e-01
3.041629139962280792e-01 1.050337666643284817e-01
2.966302757267624823e-01 1.050350692727147761e-01
2.891758086729252497e-01 1.049916910753163207e-01
2.818003413104546162e-01 1.049035024657541115e-01
2.745046933352085494e-01 1.047704310737325173e-01
2.672896755720651774e-01 1.045924766593187560e-01
2.601560898848094272e-01 1.043698270429486014e-01
2.531047290870154232e-01 1.041028009207501659e-01
2.461363768539343022e-01 1.037915652940158140e-01
2.392518076353984391e-01 1.034361676401350100e-01
2.324517865697500740e-01 1.030364839610627831e-01
2.257370693988056676e-01 1.025923283827889360e-01
2.191084023838638650e-01 1.021037499305652713e-01
2.125665222227673956e-01 1.015709401111526133e-01
2.061121559680280102e-01 1.009943035414097440e-01
1.997460209460230063e-01 1.003743042236955180e-01
1.934688246772731102e-01 9.971129699749979591e-02
1.872812647978095990e-01 9.900560799986836413e-02
1.811840289816407656e-01 9.825758739154684396e-02
1.751777948643248317e-01 9.746764632689550178e-02
1.692632299676588570e-01 9.663638357485691832e-02
1.634409916254914164e-01 9.576456252412714198e-02
1.577117269106679265e-01 9.485329831215495722e-02
1.520760725631161714e-01 9.390363738399301607e-02
1.465346549190801317e-01 9.291631382656544147e-02
1.410880898415101115e-01 9.189128929978596094e-02
1.357369826516168221e-01 9.082710432416929436e-02
1.304819280615971966e-01 8.972258111739007946e-02
1.253235101085391490e-01 8.857728253202759583e-02
1.202623020895129402e-01 8.739109135493883240e-02
1.152988664978553679e-01 8.616424638743581943e-02
1.104337549606562163e-01 8.489727022158878589e-02
1.056675081774507419e-01 8.359100809789575537e-02
1.010006558601274085e-01 8.224680671487684391e-02
9.643371667405697956e-02 8.086654660838860087e-02
9.196719818044885031e-02 7.945309399797846617e-02
8.760159677994161509e-02 7.801013887510592493e-02
8.333739765743386485e-02 7.654168869302357958e-02
7.917507472816209813e-02 7.505184771086947926e-02
7.511509058502996439e-02 7.354361199158407358e-02
7.115789644719716645e-02 7.201808496213456257e-02
6.730393210993146358e-02 7.046614526475106222e-02
6.355362589573076981e-02 6.887450314940379847e-02
5.990739460672012129e-02 6.723560261749078615e-02
5.636564347832906385e-02 6.554418334480732744e-02
5.292876613425423482e-02 6.379459682362033368e-02
4.959714454271368922e-02 6.198389420601044947e-02
4.637114897399441382e-02 6.012187054934624297e-02
4.325113795930202176e-02 5.822335121945292069e-02
4.023745825091396000e-02 5.630852613376249871e-02
3.733044478364233587e-02 5.439690848855220640e-02
3.453042063760936031e-02 5.250216003465740799e-02
3.183769700234129196e-02 5.063684595680797984e-02
2.925257314218321358e-02 4.881355698672701360e-02
2.677533636303963682e-02 4.704256701331891583e-02
2.440626198044326678e-02 4.532885147413014126e-02
2.214561328895736647e-02 4.364125999462959565e-02
1.999364153291383062e-02 4.188651908998763246e-02
1.795058587848985532e-02 3.998808139588135718e-02
1.601667338712764455e-02 3.790406924538131106e-02
1.419211899029970692e-02 3.561270815551113161e-02
1.247712546562085301e-02 3.311442625536373252e-02
1.087188341431266636e-02 3.042556689030363401e-02
9.376571240020115106e-03 2.757828963653382454e-02
7.991355128984078959e-03 2.461485231236832175e-02
6.716389031571567969e-03 2.158619093689460519e-02
5.551814645166519568e-03 1.854865478730548592e-02
4.497761398421062928e-03 1.556246268535780783e-02
3.554346436871580472e-03 1.268828169899679018e-02
2.721674609919344512e-03 9.986580872666846881e-03
1.999838459177394334e-03 7.514036922107307157e-03
1.388918208186096237e-03 5.324312115443533520e-03
8.889817534969424173e-04 3.463730247116005110e-03
5.000846571264760954e-04 1.973629835791137002e-03
2.222701403818971855e-04 8.849503692861127729e-04
5.556907905679420168e-05 2.225215753775027427e-04
0.000000000000000000e+00 -4.850198795405774452e-09
0.000000000000000000e+00 4.850198795405774452e-09
5.556907905679420168e-05 -2.225215753775027427e-04
2.222701403818971855e-04 -8.849503692861127729e-04
5.000846571264760954e-04 -1.973629835791137002e-03
8.889817534969424173e-04 -3.463730247116005110e-03
1.388918208186096237e-03 -5.324312115443533520e-03
1.999838459177394334e-03 -7.514036922107307157e-03
2.721674609919344512e-03 -9.986580872666846881e-03
3.554346436871580472e-03 -1.268828169899679018e-02
4.497761398421062928e-03 -1.556246268535780783e-02
5.551814645166519568e-03 -1.854865478730548592e-02
6.716389031571567969e-03 -2.158619093689460519e-02
7.991355128984078959e-03 -2.461485231236832175e-02
9.376571240020115106e-03 -2.757828963653382454e-02
1.087188341431266636e-02 -3.042556689030363401e-02
1.247712546562085301e-02 -3.311442625536373252e-02
1.419211899029970692e-02 -3.561270815551113161e-02
1.601667338712764455e-02 -3.790406924538131106e-02
1.795058587848985532e-02 -3.998808139588135718e-02
1.999364153291383062e-02 -4.188651908998763246e-02
2.214561328895736647e-02 -4.364125999462959565e-02
2.440626198044326678e-02 -4.532885147413014126e-02
2.677533636303963682e-02 -4.704256701331891583e-02
2.925257314218321358e-02 -4.881355698672701360e-02
3.183769700234129196e-02 -5.063684595680797984e-02
3.453042063760936031e-02 -5.250216003465740799e-02
3.733044478364233587e-02 -5.439690848855220640e-02
4.023745825091396000e-02 -5.630852613376249871e-02
4.325113795930202176e-02 -5.822335121945292069e-02
4.637114897399441382e-02 -6.012187054934624297e-02
4.959714454271368922e-02 -6.198389420601044947e-02
5.292876613425423482e-02 -6.379459682362033368e-02
5.636564347832906385e-02 -6.554418334480732744e-02
5.990739460672012129e-02 -6.723560261749078615e-02
6.355362589573076981e-02 -6.887450314940379847e-02
6.730393210993146358e-02 -7.046614526475106222e-02
7.115789644719716645e-02 -7.201808496213456257e-02
7.511509058502996439e-02 -7.354361199158407358e-02
7.917507472816209813e-02 -7.505184771086947926e-02
8.333739765743386485e-02 -7.654168869302357958e-02
8.760159677994161509e-02 -7.801013887510592493e-02
9.196719818044885031e-02 -7.945309399797846617e-02
9.643371667405697956e-02 -8.086654660838860087e-02
1.010006558601274085e-01 -8.224680671487684391e-02
1.056675081774507419e-01 -8.359100809789575537e-02
1.104337549606562163e-01 -8.489727022158878589e-02
1.152988664978553679e-01 -8.616424638743581943e-02
1.202623020895129402e-01 -8.739109135493883240e-02
1.253235101085391490e-01 -8.857728253202759583e-02
1.304819280615971966e-01 -8.972258111739007946e-02
1.357369826516168221e-01 -9.082710432416929436e-02
1.410880898415101115e-01 -9.189128929978596094e-02
1.465346549190801317e-01 -9.291631382656544147e-02
1.520760725631161714e-01 -9.390363738399301607e-02
1.577117269106679265e-01 -9.485329831215495722e-02
1.634409916254914164e-01 -9.576456252412714198e-02
1.692632299676588570e-01 -9.663638357485691832e-02
1.751777948643248317e-01 -9.746764632689550178e-02
1.811840289816407656e-01 -9.825758739154684396e-02
1.872812647978095990e-01 -9.900560799986836413e-02
1.934688246772731102e-01 -9.971129699749979591e-02
1.997460209460230063e-01 -1.003743042236955180e-01
2.061121559680280102e-01 -1.009943035414097440e-01
2.125665222227673956e-01 -1.015709401111526133e-01
2.191084023838638650e-01 -1.021037499305652713e-01
2.257370693988056676e-01 -1.025923283827889360e-01
2.324517865697500740e-01 -1.030364839610627831e-01
2.392518076353984391e-01 -1.034361676401350100e-01
2.461363768539343022e-01 -1.037915652940158140e-01
2.531047290870154232e-01 -1.041028009207501659e-01
2.601560898848094272e-01 -1.043698270429486014e-01
2.672896755720651774e-01 -1.045924766593187560e-01
2.745046933352085494e-01 -1.047704310737325173e-01
2.818003413104546162e-01 -1.049035024657541115e-01
2.891758086729252497e-01 -1.049916910753163207e-01
2.966302757267624823e-01 -1.050350692727147761e-01
3.041629139962280792e-01 -1.050337666643284817e-01
3.117728863177794407e-01 -1.049877595593698143e-01
3.194593469331089564e-01 -1.048968853203498808e-01
3.272214415831418144e-01 -1.047610502515862047e-01
3.350583076029753915e-01 -1.045802253923001357e-01
3.429690740177547825e-01 -1.043544678234624989e-01
3.509528616394713696e-01 -1.040839016998000716e-01
3.590087831646743277e-01 -1.037687639360069525e-01
3.671359432730831873e-01 -1.034093608323978508e-01
3.753334387270930161e-01 -1.030060608749895495e-01
3.836003584721576765e-01 -1.025592922246833655e-01
3.919357837380436083e-01 -1.020696774368805432e-01
4.003387881409395943e-01 -1.015378694994371195e-01
4.088084377864137364e-01 -1.009643010651055384e-01
4.173437913732044313e-01 -1.003492868028296181e-01
4.259439002978354649e-01 -9.969293988536501172e-02
4.346078087600411255e-01 -9.899536328244840089e-02
4.433345538689928977e-01 -9.825680436915262828e-02
4.521231657503131940e-01 -9.747755462661235326e-02
4.609726676538650203e-01 -9.665794304293176542e-02
4.698820760623064752e-01 -9.579833178307795016e-02
4.788504008003974244e-01 -9.489914588992084954e-02
4.878766451450451402e-01 -9.396086848502369082e-02
4.969598059360780251e-01 -9.298407783745003818e-02
5.060988736877365390e-01 -9.196928554808028733e-02
5.152928327008634568e-01 -9.091687449098136142e-02
5.245406611757882365e-01 -8.982717712987063619e-02
5.338413313258880688e-01 -8.870047465294435274e-02
5.431938094918128401e-01 -8.753710439958643785e-02
5.525970562563653488e-01 -8.633747422350886158e-02
5.620500265600203438e-01 -8.510200857595258406e-02
5.715516698170692855e-01 -8.383114784598905134e-02
5.811009300323815019e-01 -8.252539168760801569e-02
5.906967459187653091e-01 -8.118528776785728651e-02
6.003380510149177729e-01 -7.981137576581713577e-02
6.100237738039482327e-01 -7.840416951766843168e-02
6.197528378324663745e-01 -7.696398515173807908e-02
6.295241618302156450e-01 -7.549102945989800972e-02
6.393366598302444581e-01 -7.398556393878991111e-02
6.491892412895989839e-01 -7.244788006015025206e-02
6.590808112105230876e-01 -7.087828494192600914e-02
6.690102702621547603e-01 -6.927709731100772927e-02
6.789765149027036095e-01 -6.764466473828727178e-02
6.889784375020977514e-01 -6.598135270056620927e-02
6.990149264650814542e-01 -6.428756307558010363e-02
7.090848663547572039e-01 -6.256364813333464836e-02
7.191871380165538730e-01 -6.080973874213047720e-02
7.293206187026060050e-01 -5.902591317410894878e-02
7.394841821965345563e-01 -5.721224546687913443e-02
7.496766989386134394e-01 -5.536881992691485704e-02
7.598970361513051053e-01 -5.349574887616832114e-02
7.701440579651563922e-01 -5.159315002834656549e-02
7.804166255450371015e-01 -4.966114351370953806e-02
7.907135972167069760e-01 -4.769987076613203814e-02
8.010338285937002034e-01 -4.570950811836365507e-02
8.113761727045106786e-01 -4.369012141596713417e-02
8.217394801200630372e-01 -4.164160702578556528e-02
8.321225990814590245e-01 -3.956383471495382442e-02
8.425243756279822138e-01 -3.745665886989717891e-02
8.529436537253458628e-01 -3.531995213570191666e-02
8.633792753941731402e-01 -3.315360740463029615e-02
8.738300808386934015e-01 -3.095751797234139180e-02
8.842949085756387495e-01 -2.873157856950135994e-02
8.947725955633289985e-01 -2.647571167918050597e-02
9.052619773309316109e-01 -2.418984392565532923e-02
9.157618881078770645e-01 -2.187371473613304237e-02
9.262711609534211021e-01 -1.952694435237153220e-02
9.367886278863364335e-01 -1.714914342802700831e-02
9.473131200147204556e-01 -1.473992155741544845e-02
9.578434676659028923e-01 -1.229891033700086442e-02
9.683785005164411430e-01 -9.825752949461726352e-03
9.789170477221889044e-01 -7.320103593749023585e-03
9.894579380484205267e-01 -4.781624799776201806e-03
9.999999999999998890e-01 -2.210000026039667977e-03
