9.999999999999998890e-01 7.183142736717386157e-12
9.894579380484205267e-01 2.461240243917759210e-03
9.789170477221889044e-01 4.878139734485613908e-03
9.683785005164411430e-01 7.251714857850541721e-03
9.578434676659028923e-01 9.583002549468509074e-03
9.473131200147204556e-01 1.187305112688004198e-02
9.367886278863364335e-01 1.412292843072743970e-02
9.262711609534211021e-01 1.633371172912173944e-02
9.157618881078770645e-01 1.850649224640224175e-02
9.052619773309316109e-01 2.064236960098237567e-02
8.947725955633289985e-01 2.274245572170761204e-02
8.842949085756387495e-01 2.480786728386417256e-02
8.738300808386934015e-01 2.683972646957476227e-02
8.633792753941731402e-01 2.883916172153492413e-02
8.529436537253458628e-01 3.080730905262767105e-02
8.425243756279822138e-01 3.274530063560553150e-02
8.321225990814590245e-01 3.465426422386623517e-02
8.217394801200630372e-01 3.653533802790614321e-02
8.113761727045106786e-01 3.838966804885466516e-02
8.010338285937002034e-01 4.021836249529162077e-02
7.907135972167069760e-01 4.202247464318579345e-02
7.804166255450371015e-01 4.380275590066206454e-02
7.701440579651563922e-01 4.555975932591721511e-02
7.598970361513051053e-01 4.729408344766001387e-02
7.496766989386134394e-01 4.900634835903265596e-02
7.394841821965345563e-01 5.069712375990260977e-02
7.293206187026060050e-01 5.236696624957414004e-02
7.191871380165538730e-01 5.401650288570956221e-02
7.090848663547572039e-01 5.564635386916107207e-02
6.990149264650814542e-01 5.725695647054369203e-02
6.889784375020977514e-01 5.884805982262260315e-02
6.789765149027036095e-01 6.041669664154920155e-02
6.690102702621547603e-01 6.195925331091305110e-02
6.590808112105230876e-01 6.347242854247826804e-02
6.491892412895989839e-01 6.495297702298387377e-02
6.393366598302444581e-01 6.639761419806819442e-02
6.295241618302156450e-01 6.780317735674074031e-02
6.197528378324663745e-01 6.916681740632810160e-02
6.100237738039482327e-01 7.048560794748141844e-02
6.003380510149177729e-01 7.175638933361723482e-02
5.906967459187653091e-01 7.297747150211254807e-02
5.811009300323815019e-01 7.414972190751603631e-02
5.715516698170692855e-01 7.527453233620690076e-02
5.620500265600203438e-01 7.635368600113792703e-02
5.525970562563653488e-01 7.738888848409633536e-02
5.431938094918128401e-01 7.838171397214753477e-02
5.338413313258880688e-01 7.933369913489481118e-02
5.245406611757882365e-01 8.024635672030150380e-02
5.152928327008634568e-01 8.112131084636130252e-02
5.060988736877365390e-01 8.196024216033973020e-02
4.969598059360780251e-01 8.276428470474060661e-02
4.878766451450451402e-01 8.353406898608416176e-02
4.788504008003974244e-01 8.426908026743640256e-02
4.698820760623064752e-01 8.496815379593516959e-02
4.609726676538650203e-01 8.563047505750538690e-02
4.521231657503131940e-01 8.625540666365412446e-02
4.433345538689928977e-01 8.684226657052473985e-02
4.346078087600411255e-01 8.739037489175290052e-02
4.259439002978354649e-01 8.789917583260802025e-02
4.173437913732044313e-01 8.836818085319100846e-02
4.088084377864137364e-01 8.879701068298162525e-02
4.003387881409395943e-01 8.918528906013077628e-02
3.919357837380436083e-01 8.953252857584075020e-02
3.836003584721576765e-01 8.983816614670890599e-02
3.753334387270930161e-01 9.010148362111235210e-02
3.671359432730831873e-01 9.032180393784072781e-02
3.590087831646743277e-01 9.049863855872285201e-02
3.509528616394713696e-01 9.063156281731485353e-02
3.429690740177547825e-01 9.072022551438933824e-02
3.350583076029753915e-01 9.076434957895164468e-02
3.272214415831418144e-01 9.076377667995667864e-02
3.194593469331089564e-01 9.071841811754208229e-02
3.117728863177794407e-01 9.062827443734622346e-02
3.041629139962280792e-01 9.049342093171415524e-02
2.966302757267624823e-01 9.031400895726331146e-02
2.891758086729252497e-01 9.008990440277836464e-02
2.818003413104546162e-01 8.982066200919494592e-02
2.745046933352085494e-01 8.950593590423447377e-02
2.672896755720651774e-01 8.914549617336955945e-02
2.601560898848094272e-01 8.873926750274384323e-02
2.531047290870154232e-01 8.828729900465179248e-02
2.461363768539343022e-01 8.778973317598356974e-02
2.392518076353984391e-01 8.724679476607233308e-02
2.324517865697500740e-01 8.665892842707602350e-02
2.257370693988056676e-01 8.602669376946800450e-02
2.191084023838638650e-01 8.535061394067897100e-02
2.125665222227673956e-01 8.463127594065264492e-02
2.061121559680280102e-01 8.386976728521734759e-02
1.997460209460230063e-01 8.306712315291781001e-02
1.934688246772731102e-01 8.222314953115675285e-02
1.872812647978095990e-01 8.133709011723443127e-02
1.811840289816407656e-01 8.040746282414015789e-02
1.751777948643248317e-01 7.943281939214347220e-02
1.692632299676588570e-01 7.841247339159879148e-02
1.634409916254914164e-01 7.734598684870339080e-02
1.577117269106679265e-01 7.623316436045124433e-02
1.520760725631161714e-01 7.507401624007632723e-02
1.465346549190801317e-01 7.386893757747979572e-02
1.410880898415101115e-01 7.261856102056996054e-02
1.357369826516168221e-01 7.132387813862758885e-02
1.304819280615971966e-01 6.998600093485464468e-02
1.253235101085391490e-01 6.860617917703960844e-02
1.202623020895129402e-01 6.718604251695342588e-02
1.152988664978553679e-01 6.572771981211679437e-02
1.104337549606562163e-01 6.423309956214712235e-02
1.056675081774507419e-01 6.270380448184068034e-02
1.010006558601274085e-01 6.114272290623213452e-02
9.643371667405697956e-02 5.955436156870606151e-02
9.196719818044885031e-02 5.794926198339995366e-02
8.760159677994161509e-02 5.634279936833060803e-02
8.333739765743386485e-02 5.474881402828922494e-02
7.917507472816209813e-02 5.317959932908972176e-02
7.511509058502996439e-02 5.164363775081071833e-02
7.115789644719716645e-02 5.014430108006866921e-02
6.730393210993146358e-02 4.866114117637794501e-02
6.355362589573076981e-02 4.716366273240185647e-02
5.990739460672012129e-02 4.563244687608326855e-02
5.636564347832906385e-02 4.405232710527632461e-02
5.292876613425423482e-02 4.240635728630902379e-02
4.959714454271368922e-02 4.068263669917641240e-02
4.637114897399441382e-02 3.889469569529009629e-02
4.325113795930202176e-02 3.706586996616559326e-02
4.023745825091396000e-02 3.522933847391831325e-02
3.733044478364233587e-02 3.341689796966148401e-02
3.453042063760936031e-02 3.164917784273034440e-02
3.183769700234129196e-02 2.994395774075746947e-02
2.925257314218321358e-02 2.831716011084615264e-02
2.677533636303963682e-02 2.678141857204460741e-02
2.440626198044326678e-02 2.534281637946978957e-02
2.214561328895736647e-02 2.398672757062631986e-02
1.999364153291383062e-02 2.266365801453390505e-02
1.795058587848985532e-02 2.133165070910067462e-02
1.601667338712764455e-02 1.996542872242758684e-02
1.419211899029970692e-02 1.854955148143417470e-02
1.247712546562085301e-02 1.707947131446099429e-02
1.087188341431266636e-02 1.555844708432408893e-02
9.376571240020115106e-03 1.399750343655577038e-02
7.991355128984078959e-03 1.241276743212106105e-02
6.716389031571567969e-03 1.082477023214146669e-02
5.551814645166519568e-03 9.256916961202687338e-03
4.497761398421062928e-03 7.734699901273698296e-03
3.554346436871580472e-03 6.284158893275504539e-03
2.721674609919344512e-03 4.931485422511425361e-03
1.999838459177394334e-03 3.701415471950550689e-03
1.388918208186096237e-03 2.617483706062141355e-03
8.889817534969424173e-04 1.700099472635782779e-03
5.000846571264760954e-04 9.675264384274319656e-04
2.222701403818971855e-04 4.334678257029346169e-04
5.556907905679420168e-05 1.089373491471187593e-04
0.000000000000000000e+00 -2.150462549898848242e-09
0.000000000000000000e+00 9.872249909945092492e-10
5.556907905679420168e-05 -4.173784220799365001e-05
2.222701403818971855e-04 -1.659080165259890305e-04
5.000846571264760954e-04 -3.697352218014880341e-04
8.889817534969424173e-04 -6.481665772845186238e-04
1.388918208186096237e-03 -9.948949870526497576e-04
1.999838459177394334e-03 -1.401469526063464296e-03
2.721674609919344512e-03 -1.858390219855027758e-03
3.554346436871580472e-03 -2.354595440361553771e-03
4.497761398421062928e-03 -2.878338484433609363e-03
5.551814645166519568e-03 -3.416981299413447085e-03
6.716389031571567969e-03 -3.957719597197227601e-03
7.991355128984078959e-03 -4.487656973557067018e-03
9.376571240020115106e-03 -4.994488747357144105e-03
1.087188341431266636e-02 -5.466762188949245149e-03
1.247712546562085301e-02 -5.894499345028714893e-03
1.419211899029970692e-02 -6.269450052115294048e-03
1.601667338712764455e-02 -6.586185747029200260e-03
1.795058587848985532e-02 -6.842121535581662840e-03
1.999364153291383062e-02 -7.038644141965753540e-03
2.214561328895736647e-02 -7.180749662763803200e-03
2.440626198044326678e-02 -7.279799414479939078e-03
2.677533636303963682e-02 -7.350411173648018978e-03
2.925257314218321358e-02 -7.397605359659376739e-03
3.183769700234129196e-02 -7.420988454527560445e-03
3.453042063760936031e-02 -7.420726120464639884e-03
3.733044478364233587e-02 -7.397375919433409053e-03
4.023745825091396000e-02 -7.352116466335944373e-03
4.325113795930202176e-02 -7.286799433457104465e-03
4.637114897399441382e-02 -7.205529385276306965e-03
4.959714454271368922e-02 -7.112592849285088482e-03
5.292876613425423482e-02 -7.009871954408049971e-03
5.636564347832906385e-02 -6.896729555856732051e-03
5.990739460672012129e-02 -6.765874592303094438e-03
6.355362589573076981e-02 -6.608747216532958116e-03
6.730393210993146358e-02 -6.417402865111219643e-03
7.115789644719716645e-02 -6.182436272233921525e-03
7.511509058502996439e-02 -5.890651401037122134e-03
7.917507472816209813e-02 -5.534561244796306831e-03
8.333739765743386485e-02 -5.119460012467920949e-03
8.760159677994161509e-02 -4.653962067215011537e-03
9.196719818044885031e-02 -4.149738846899617313e-03
9.643371667405697956e-02 -3.620739422003582241e-03
1.010006558601274085e-01 -3.083558717979566124e-03
1.056675081774507419e-01 -2.548688813021975606e-03
1.104337549606562163e-01 -2.018949032826399936e-03
1.152988664978553679e-01 -1.495403052725396715e-03
1.202623020895129402e-01 -9.778184116543712709e-04
1.253235101085391490e-01 -4.664039560385064990e-04
1.304819280615971966e-01 3.823019033758214658e-05
1.357369826516168221e-01 5.358495889943200308e-04
1.410880898415101115e-01 1.026494980722889158e-03
1.465346549190801317e-01 1.510139854059740650e-03
1.520760725631161714e-01 1.986734503925966476e-03
1.577117269106679265e-01 2.456414393894871227e-03
1.634409916254914164e-01 2.919424617093636931e-03
1.692632299676588570e-01 3.376114311833486488e-03
1.751777948643248317e-01 3.826890993646446266e-03
1.811840289816407656e-01 4.272244318603264993e-03
1.872812647978095990e-01 4.712755163715169789e-03
1.934688246772731102e-01 5.149295451172002450e-03
1.997460209460230063e-01 5.582721714136973205e-03
2.061121559680280102e-01 6.013504265146086755e-03
2.125665222227673956e-01 6.441821981548366376e-03
2.191084023838638650e-01 6.867224241577430700e-03
2.257370693988056676e-01 7.289201497340162469e-03
2.324517865697500740e-01 7.707416059601421808e-03
2.392518076353984391e-01 8.121521567997473309e-03
2.461363768539343022e-01 8.531092095884540427e-03
2.531047290870154232e-01 8.935712907024748880e-03
2.601560898848094272e-01 9.335008690571322890e-03
2.672896755720651774e-01 9.728595903694563229e-03
2.745046933352085494e-01 1.011607213606254344e-02
2.818003413104546162e-01 1.049704136667219123e-02
2.891758086729252497e-01 1.087111782304467367e-02
2.966302757267624823e-01 1.123791428779917501e-02
3.041629139962280792e-01 1.159704400051904914e-02
3.117728863177794407e-01 1.194817510153966741e-02
3.194593469331089564e-01 1.229102713300795659e-02
3.272214415831418144e-01 1.262533441902420096e-02
3.350583076029753915e-01 1.295084125586303155e-02
3.429690740177547825e-01 1.326729184701969794e-02
3.509528616394713696e-01 1.357443361599556565e-02
3.590087831646743277e-01 1.387204641024828919e-02
3.671359432730831873e-01 1.415992362332008266e-02
3.753334387270930161e-01 1.443782683834953298e-02
3.836003584721576765e-01 1.470552068791136993e-02
3.919357837380436083e-01 1.496287898906151041e-02
4.003387881409395943e-01 1.520974826677508676e-02
4.088084377864137364e-01 1.544562650793390376e-02
4.173437913732044313e-01 1.566981663059464208e-02
4.259439002978354649e-01 1.588126753219856052e-02
4.346078087600411255e-01 1.607886124659739166e-02
4.433345538689928977e-01 1.626156586713506033e-02
4.521231657503131940e-01 1.642832328294402400e-02
4.609726676538650203e-01 1.657794930122889060e-02
4.698820760623064752e-01 1.670927342589342487e-02
4.788504008003974244e-01 1.682120841100167435e-02
4.878766451450451402e-01 1.691256029222344692e-02
4.969598059360780251e-01 1.698190910746887744e-02
5.060988736877365390e-01 1.702828617637583072e-02
5.152928327008634568e-01 1.705151485196032199e-02
5.245406611757882365e-01 1.705177730594513788e-02
5.338413313258880688e-01 1.702964861082811865e-02
5.431938094918128401e-01 1.698567283998927979e-02
5.525970562563653488e-01 1.692032738697145725e-02
5.620500265600203438e-01 1.683415486506728218e-02
5.715516698170692855e-01 1.672776855047747313e-02
5.811009300323815019e-01 1.660182943359071739e-02
5.906967459187653091e-01 1.645703115678271225e-02
6.003380510149177729e-01 1.629400918439047330e-02
6.100237738039482327e-01 1.611329413953224710e-02
6.197528378324663745e-01 1.591476457040832959e-02
6.295241618302156450e-01 1.569792990039490035e-02
6.393366598302444581e-01 1.546240780334448214e-02
6.491892412895989839e-01 1.520786133323175429e-02
6.590808112105230876e-01 1.493388478969871237e-02
6.690102702621547603e-01 1.464005912043128861e-02
6.789765149027036095e-01 1.432604744726721085e-02
6.889784375020977514e-01 1.399151078322984597e-02
6.990149264650814542e-01 1.363597478427652950e-02
7.090848663547572039e-01 1.325947952190091768e-02
7.191871380165538730e-01 1.286410937344572257e-02
7.293206187026060050e-01 1.245247471649819915e-02
7.394841821965345563e-01 1.202734854173872873e-02
7.496766989386134394e-01 1.159157223941779079e-02
7.598970361513051053e-01 1.114808183503696731e-02
7.701440579651563922e-01 1.069979666860139574e-02
7.804166255450371015e-01 1.024957220840411187e-02
7.907135972167069760e-01 9.800458220785165930e-03
8.010338285937002034e-01 9.355827160788218397e-03
8.113761727045106786e-01 8.917260157460731723e-03
8.217394801200630372e-01 8.483624432805867907e-03
8.321225990814590245e-01 8.053257572675342341e-03
8.425243756279822138e-01 7.624113337489663890e-03
8.529436537253458628e-01 7.194229103208639453e-03
8.633792753941731402e-01 6.761751259439466311e-03
8.738300808386934015e-01 6.324745380507790747e-03
8.842949085756387495e-01 5.881202327957905061e-03
8.947725955633289985e-01 5.429137019448885756e-03
9.052619773309316109e-01 4.966581528434925452e-03
9.157618881078770645e-01 4.491536227270123693e-03
9.262711609534211021e-01 4.001982136060168622e-03
9.367886278863364335e-01 3.495908382522768931e-03
9.473131200147204556e-01 2.971307560469582925e-03
9.578434676659028923e-01 2.426165113395710882e-03
9.683785005164411430e-01 1.858465170561550894e-03
9.789170477221889044e-01 1.266202885523996053e-03
9.894579380484205267e-01 6.473788031170212313e-04
9.999999999999998890e-01 -1.370803834894182968e-11
