9.999999999999998890e-01 -2.586738404670357805e-10
9.894579380484205267e-01 2.028460660309516425e-03
9.789170477221889044e-01 3.970799276840898846e-03
9.683785005164411430e-01 5.832005181603234535e-03
9.578434676659028923e-01 7.617038504137406754e-03
9.473131200147204556e-01 9.330888365816815064e-03
9.367886278863364335e-01 1.097863918467045265e-02
9.262711609534211021e-01 1.256534284049469138e-02
9.157618881078770645e-01 1.409594227553213897e-02
9.052619773309316109e-01 1.557549750390334678e-02
8.947725955633289985e-01 1.700933720302115482e-02
8.842949085756387495e-01 1.840400861637573465e-02
8.738300808386934015e-01 1.976794686571451895e-02
8.633792753941731402e-01 2.110971194658936220e-02
8.529436537253458628e-01 2.243779845466211884e-02
8.425243756279822138e-01 2.376045839566268136e-02
8.321225990814590245e-01 2.508569280174941657e-02
8.217394801200630372e-01 2.642186051537356861e-02
8.113761727045106786e-01 2.777758500797841354e-02
8.010338285937002034e-01 2.916008509741046389e-02
7.907135972167069760e-01 3.057464331246221440e-02
7.804166255450371015e-01 3.201661851743026199e-02
7.701440579651563922e-01 3.347481605790591369e-02
7.598970361513051053e-01 3.493918827060318866e-02
7.496766989386134394e-01 3.640037775164502165e-02
7.394841821965345563e-01 3.784878141394668744e-02
7.293206187026060050e-01 3.927471827707332969e-02
7.191871380165538730e-01 4.066878125598961252e-02
7.090848663547572039e-01 4.202179739093576255e-02
6.990149264650814542e-01 4.332525423410484716e-02
6.889784375020977514e-01 4.457294669811549814e-02
6.789765149027036095e-01 4.576771190241792076e-02
6.690102702621547603e-01 4.691462672183179666e-02
6.590808112105230876e-01 4.801804269818681775e-02
6.491892412895989839e-01 4.908224209101549190e-02
6.393366598302444581e-01 5.011177699451059564e-02
6.295241618302156450e-01 5.111105148022106887e-02
6.197528378324663745e-01 5.208399032758240926e-02
6.100237738039482327e-01 5.303469053406920791e-02
6.003380510149177729e-01 5.396771533666271797e-02
5.906967459187653091e-01 5.488538283477114449e-02
5.811009300323815019e-01 5.578608187794360102e-02
5.715516698170692855e-01 5.666743041971720324e-02
5.620500265600203438e-01 5.752649696975977583e-02
5.525970562563653488e-01 5.836054780280188620e-02
5.431938094918128401e-01 5.916714153243488039e-02
5.338413313258880688e-01 5.994391099070791457e-02
5.245406611757882365e-01 6.068854646488797133e-02
5.152928327008634568e-01 6.139873241630557088e-02
5.060988736877365390e-01 6.207219007319766252e-02
4.969598059360780251e-01 6.270724145628057966e-02
4.878766451450451402e-01 6.330275769609346181e-02
4.788504008003974244e-01 6.385884698005556137e-02
4.698820760623064752e-01 6.437633017063094931e-02
4.609726676538650203e-01 6.485574123887732911e-02
4.521231657503131940e-01 6.529749155128256044e-02
4.433345538689928977e-01 6.570219495695941991e-02
4.346078087600411255e-01 6.607052623441178607e-02
4.259439002978354649e-01 6.640301345372320863e-02
4.173437913732044313e-01 6.670018552311308968e-02
4.088084377864137364e-01 6.696281825068571558e-02
4.003387881409395943e-01 6.719159828386599143e-02
3.919357837380436083e-01 6.738659172819892740e-02
3.836003584721576765e-01 6.754751978283179970e-02
3.753334387270930161e-01 6.767348335016887262e-02
3.671359432730831873e-01 6.776357794756301955e-02
3.590087831646743277e-01 6.781720695128816423e-02
3.509528616394713696e-01 6.783383117593022593e-02
3.429690740177547825e-01 6.781292874993131992e-02
3.350583076029753915e-01 6.775405929296499097e-02
3.272214415831418144e-01 6.765692798490650917e-02
3.194593469331089564e-01 6.752130215215706999e-02
3.117728863177794407e-01 6.734702266535370907e-02
3.041629139962280792e-01 6.713401026856896658e-02
2.966302757267624823e-01 6.688230349739328340e-02
2.891758086729252497e-01 6.659255474365202709e-02
2.818003413104546162e-01 6.626607747887107436e-02
2.745046933352085494e-01 6.590421462718402956e-02
2.672896755720651774e-01 6.550830649681743667e-02
2.601560898848094272e-01 6.507970759367434632e-02
2.531047290870154232e-01 6.461978085687850037e-02
2.461363768539343022e-01 6.412985794050321542e-02
2.392518076353984391e-01 6.361125601959773113e-02
2.324517865697500740e-01 6.306534950428344111e-02
2.257370693988056676e-01 6.249352761221314834e-02
2.191084023838638650e-01 6.189705297443950927e-02
2.125665222227673956e-01 6.127717247636339098e-02
2.061121559680280102e-01 6.063539430089762844e-02
1.997460209460230063e-01 5.997312624753773497e-02
1.934688246772731102e-01 5.929076441107138801e-02
1.872812647978095990e-01 5.858821544666434344e-02
1.811840289816407656e-01 5.786467770626924773e-02
1.751777948643248317e-01 5.711933916584646664e-02
1.692632299676588570e-01 5.635198258188531262e-02
1.634409916254914164e-01 5.556247922310490750e-02
1.577117269106679265e-01 5.475059199925937092e-02
1.520760725631161714e-01 5.391636723940227555e-02
1.465346549190801317e-01 5.306056797377834561e-02
1.410880898415101115e-01 5.218481160523737866e-02
1.357369826516168221e-01 5.129218745430783738e-02
1.304819280615971966e-01 5.038577385354589544e-02
1.253235101085391490e-01 4.946834631675173233e-02
1.202623020895129402e-01 4.854249655690007909e-02
1.152988664978553679e-01 4.761060467717560113e-02
1.104337549606562163e-01 4.667515474814627058e-02
1.056675081774507419e-01 4.573873456449516900e-02
1.010006558601274085e-01 4.480314185412883482e-02
9.643371667405697956e-02 4.386910840554108376e-02
9.196719818044885031e-02 4.293260611581738856e-02
8.760159677994161509e-02 4.198582473652558156e-02
8.333739765743386485e-02 4.102265583040733132e-02
7.917507472816209813e-02 4.003836865961039881e-02
7.511509058502996439e-02 3.902933307850349476e-02
7.115789644719716645e-02 3.799267203975324053e-02
6.730393210993146358e-02 3.692651817478964649e-02
6.355362589573076981e-02 3.582973797616934714e-02
5.990739460672012129e-02 3.470281251046708482e-02
5.636564347832906385e-02 3.354674390980644932e-02
5.292876613425423482e-02 3.236176873129337217e-02
4.959714454271368922e-02 3.114942835816037967e-02
4.637114897399441382e-02 2.991830587419975346e-02
4.325113795930202176e-02 2.867970238623443122e-02
4.023745825091396000e-02 2.744765529212704960e-02
3.733044478364233587e-02 2.623544042273833268e-02
3.453042063760936031e-02 2.505207745951148687e-02
3.183769700234129196e-02 2.390551432572065108e-02
2.925257314218321358e-02 2.280302574951481934e-02
2.677533636303963682e-02 2.175036479721731419e-02
2.440626198044326678e-02 2.075012114629330370e-02
2.214561328895736647e-02 1.978905110475526891e-02
1.999364153291383062e-02 1.882686080773875864e-02
1.795058587848985532e-02 1.783005555434530320e-02
1.601667338712764455e-02 1.677950983625536505e-02
1.419211899029970692e-02 1.566445851661371971e-02
1.247712546562085301e-02 1.448337577097708051e-02
1.087188341431266636e-02 1.324137756699090424e-02
9.376571240020115106e-03 1.195018444318660805e-02
7.991355128984078959e-03 1.062577516009041191e-02
6.716389031571567969e-03 9.287794432660652355e-03
5.551814645166519568e-03 7.958224174770088880e-03
4.497761398421062928e-03 6.660728723116996278e-03
3.554346436871580472e-03 5.419274363887134800e-03
2.721674609919344512e-03 4.257832485433860233e-03
1.999838459177394334e-03 3.198938596746970110e-03
1.388918208186096237e-03 2.263970744205777430e-03
8.889817534969424173e-04 1.471416146404445988e-03
5.000846571264760954e-04 8.377903388652494865e-04
2.222701403818971855e-04 3.754665998020975562e-04
5.556907905679420168e-05 9.438076461273650294e-05
0.000000000000000000e+00 -1.941808698654782988e-09
0.000000000000000000e+00 2.080120919490523757e-09
5.556907905679420168e-05 -8.759705407920488141e-05
2.222701403818971855e-04 -3.481846136561594419e-04
5.000846571264760954e-04 -7.759045523214688376e-04
8.889817534969424173e-04 -1.360112391014108588e-03
1.388918208186096237e-03 -2.087555216904820547e-03
1.999838459177394334e-03 -2.940549655569037624e-03
2.721674609919344512e-03 -3.899309133179587258e-03
3.554346436871580472e-03 -4.940968089027841965e-03
4.497761398421062928e-03 -6.041439761575834524e-03
5.551814645166519568e-03 -7.175130494415492104e-03
6.716389031571567969e-03 -8.316485344205235691e-03
7.991355128984078959e-03 -9.440321276190476521e-03
9.376571240020115106e-03 -1.052330900654742558e-02
1.087188341431266636e-02 -1.154468860395174018e-02
1.247712546562085301e-02 -1.248770465164927498e-02
1.419211899029970692e-02 -1.334025025856061010e-02
1.601667338712764455e-02 -1.409739782099918119e-02
1.795058587848985532e-02 -1.476143853112854391e-02
1.999364153291383062e-02 -1.534470768219169633e-02
2.214561328895736647e-02 -1.586862516967693301e-02
2.440626198044326678e-02 -1.637018158402024984e-02
2.677533636303963682e-02 -1.689373015071573073e-02
2.925257314218321358e-02 -1.745426715752104729e-02
3.183769700234129196e-02 -1.804958983925807059e-02
3.453042063760936031e-02 -1.867393871816628442e-02
3.733044478364233587e-02 -1.931985845715438257e-02
4.023745825091396000e-02 -1.997925434950494072e-02
4.325113795930202176e-02 -2.064282380422636023e-02
4.637114897399441382e-02 -2.129621930098150526e-02
4.959714454271368922e-02 -2.192437466431686188e-02
5.292876613425423482e-02 -2.251626325492010403e-02
5.636564347832906385e-02 -2.306482902565873058e-02
5.990739460672012129e-02 -2.357326237512186867e-02
6.355362589573076981e-02 -2.404676312241372030e-02
6.730393210993146358e-02 -2.448974445028460900e-02
7.115789644719716645e-02 -2.490807041302672137e-02
7.511509058502996439e-02 -2.531147053205972872e-02
7.917507472816209813e-02 -2.570716912262996368e-02
8.333739765743386485e-02 -2.609611874844462026e-02
8.760159677994161509e-02 -2.647817891201078092e-02
9.196719818044885031e-02 -2.685264721754803546e-02
9.643371667405697956e-02 -2.721900150037562249e-02
1.010006558601274085e-01 -2.757704974155159028e-02
1.056675081774507419e-01 -2.792641335361752825e-02
1.104337549606562163e-01 -2.826645988422043371e-02
1.152988664978553679e-01 -2.859659321151094419e-02
1.202623020895129402e-01 -2.891627269845875245e-02
1.253235101085391490e-01 -2.922501379168685950e-02
1.304819280615971966e-01 -2.952238069731567133e-02
1.357369826516168221e-01 -2.980797506860267954e-02
1.410880898415101115e-01 -3.008143866635777999e-02
1.465346549190801317e-01 -3.034256537919769944e-02
1.520760725631161714e-01 -3.059117651646772393e-02
1.577117269106679265e-01 -3.082653639372804830e-02
1.634409916254914164e-01 -3.104758522507590490e-02
1.692632299676588570e-01 -3.125298764395192941e-02
1.751777948643248317e-01 -3.144131275304217626e-02
1.811840289816407656e-01 -3.161124799875997260e-02
1.872812647978095990e-01 -3.176145471150913085e-02
1.934688246772731102e-01 -3.189027582449810438e-02
1.997460209460230063e-01 -3.199614324829652690e-02
2.061121559680280102e-01 -3.207818908644366473e-02
2.125665222227673956e-01 -3.213602756783933562e-02
2.191084023838638650e-01 -3.217026776834477908e-02
2.257370693988056676e-01 -3.218168887547473433e-02
2.324517865697500740e-01 -3.217100089521861966e-02
2.392518076353984391e-01 -3.213902356320595677e-02
2.461363768539343022e-01 -3.208684145156289608e-02
2.531047290870154232e-01 -3.201563275144780202e-02
2.601560898848094272e-01 -3.192668492891082010e-02
2.672896755720651774e-01 -3.182141585714241827e-02
2.745046933352085494e-01 -3.170142852231640218e-02
2.818003413104546162e-01 -3.156844812877035444e-02
2.891758086729252497e-01 -3.142434272115372101e-02
2.966302757267624823e-01 -3.127112609594391579e-02
3.041629139962280792e-01 -3.111089669557867698e-02
3.117728863177794407e-01 -3.094448926653964316e-02
3.194593469331089564e-01 -3.077156909009428135e-02
3.272214415831418144e-01 -3.059173483734776988e-02
3.350583076029753915e-01 -3.040456719781814768e-02
3.429690740177547825e-01 -3.020964671549343505e-02
3.509528616394713696e-01 -3.000654873017721130e-02
3.590087831646743277e-01 -2.979479769197339659e-02
3.671359432730831873e-01 -2.957389671089142788e-02
3.753334387270930161e-01 -2.934339821128438552e-02
3.836003584721576765e-01 -2.910285040521986069e-02
3.919357837380436083e-01 -2.885163540976741145e-02
4.003387881409395943e-01 -2.858917789353264405e-02
4.088084377864137364e-01 -2.831543796607291150e-02
4.173437913732044313e-01 -2.803067539596493588e-02
4.259439002978354649e-01 -2.773569375437783327e-02
4.346078087600411255e-01 -2.743140105512660923e-02
4.433345538689928977e-01 -2.711857906062882864e-02
4.521231657503131940e-01 -2.679805183235614216e-02
4.609726676538650203e-01 -2.647083931661366879e-02
4.698820760623064752e-01 -2.613794529276701820e-02
4.788504008003974244e-01 -2.580025618313119135e-02
4.878766451450451402e-01 -2.545882209244152566e-02
4.969598059360780251e-01 -2.511503730919022181e-02
5.060988736877365390e-01 -2.476963600034226554e-02
5.152928327008634568e-01 -2.442219140085500131e-02
5.245406611757882365e-01 -2.407176194061088140e-02
5.338413313258880688e-01 -2.371684544548627316e-02
5.431938094918128401e-01 -2.335598245341221832e-02
5.525970562563653488e-01 -2.298780827542562175e-02
5.620500265600203438e-01 -2.261089641930968605e-02
5.715516698170692855e-01 -2.222374774967523711e-02
5.811009300323815019e-01 -2.182475189352193340e-02
5.906967459187653091e-01 -2.141222751146985154e-02
6.003380510149177729e-01 -2.098473784700482028e-02
6.100237738039482327e-01 -2.054119225164752205e-02
6.197528378324663745e-01 -2.008228316349471368e-02
6.295241618302156450e-01 -1.960972482619798007e-02
6.393366598302444581e-01 -1.912504399841299593e-02
6.491892412895989839e-01 -1.862969490889749766e-02
6.590808112105230876e-01 -1.812530760154925161e-02
6.690102702621547603e-01 -1.761358100656268064e-02
6.789765149027036095e-01 -1.709619477473935806e-02
6.889784375020977514e-01 -1.657484566473648932e-02
6.990149264650814542e-01 -1.605133719821426330e-02
7.090848663547572039e-01 -1.552734618238349115e-02
7.191871380165538730e-01 -1.500396952767770603e-02
7.293206187026060050e-01 -1.448215286201817373e-02
7.394841821965345563e-01 -1.396278947676797208e-02
7.496766989386134394e-01 -1.344680180828885900e-02
7.598970361513051053e-01 -1.293521080685565254e-02
7.701440579651563922e-01 -1.242899250223154090e-02
7.804166255450371015e-01 -1.192899791927583622e-02
7.907135972167069760e-01 -1.143623345475633900e-02
8.010338285937002034e-01 -1.095197668976771038e-02
8.113761727045106786e-01 -1.047589594007463515e-02
8.217394801200630372e-01 -1.000522445238619107e-02
8.321225990814590245e-01 -9.536726543636200870e-03
8.425243756279822138e-01 -9.066827969983601646e-03
8.529436537253458628e-01 -8.591978717792939785e-03
8.633792753941731402e-01 -8.108675644820980549e-03
8.738300808386934015e-01 -7.613397143990629362e-03
8.842949085756387495e-01 -7.102592472071804844e-03
8.947725955633289985e-01 -6.572556397516622281e-03
9.052619773309316109e-01 -6.019671410261737653e-03
9.157618881078770645e-01 -5.442603971607133141e-03
9.262711609534211021e-01 -4.841491460091075331e-03
9.367886278863364335e-01 -4.216757796167751315e-03
9.473131200147204556e-01 -3.568953111103726622e-03
9.578434676659028923e-01 -2.898531452887267816e-03
9.683785005164411430e-01 -2.205917423304665139e-03
9.789170477221889044e-01 -1.491615791892209313e-03
9.894579380484205267e-01 -7.561510001589986192e-04
9.999999999999998890e-01 2.487765662025116381e-10
