9.999999999999998890e-01 -1.754987502918938697e-11
9.894579380484205267e-01 1.849689613154704591e-04
9.789170477221889044e-01 5.285501438674268960e-04
9.683785005164411430e-01 1.026248659538495219e-03
9.578434676659028923e-01 1.673497509757950179e-03
9.473131200147204556e-01 2.465688196363194102e-03
9.367886278863364335e-01 3.398139465498340936e-03
9.262711609534211021e-01 4.466137185732498190e-03
9.157618881078770645e-01 5.664920284816201378e-03
9.052619773309316109e-01 6.989692665955372919e-03
8.947725955633289985e-01 8.435602776795636873e-03
8.842949085756387495e-01 9.997705523314946024e-03
8.738300808386934015e-01 1.167091677196465532e-02
8.633792753941731402e-01 1.345013200526915843e-02
8.529436537253458628e-01 1.533023600816370291e-02
8.425243756279822138e-01 1.730611466983899768e-02
8.321225990814590245e-01 1.937265554108670920e-02
8.217394801200630372e-01 2.152473734054187113e-02
8.113761727045106786e-01 2.375723404657597085e-02
8.010338285937002034e-01 2.606507918700722015e-02
7.907135972167069760e-01 2.844328163150546679e-02
7.804166255450371015e-01 3.088718994442158500e-02
7.701440579651563922e-01 3.339238135102162025e-02
7.598970361513051053e-01 3.595443803525414511e-02
7.496766989386134394e-01 3.856894760946551898e-02
7.394841821965345563e-01 4.123153764791744752e-02
7.293206187026060050e-01 4.393786703100376057e-02
7.191871380165538730e-01 4.668367397389738827e-02
7.090848663547572039e-01 4.946472171902704940e-02
6.990149264650814542e-01 5.227674040044450604e-02
6.889784375020977514e-01 5.511507365868623803e-02
6.789765149027036095e-01 5.797344085011503501e-02
6.690102702621547603e-01 6.084520851947525233e-02
6.590808112105230876e-01 6.372404982019745645e-02
6.491892412895989839e-01 6.660371243132880148e-02
6.393366598302444581e-01 6.947796312788898088e-02
6.295241618302156450e-01 7.234073069173108106e-02
6.197528378324663745e-01 7.518632945780948096e-02
6.100237738039482327e-01 7.800900877150307444e-02
6.003380510149177729e-01 8.080279074687940488e-02
5.906967459187653091e-01 8.356338826462099412e-02
5.811009300323815019e-01 8.628944784588854500e-02
5.715516698170692855e-01 8.898020347211245407e-02
5.620500265600203438e-01 9.163532180206356015e-02
5.525970562563653488e-01 9.425450180367982156e-02
5.431938094918128401e-01 9.683743458050476927e-02
5.338413313258880688e-01 9.938365233050561187e-02
5.245406611757882365e-01 1.018925568557431244e-01
5.152928327008634568e-01 1.043640951968942410e-01
5.060988736877365390e-01 1.067985622917629746e-01
4.969598059360780251e-01 1.091945419422371832e-01
4.878766451450451402e-01 1.115490282635711178e-01
4.788504008003974244e-01 1.138553295407847971e-01
4.698820760623064752e-01 1.161046928692980040e-01
4.609726676538650203e-01 1.182897614314203649e-01
4.521231657503131940e-01 1.204038778232241896e-01
4.433345538689928977e-01 1.224401871759380062e-01
4.346078087600411255e-01 1.243919220233246081e-01
4.259439002978354649e-01 1.262533054777007502e-01
4.173437913732044313e-01 1.280188334078883050e-01
4.088084377864137364e-01 1.296826394479101419e-01
4.003387881409395943e-01 1.312394512071795305e-01
3.919357837380436083e-01 1.326866891608047550e-01
3.836003584721576765e-01 1.340232713559573463e-01
3.753334387270930161e-01 1.352508108550937171e-01
3.671359432730831873e-01 1.363712186363661150e-01
3.590087831646743277e-01 1.373857898633349950e-01
3.509528616394713696e-01 1.382959029456329314e-01
3.429690740177547825e-01 1.391033356871610727e-01
3.350583076029753915e-01 1.398098694300065614e-01
3.272214415831418144e-01 1.404171973479183544e-01
3.194593469331089564e-01 1.409271009149631326e-01
3.117728863177794407e-01 1.413415117544278565e-01
3.041629139962280792e-01 1.416623820407716949e-01
2.966302757267624823e-01 1.418916459858039769e-01
2.891758086729252497e-01 1.420304819449421108e-01
2.818003413104546162e-01 1.420792514750110480e-01
2.745046933352085494e-01 1.420384059132386578e-01
2.672896755720651774e-01 1.419085309679696816e-01
2.601560898848094272e-01 1.416904247188846000e-01
2.531047290870154232e-01 1.413850542518257092e-01
2.461363768539343022e-01 1.409934838434529214e-01
2.392518076353984391e-01 1.405168717908822640e-01
2.324517865697500740e-01 1.399566906644295616e-01
2.257370693988056676e-01 1.393145687542632072e-01
2.191084023838638650e-01 1.385920155947037991e-01
2.125665222227673956e-01 1.377906124775227226e-01
2.061121559680280102e-01 1.369127239333031987e-01
1.997460209460230063e-01 1.359605917319755830e-01
1.934688246772731102e-01 1.349343271945792899e-01
1.872812647978095990e-01 1.338330522198825367e-01
1.811840289816407656e-01 1.326545689069998646e-01
1.751777948643248317e-01 1.313967160035893478e-01
1.692632299676588570e-01 1.300586323913336673e-01
1.634409916254914164e-01 1.286398228301049440e-01
1.577117269106679265e-01 1.271400418866485971e-01
1.520760725631161714e-01 1.255594523105276195e-01
1.465346549190801317e-01 1.238990766549104006e-01
1.410880898415101115e-01 1.221605250253120917e-01
1.357369826516168221e-01 1.203463207339728891e-01
1.304819280615971966e-01 1.184592628731051811e-01
1.253235101085391490e-01 1.165024337107390395e-01
1.202623020895129402e-01 1.144791184474044932e-01
1.152988664978553679e-01 1.123928546079359658e-01
1.104337549606562163e-01 1.102474381451468977e-01
1.056675081774507419e-01 1.080469455395432210e-01
1.010006558601274085e-01 1.057954767403905122e-01
9.643371667405697956e-02 1.034970682798218300e-01
9.196719818044885031e-02 1.011545651393651601e-01
8.760159677994161509e-02 9.876988470055626801e-02
8.333739765743386485e-02 9.634571244698982018e-02
7.917507472816209813e-02 9.388530592229440974e-02
7.511509058502996439e-02 9.139207769640245171e-02
7.115789644719716645e-02 8.886932493551782941e-02
6.730393210993146358e-02 8.631869788807366994e-02
6.355362589573076981e-02 8.374126572998644158e-02
5.990739460672012129e-02 8.113963382129728286e-02
5.636564347832906385e-02 7.851708025045137096e-02
5.292876613425423482e-02 7.587710319462390163e-02
4.959714454271368922e-02 7.322395097739166359e-02
4.637114897399441382e-02 7.056491104990944563e-02
4.325113795930202176e-02 6.790854849095469270e-02
4.023745825091396000e-02 6.526499641973515509e-02
3.733044478364233587e-02 6.264419042356624001e-02
3.453042063760936031e-02 6.005435722585283215e-02
3.183769700234129196e-02 5.750367493886038989e-02
2.925257314218321358e-02 5.500101261597222652e-02
2.677533636303963682e-02 5.255408097881287405e-02
2.440626198044326678e-02 5.016758665271682516e-02
2.214561328895736647e-02 4.781658720713324179e-02
1.999364153291383062e-02 4.542486905558204557e-02
1.795058587848985532e-02 4.293068163972793561e-02
1.601667338712764455e-02 4.030187604394368239e-02
1.419211899029970692e-02 3.752337821428756992e-02
1.247712546562085301e-02 3.459895537953674993e-02
1.087188341431266636e-02 3.154586230316491074e-02
9.376571240020115106e-03 2.839475053668753107e-02
7.991355128984078959e-03 2.518473238353235999e-02
6.716389031571567969e-03 2.196217773459060996e-02
5.551814645166519568e-03 1.877788773536411687e-02
4.497761398421062928e-03 1.568580767506132928e-02
3.554346436871580472e-03 1.274003078824813458e-02
2.721674609919344512e-03 9.994305886144758469e-03
1.999838459177394334e-03 7.498876558001433927e-03
1.388918208186096237e-03 5.301232128794051285e-03
8.889817534969424173e-04 3.442301675818708329e-03
5.000846571264760954e-04 1.958573572800648404e-03
2.222701403818971855e-04 8.773327730614816728e-04
5.556907905679420168e-05 2.204642761305283501e-04
0.000000000000000000e+00 -4.274331811638287102e-09
0.000000000000000000e+00 3.775922022840418932e-09
5.556907905679420168e-05 -1.423558630362233934e-04
2.222701403818971855e-04 -5.654285579896853623e-04
5.000846571264760954e-04 -1.258596590969911959e-03
8.889817534969424173e-04 -2.202547366727398027e-03
1.388918208186096237e-03 -3.373216534447380944e-03
1.999838459177394334e-03 -4.738452847990247234e-03
2.721674609919344512e-03 -6.262227624720078170e-03
3.554346436871580472e-03 -7.902804027329034253e-03
4.497761398421062928e-03 -9.616102830129853382e-03
5.551814645166519568e-03 -1.135509945133054803e-02
6.716389031571567969e-03 -1.307261471909009105e-02
7.991355128984078959e-03 -1.472181664511316816e-02
9.376571240020115106e-03 -1.625889118840245784e-02
1.087188341431266636e-02 -1.764424564259658643e-02
1.247712546562085301e-02 -1.884503041513671540e-02
1.419211899029970692e-02 -1.983624317500206832e-02
1.601667338712764455e-02 -2.060521181131189788e-02
1.795058587848985532e-02 -2.115166809629444311e-02
1.999364153291383062e-02 -2.149257657328758342e-02
2.214561328895736647e-02 -2.166051516948757499e-02
2.440626198044326678e-02 -2.171511631493009895e-02
2.677533636303963682e-02 -2.172939450926210034e-02
2.925257314218321358e-02 -2.173111295816369110e-02
3.183769700234129196e-02 -2.172199252195270228e-02
3.453042063760936031e-02 -2.170214718789668235e-02
3.733044478364233587e-02 -2.167122726787961556e-02
4.023745825091396000e-02 -2.162989762822896053e-02
4.325113795930202176e-02 -2.157936436742677669e-02
4.637114897399441382e-02 -2.152156289840141332e-02
4.959714454271368922e-02 -2.145837577839192212e-02
5.292876613425423482e-02 -2.139042502246893060e-02
5.636564347832906385e-02 -2.131685851616857419e-02
5.990739460672012129e-02 -2.123278973843854139e-02
6.355362589573076981e-02 -2.113252857829228670e-02
6.730393210993146358e-02 -2.101065697350350953e-02
7.115789644719716645e-02 -2.086077666545563952e-02
7.511509058502996439e-02 -2.067400610569466654e-02
7.917507472816209813e-02 -2.044498458392575782e-02
8.333739765743386485e-02 -2.017627690681214267e-02
8.760159677994161509e-02 -1.987242092065006141e-02
9.196719818044885031e-02 -1.953970409856061255e-02
9.643371667405697956e-02 -1.918581521298469428e-02
1.010006558601274085e-01 -1.882006543811437504e-02
1.056675081774507419e-01 -1.844722835733671532e-02
1.104337549606562163e-01 -1.806640010560770990e-02
1.152988664978553679e-01 -1.767526338220300891e-02
1.202623020895129402e-01 -1.727039548262252269e-02
1.253235101085391490e-01 -1.684816763213024815e-02
1.304819280615971966e-01 -1.640479776550392982e-02
1.357369826516168221e-01 -1.593624571739084284e-02
1.410880898415101115e-01 -1.543816949486517820e-02
1.465346549190801317e-01 -1.490495167226556228e-02
1.520760725631161714e-01 -1.433090701274163971e-02
1.577117269106679265e-01 -1.371641966285457905e-02
1.634409916254914164e-01 -1.306540053171563465e-02
1.692632299676588570e-01 -1.238474115780829367e-02
1.751777948643248317e-01 -1.168252697402681790e-02
1.811840289816407656e-01 -1.096647885941652058e-02
1.872812647978095990e-01 -1.024478461618835365e-02
1.934688246772731102e-01 -9.528425394904413079e-03
1.997460209460230063e-01 -8.828256230942375937e-03
2.061121559680280102e-01 -8.151507947944745813e-03
2.125665222227673956e-01 -7.502874009647411864e-03
2.191084023838638650e-01 -6.881766434124361558e-03
2.257370693988056676e-01 -6.287012513056729722e-03
2.324517865697500740e-01 -5.718643955275044648e-03
2.392518076353984391e-01 -5.176520851573175250e-03
2.461363768539343022e-01 -4.659702718221207275e-03
2.531047290870154232e-01 -4.167220244117509319e-03
2.601560898848094272e-01 -3.698240834678604219e-03
2.672896755720651774e-01 -3.251733711787344050e-03
2.745046933352085494e-01 -2.826339779012139279e-03
2.818003413104546162e-01 -2.420604419485317387e-03
2.891758086729252497e-01 -2.032978991411349672e-03
2.966302757267624823e-01 -1.661735104185424082e-03
3.041629139962280792e-01 -1.305060496458667610e-03
3.117728863177794407e-01 -9.632257523593212812e-04
3.194593469331089564e-01 -6.384321739863088423e-04
3.272214415831418144e-01 -3.330779664153911629e-04
3.350583076029753915e-01 -4.966262983878101726e-05
3.429690740177547825e-01 2.092643581952489278e-04
3.509528616394713696e-01 4.410965227309865682e-04
3.590087831646743277e-01 6.429821952886905509e-04
3.671359432730831873e-01 8.119548963799415580e-04
3.753334387270930161e-01 9.451925937429847633e-04
3.836003584721576765e-01 1.039826339656300469e-03
3.919357837380436083e-01 1.092285774124321417e-03
4.003387881409395943e-01 1.099130952715711689e-03
4.088084377864137364e-01 1.058933559629983596e-03
4.173437913732044313e-01 9.713618629238303858e-04
4.259439002978354649e-01 8.380055677621262239e-04
4.346078087600411255e-01 6.608437166997972083e-04
4.433345538689928977e-01 4.414786974939238686e-04
4.521231657503131940e-01 1.815761640412551323e-04
4.609726676538650203e-01 -1.167912468599316530e-04
4.698820760623064752e-01 -4.514608943169434079e-04
4.788504008003974244e-01 -8.202258447658625695e-04
4.878766451450451402e-01 -1.220784669559433003e-03
4.969598059360780251e-01 -1.650660776415255413e-03
5.060988736877365390e-01 -2.107199335985286606e-03
5.152928327008634568e-01 -2.587482383082147924e-03
5.245406611757882365e-01 -3.088417102627392247e-03
5.338413313258880688e-01 -3.606699167717331445e-03
5.431938094918128401e-01 -4.138907413081734446e-03
5.525970562563653488e-01 -4.681498563991227935e-03
5.620500265600203438e-01 -5.230838705641834702e-03
5.715516698170692855e-01 -5.783199372900314945e-03
5.811009300323815019e-01 -6.334647156373502362e-03
5.906967459187653091e-01 -6.881091936212033015e-03
6.003380510149177729e-01 -7.418574507463914468e-03
6.100237738039482327e-01 -7.943361967773076432e-03
6.197528378324663745e-01 -8.453071809081537380e-03
6.295241618302156450e-01 -8.946086344157234624e-03
6.393366598302444581e-01 -9.420567865424007981e-03
6.491892412895989839e-01 -9.874571004847175135e-03
6.590808112105230876e-01 -1.030618750760790500e-02
6.690102702621547603e-01 -1.071351661544080180e-02
6.789765149027036095e-01 -1.109461348896215345e-02
6.889784375020977514e-01 -1.144749791031988984e-02
6.990149264650814542e-01 -1.177009812107369068e-02
7.090848663547572039e-01 -1.206065662524758754e-02
7.191871380165538730e-01 -1.231867398188511362e-02
7.293206187026060050e-01 -1.254396212486353149e-02
7.394841821965345563e-01 -1.273639547153785842e-02
7.496766989386134394e-01 -1.289589240975132223e-02
7.598970361513051053e-01 -1.302245209359632547e-02
7.701440579651563922e-01 -1.311601870798049206e-02
7.804166255450371015e-01 -1.317639672333428998e-02
7.907135972167069760e-01 -1.320360039906171533e-02
8.010338285937002034e-01 -1.319800332636272486e-02
8.113761727045106786e-01 -1.315778736212323830e-02
8.217394801200630372e-01 -1.307781913346524327e-02
8.321225990814590245e-01 -1.295231589855278150e-02
8.425243756279822138e-01 -1.277502189952001328e-02
8.529436537253458628e-01 -1.253975377815172432e-02
8.633792753941731402e-01 -1.224043194991133489e-02
8.738300808386934015e-01 -1.187090854554864565e-02
8.842949085756387495e-01 -1.142496702082297817e-02
8.947725955633289985e-01 -1.089633856299642052e-02
9.052619773309316109e-01 -1.027882031674804374e-02
9.157618881078770645e-01 -9.567373665222334359e-03
9.262711609534211021e-01 -8.757712888540073945e-03
9.367886278863364335e-01 -7.845729182346916283e-03
9.473131200147204556e-01 -6.827397852661981625e-03
9.578434676659028923e-01 -5.698670502113112671e-03
9.683785005164411430e-01 -4.455503123221003260e-03
9.789170477221889044e-01 -3.093941832531736918e-03
9.894579380484205267e-01 -1.610070975481131105e-03
9.999999999999998890e-01 1.193478229715863948e-10
