9.999999999999998890e-01 1.890000016852727517e-03
9.894579380484205267e-01 4.094129419819431126e-03
9.789170477221889044e-01 6.270125324133049918e-03
9.683785005164411430e-01 8.418202404685196441e-03
9.578434676659028923e-01 1.053859196690957144e-02
9.473131200147204556e-01 1.263153275651492796e-02
9.367886278863364335e-01 1.469727450668646337e-02
9.262711609534211021e-01 1.673607620014856689e-02
9.157618881078770645e-01 1.874821357201054625e-02
9.052619773309316109e-01 2.073396422196620292e-02
8.947725955633289985e-01 2.269360383303049497e-02
8.842949085756387495e-01 2.462733875620032667e-02
8.738300808386934015e-01 2.653526587521503471e-02
8.633792753941731402e-01 2.841748753210067077e-02
8.529436537253458628e-01 3.027412637219837124e-02
8.425243756279822138e-01 3.210530649944220299e-02
8.321225990814590245e-01 3.391115290803931037e-02
8.217394801200630372e-01 3.569180824223135151e-02
8.113761727045106786e-01 3.744743082281770663e-02
8.010338285937002034e-01 3.917816217478897745e-02
7.907135972167069760e-01 4.088411588247314876e-02
7.804166255450371015e-01 4.256523248576113416e-02
7.701440579651563922e-01 4.422133946989807718e-02
7.598970361513051053e-01 4.585229742111947282e-02
7.496766989386134394e-01 4.745798705498540521e-02
7.394841821965345563e-01 4.903829007459013789e-02
7.293206187026060050e-01 5.059309241279287550e-02
7.191871380165538730e-01 5.212230487350455466e-02
7.090848663547572039e-01 5.362584755219986649e-02
6.990149264650814542e-01 5.510363770014725660e-02
6.889784375020977514e-01 5.655555045309261508e-02
6.789765149027036095e-01 5.798128289201236185e-02
6.690102702621547603e-01 5.938049258183342866e-02
6.590808112105230876e-01 6.075286771224509136e-02
6.491892412895989839e-01 6.209811167466428722e-02
6.393366598302444581e-01 6.341595253157183976e-02
6.295241618302156450e-01 6.470612852778144519e-02
6.197528378324663745e-01 6.596839190227644922e-02
6.100237738039482327e-01 6.720251992265444119e-02
6.003380510149177729e-01 6.840833529622404596e-02
5.906967459187653091e-01 6.958557290177060095e-02
5.811009300323815019e-01 7.073380849718362284e-02
5.715516698170692855e-01 7.185259725715015255e-02
5.620500265600203438e-01 7.294148830490275459e-02
5.525970562563653488e-01 7.400007168122195444e-02
5.431938094918128401e-01 7.502798779221012127e-02
5.338413313258880688e-01 7.602488893794687175e-02
5.245406611757882365e-01 7.699044001473964727e-02
5.152928327008634568e-01 7.792436885531796309e-02
5.060988736877365390e-01 7.882645282617023463e-02
4.969598059360780251e-01 7.969641439779763525e-02
4.878766451450451402e-01 8.053392272545337183e-02
4.788504008003974244e-01 8.133851351258794549e-02
4.698820760623064752e-01 8.210965229641696561e-02
4.609726676538650203e-01 8.284689408192498494e-02
4.521231657503131940e-01 8.354984732456223473e-02
4.433345538689928977e-01 8.421817112804062810e-02
4.346078087600411255e-01 8.485155287323925544e-02
4.259439002978354649e-01 8.544971912861273888e-02
4.173437913732044313e-01 8.601243509464928660e-02
4.088084377864137364e-01 8.653958197309144507e-02
4.003387881409395943e-01 8.703103768309684851e-02
3.919357837380436083e-01 8.748653719093127390e-02
3.836003584721576765e-01 8.790573107330537650e-02
3.753334387270930161e-01 8.828811142938154666e-02
3.671359432730831873e-01 8.863319800311579566e-02
3.590087831646743277e-01 8.894066549066950711e-02
3.509528616394713696e-01 8.921023834341909597e-02
3.429690740177547825e-01 8.944169537663697322e-02
3.350583076029753915e-01 8.963487276535331283e-02
3.272214415831418144e-01 8.978969919018939261e-02
3.194593469331089564e-01 8.990615882076075094e-02
3.117728863177794407e-01 8.998430715806969571e-02
3.041629139962280792e-01 9.002425415846167234e-02
2.966302757267624823e-01 9.002616545078355459e-02
2.891758086729252497e-01 8.999002418580270835e-02
2.818003413104546162e-01 8.991561380299209483e-02
2.745046933352085494e-01 8.980277511477460783e-02
2.672896755720651774e-01 8.965142114176773147e-02
2.601560898848094272e-01 8.946161974230051883e-02
2.531047290870154232e-01 8.923355000418214944e-02
2.461363768539343022e-01 8.896731150698518331e-02
2.392518076353984391e-01 8.866294119953019304e-02
2.324517865697500740e-01 8.832039313359044130e-02
2.257370693988056676e-01 8.793959915109382519e-02
2.191084023838638650e-01 8.752066268295972951e-02
2.125665222227673956e-01 8.706379809455630503e-02
2.061121559680280102e-01 8.656941839205936629e-02
1.997460209460230063e-01 8.603798198045674306e-02
1.934688246772731102e-01 8.546979494827269819e-02
1.872812647978095990e-01 8.486511154168403792e-02
1.811840289816407656e-01 8.422417037981090593e-02
1.751777948643248317e-01 8.354725936066605130e-02
1.692632299676588570e-01 8.283484914619695938e-02
1.634409916254914164e-01 8.208755355788781294e-02
1.577117269106679265e-01 8.130628049528977608e-02
1.520760725631161714e-01 8.049188917029793944e-02
1.465346549190801317e-01 7.964499832294133497e-02
1.410880898415101115e-01 7.876560024904505353e-02
1.357369826516168221e-01 7.785253121824756151e-02
1.304819280615971966e-01 7.690486571812149563e-02
1.253235101085391490e-01 7.592229576526721146e-02
1.202623020895129402e-01 7.490478105570808065e-02
1.152988664978553679e-01 7.385257952232485157e-02
1.104337549606562163e-01 7.276618948482609095e-02
1.056675081774507419e-01 7.164638225135142036e-02
1.010006558601274085e-01 7.049434057787547225e-02
9.643371667405697956e-02 6.931168167987747375e-02
9.196719818044885031e-02 6.810077949244944251e-02
8.760159677994161509e-02 6.686464353635947211e-02
8.333739765743386485e-02 6.560657944231364225e-02
7.917507472816209813e-02 6.432999666772103164e-02
7.511509058502996439e-02 6.303738117836574228e-02
7.115789644719716645e-02 6.172962681911783184e-02
6.730393210993146358e-02 6.039898596698212857e-02
6.355362589573076981e-02 5.903419241074054497e-02
5.990739460672012129e-02 5.762885507595610912e-02
5.636564347832906385e-02 5.617853501735345367e-02
5.292876613425423482e-02 5.467846487577560782e-02
4.959714454271368922e-02 5.312617776229108107e-02
4.637114897399441382e-02 5.153006264663348435e-02
4.325113795930202176e-02 4.990279425756859871e-02
4.023745825091396000e-02 4.826161971100392106e-02
3.733044478364233587e-02 4.662320772996265267e-02
3.453042063760936031e-02 4.499923477206722172e-02
3.183769700234129196e-02 4.340044306745968750e-02
2.925257314218321358e-02 4.183759997698677929e-02
2.677533636303963682e-02 4.031949294757497526e-02
2.440626198044326678e-02 3.885037963691891777e-02
2.214561328895736647e-02 3.740357673052858295e-02
1.999364153291383062e-02 3.589919207460696982e-02
1.795058587848985532e-02 3.427166355959188754e-02
1.601667338712764455e-02 3.248512991776832809e-02
1.419211899029970692e-02 3.052095137224259888e-02
1.247712546562085301e-02 2.837950803278560530e-02
1.087188341431266636e-02 2.607481382294551606e-02
9.376571240020115106e-03 2.363443166372371229e-02
7.991355128984078959e-03 2.109457473267901950e-02
6.716389031571567969e-03 1.849888998780759714e-02
5.551814645166519568e-03 1.589566105540958854e-02
4.497761398421062928e-03 1.333648588679542564e-02
3.554346436871580472e-03 1.087334550186080072e-02
2.721674609919344512e-03 8.558050583243896961e-03
1.999838459177394334e-03 6.439161971321626099e-03
1.388918208186096237e-03 4.562657394928281394e-03
8.889817534969424173e-04 2.968226730496349199e-03
5.000846571264760954e-04 1.691288365161939741e-03
2.222701403818971855e-04 7.583508160953648719e-04
5.556907905679420168e-05 1.906877978251265602e-04
0.000000000000000000e+00 -4.155577162446006158e-09
0.000000000000000000e+00 4.155577162446006158e-09
5.556907905679420168e-05 -1.906877978251265602e-04
2.222701403818971855e-04 -7.583508160953648719e-04
5.000846571264760954e-04 -1.691288365161939741e-03
8.889817534969424173e-04 -2.968226730496349199e-03
1.388918208186096237e-03 -4.562657394928281394e-03
1.999838459177394334e-03 -6.439161971321626099e-03
2.721674609919344512e-03 -8.558050583243896961e-03
3.554346436871580472e-03 -1.087334550186080072e-02
4.497761398421062928e-03 -1.333648588679542564e-02
5.551814645166519568e-03 -1.589566105540958854e-02
6.716389031571567969e-03 -1.849888998780759714e-02
7.991355128984078959e-03 -2.109457473267901950e-02
9.376571240020115106e-03 -2.363443166372371229e-02
1.087188341431266636e-02 -2.607481382294551606e-02
1.247712546562085301e-02 -2.837950803278560530e-02
1.419211899029970692e-02 -3.052095137224259888e-02
1.601667338712764455e-02 -3.248512991776832809e-02
1.795058587848985532e-02 -3.427166355959188754e-02
1.999364153291383062e-02 -3.589919207460696982e-02
2.214561328895736647e-02 -3.740357673052858295e-02
2.440626198044326678e-02 -3.885037963691891777e-02
2.677533636303963682e-02 -4.031949294757497526e-02
2.925257314218321358e-02 -4.183759997698677929e-02
3.183769700234129196e-02 -4.340044306745968750e-02
3.453042063760936031e-02 -4.499923477206722172e-02
3.733044478364233587e-02 -4.662320772996265267e-02
4.023745825091396000e-02 -4.826161971100392106e-02
4.325113795930202176e-02 -4.990279425756859871e-02
4.637114897399441382e-02 -5.153006264663348435e-02
4.959714454271368922e-02 -5.312617776229108107e-02
5.292876613425423482e-02 -5.467846487577560782e-02
5.636564347832906385e-02 -5.617853501735345367e-02
5.990739460672012129e-02 -5.762885507595610912e-02
6.355362589573076981e-02 -5.903419241074054497e-02
6.730393210993146358e-02 -6.039898596698212857e-02
7.115789644719716645e-02 -6.172962681911783184e-02
7.511509058502996439e-02 -6.303738117836574228e-02
7.917507472816209813e-02 -6.432999666772103164e-02
8.333739765743386485e-02 -6.560657944231364225e-02
8.760159677994161509e-02 -6.686464353635947211e-02
9.196719818044885031e-02 -6.810077949244944251e-02
9.643371667405697956e-02 -6.931168167987747375e-02
1.010006558601274085e-01 -7.049434057787547225e-02
1.056675081774507419e-01 -7.164638225135142036e-02
1.104337549606562163e-01 -7.276618948482609095e-02
1.152988664978553679e-01 -7.385257952232485157e-02
1.202623020895129402e-01 -7.490478105570808065e-02
1.253235101085391490e-01 -7.592229576526721146e-02
1.304819280615971966e-01 -7.690486571812149563e-02
1.357369826516168221e-01 -7.785253121824756151e-02
1.410880898415101115e-01 -7.876560024904505353e-02
1.465346549190801317e-01 -7.964499832294133497e-02
1.520760725631161714e-01 -8.049188917029793944e-02
1.577117269106679265e-01 -8.130628049528977608e-02
1.634409916254914164e-01 -8.208755355788781294e-02
1.692632299676588570e-01 -8.283484914619695938e-02
1.751777948643248317e-01 -8.354725936066605130e-02
1.811840289816407656e-01 -8.422417037981090593e-02
1.872812647978095990e-01 -8.486511154168403792e-02
1.934688246772731102e-01 -8.546979494827269819e-02
1.997460209460230063e-01 -8.603798198045674306e-02
2.061121559680280102e-01 -8.656941839205936629e-02
2.125665222227673956e-01 -8.706379809455630503e-02
2.191084023838638650e-01 -8.752066268295972951e-02
2.257370693988056676e-01 -8.793959915109382519e-02
2.324517865697500740e-01 -8.832039313359044130e-02
2.392518076353984391e-01 -8.866294119953019304e-02
2.461363768539343022e-01 -8.896731150698518331e-02
2.531047290870154232e-01 -8.923355000418214944e-02
2.601560898848094272e-01 -8.946161974230051883e-02
2.672896755720651774e-01 -8.965142114176773147e-02
2.745046933352085494e-01 -8.980277511477460783e-02
2.818003413104546162e-01 -8.991561380299209483e-02
2.891758086729252497e-01 -8.999002418580270835e-02
2.966302757267624823e-01 -9.002616545078355459e-02
3.041629139962280792e-01 -9.002425415846167234e-02
3.117728863177794407e-01 -8.998430715806969571e-02
3.194593469331089564e-01 -8.990615882076075094e-02
3.272214415831418144e-01 -8.978969919018939261e-02
3.350583076029753915e-01 -8.963487276535331283e-02
3.429690740177547825e-01 -8.944169537663697322e-02
3.509528616394713696e-01 -8.921023834341909597e-02
3.590087831646743277e-01 -8.894066549066950711e-02
3.671359432730831873e-01 -8.863319800311579566e-02
3.753334387270930161e-01 -8.828811142938154666e-02
3.836003584721576765e-01 -8.790573107330537650e-02
3.919357837380436083e-01 -8.748653719093127390e-02
4.003387881409395943e-01 -8.703103768309684851e-02
4.088084377864137364e-01 -8.653958197309144507e-02
4.173437913732044313e-01 -8.601243509464928660e-02
4.259439002978354649e-01 -8.544971912861273888e-02
4.346078087600411255e-01 -8.485155287323925544e-02
4.433345538689928977e-01 -8.421817112804062810e-02
4.521231657503131940e-01 -8.354984732456223473e-02
4.609726676538650203e-01 -8.284689408192498494e-02
4.698820760623064752e-01 -8.210965229641696561e-02
4.788504008003974244e-01 -8.133851351258794549e-02
4.878766451450451402e-01 -8.053392272545337183e-02
4.969598059360780251e-01 -7.969641439779763525e-02
5.060988736877365390e-01 -7.882645282617023463e-02
5.152928327008634568e-01 -7.792436885531796309e-02
5.245406611757882365e-01 -7.699044001473964727e-02
5.338413313258880688e-01 -7.602488893794687175e-02
5.431938094918128401e-01 -7.502798779221012127e-02
5.525970562563653488e-01 -7.400007168122195444e-02
5.620500265600203438e-01 -7.294148830490275459e-02
5.715516698170692855e-01 -7.185259725715015255e-02
5.811009300323815019e-01 -7.073380849718362284e-02
5.906967459187653091e-01 -6.958557290177060095e-02
6.003380510149177729e-01 -6.840833529622404596e-02
6.100237738039482327e-01 -6.720251992265444119e-02
6.197528378324663745e-01 -6.596839190227644922e-02
6.295241618302156450e-01 -6.470612852778144519e-02
6.393366598302444581e-01 -6.341595253157183976e-02
6.491892412895989839e-01 -6.209811167466428722e-02
6.590808112105230876e-01 -6.075286771224509136e-02
6.690102702621547603e-01 -5.938049258183342866e-02
6.789765149027036095e-01 -5.798128289201236185e-02
6.889784375020977514e-01 -5.655555045309261508e-02
6.990149264650814542e-01 -5.510363770014725660e-02
7.090848663547572039e-01 -5.362584755219986649e-02
7.191871380165538730e-01 -5.212230487350455466e-02
7.293206187026060050e-01 -5.059309241279287550e-02
7.394841821965345563e-01 -4.903829007459013789e-02
7.496766989386134394e-01 -4.745798705498540521e-02
7.598970361513051053e-01 -4.585229742111947282e-02
7.701440579651563922e-01 -4.422133946989807718e-02
7.804166255450371015e-01 -4.256523248576113416e-02
7.907135972167069760e-01 -4.088411588247314876e-02
8.010338285937002034e-01 -3.917816217478897745e-02
8.113761727045106786e-01 -3.744743082281770663e-02
8.217394801200630372e-01 -3.569180824223135151e-02
8.321225990814590245e-01 -3.391115290803931037e-02
8.425243756279822138e-01 -3.210530649944220299e-02
8.529436537253458628e-01 -3.027412637219837124e-02
8.633792753941731402e-01 -2.841748753210067077e-02
8.738300808386934015e-01 -2.653526587521503471e-02
8.842949085756387495e-01 -2.462733875620032667e-02
8.947725955633289985e-01 -2.269360383303049497e-02
9.052619773309316109e-01 -2.073396422196620292e-02
9.157618881078770645e-01 -1.874821357201054625e-02
9.262711609534211021e-01 -1.673607620014856689e-02
9.367886278863364335e-01 -1.469727450668646337e-02
9.473131200147204556e-01 -1.263153275651492796e-02
9.578434676659028923e-01 -1.053859196690957144e-02
9.683785005164411430e-01 -8.418202404685196441e-03
9.789170477221889044e-01 -6.270125324133049918e-03
9.894579380484205267e-01 -4.094129419819431126e-03
9.999999999999998890e-01 -1.890000016852727517e-03
