9.999999999999998890e-01 1.196665430706969407e-03
9.894579380484205267e-01 3.376667559344595244e-03
9.789170477221889044e-01 5.524350964988118846e-03
9.683785005164411430e-01 7.639502292550930801e-03
9.578434676659028923e-01 9.721905612181731826e-03
9.473131200147204556e-01 1.177135921488516208e-02
9.367886278863364335e-01 1.378770155175204973e-02
9.262711609534211021e-01 1.577077014434573321e-02
9.157618881078770645e-01 1.772038543337271094e-02
9.052619773309316109e-01 1.963640657508301801e-02
8.947725955633289985e-01 2.151876953464492218e-02
8.842949085756387495e-01 2.336735870382437852e-02
8.738300808386934015e-01 2.518196741823155310e-02
8.633792753941731402e-01 2.696256549859400026e-02
8.529436537253458628e-01 2.870934157303529216e-02
8.425243756279822138e-01 3.042169216022213782e-02
8.321225990814590245e-01 3.209813810637947989e-02
8.217394801200630372e-01 3.373789969387924748e-02
8.113761727045106786e-01 3.534091261911984083e-02
8.010338285937002034e-01 3.690721137156745962e-02
7.907135972167069760e-01 3.843688222322542980e-02
7.804166255450371015e-01 3.992995277840380441e-02
7.701440579651563922e-01 4.138642346521899384e-02
7.598970361513051053e-01 4.280642695135031262e-02
7.496766989386134394e-01 4.419014703794257870e-02
7.394841821965345563e-01 4.553757584797449992e-02
7.293206187026060050e-01 4.684868302840070747e-02
7.191871380165538730e-01 4.812388092287955832e-02
7.090848663547572039e-01 4.936354552747469759e-02
6.990149264650814542e-01 5.056693965427208615e-02
6.889784375020977514e-01 5.173305724029909902e-02
6.789765149027036095e-01 5.286130737410495162e-02
6.690102702621547603e-01 5.395140233351763959e-02
6.590808112105230876e-01 5.500373397580664986e-02
6.491892412895989839e-01 5.601875636362501493e-02
6.393366598302444581e-01 5.699666242852828579e-02
6.295241618302156450e-01 5.793765444092828509e-02
6.197528378324663745e-01 5.884207367002487754e-02
6.100237738039482327e-01 5.971027335207620274e-02
6.003380510149177729e-01 6.054258868763204293e-02
5.906967459187653091e-01 6.133934132289733249e-02
5.811009300323815019e-01 6.210083522860084665e-02
5.715516698170692855e-01 6.282745490720581527e-02
5.620500265600203438e-01 6.351969840101255593e-02
5.525970562563653488e-01 6.417793039741308270e-02
5.431938094918128401e-01 6.480227182946901587e-02
5.338413313258880688e-01 6.539112300750582474e-02
5.245406611757882365e-01 6.594128462094656085e-02
5.152928327008634568e-01 6.645196222145595411e-02
5.060988736877365390e-01 6.692444475593548048e-02
4.969598059360780251e-01 6.735943427612446632e-02
4.878766451450451402e-01 6.775718897072779967e-02
4.788504008003974244e-01 6.811829006984305990e-02
4.698820760623064752e-01 6.844350424413764289e-02
4.609726676538650203e-01 6.873344882820658919e-02
4.521231657503131940e-01 6.898867603431743656e-02
4.433345538689928977e-01 6.920982502148488591e-02
4.346078087600411255e-01 6.939757257497505827e-02
4.259439002978354649e-01 6.955259752981446386e-02
4.173437913732044313e-01 6.967557034986293640e-02
4.088084377864137364e-01 6.976711919815595242e-02
4.003387881409395943e-01 6.982789943995731941e-02
3.919357837380436083e-01 6.985871858270287227e-02
3.836003584721576765e-01 6.986033049482068269e-02
3.753334387270930161e-01 6.983320345013610542e-02
3.671359432730831873e-01 6.977799504813707310e-02
3.590087831646743277e-01 6.969600270859527269e-02
3.509528616394713696e-01 6.958758953132307412e-02
3.429690740177547825e-01 6.945085987487842338e-02
3.350583076029753915e-01 6.928450920639880883e-02
3.272214415831418144e-01 6.908886211315636017e-02
3.194593469331089564e-01 6.886465502459022947e-02
3.117728863177794407e-01 6.861298652933690845e-02
3.041629139962280792e-01 6.833483739356654985e-02
2.966302757267624823e-01 6.803100016300839270e-02
2.891758086729252497e-01 6.770235655373922634e-02
2.818003413104546162e-01 6.734989548060503484e-02
2.745046933352085494e-01 6.697453845878965917e-02
2.672896755720651774e-01 6.657714513872628470e-02
2.601560898848094272e-01 6.615865121151121020e-02
2.531047290870154232e-01 6.572004388173904865e-02
2.461363768539343022e-01 6.526220147248157355e-02
2.392518076353984391e-01 6.478595094664016396e-02
2.324517865697500740e-01 6.429231291141486448e-02
2.257370693988056676e-01 6.378236341895571204e-02
2.191084023838638650e-01 6.325679058661157206e-02
2.125665222227673956e-01 6.271625450047291217e-02
2.061121559680280102e-01 6.216234110484569059e-02
1.997460209460230063e-01 6.159586252766513503e-02
1.934688246772731102e-01 6.101193169982866565e-02
1.872812647978095990e-01 6.040525941855134917e-02
1.811840289816407656e-01 5.977636006941901281e-02
1.751777948643248317e-01 5.912705733922617168e-02
1.692632299676588570e-01 5.845849239619620857e-02
1.634409916254914164e-01 5.777193833756028019e-02
1.577117269106679265e-01 5.706945150014940821e-02
1.520760725631161714e-01 5.635240825398767084e-02
1.465346549190801317e-01 5.562026499116570766e-02
1.410880898415101115e-01 5.487231953810635388e-02
1.357369826516168221e-01 5.410811659808518331e-02
1.304819280615971966e-01 5.332848655753458234e-02
1.253235101085391490e-01 5.253629869424888271e-02
1.202623020895129402e-01 5.173330479993897696e-02
1.152988664978553679e-01 5.091951489552305754e-02
1.104337549606562163e-01 5.009689467907475074e-02
1.056675081774507419e-01 4.926963381421312765e-02
1.010006558601274085e-01 4.843740800930878415e-02
9.643371667405697956e-02 4.759527677844107435e-02
9.196719818044885031e-02 4.673738114121158554e-02
8.760159677994161509e-02 4.585779853341179907e-02
8.333739765743386485e-02 4.495759101423813658e-02
7.917507472816209813e-02 4.404245445147672577e-02
7.511509058502996439e-02 4.311547749929613843e-02
7.115789644719716645e-02 4.217823538296303076e-02
6.730393210993146358e-02 4.123292945592353653e-02
6.355362589573076981e-02 4.028227534181667846e-02
5.990739460672012129e-02 3.933030252934773680e-02
5.636564347832906385e-02 3.837754747802490235e-02
5.292876613425423482e-02 3.740248232104908394e-02
4.959714454271368922e-02 3.638744633747028473e-02
4.637114897399441382e-02 3.536593461221845119e-02
4.325113795930202176e-02 3.437803480366177084e-02
4.023745825091396000e-02 3.343503289013256830e-02
3.733044478364233587e-02 3.252485659281929842e-02
3.453042063760936031e-02 3.158453357685552659e-02
3.183769700234129196e-02 3.056632227025582460e-02
2.925257314218321358e-02 2.948544258571143134e-02
2.677533636303963682e-02 2.836139907122702669e-02
2.440626198044326678e-02 2.720210865622084070e-02
2.214561328895736647e-02 2.601668244169375380e-02
1.999364153291383062e-02 2.481886896630324663e-02
1.795058587848985532e-02 2.361991237624150655e-02
1.601667338712764455e-02 2.242677192414611193e-02
1.419211899029970692e-02 2.125063289717512779e-02
1.247712546562085301e-02 2.010706207438298782e-02
1.087188341431266636e-02 1.897834590421500905e-02
9.376571240020115106e-03 1.781229917210646468e-02
7.991355128984078959e-03 1.657232326045469939e-02
6.716389031571567969e-03 1.524333953562688818e-02
5.551814645166519568e-03 1.389960447945160806e-02
4.497761398421062928e-03 1.266142718089545254e-02
3.554346436871580472e-03 1.142017335983262251e-02
2.721674609919344512e-03 9.941946780541567261e-03
1.999838459177394334e-03 8.171112166555969877e-03
1.388918208186096237e-03 6.170797449777774488e-03
8.889817534969424173e-04 4.174293864947495498e-03
5.000846571264760954e-04 2.461606287947554119e-03
2.222701403818971855e-04 1.146686491260087357e-03
5.556907905679420168e-05 2.922472698814868779e-04
0.000000000000000000e+00 8.751939271016468709e-06
0.000000000000000000e+00 -6.837883136890041498e-09
5.556907905679420168e-05 -8.227068067467852410e-05
2.222701403818971855e-04 -3.289080873290542960e-04
5.000846571264760954e-04 -7.371701283509681912e-04
8.889817534969424173e-04 -1.304684461021858024e-03
1.388918208186096237e-03 -2.027816552097839661e-03
1.999838459177394334e-03 -2.899284946731924863e-03
2.721674609919344512e-03 -3.911992427393537648e-03
3.554346436871580472e-03 -5.060617833477846529e-03
4.497761398421062928e-03 -6.336221518776569833e-03
5.551814645166519568e-03 -7.722650653990966590e-03
6.716389031571567969e-03 -9.209361711036525774e-03
7.991355128984078959e-03 -1.079510211877286220e-02
9.376571240020115106e-03 -1.244240125905815737e-02
1.087188341431266636e-02 -1.406548617314285453e-02
1.247712546562085301e-02 -1.561133975939800467e-02
1.419211899029970692e-02 -1.706561695283231525e-02
1.601667338712764455e-02 -1.837209665719184704e-02
1.795058587848985532e-02 -1.943942675882889479e-02
1.999364153291383062e-02 -2.028189539377771647e-02
2.214561328895736647e-02 -2.099934085225513627e-02
2.440626198044326678e-02 -2.168781275671541331e-02
2.677533636303963682e-02 -2.243144228234543805e-02
2.925257314218321358e-02 -2.323842097864453962e-02
3.183769700234129196e-02 -2.407548384861031912e-02
3.453042063760936031e-02 -2.492152806316440261e-02
3.733044478364233587e-02 -2.576205665750786605e-02
4.023745825091396000e-02 -2.658642967982953464e-02
4.325113795930202176e-02 -2.738466238400825287e-02
4.637114897399441382e-02 -2.814227024622607820e-02
4.959714454271368922e-02 -2.884531548929852862e-02
5.292876613425423482e-02 -2.948860614238785205e-02
5.636564347832906385e-02 -3.008239028802182219e-02
5.990739460672012129e-02 -3.068344185097154897e-02
6.355362589573076981e-02 -3.133567514212072525e-02
6.730393210993146358e-02 -3.201483585785525748e-02
7.115789644719716645e-02 -3.269047694067185594e-02
7.511509058502996439e-02 -3.334742938247119842e-02
7.917507472816209813e-02 -3.397490719332419556e-02
8.333739765743386485e-02 -3.456647533574037229e-02
8.760159677994161509e-02 -3.512250655197617782e-02
9.196719818044885031e-02 -3.565403886000829276e-02
9.643371667405697956e-02 -3.617148676939063723e-02
1.010006558601274085e-01 -3.668271624868907343e-02
1.056675081774507419e-01 -3.718985290525168158e-02
1.104337549606562163e-01 -3.768842061670956561e-02
1.152988664978553679e-01 -3.817581397159151846e-02
1.202623020895129402e-01 -3.865176130400797827e-02
1.253235101085391490e-01 -3.911654719840133854e-02
1.304819280615971966e-01 -3.957090820444782858e-02
1.357369826516168221e-01 -4.001645747400246061e-02
1.410880898415101115e-01 -4.045517832687207938e-02
1.465346549190801317e-01 -4.088632317349939760e-02
1.520760725631161714e-01 -4.130765672105236180e-02
1.577117269106679265e-01 -4.171849901994757748e-02
1.634409916254914164e-01 -4.211876678609835500e-02
1.692632299676588570e-01 -4.250692459616834534e-02
1.751777948643248317e-01 -4.288165095350646855e-02
1.811840289816407656e-01 -4.324637827942091201e-02
1.872812647978095990e-01 -4.360538033721113316e-02
1.934688246772731102e-01 -4.395900460453983083e-02
1.997460209460230063e-01 -4.430651528765670866e-02
2.061121559680280102e-01 -4.464742224050038955e-02
2.125665222227673956e-01 -4.498124450423109100e-02
2.191084023838638650e-01 -4.530734332120857355e-02
2.257370693988056676e-01 -4.562528322246491019e-02
2.324517865697500740e-01 -4.593524324057476210e-02
2.392518076353984391e-01 -4.623730171301958236e-02
2.461363768539343022e-01 -4.653109890403947513e-02
2.531047290870154232e-01 -4.681616694474785567e-02
2.601560898848094272e-01 -4.709194753303150988e-02
2.672896755720651774e-01 -4.735796242016009072e-02
2.745046933352085494e-01 -4.761387847230962034e-02
2.818003413104546162e-01 -4.785965981385399692e-02
2.891758086729252497e-01 -4.809562263995614817e-02
2.966302757267624823e-01 -4.832166566355287907e-02
3.041629139962280792e-01 -4.853721251776717260e-02
3.117728863177794407e-01 -4.874177852317367748e-02
3.194593469331089564e-01 -4.893498528128453068e-02
3.272214415831418144e-01 -4.911645487098464935e-02
3.350583076029753915e-01 -4.928579926700880909e-02
3.429690740177547825e-01 -4.944254288612771886e-02
3.509528616394713696e-01 -4.958617941105070842e-02
3.590087831646743277e-01 -4.971644928637868055e-02
3.671359432730831873e-01 -4.983313369590364889e-02
3.753334387270930161e-01 -4.993529525122392815e-02
3.836003584721576765e-01 -5.002170065835839091e-02
3.919357837380436083e-01 -5.009132410389779966e-02
4.003387881409395943e-01 -5.014331144382067756e-02
4.088084377864137364e-01 -5.017727371224101063e-02
4.173437913732044313e-01 -5.019293122547438535e-02
4.259439002978354649e-01 -5.018984885649292044e-02
4.346078087600411255e-01 -5.016744712923271871e-02
4.433345538689928977e-01 -5.012479082812400233e-02
4.521231657503131940e-01 -5.006100655345675082e-02
4.609726676538650203e-01 -4.997561108706570498e-02
4.698820760623064752e-01 -4.986819704718618851e-02
4.788504008003974244e-01 -4.973837286198178748e-02
4.878766451450451402e-01 -4.958557230470125865e-02
4.969598059360780251e-01 -4.940888574966770946e-02
5.060988736877365390e-01 -4.920762334485226375e-02
5.152928327008634568e-01 -4.898151799538848911e-02
5.245406611757882365e-01 -4.873014301408181564e-02
5.338413313258880688e-01 -4.845280587910773956e-02
5.431938094918128401e-01 -4.814908746274752099e-02
5.525970562563653488e-01 -4.781889167499309146e-02
5.620500265600203438e-01 -4.746171973661613558e-02
5.715516698170692855e-01 -4.707662690666564176e-02
5.811009300323815019e-01 -4.666212893362730457e-02
5.906967459187653091e-01 -4.621638661262034153e-02
6.003380510149177729e-01 -4.573856445048850305e-02
6.100237738039482327e-01 -4.522853680514382635e-02
6.197528378324663745e-01 -4.468617987240718070e-02
6.295241618302156450e-01 -4.411144920998268798e-02
6.393366598302444581e-01 -4.350501668426612345e-02
6.491892412895989839e-01 -4.286776833217344207e-02
6.590808112105230876e-01 -4.219966517163751402e-02
6.690102702621547603e-01 -4.150023123679280612e-02
6.789765149027036095e-01 -4.076868130763846437e-02
6.889784375020977514e-01 -4.000415037966667531e-02
6.990149264650814542e-01 -3.920588618203094816e-02
7.090848663547572039e-01 -3.837330051924208590e-02
7.191871380165538730e-01 -3.750629500734716654e-02
7.293206187026060050e-01 -3.660480894644111555e-02
7.394841821965345563e-01 -3.566855106194507380e-02
7.496766989386134394e-01 -3.469723260428774630e-02
7.598970361513051053e-01 -3.369068216166282159e-02
7.701440579651563922e-01 -3.264876269162878680e-02
7.804166255450371015e-01 -3.157138545089741705e-02
7.907135972167069760e-01 -3.045971612960375607e-02
8.010338285937002034e-01 -2.931708388534336185e-02
8.113761727045106786e-01 -2.814496544973335568e-02
8.217394801200630372e-01 -2.694175077110554789e-02
8.321225990814590245e-01 -2.570511408716381202e-02
8.425243756279822138e-01 -2.443220217792605592e-02
8.529436537253458628e-01 -2.312152831916422513e-02
8.633792753941731402e-01 -2.177314697755507525e-02
8.738300808386934015e-01 -2.038840004295171607e-02
8.842949085756387495e-01 -1.896965144935671560e-02
8.947725955633289985e-01 -1.751845544327588350e-02
9.052619773309316109e-01 -1.603565884276061601e-02
9.157618881078770645e-01 -1.452127279708432389e-02
9.262711609534211021e-01 -1.297473929493719001e-02
9.367886278863364335e-01 -1.139502436907156510e-02
9.473131200147204556e-01 -9.780994701924722659e-03
9.578434676659028923e-01 -8.132590984813585153e-03
9.683785005164411430e-01 -6.450183732166830594e-03
9.789170477221889044e-01 -4.733875374925186619e-03
9.894579380484205267e-01 -2.983717984760426295e-03
9.999999999999998890e-01 -1.200000884854592921e-03
