9.999999999999998890e-01 -2.410580380996412211e-03
9.894579380484205267e-01 2.026639085549646578e-03
9.789170477221889044e-01 7.005215144381802921e-03
9.683785005164411430e-01 1.217190833042959032e-02
9.578434676659028923e-01 1.730801099958410860e-02
9.473131200147204556e-01 2.226826762473003291e-02
9.367886278863364335e-01 2.703223518684595705e-02
9.262711609534211021e-01 3.161163065599027072e-02
9.157618881078770645e-01 3.604329706430019209e-02
9.052619773309316109e-01 4.036379210207138163e-02
8.947725955633289985e-01 4.460250739314472468e-02
8.842949085756387495e-01 4.878287552593915666e-02
8.738300808386934015e-01 5.291978485788046555e-02
8.633792753941731402e-01 5.701327825028947721e-02
8.529436537253458628e-01 6.104419636221137396e-02
8.425243756279822138e-01 6.498187243605851870e-02
8.321225990814590245e-01 6.878446680439462280e-02
8.217394801200630372e-01 7.241597583117563575e-02
8.113761727045106786e-01 7.584480346590026512e-02
8.010338285937002034e-01 7.901218132685738915e-02
7.907135972167069760e-01 8.184809592634378905e-02
7.804166255450371015e-01 8.441496828774065764e-02
7.701440579651563922e-01 8.685629778037484705e-02
7.598970361513051053e-01 8.923066279973335124e-02
7.496766989386134394e-01 9.154790192366268897e-02
7.394841821965345563e-01 9.382061286688549162e-02
7.293206187026060050e-01 9.606481912886724595e-02
7.191871380165538730e-01 9.830842480583960874e-02
7.090848663547572039e-01 1.005702054894564990e-01
6.990149264650814542e-01 1.027962200206561233e-01
6.889784375020977514e-01 1.049147623820372993e-01
6.789765149027036095e-01 1.068803523529475441e-01
6.690102702621547603e-01 1.086666742027903726e-01
6.590808112105230876e-01 1.102903846017602163e-01
6.491892412895989839e-01 1.117740577807632418e-01
6.393366598302444581e-01 1.131295656803856242e-01
6.295241618302156450e-01 1.143639822298092024e-01
6.197528378324663745e-01 1.154775109407154693e-01
6.100237738039482327e-01 1.164777789649656947e-01
6.003380510149177729e-01 1.173894570323339298e-01
5.906967459187653091e-01 1.182286347545488531e-01
5.811009300323815019e-01 1.189933175371429286e-01
5.715516698170692855e-01 1.196824553717730499e-01
5.620500265600203438e-01 1.202988324466056635e-01
5.525970562563653488e-01 1.208441921229163468e-01
5.431938094918128401e-01 1.213186921932512263e-01
5.338413313258880688e-01 1.217230564246609970e-01
5.245406611757882365e-01 1.220588146564455384e-01
5.152928327008634568e-01 1.223298807118714943e-01
5.060988736877365390e-01 1.225419707701511374e-01
4.969598059360780251e-01 1.226978843556056770e-01
4.878766451450451402e-01 1.227982634124425571e-01
4.788504008003974244e-01 1.228437117986472121e-01
4.698820760623064752e-01 1.228348047008911981e-01
4.609726676538650203e-01 1.227718178066147664e-01
4.521231657503131940e-01 1.226549721374559782e-01
4.433345538689928977e-01 1.224851724642147532e-01
4.346078087600411255e-01 1.222636991722434452e-01
4.259439002978354649e-01 1.219923117155000403e-01
4.173437913732044313e-01 1.216728642962248835e-01
4.088084377864137364e-01 1.213068642007630038e-01
4.003387881409395943e-01 1.208957336528962284e-01
3.919357837380436083e-01 1.204409574079543660e-01
3.836003584721576765e-01 1.199435520354680124e-01
3.753334387270930161e-01 1.194030027631659691e-01
3.671359432730831873e-01 1.188189444485553831e-01
3.590087831646743277e-01 1.181922000075296131e-01
3.509528616394713696e-01 1.175238723158639059e-01
3.429690740177547825e-01 1.168152555773405432e-01
3.350583076029753915e-01 1.160676957119610164e-01
3.272214415831418144e-01 1.152825796638410893e-01
3.194593469331089564e-01 1.144608718826953114e-01
3.117728863177794407e-01 1.136029220798722983e-01
3.041629139962280792e-01 1.127105747250256446e-01
2.966302757267624823e-01 1.117874267124101401e-01
2.891758086729252497e-01 1.108305381178382454e-01
2.818003413104546162e-01 1.098300684333605032e-01
2.745046933352085494e-01 1.087829175946085636e-01
2.672896755720651774e-01 1.076923284338080905e-01
2.601560898848094272e-01 1.065589720424875847e-01
2.531047290870154232e-01 1.053822354322219018e-01
2.461363768539343022e-01 1.041720437513439235e-01
2.392518076353984391e-01 1.029441218030694022e-01
2.324517865697500740e-01 1.017038329078512049e-01
2.257370693988056676e-01 1.004513083612289942e-01
2.191084023838638650e-01 9.919048771753467830e-02
2.125665222227673956e-01 9.792465819711498876e-02
2.061121559680280102e-01 9.664215835627933127e-02
1.997460209460230063e-01 9.532775529500009393e-02
1.934688246772731102e-01 9.397697197333654273e-02
1.872812647978095990e-01 9.258956815599238277e-02
1.811840289816407656e-01 9.116880189571920090e-02
1.751777948643248317e-01 8.971840815512241440e-02
1.692632299676588570e-01 8.824064239008654054e-02
1.634409916254914164e-01 8.673749871956534796e-02
1.577117269106679265e-01 8.521112869469021911e-02
1.520760725631161714e-01 8.366413728500327052e-02
1.465346549190801317e-01 8.210011661233466984e-02
1.410880898415101115e-01 8.052113530093743532e-02
1.357369826516168221e-01 7.892599105502830226e-02
1.304819280615971966e-01 7.731279033369843623e-02
1.253235101085391490e-01 7.567920247090736963e-02
1.202623020895129402e-01 7.402621738579059918e-02
1.152988664978553679e-01 7.235938559355925559e-02
1.104337549606562163e-01 7.068173371833000318e-02
1.056675081774507419e-01 6.899288250503475550e-02
1.010006558601274085e-01 6.729072353976844889e-02
9.643371667405697956e-02 6.557192981530376996e-02
9.196719818044885031e-02 6.383809106904993202e-02
8.760159677994161509e-02 6.209478608490590773e-02
8.333739765743386485e-02 6.034585000541948380e-02
7.917507472816209813e-02 5.859324714315327504e-02
7.511509058502996439e-02 5.683311913884761535e-02
7.115789644719716645e-02 5.505918609136426639e-02
6.730393210993146358e-02 5.327325478301308398e-02
6.355362589573076981e-02 5.148112775923728568e-02
5.990739460672012129e-02 4.968858641515504215e-02
5.636564347832906385e-02 4.789991562374393275e-02
5.292876613425423482e-02 4.611131935996341802e-02
4.959714454271368922e-02 4.431744826681439930e-02
4.637114897399441382e-02 4.251833473674191538e-02
4.325113795930202176e-02 4.071776402533842931e-02
4.023745825091396000e-02 3.892780753481615147e-02
3.733044478364233587e-02 3.715599246707820130e-02
3.453042063760936031e-02 3.539013728482154342e-02
3.183769700234129196e-02 3.361775761059514200e-02
2.925257314218321358e-02 3.183511254329305512e-02
2.677533636303963682e-02 3.004544183086218373e-02
2.440626198044326678e-02 2.826377709955127382e-02
2.214561328895736647e-02 2.650213115103052658e-02
1.999364153291383062e-02 2.476455488860565199e-02
1.795058587848985532e-02 2.305411146794121915e-02
1.601667338712764455e-02 2.137372568658544095e-02
1.419211899029970692e-02 1.973072557856884665e-02
1.247712546562085301e-02 1.813786475798076156e-02
1.087188341431266636e-02 1.660593751809060631e-02
9.376571240020115106e-03 1.513987604001470512e-02
7.991355128984078959e-03 1.368008447420053682e-02
6.716389031571567969e-03 1.211769009891313503e-02
5.551814645166519568e-03 1.045572986539852062e-02
4.497761398421062928e-03 8.779725225119156332e-03
3.554346436871580472e-03 7.145396590913287958e-03
2.721674609919344512e-03 5.588990840108937555e-03
1.999838459177394334e-03 4.151951359441071604e-03
1.388918208186096237e-03 2.876802388637204368e-03
8.889817534969424173e-04 1.792768493286739720e-03
5.000846571264760954e-04 9.226730754208510360e-04
2.222701403818971855e-04 2.862618894093952020e-04
5.556907905679420168e-05 -9.999063293301296319e-05
0.000000000000000000e+00 -2.300715643963160463e-04
0.000000000000000000e+00 -2.747617646517240401e-04
5.556907905679420168e-05 -8.245686618144700041e-04
2.222701403818971855e-04 -2.280954793618877180e-03
5.000846571264760954e-04 -4.374459902072259584e-03
8.889817534969424173e-04 -6.213186035170444564e-03
1.388918208186096237e-03 -7.181862840790266198e-03
1.999838459177394334e-03 -7.766907725469102304e-03
2.721674609919344512e-03 -8.432453803035833487e-03
3.554346436871580472e-03 -9.171308165986082062e-03
4.497761398421062928e-03 -9.934028007055379847e-03
5.551814645166519568e-03 -1.071369191135574696e-02
6.716389031571567969e-03 -1.149167691252897701e-02
7.991355128984078959e-03 -1.222423097756359170e-02
9.376571240020115106e-03 -1.290581242669028121e-02
1.087188341431266636e-02 -1.358399355432035084e-02
1.247712546562085301e-02 -1.428154006477458382e-02
1.419211899029970692e-02 -1.498913655456284369e-02
1.601667338712764455e-02 -1.569768109349298918e-02
1.795058587848985532e-02 -1.639985001830318936e-02
1.999364153291383062e-02 -1.708750217294829898e-02
2.214561328895736647e-02 -1.775291017247394160e-02
2.440626198044326678e-02 -1.840229474828781325e-02
2.677533636303963682e-02 -1.904991574904819907e-02
2.925257314218321358e-02 -1.969647458417312855e-02
3.183769700234129196e-02 -2.033497249232354975e-02
3.453042063760936031e-02 -2.095908195719280512e-02
3.733044478364233587e-02 -2.156349517522321985e-02
4.023745825091396000e-02 -2.214713747881162653e-02
4.325113795930202176e-02 -2.271162142134033196e-02
4.637114897399441382e-02 -2.326389667818680451e-02
4.959714454271368922e-02 -2.381045128752133644e-02
5.292876613425423482e-02 -2.434822100175642809e-02
5.636564347832906385e-02 -2.487189890155221475e-02
5.990739460672012129e-02 -2.537738660697789334e-02
6.355362589573076981e-02 -2.586295289910468115e-02
6.730393210993146358e-02 -2.633302950687806815e-02
7.115789644719716645e-02 -2.679232394264506947e-02
7.511509058502996439e-02 -2.724345881530941191e-02
7.917507472816209813e-02 -2.768696252277588407e-02
8.333739765743386485e-02 -2.811975077793584313e-02
8.760159677994161509e-02 -2.853922236260849482e-02
9.196719818044885031e-02 -2.894436693874228098e-02
9.643371667405697956e-02 -2.933538273807182253e-02
1.010006558601274085e-01 -2.971394342837684402e-02
1.056675081774507419e-01 -3.008070202829398604e-02
1.104337549606562163e-01 -3.043489984265008649e-02
1.152988664978553679e-01 -3.077470682930288221e-02
1.202623020895129402e-01 -3.109743406231986126e-02
1.253235101085391490e-01 -3.140296877313079882e-02
1.304819280615971966e-01 -3.169356535799256608e-02
1.357369826516168221e-01 -3.197314803773232406e-02
1.410880898415101115e-01 -3.224636895352257088e-02
1.465346549190801317e-01 -3.251330429546057943e-02
1.520760725631161714e-01 -3.277145091405288257e-02
1.577117269106679265e-01 -3.302017944349296824e-02
1.634409916254914164e-01 -3.325968496236767630e-02
1.692632299676588570e-01 -3.348910993732600455e-02
1.751777948643248317e-01 -3.370726224648960823e-02
1.811840289816407656e-01 -3.391361442766678558e-02
1.872812647978095990e-01 -3.410775185295251283e-02
1.934688246772731102e-01 -3.428868629556041520e-02
1.997460209460230063e-01 -3.445545828247945780e-02
2.061121559680280102e-01 -3.460786379977266042e-02
2.125665222227673956e-01 -3.474618710148450612e-02
2.191084023838638650e-01 -3.487168337118130845e-02
2.257370693988056676e-01 -3.498513741036173713e-02
2.324517865697500740e-01 -3.508559690089256555e-02
2.392518076353984391e-01 -3.517213503016938803e-02
2.461363768539343022e-01 -3.524449305896282247e-02
2.531047290870154232e-01 -3.530224200253624656e-02
2.601560898848094272e-01 -3.534448637827392742e-02
2.672896755720651774e-01 -3.537061499427740507e-02
2.745046933352085494e-01 -3.538051383185728677e-02
2.818003413104546162e-01 -3.537352193738817902e-02
2.891758086729252497e-01 -3.534826796004714167e-02
2.966302757267624823e-01 -3.530471022462669528e-02
3.041629139962280792e-01 -3.524432705685309752e-02
3.117728863177794407e-01 -3.516902812322191679e-02
3.194593469331089564e-01 -3.508092279473162128e-02
3.272214415831418144e-01 -3.498021206185384507e-02
3.350583076029753915e-01 -3.486567959917855064e-02
3.429690740177547825e-01 -3.473691147609173774e-02
3.509528616394713696e-01 -3.459399443786437961e-02
3.590087831646743277e-01 -3.443656996360493910e-02
3.671359432730831873e-01 -3.426406663884875442e-02
3.753334387270930161e-01 -3.407618517006535952e-02
3.836003584721576765e-01 -3.387272279124078217e-02
3.919357837380436083e-01 -3.365329659725760370e-02
4.003387881409395943e-01 -3.341748963120117627e-02
4.088084377864137364e-01 -3.316506104363556307e-02
4.173437913732044313e-01 -3.289577110297580570e-02
4.259439002978354649e-01 -3.260915357893566513e-02
4.346078087600411255e-01 -3.230480966330090409e-02
4.433345538689928977e-01 -3.198277252123202241e-02
4.521231657503131940e-01 -3.164270494708451564e-02
4.609726676538650203e-01 -3.128296139828211364e-02
4.698820760623064752e-01 -3.090192062214278806e-02
4.788504008003974244e-01 -3.049856103002724500e-02
4.878766451450451402e-01 -3.007229936118446453e-02
4.969598059360780251e-01 -2.962323751279007100e-02
5.060988736877365390e-01 -2.915112970841737122e-02
5.152928327008634568e-01 -2.865504394530980423e-02
5.245406611757882365e-01 -2.813473203604236611e-02
5.338413313258880688e-01 -2.759093052179065891e-02
5.431938094918128401e-01 -2.702290158574421203e-02
5.525970562563653488e-01 -2.642831856358606249e-02
5.620500265600203438e-01 -2.580959155104878971e-02
5.715516698170692855e-01 -2.517364387043827603e-02
5.811009300323815019e-01 -2.452349964194115023e-02
5.906967459187653091e-01 -2.385894124257644314e-02
6.003380510149177729e-01 -2.318173022705142389e-02
6.100237738039482327e-01 -2.249373264332179406e-02
6.197528378324663745e-01 -2.178295410874669241e-02
6.295241618302156450e-01 -2.103102019504233741e-02
6.393366598302444581e-01 -2.023418128410145456e-02
6.491892412895989839e-01 -1.939489044697308498e-02
6.590808112105230876e-01 -1.850862626208427120e-02
6.690102702621547603e-01 -1.756701843251623832e-02
6.789765149027036095e-01 -1.655640423020977858e-02
6.889784375020977514e-01 -1.546294881923737478e-02
6.990149264650814542e-01 -1.428012916039403044e-02
7.090848663547572039e-01 -1.300945232082830610e-02
7.191871380165538730e-01 -1.167453475386351358e-02
7.293206187026060050e-01 -1.030005403480087692e-02
7.394841821965345563e-01 -8.898312620953341065e-03
7.496766989386134394e-01 -7.475541420272235893e-03
7.598970361513051053e-01 -6.028604277061930597e-03
7.701440579651563922e-01 -4.559555803393725536e-03
7.804166255450371015e-01 -3.084325078242194582e-03
7.907135972167069760e-01 -1.608726165167696136e-03
8.010338285937002034e-01 -1.183383040367029770e-04
8.113761727045106786e-01 1.365702697503412989e-03
8.217394801200630372e-01 2.767570332438694641e-03
8.321225990814590245e-01 4.045728603063810866e-03
8.425243756279822138e-01 5.206581098144227177e-03
8.529436537253458628e-01 6.248641698552308103e-03
8.633792753941731402e-01 7.159928248024683556e-03
8.738300808386934015e-01 7.946666594103271586e-03
8.842949085756387495e-01 8.628103783350955097e-03
8.947725955633289985e-01 9.171847397459359161e-03
9.052619773309316109e-01 9.507263691148390428e-03
9.157618881078770645e-01 9.572593290899314086e-03
9.262711609534211021e-01 9.318550597627296705e-03
9.367886278863364335e-01 8.752450154512795080e-03
9.473131200147204556e-01 7.903736474863556211e-03
9.578434676659028923e-01 6.745790253326757781e-03
9.683785005164411430e-01 5.214587887486721828e-03
9.789170477221889044e-01 3.171776459413728263e-03
9.894579380484205267e-01 5.308555807027390402e-04
9.999999999999998890e-01 -2.410094278780353181e-03
