9.999999999999998890e-01 3.028595520111965063e-09
9.894579380484205267e-01 2.828636475466968572e-03
9.789170477221889044e-01 5.390902243738971214e-03
9.683785005164411430e-01 7.725309446953222345e-03
9.578434676659028923e-01 9.871131796896073438e-03
9.473131200147204556e-01 1.186749745462029916e-02
9.367886278863364335e-01 1.375271179138278128e-02
9.262711609534211021e-01 1.556546319379144110e-02
9.157618881078770645e-01 1.734560679209464981e-02
9.052619773309316109e-01 1.913145797965555214e-02
8.947725955633289985e-01 2.095783017151256825e-02
8.842949085756387495e-01 2.284110223336961731e-02
8.738300808386934015e-01 2.476901486476682304e-02
8.633792753941731402e-01 2.672828635470720152e-02
8.529436537253458628e-01 2.870765095154012569e-02
8.425243756279822138e-01 3.069550104150196856e-02
8.321225990814590245e-01 3.267969243329298112e-02
8.217394801200630372e-01 3.464821365587610058e-02
8.113761727045106786e-01 3.658926531781583197e-02
8.010338285937002034e-01 3.849198329891514309e-02
7.907135972167069760e-01 4.034688499632899800e-02
7.804166255450371015e-01 4.215239102895777801e-02
7.701440579651563922e-01 4.391214716329666645e-02
7.598970361513051053e-01 4.562891380099366734e-02
7.496766989386134394e-01 4.730494178637359437e-02
7.394841821965345563e-01 4.894286948605019311e-02
7.293206187026060050e-01 5.054549140227397597e-02
7.191871380165538730e-01 5.211540413145665518e-02
7.090848663547572039e-01 5.365510190136935781e-02
6.990149264650814542e-01 5.516695437934759222e-02
6.889784375020977514e-01 5.665255889161913833e-02
6.789765149027036095e-01 5.811034915288492558e-02
6.690102702621547603e-01 5.953798388722971596e-02
6.590808112105230876e-01 6.093340638024476175e-02
6.491892412895989839e-01 6.229462440559386388e-02
6.393366598302444581e-01 6.361964937302101719e-02
6.295241618302156450e-01 6.490653073661475925e-02
6.197528378324663745e-01 6.615340953372352006e-02
6.100237738039482327e-01 6.735850675449231439e-02
6.003380510149177729e-01 6.852017579075254938e-02
5.906967459187653091e-01 6.963660393789039560e-02
5.811009300323815019e-01 7.070566969241212640e-02
5.715516698170692855e-01 7.172529552433283551e-02
5.620500265600203438e-01 7.269350962746035094e-02
5.525970562563653488e-01 7.360833729537508141e-02
5.431938094918128401e-01 7.446780371688929701e-02
5.338413313258880688e-01 7.527024683139407757e-02
5.245406611757882365e-01 7.601430018728722038e-02
5.152928327008634568e-01 7.669819857494372672e-02
5.060988736877365390e-01 7.731994888064334936e-02
4.969598059360780251e-01 7.787927708346867317e-02
4.878766451450451402e-01 7.837749563478105252e-02
4.788504008003974244e-01 7.881953661460830429e-02
4.698820760623064752e-01 7.921236957612132201e-02
4.609726676538650203e-01 7.956171057958685844e-02
4.521231657503131940e-01 7.987270099733914663e-02
4.433345538689928977e-01 8.015104056223019968e-02
4.346078087600411255e-01 8.040245877197600699e-02
4.259439002978354649e-01 8.063148853358272083e-02
4.173437913732044313e-01 8.084254469965729273e-02
4.088084377864137364e-01 8.104146909336090721e-02
4.003387881409395943e-01 8.123313441159785153e-02
3.919357837380436083e-01 8.141708059472439751e-02
3.836003584721576765e-01 8.158984303586132303e-02
3.753334387270930161e-01 8.174249759641184776e-02
3.671359432730831873e-01 8.186585837090619433e-02
3.590087831646743277e-01 8.195288561833116714e-02
3.509528616394713696e-01 8.199681536201670895e-02
3.429690740177547825e-01 8.199073060829993598e-02
3.350583076029753915e-01 8.192811287494054795e-02
3.272214415831418144e-01 8.180321430166731522e-02
3.194593469331089564e-01 8.161068303742086139e-02
3.117728863177794407e-01 8.134565292713286100e-02
3.041629139962280792e-01 8.100344066224596240e-02
2.966302757267624823e-01 8.057996279769656656e-02
2.891758086729252497e-01 8.008236587108716331e-02
2.818003413104546162e-01 7.952989606308211168e-02
2.745046933352085494e-01 7.894023146405107494e-02
2.672896755720651774e-01 7.832914578046777654e-02
2.601560898848094272e-01 7.771387660630489636e-02
2.531047290870154232e-01 7.711201652568301645e-02
2.461363768539343022e-01 7.653130010708744657e-02
2.392518076353984391e-01 7.597170871670749781e-02
2.324517865697500740e-01 7.542090725934005868e-02
2.257370693988056676e-01 7.486064157702693178e-02
2.191084023838638650e-01 7.427841277310780199e-02
2.125665222227673956e-01 7.366400909029589827e-02
2.061121559680280102e-01 7.300488363054165319e-02
1.997460209460230063e-01 7.228942237784838354e-02
1.934688246772731102e-01 7.151525512547322883e-02
1.872812647978095990e-01 7.068419425090421981e-02
1.811840289816407656e-01 6.980332052930791897e-02
1.751777948643248317e-01 6.888044176964398801e-02
1.692632299676588570e-01 6.792116721752722297e-02
1.634409916254914164e-01 6.693083349287712314e-02
1.577117269106679265e-01 6.591533412856812046e-02
1.520760725631161714e-01 6.488008973098530197e-02
1.465346549190801317e-01 6.382917153497057183e-02
1.410880898415101115e-01 6.276541691424264435e-02
1.357369826516168221e-01 6.168962516091423820e-02
1.304819280615971966e-01 6.060256512075867796e-02
1.253235101085391490e-01 5.950534413826662206e-02
1.202623020895129402e-01 5.839906269774833986e-02
1.152988664978553679e-01 5.728477251419681476e-02
1.104337549606562163e-01 5.616365369222506287e-02
1.056675081774507419e-01 5.503703535342040903e-02
1.010006558601274085e-01 5.390614229611543490e-02
9.643371667405697956e-02 5.277201219093261009e-02
9.196719818044885031e-02 5.163440122236248597e-02
8.760159677994161509e-02 5.049206478831681083e-02
8.333739765743386485e-02 4.934448898764767777e-02
7.917507472816209813e-02 4.819167288477276684e-02
7.511509058502996439e-02 4.703341622555433366e-02
7.115789644719716645e-02 4.586906091167227556e-02
6.730393210993146358e-02 4.469519054756817406e-02
6.355362589573076981e-02 4.350729221246939921e-02
5.990739460672012129e-02 4.230258915749983417e-02
5.636564347832906385e-02 4.107922842925482154e-02
5.292876613425423482e-02 3.983649375769190287e-02
4.959714454271368922e-02 3.857422727715220656e-02
4.637114897399441382e-02 3.729304581676288338e-02
4.325113795930202176e-02 3.599400875562172586e-02
4.023745825091396000e-02 3.467900819609000262e-02
3.733044478364233587e-02 3.335036749656105498e-02
3.453042063760936031e-02 3.201113945695337193e-02
3.183769700234129196e-02 3.066490014101465322e-02
2.925257314218321358e-02 2.931619742329803421e-02
2.677533636303963682e-02 2.796956486384625032e-02
2.440626198044326678e-02 2.662905373921456778e-02
2.214561328895736647e-02 2.528704696183923725e-02
1.999364153291383062e-02 2.391560157621841487e-02
1.795058587848985532e-02 2.249288137237787435e-02
1.601667338712764455e-02 2.100934513503616499e-02
1.419211899029970692e-02 1.946249843058552725e-02
1.247712546562085301e-02 1.785761230209893455e-02
1.087188341431266636e-02 1.620546315572250415e-02
9.376571240020115106e-03 1.452228596657646753e-02
7.991355128984078959e-03 1.282767904630155789e-02
6.716389031571567969e-03 1.114411152421880546e-02
5.551814645166519568e-03 9.495690325019998101e-03
4.497761398421062928e-03 7.907657863570087195e-03
3.554346436871580472e-03 6.405066950546650997e-03
2.721674609919344512e-03 5.012638532678889529e-03
1.999838459177394334e-03 3.753340206663877392e-03
1.388918208186096237e-03 2.648794342182279361e-03
8.889817534969424173e-04 1.717568326479092071e-03
5.000846571264760954e-04 9.761777124742652967e-04
2.222701403818971855e-04 4.369462459410511216e-04
5.556907905679420168e-05 1.097461102233832797e-04
0.000000000000000000e+00 -1.925202906082733044e-09
0.000000000000000000e+00 2.928452811694154879e-09
5.556907905679420168e-05 -1.219893074423087265e-04
2.222701403818971855e-04 -4.848537131176106313e-04
5.000846571264760954e-04 -1.080343178664561763e-03
8.889817534969424173e-04 -1.893470569555974611e-03
1.388918208186096237e-03 -2.905581592627640933e-03
1.999838459177394334e-03 -4.091797791995684629e-03
2.721674609919344512e-03 -5.424296833671200108e-03
3.554346436871580472e-03 -6.870955612722764658e-03
4.497761398421062928e-03 -8.397967512321866460e-03
5.551814645166519568e-03 -9.969464169479032301e-03
6.716389031571567969e-03 -1.154969511607501116e-02
7.991355128984078959e-03 -1.310352583556392315e-02
9.376571240020115106e-03 -1.459852983581891826e-02
1.087188341431266636e-02 -1.600602316668233924e-02
1.247712546562085301e-02 -1.730310703542433173e-02
1.419211899029970692e-02 -1.847359267147769685e-02
1.601667338712764455e-02 -1.951159764066338551e-02
1.795058587848985532e-02 -2.042160069467210612e-02
1.999364153291383062e-02 -2.122249949199810082e-02
2.214561328895736647e-02 -2.194622618698593985e-02
2.440626198044326678e-02 -2.264697825360357381e-02
2.677533636303963682e-02 -2.338936878328681801e-02
2.925257314218321358e-02 -2.419493409328168226e-02
3.183769700234129196e-02 -2.505987897360008321e-02
3.453042063760936031e-02 -2.597440899046144294e-02
3.733044478364233587e-02 -2.692581695055308588e-02
4.023745825091396000e-02 -2.790011007799366588e-02
4.325113795930202176e-02 -2.888104956299763007e-02
4.637114897399441382e-02 -2.984321999987778889e-02
4.959714454271368922e-02 -3.075998582624267161e-02
5.292876613425423482e-02 -3.161243560027227756e-02
5.636564347832906385e-02 -3.238927357402690554e-02
5.990739460672012129e-02 -3.309887996172706376e-02
6.355362589573076981e-02 -3.375353216421583119e-02
6.730393210993146358e-02 -3.436411093531564764e-02
7.115789644719716645e-02 -3.494451066538208084e-02
7.511509058502996439e-02 -3.551654357891791819e-02
7.917507472816209813e-02 -3.609601134546431417e-02
8.333739765743386485e-02 -3.668407628490776007e-02
8.760159677994161509e-02 -3.727901754769626791e-02
9.196719818044885031e-02 -3.787722616908103385e-02
9.643371667405697956e-02 -3.847490752464770292e-02
1.010006558601274085e-01 -3.906827931345282362e-02
1.056675081774507419e-01 -3.965405773261237998e-02
1.104337549606562163e-01 -4.022956776984022015e-02
1.152988664978553679e-01 -4.079235436207793997e-02
1.202623020895129402e-01 -4.134013053681251382e-02
1.253235101085391490e-01 -4.187027681601831336e-02
1.304819280615971966e-01 -4.237988718440394154e-02
1.357369826516168221e-01 -4.286612964994193642e-02
1.410880898415101115e-01 -4.332617802103420901e-02
1.465346549190801317e-01 -4.375661952972984686e-02
1.520760725631161714e-01 -4.415399239833475709e-02
1.577117269106679265e-01 -4.451748963829911532e-02
1.634409916254914164e-01 -4.484784980701170959e-02
1.692632299676588570e-01 -4.514713457025239240e-02
1.751777948643248317e-01 -4.541793755867273158e-02
1.811840289816407656e-01 -4.566270153611184934e-02
1.872812647978095990e-01 -4.588411347591728889e-02
1.934688246772731102e-01 -4.608625494032596998e-02
1.997460209460230063e-01 -4.627309716771185050e-02
2.061121559680280102e-01 -4.644661975406347287e-02
2.125665222227673956e-01 -4.660735397016172593e-02
2.191084023838638650e-01 -4.675275773716203176e-02
2.257370693988056676e-01 -4.687997190244844181e-02
2.324517865697500740e-01 -4.698689815996658081e-02
2.392518076353984391e-01 -4.707117739320809680e-02
2.461363768539343022e-01 -4.712961805279902022e-02
2.531047290870154232e-01 -4.715957805276582010e-02
2.601560898848094272e-01 -4.715962918801062248e-02
2.672896755720651774e-01 -4.712899170550654410e-02
2.745046933352085494e-01 -4.706768002430263692e-02
2.818003413104546162e-01 -4.697566489832166042e-02
2.891758086729252497e-01 -4.685277907221321175e-02
2.966302757267624823e-01 -4.669899140232842971e-02
3.041629139962280792e-01 -4.651445159444644178e-02
3.117728863177794407e-01 -4.629976130670541284e-02
3.194593469331089564e-01 -4.605594188463332794e-02
3.272214415831418144e-01 -4.578420802921787103e-02
3.350583076029753915e-01 -4.548591830514594342e-02
3.429690740177547825e-01 -4.516250266281809922e-02
3.509528616394713696e-01 -4.481546227873641625e-02
3.590087831646743277e-01 -4.444655270260728513e-02
3.671359432730831873e-01 -4.405766102817328805e-02
3.753334387270930161e-01 -4.365061959247275303e-02
3.836003584721576765e-01 -4.322733232776304613e-02
3.919357837380436083e-01 -4.279030368731527589e-02
4.003387881409395943e-01 -4.234197465047682962e-02
4.088084377864137364e-01 -4.188330792147238607e-02
4.173437913732044313e-01 -4.141445116403066201e-02
4.259439002978354649e-01 -4.093410187328277300e-02
4.346078087600411255e-01 -4.044070187043209696e-02
4.433345538689928977e-01 -3.993310794769190653e-02
4.521231657503131940e-01 -3.941014006183841262e-02
4.609726676538650203e-01 -3.887026321781677368e-02
4.698820760623064752e-01 -3.831197947294406880e-02
4.788504008003974244e-01 -3.773402237445612484e-02
4.878766451450451402e-01 -3.713490723858545867e-02
4.969598059360780251e-01 -3.651267003250352472e-02
5.060988736877365390e-01 -3.586626960731548186e-02
5.152928327008634568e-01 -3.519628758819245973e-02
5.245406611757882365e-01 -3.450402898565470278e-02
5.338413313258880688e-01 -3.379158784163313611e-02
5.431938094918128401e-01 -3.306100422980502024e-02
5.525970562563653488e-01 -3.231419367558824307e-02
5.620500265600203438e-01 -3.155319621605186253e-02
5.715516698170692855e-01 -3.078018801264660251e-02
5.811009300323815019e-01 -2.999745939163611305e-02
5.906967459187653091e-01 -2.920737816610702309e-02
6.003380510149177729e-01 -2.841214964712316174e-02
6.100237738039482327e-01 -2.761371369948292798e-02
6.197528378324663745e-01 -2.681246736821116944e-02
6.295241618302156450e-01 -2.600792988203927403e-02
6.393366598302444581e-01 -2.519983806726049103e-02
6.491892412895989839e-01 -2.438802048432294270e-02
6.590808112105230876e-01 -2.357216520228609669e-02
6.690102702621547603e-01 -2.275191988102661517e-02
6.789765149027036095e-01 -2.192702823242191970e-02
6.889784375020977514e-01 -2.109723161283845114e-02
6.990149264650814542e-01 -2.026211353654383887e-02
7.090848663547572039e-01 -1.942175128605066678e-02
7.191871380165538730e-01 -1.857821342587979985e-02
7.293206187026060050e-01 -1.773408225390131487e-02
7.394841821965345563e-01 -1.689210261581039138e-02
7.496766989386134394e-01 -1.605506767497574122e-02
7.598970361513051053e-01 -1.522581464299831849e-02
7.701440579651563922e-01 -1.440718509964448654e-02
7.804166255450371015e-01 -1.360201660248458455e-02
7.907135972167069760e-01 -1.281325212366312728e-02
8.010338285937002034e-01 -1.204400265358744962e-02
8.113761727045106786e-01 -1.129639513204986311e-02
8.217394801200630372e-01 -1.057106560448020649e-02
8.321225990814590245e-01 -9.868308580089180798e-03
8.425243756279822138e-01 -9.188148520675218367e-03
8.529436537253458628e-01 -8.530753333121841170e-03
8.633792753941731402e-01 -7.896446408804626976e-03
8.738300808386934015e-01 -7.285302382021283975e-03
8.842949085756387495e-01 -6.697204078834844906e-03
8.947725955633289985e-01 -6.132547306954830822e-03
9.052619773309316109e-01 -5.591485677683943022e-03
9.157618881078770645e-01 -5.067057199655460378e-03
9.262711609534211021e-01 -4.547719673887584170e-03
9.367886278863364335e-01 -4.021063715520999289e-03
9.473131200147204556e-01 -3.474295554434391267e-03
9.578434676659028923e-01 -2.894886854219472228e-03
9.683785005164411430e-01 -2.270394097575063712e-03
9.789170477221889044e-01 -1.588172037764190104e-03
9.894579380484205267e-01 -8.355394100770988488e-04
9.999999999999998890e-01 -7.249205098528951430e-10
