9.999999999999998890e-01 -5.843363680362351045e-10
9.894579380484205267e-01 2.523557679488402233e-03
9.789170477221889044e-01 5.036260412453757648e-03
9.683785005164411430e-01 7.534788147247781405e-03
9.578434676659028923e-01 1.001569519010744175e-02
9.473131200147204556e-01 1.247557434727645208e-02
9.367886278863364335e-01 1.491119362343285536e-02
9.262711609534211021e-01 1.731924896239544001e-02
9.157618881078770645e-01 1.969620902279194813e-02
9.052619773309316109e-01 2.203883358450802951e-02
8.947725955633289985e-01 2.434454395957326087e-02
8.842949085756387495e-01 2.661409780670701344e-02
8.738300808386934015e-01 2.885343195852050138e-02
8.633792753941731402e-01 3.106871100238197195e-02
8.529436537253458628e-01 3.326578671251685659e-02
8.425243756279822138e-01 3.545041659598541922e-02
8.321225990814590245e-01 3.762828685362797076e-02
8.217394801200630372e-01 3.980530036834443314e-02
8.113761727045106786e-01 4.198750728293339923e-02
8.010338285937002034e-01 4.417996531794461668e-02
7.907135972167069760e-01 4.638634449074446192e-02
7.804166255450371015e-01 4.860304425823514657e-02
7.701440579651563922e-01 5.082166361318325720e-02
7.598970361513051053e-01 5.303465713152380467e-02
7.496766989386134394e-01 5.523499377466499494e-02
7.394841821965345563e-01 5.741546268717327706e-02
7.293206187026060050e-01 5.956879773524823007e-02
7.191871380165538730e-01 6.168794470372583605e-02
7.090848663547572039e-01 6.376602619643410852e-02
6.990149264650814542e-01 6.579665315904446865e-02
6.889784375020977514e-01 6.777516749649976913e-02
6.789765149027036095e-01 6.970370465317654585e-02
6.690102702621547603e-01 7.158607367023460399e-02
6.590808112105230876e-01 7.342550603746829385e-02
6.491892412895989839e-01 7.522519856718827558e-02
6.393366598302444581e-01 7.698862299305525569e-02
6.295241618302156450e-01 7.871909926421014059e-02
6.197528378324663745e-01 8.041945717481745193e-02
6.100237738039482327e-01 8.209277892303792901e-02
6.003380510149177729e-01 8.374277206786880090e-02
5.906967459187653091e-01 8.537035581681175211e-02
5.811009300323815019e-01 8.697156085622746724e-02
5.715516698170692855e-01 8.854150739832315764e-02
5.620500265600203438e-01 9.007470231050296317e-02
5.525970562563653488e-01 9.156592261098696339e-02
5.431938094918128401e-01 9.301033721689642986e-02
5.338413313258880688e-01 9.440334148539238079e-02
5.245406611757882365e-01 9.574053122264493398e-02
5.152928327008634568e-01 9.701739360026755132e-02
5.060988736877365390e-01 9.822941354696936023e-02
4.969598059360780251e-01 9.937342488850177402e-02
4.878766451450451402e-01 1.004474899534047172e-01
4.788504008003974244e-01 1.014523801983079898e-01
4.698820760623064752e-01 1.023904237909894488e-01
4.609726676538650203e-01 1.032632889348176208e-01
4.521231657503131940e-01 1.040723481018535623e-01
4.433345538689928977e-01 1.048193398912107138e-01
4.346078087600411255e-01 1.055061067652927481e-01
4.259439002978354649e-01 1.061341885405695795e-01
4.173437913732044313e-01 1.067050932727957452e-01
4.088084377864137364e-01 1.072206816279042685e-01
4.003387881409395943e-01 1.076826697498430574e-01
3.919357837380436083e-01 1.080918213855649040e-01
3.836003584721576765e-01 1.084483781801069968e-01
3.753334387270930161e-01 1.087516527117940307e-01
3.671359432730831873e-01 1.090009293818159780e-01
3.590087831646743277e-01 1.091959008182154939e-01
3.509528616394713696e-01 1.093363209817018733e-01
3.429690740177547825e-01 1.094219343197233019e-01
3.350583076029753915e-01 1.094525825267444602e-01
3.272214415831418144e-01 1.094282880645634781e-01
3.194593469331089564e-01 1.093491359523786621e-01
3.117728863177794407e-01 1.092152801813715546e-01
3.041629139962280792e-01 1.090269751801713344e-01
2.966302757267624823e-01 1.087845565037380419e-01
2.891758086729252497e-01 1.084872586401305350e-01
2.818003413104546162e-01 1.081331231378135499e-01
2.745046933352085494e-01 1.077204141177565688e-01
2.672896755720651774e-01 1.072476677024147701e-01
2.601560898848094272e-01 1.067136050906276057e-01
2.531047290870154232e-01 1.061171178072698590e-01
2.461363768539343022e-01 1.054575068541301897e-01
2.392518076353984391e-01 1.047343356175953477e-01
2.324517865697500740e-01 1.039471481065087216e-01
2.257370693988056676e-01 1.030955853745473133e-01
2.191084023838638650e-01 1.021801231553014638e-01
2.125665222227673956e-01 1.012014572175352345e-01
2.061121559680280102e-01 1.001592832214407425e-01
1.997460209460230063e-01 9.905390487408784195e-02
1.934688246772731102e-01 9.789063179412373084e-02
1.872812647978095990e-01 9.667723908091650775e-02
1.811840289816407656e-01 9.542518869664086412e-02
1.751777948643248317e-01 9.414605659340596899e-02
1.692632299676588570e-01 9.284852833783524551e-02
1.634409916254914164e-01 9.154104481195063370e-02
1.577117269106679265e-01 9.023309681200543386e-02
1.520760725631161714e-01 8.893252414960919894e-02
1.465346549190801317e-01 8.764281101014377573e-02
1.410880898415101115e-01 8.636144815789514873e-02
1.357369826516168221e-01 8.507541979643064300e-02
1.304819280615971966e-01 8.377232828440450696e-02
1.253235101085391490e-01 8.244281986788221106e-02
1.202623020895129402e-01 8.107868343159871372e-02
1.152988664978553679e-01 7.967291293981428046e-02
1.104337549606562163e-01 7.821904710625951496e-02
1.056675081774507419e-01 7.671129436628509879e-02
1.010006558601274085e-01 7.514694244087966046e-02
9.643371667405697956e-02 7.352707470299391090e-02
9.196719818044885031e-02 7.186629885685108521e-02
8.760159677994161509e-02 7.019007791883957736e-02
8.333739765743386485e-02 6.852080662739709616e-02
7.917507472816209813e-02 6.687796689686384410e-02
7.511509058502996439e-02 6.527552690498063248e-02
7.115789644719716645e-02 6.372056062939578103e-02
6.730393210993146358e-02 6.218973646527487659e-02
6.355362589573076981e-02 6.064661039201598575e-02
5.990739460672012129e-02 5.906693760573358126e-02
5.636564347832906385e-02 5.743158820272715320e-02
5.292876613425423482e-02 5.572180180512726483e-02
4.959714454271368922e-02 5.392337415259814554e-02
4.637114897399441382e-02 5.204204530198347500e-02
4.325113795930202176e-02 5.009141769712988773e-02
4.023745825091396000e-02 4.809345289447813920e-02
3.733044478364233587e-02 4.607005162468619242e-02
3.453042063760936031e-02 4.403702945949882624e-02
3.183769700234129196e-02 4.200906352830315049e-02
2.925257314218321358e-02 4.000086608752717598e-02
2.677533636303963682e-02 3.802535126212128191e-02
2.440626198044326678e-02 3.609141529778437524e-02
2.214561328895736647e-02 3.418857060120474717e-02
1.999364153291383062e-02 3.227324577724637739e-02
1.795058587848985532e-02 3.031018041747622280e-02
1.601667338712764455e-02 2.828168118764210620e-02
1.419211899029970692e-02 2.618027349431363560e-02
1.247712546562085301e-02 2.400977029283337533e-02
1.087188341431266636e-02 2.178197344041984257e-02
9.376571240020115106e-03 1.951661126927813766e-02
7.991355128984078959e-03 1.723841883959216156e-02
6.716389031571567969e-03 1.497642119486075445e-02
5.551814645166519568e-03 1.276219649954385069e-02
4.497761398421062928e-03 1.062912323387172828e-02
3.554346436871580472e-03 8.610570512899937481e-03
2.721674609919344512e-03 6.739627322338460381e-03
1.999838459177394334e-03 5.047163498629811396e-03
1.388918208186096237e-03 3.562319626379384548e-03
8.889817534969424173e-04 2.310184433823483062e-03
5.000846571264760954e-04 1.313109890801546263e-03
2.222701403818971855e-04 5.877984132081304170e-04
5.556907905679420168e-05 1.476413879469676055e-04
0.000000000000000000e+00 -2.609624642492052740e-09
0.000000000000000000e+00 2.967436838945388795e-09
5.556907905679420168e-05 -1.213615792657539948e-04
2.222701403818971855e-04 -4.823029383058096147e-04
5.000846571264760954e-04 -1.074465868578723411e-03
8.889817534969424173e-04 -1.882655873973860736e-03
1.388918208186096237e-03 -2.887942426240909868e-03
1.999838459177394334e-03 -4.065038432295868358e-03
2.721674609919344512e-03 -5.385615242746871062e-03
3.554346436871580472e-03 -6.816871659788360620e-03
4.497761398421062928e-03 -8.324180484938577609e-03
5.551814645166519568e-03 -9.870624915562974111e-03
6.716389031571567969e-03 -1.141920057975468437e-02
7.991355128984078959e-03 -1.293322644537148701e-02
9.376571240020115106e-03 -1.437844014779341914e-02
1.087188341431266636e-02 -1.572395655970649370e-02
1.247712546562085301e-02 -1.694427981924074428e-02
1.419211899029970692e-02 -1.802018195246798613e-02
1.601667338712764455e-02 -1.894221453925359205e-02
1.795058587848985532e-02 -1.971076936305987681e-02
1.999364153291383062e-02 -2.033997707383194270e-02
2.214561328895736647e-02 -2.085640249650002123e-02
2.440626198044326678e-02 -2.130799165645392776e-02
2.677533636303963682e-02 -2.175299445489054309e-02
2.925257314218321358e-02 -2.221124438872522366e-02
3.183769700234129196e-02 -2.268020881479275441e-02
3.453042063760936031e-02 -2.315386779711135767e-02
3.733044478364233587e-02 -2.362469213956998326e-02
4.023745825091396000e-02 -2.408531929581040829e-02
4.325113795930202176e-02 -2.452763511163998100e-02
4.637114897399441382e-02 -2.493920522933265604e-02
4.959714454271368922e-02 -2.530735229819797497e-02
5.292876613425423482e-02 -2.562446971570033274e-02
5.636564347832906385e-02 -2.588769143160914860e-02
5.990739460672012129e-02 -2.610614691278780042e-02
6.355362589573076981e-02 -2.629162087072516377e-02
6.730393210993146358e-02 -2.645586958833593197e-02
7.115789644719716645e-02 -2.661340825539169203e-02
7.511509058502996439e-02 -2.678543489000725919e-02
7.917507472816209813e-02 -2.698627753313956670e-02
8.333739765743386485e-02 -2.721424526507222608e-02
8.760159677994161509e-02 -2.746401603099469721e-02
9.196719818044885031e-02 -2.772736932658860162e-02
9.643371667405697956e-02 -2.799477818122434597e-02
1.010006558601274085e-01 -2.825537584482363737e-02
1.056675081774507419e-01 -2.850241241469587961e-02
1.104337549606562163e-01 -2.873427984874556834e-02
1.152988664978553679e-01 -2.895072593223524393e-02
1.202623020895129402e-01 -2.915255641367081596e-02
1.253235101085391490e-01 -2.934040574477237914e-02
1.304819280615971966e-01 -2.951474782801938312e-02
1.357369826516168221e-01 -2.967642860751764158e-02
1.410880898415101115e-01 -2.982659212324227649e-02
1.465346549190801317e-01 -2.996665093680589073e-02
1.520760725631161714e-01 -3.009809731152394974e-02
1.577117269106679265e-01 -3.022173645037317877e-02
1.634409916254914164e-01 -3.033799671962950778e-02
1.692632299676588570e-01 -3.044712890251143403e-02
1.751777948643248317e-01 -3.054933204907658850e-02
1.811840289816407656e-01 -3.064493417631345210e-02
1.872812647978095990e-01 -3.073435039043579536e-02
1.934688246772731102e-01 -3.081818941532059666e-02
1.997460209460230063e-01 -3.089701039179700362e-02
2.061121559680280102e-01 -3.097096416023497820e-02
2.125665222227673956e-01 -3.103988648505311143e-02
2.191084023838638650e-01 -3.110292546471953370e-02
2.257370693988056676e-01 -3.115914001738071676e-02
2.324517865697500740e-01 -3.120771155840922420e-02
2.392518076353984391e-01 -3.124777914453229916e-02
2.461363768539343022e-01 -3.127834584328771650e-02
2.531047290870154232e-01 -3.129838955669374950e-02
2.601560898848094272e-01 -3.130687419663810700e-02
2.672896755720651774e-01 -3.130271614844842148e-02
2.745046933352085494e-01 -3.128476028831007894e-02
2.818003413104546162e-01 -3.125181329964453469e-02
2.891758086729252497e-01 -3.120263876023649310e-02
2.966302757267624823e-01 -3.113595575857674644e-02
3.041629139962280792e-01 -3.105052247505152296e-02
3.117728863177794407e-01 -3.094677168144310125e-02
3.194593469331089564e-01 -3.082668939034567332e-02
3.272214415831418144e-01 -3.069250900207810828e-02
3.350583076029753915e-01 -3.054662180340997693e-02
3.429690740177547825e-01 -3.039154680748077167e-02
3.509528616394713696e-01 -3.022991486026958829e-02
3.590087831646743277e-01 -3.006464933545681395e-02
3.671359432730831873e-01 -2.989883165619146299e-02
3.753334387270930161e-01 -2.973553375311286523e-02
3.836003584721576765e-01 -2.957792826338380074e-02
3.919357837380436083e-01 -2.942984074156344831e-02
4.003387881409395943e-01 -2.929506167145911472e-02
4.088084377864137364e-01 -2.917594616887662570e-02
4.173437913732044313e-01 -2.907407917688816998e-02
4.259439002978354649e-01 -2.898972584340973879e-02
4.346078087600411255e-01 -2.892290832059982511e-02
4.433345538689928977e-01 -2.887399121110746647e-02
4.521231657503131940e-01 -2.884337868209723918e-02
4.609726676538650203e-01 -2.883137942004043025e-02
4.698820760623064752e-01 -2.883823079356985855e-02
4.788504008003974244e-01 -2.886404354648739595e-02
4.878766451450451402e-01 -2.890910576190531059e-02
4.969598059360780251e-01 -2.897407312538119450e-02
5.060988736877365390e-01 -2.905852280729661480e-02
5.152928327008634568e-01 -2.916017143450730376e-02
5.245406611757882365e-01 -2.927585282364392194e-02
5.338413313258880688e-01 -2.940142071341311433e-02
5.431938094918128401e-01 -2.953274041172262651e-02
5.525970562563653488e-01 -2.966576623677526572e-02
5.620500265600203438e-01 -2.979627344778263548e-02
5.715516698170692855e-01 -2.991984316352562859e-02
5.811009300323815019e-01 -3.003183560450011988e-02
5.906967459187653091e-01 -3.012745406648476357e-02
6.003380510149177729e-01 -3.020215682542093730e-02
6.100237738039482327e-01 -3.025181839903078387e-02
6.197528378324663745e-01 -3.027472369146708489e-02
6.295241618302156450e-01 -3.027052849022380046e-02
6.393366598302444581e-01 -3.023854422968790326e-02
6.491892412895989839e-01 -3.017793208278440886e-02
6.590808112105230876e-01 -3.008804071227406257e-02
6.690102702621547603e-01 -2.996827408691392358e-02
6.789765149027036095e-01 -2.981791510043428628e-02
6.889784375020977514e-01 -2.963623753936428171e-02
6.990149264650814542e-01 -2.942265987733145086e-02
7.090848663547572039e-01 -2.917624671992101112e-02
7.191871380165538730e-01 -2.889460275861005858e-02
7.293206187026060050e-01 -2.857496746610977204e-02
7.394841821965345563e-01 -2.821449597815680471e-02
7.496766989386134394e-01 -2.781029913993423100e-02
7.598970361513051053e-01 -2.735941657946862685e-02
7.701440579651563922e-01 -2.685891999570861124e-02
7.804166255450371015e-01 -2.630597015711455544e-02
7.907135972167069760e-01 -2.569757623642592720e-02
8.010338285937002034e-01 -2.503048818419459712e-02
8.113761727045106786e-01 -2.430292204218983260e-02
8.217394801200630372e-01 -2.351531301033473950e-02
8.321225990814590245e-01 -2.266848448605393931e-02
8.425243756279822138e-01 -2.176352290016779489e-02
8.529436537253458628e-01 -2.080157598141192665e-02
8.633792753941731402e-01 -1.978383100769695591e-02
8.738300808386934015e-01 -1.871133342359032961e-02
8.842949085756387495e-01 -1.758504112275485753e-02
8.947725955633289985e-01 -1.640648799942415539e-02
9.052619773309316109e-01 -1.517693320997063472e-02
9.157618881078770645e-01 -1.388965226289040795e-02
9.262711609534211021e-01 -1.253278391427239610e-02
9.367886278863364335e-01 -1.109351334442050009e-02
9.473131200147204556e-01 -9.558612846189388709e-03
9.578434676659028923e-01 -7.915211720724631139e-03
9.683785005164411430e-01 -6.150566441407783261e-03
9.789170477221889044e-01 -4.251742234435152909e-03
9.894579380484205267e-01 -2.205786316713712059e-03
9.999999999999998890e-01 -8.637625043901545954e-10
