9.999999999999998890e-01 1.298325615860504406e-07
9.894579380484205267e-01 1.456539479670975433e-03
9.789170477221889044e-01 2.956501352094429835e-03
9.683785005164411430e-01 4.597160713978414026e-03
9.578434676659028923e-01 6.245841329014565832e-03
9.473131200147204556e-01 7.790097810501860238e-03
9.367886278863364335e-01 9.301208124938543931e-03
9.262711609534211021e-01 1.083734967156359946e-02
9.157618881078770645e-01 1.235703688398256776e-02
9.052619773309316109e-01 1.383070248272059988e-02
8.947725955633289985e-01 1.527721467957166707e-02
8.842949085756387495e-01 1.671505836424019148e-02
8.738300808386934015e-01 1.815336162446259602e-02
8.633792753941731402e-01 1.959263928733994894e-02
8.529436537253458628e-01 2.102313020446111569e-02
8.425243756279822138e-01 2.243828876698254066e-02
8.321225990814590245e-01 2.383598311898823402e-02
8.217394801200630372e-01 2.521383231179647952e-02
8.113761727045106786e-01 2.656910489295269753e-02
8.010338285937002034e-01 2.790082232002664975e-02
7.907135972167069760e-01 2.920941319718186463e-02
7.804166255450371015e-01 3.049518107870077127e-02
7.701440579651563922e-01 3.175835340192652290e-02
7.598970361513051053e-01 3.299950316137304634e-02
7.496766989386134394e-01 3.421940435233546823e-02
7.394841821965345563e-01 3.541886228639866407e-02
7.293206187026060050e-01 3.659863792491736129e-02
7.191871380165538730e-01 3.775911863963903048e-02
7.090848663547572039e-01 3.890060620663698954e-02
6.990149264650814542e-01 4.002372932146804063e-02
6.889784375020977514e-01 4.112885183949771539e-02
6.789765149027036095e-01 4.221472863959040839e-02
6.690102702621547603e-01 4.327937044951507550e-02
6.590808112105230876e-01 4.431968719206325069e-02
6.491892412895989839e-01 4.533261234481747448e-02
6.393366598302444581e-01 4.631586926948931537e-02
6.295241618302156450e-01 4.726776515658247246e-02
6.197528378324663745e-01 4.818767840293175508e-02
6.100237738039482327e-01 4.907512094021080490e-02
6.003380510149177729e-01 4.992955114597958516e-02
5.906967459187653091e-01 5.075044669082270227e-02
5.811009300323815019e-01 5.153732964766791907e-02
5.715516698170692855e-01 5.228974934407899094e-02
5.620500265600203438e-01 5.300728833611344920e-02
5.525970562563653488e-01 5.368954388055532934e-02
5.431938094918128401e-01 5.433613715149461509e-02
5.338413313258880688e-01 5.494690948669538055e-02
5.245406611757882365e-01 5.552191763244408718e-02
5.152928327008634568e-01 5.606109305467357057e-02
5.060988736877365390e-01 5.656428726295271991e-02
4.969598059360780251e-01 5.703184215014373004e-02
4.878766451450451402e-01 5.746452948775809810e-02
4.788504008003974244e-01 5.786390588780929850e-02
4.698820760623064752e-01 5.823199324643901775e-02
4.609726676538650203e-01 5.857075405575119104e-02
4.521231657503131940e-01 5.888202077965620784e-02
4.433345538689928977e-01 5.916695408469766632e-02
4.346078087600411255e-01 5.942629590204551171e-02
4.259439002978354649e-01 5.966003090376046508e-02
4.173437913732044313e-01 5.986794392236392121e-02
4.088084377864137364e-01 6.005013510465099374e-02
4.003387881409395943e-01 6.020674861006265755e-02
3.919357837380436083e-01 6.033774334420931307e-02
3.836003584721576765e-01 6.044306318009540213e-02
3.753334387270930161e-01 6.052274553341819435e-02
3.671359432730831873e-01 6.057682565894424026e-02
3.590087831646743277e-01 6.060528546641009290e-02
3.509528616394713696e-01 6.060826725577298651e-02
3.429690740177547825e-01 6.058628341707231191e-02
3.350583076029753915e-01 6.053997088705450474e-02
3.272214415831418144e-01 6.047010506190316631e-02
3.194593469331089564e-01 6.037748129462344043e-02
3.117728863177794407e-01 6.026289956229610723e-02
3.041629139962280792e-01 6.012703069424798347e-02
2.966302757267624823e-01 5.997037614337724643e-02
2.891758086729252497e-01 5.979337577714705088e-02
2.818003413104546162e-01 5.959641320526646441e-02
2.745046933352085494e-01 5.937984374619119377e-02
2.672896755720651774e-01 5.914401739135499714e-02
2.601560898848094272e-01 5.888955720331756627e-02
2.531047290870154232e-01 5.861731020488836902e-02
2.461363768539343022e-01 5.832826634945397631e-02
2.392518076353984391e-01 5.802351775861480654e-02
2.324517865697500740e-01 5.770427557761004245e-02
2.257370693988056676e-01 5.737172745516689459e-02
2.191084023838638650e-01 5.702639581501255106e-02
2.125665222227673956e-01 5.666829403086219574e-02
2.061121559680280102e-01 5.629617483051624349e-02
1.997460209460230063e-01 5.590840336706447838e-02
1.934688246772731102e-01 5.550381039279026624e-02
1.872812647978095990e-01 5.508145213378792815e-02
1.811840289816407656e-01 5.464071070947482817e-02
1.751777948643248317e-01 5.418178051930633288e-02
1.692632299676588570e-01 5.370734723091348528e-02
1.634409916254914164e-01 5.322039273361497957e-02
1.577117269106679265e-01 5.272323003566026234e-02
1.520760725631161714e-01 5.221818915107388770e-02
1.465346549190801317e-01 5.170790349037378275e-02
1.410880898415101115e-01 5.119348737908133856e-02
1.357369826516168221e-01 5.067299271317304149e-02
1.304819280615971966e-01 5.014433173280095912e-02
1.253235101085391490e-01 4.960576973180023941e-02
1.202623020895129402e-01 4.905549915186101229e-02
1.152988664978553679e-01 4.849162443118697208e-02
1.104337549606562163e-01 4.791403472389089979e-02
1.056675081774507419e-01 4.732473664480283532e-02
1.010006558601274085e-01 4.672643554757158202e-02
9.643371667405697956e-02 4.612241330282974838e-02
9.196719818044885031e-02 4.551606770231832189e-02
8.760159677994161509e-02 4.491069920971733909e-02
8.333739765743386485e-02 4.430735411369030041e-02
7.917507472816209813e-02 4.370497509724684954e-02
7.511509058502996439e-02 4.309707108897348204e-02
7.115789644719716645e-02 4.247436696725645500e-02
6.730393210993146358e-02 4.183077458322679437e-02
6.355362589573076981e-02 4.116188633807595088e-02
5.990739460672012129e-02 4.046391739950629118e-02
5.636564347832906385e-02 3.973387553442098152e-02
5.292876613425423482e-02 3.897173340133817943e-02
4.959714454271368922e-02 3.817850268137056718e-02
4.637114897399441382e-02 3.735533092640600655e-02
4.325113795930202176e-02 3.650392626365442372e-02
4.023745825091396000e-02 3.562792985301910242e-02
3.733044478364233587e-02 3.472980701325288633e-02
3.453042063760936031e-02 3.380706719608778110e-02
3.183769700234129196e-02 3.285512769600899136e-02
2.925257314218321358e-02 3.186653563244629811e-02
2.677533636303963682e-02 3.083981502504102440e-02
2.440626198044326678e-02 2.978696754668786958e-02
2.214561328895736647e-02 2.871653573278555582e-02
1.999364153291383062e-02 2.762804098370732694e-02
1.795058587848985532e-02 2.652489261284918937e-02
1.601667338712764455e-02 2.541714611553086769e-02
1.419211899029970692e-02 2.429834238600324034e-02
1.247712546562085301e-02 2.314149320304481269e-02
1.087188341431266636e-02 2.193797996591207583e-02
9.376571240020115106e-03 2.069839116100477203e-02
7.991355128984078959e-03 1.940565845672321058e-02
6.716389031571567969e-03 1.802107456908830924e-02
5.551814645166519568e-03 1.655962466329963939e-02
4.497761398421062928e-03 1.507147597820993577e-02
3.554346436871580472e-03 1.354359267932654480e-02
2.721674609919344512e-03 1.193220147301438799e-02
1.999838459177394334e-03 1.028037724337131469e-02
1.388918208186096237e-03 8.656934427559711404e-03
8.889817534969424173e-04 6.981935065698116095e-03
5.000846571264760954e-04 5.119740767518620936e-03
2.222701403818971855e-04 2.994838250283197913e-03
5.556907905679420168e-05 8.088318895273990949e-04
0.000000000000000000e+00 3.029269137954117512e-06
0.000000000000000000e+00 -2.953654753551215020e-06
5.556907905679420168e-05 -6.579525163017478336e-04
2.222701403818971855e-04 -2.430977700048863894e-03
5.000846571264760954e-04 -4.003858641488511512e-03
8.889817534969424173e-04 -5.254911173056676758e-03
1.388918208186096237e-03 -6.304257804558539326e-03
1.999838459177394334e-03 -7.260262949691972598e-03
2.721674609919344512e-03 -8.190515700015974648e-03
3.554346436871580472e-03 -9.074925617410859596e-03
4.497761398421062928e-03 -9.904056345542425893e-03
5.551814645166519568e-03 -1.071115198750111769e-02
6.716389031571567969e-03 -1.151312138148387863e-02
7.991355128984078959e-03 -1.229357965160130309e-02
9.376571240020115106e-03 -1.304170590171718769e-02
1.087188341431266636e-02 -1.375784834805707929e-02
1.247712546562085301e-02 -1.443656987652270837e-02
1.419211899029970692e-02 -1.506614657720825937e-02
1.601667338712764455e-02 -1.565802394908287487e-02
1.795058587848985532e-02 -1.624480893627151465e-02
1.999364153291383062e-02 -1.684031924172017108e-02
2.214561328895736647e-02 -1.744284220281188541e-02
2.440626198044326678e-02 -1.805331380969752569e-02
2.677533636303963682e-02 -1.867345364257961063e-02
2.925257314218321358e-02 -1.929218986789978107e-02
3.183769700234129196e-02 -1.989299148672310155e-02
3.453042063760936031e-02 -2.047365700340302019e-02
3.733044478364233587e-02 -2.103855145958362718e-02
4.023745825091396000e-02 -2.159028738422189703e-02
4.325113795930202176e-02 -2.213062586295153761e-02
4.637114897399441382e-02 -2.266058002200092153e-02
4.959714454271368922e-02 -2.318120437934072936e-02
5.292876613425423482e-02 -2.369478971856975660e-02
5.636564347832906385e-02 -2.420425547755862203e-02
5.990739460672012129e-02 -2.471356822893926858e-02
6.355362589573076981e-02 -2.522546005569099511e-02
6.730393210993146358e-02 -2.573835169765092967e-02
7.115789644719716645e-02 -2.624992765557101343e-02
7.511509058502996439e-02 -2.675799520037728391e-02
7.917507472816209813e-02 -2.726000737477250746e-02
8.333739765743386485e-02 -2.775267346939136459e-02
8.760159677994161509e-02 -2.823368407698989557e-02
9.196719818044885031e-02 -2.870256687252792718e-02
9.643371667405697956e-02 -2.915959478163785562e-02
1.010006558601274085e-01 -2.960586209468992619e-02
1.056675081774507419e-01 -3.004284572272122519e-02
1.104337549606562163e-01 -3.047239519941554245e-02
1.152988664978553679e-01 -3.089606839200807753e-02
1.202623020895129402e-01 -3.131503951738102282e-02
1.253235101085391490e-01 -3.172933995712410443e-02
1.304819280615971966e-01 -3.213805985505063800e-02
1.357369826516168221e-01 -3.254063407243076161e-02
1.410880898415101115e-01 -3.293675413949273545e-02
1.465346549190801317e-01 -3.332594984686810397e-02
1.520760725631161714e-01 -3.370762749381192580e-02
1.577117269106679265e-01 -3.408100831761208538e-02
1.634409916254914164e-01 -3.444521895231125730e-02
1.692632299676588570e-01 -3.479937899399219992e-02
1.751777948643248317e-01 -3.514258916725061105e-02
1.811840289816407656e-01 -3.547385795330963015e-02
1.872812647978095990e-01 -3.579231552997790694e-02
1.934688246772731102e-01 -3.609781351934094468e-02
1.997460209460230063e-01 -3.639044373761038398e-02
2.061121559680280102e-01 -3.667041154463119429e-02
2.125665222227673956e-01 -3.693803041335680382e-02
2.191084023838638650e-01 -3.719386953669934215e-02
2.257370693988056676e-01 -3.743827329926867342e-02
2.324517865697500740e-01 -3.767086222074225721e-02
2.392518076353984391e-01 -3.789094593477995709e-02
2.461363768539343022e-01 -3.809741172806985210e-02
2.531047290870154232e-01 -3.828915143407955052e-02
2.601560898848094272e-01 -3.846516568744416664e-02
2.672896755720651774e-01 -3.862438769530161103e-02
2.745046933352085494e-01 -3.876563016589039401e-02
2.818003413104546162e-01 -3.888772524534252206e-02
2.891758086729252497e-01 -3.898953915967805217e-02
2.966302757267624823e-01 -3.906982628945016717e-02
3.041629139962280792e-01 -3.912722792633379493e-02
3.117728863177794407e-01 -3.916060535382859253e-02
3.194593469331089564e-01 -3.916905254274841847e-02
3.272214415831418144e-01 -3.915204612436252313e-02
3.350583076029753915e-01 -3.910934930386228414e-02
3.429690740177547825e-01 -3.904068523184117678e-02
3.509528616394713696e-01 -3.894574603798485468e-02
3.590087831646743277e-01 -3.882422402442044229e-02
3.671359432730831873e-01 -3.867577597865141936e-02
3.753334387270930161e-01 -3.849978661321298151e-02
3.836003584721576765e-01 -3.829554864357401223e-02
3.919357837380436083e-01 -3.806255555644190436e-02
4.003387881409395943e-01 -3.780029688002582711e-02
4.088084377864137364e-01 -3.750785405752652540e-02
4.173437913732044313e-01 -3.718403237336527500e-02
4.259439002978354649e-01 -3.682702403527691321e-02
4.346078087600411255e-01 -3.643487521702496595e-02
4.433345538689928977e-01 -3.600567770467998086e-02
4.521231657503131940e-01 -3.553756050226494767e-02
4.609726676538650203e-01 -3.502873111068670331e-02
4.698820760623064752e-01 -3.447762630813656914e-02
4.788504008003974244e-01 -3.388318714908302581e-02
4.878766451450451402e-01 -3.324416567313755178e-02
4.969598059360780251e-01 -3.255881625660394380e-02
5.060988736877365390e-01 -3.182639188317348822e-02
5.152928327008634568e-01 -3.104789807535121224e-02
5.245406611757882365e-01 -3.022515099796618115e-02
5.338413313258880688e-01 -2.936085940309043560e-02
5.431938094918128401e-01 -2.845766875422873696e-02
5.525970562563653488e-01 -2.751806996978600761e-02
5.620500265600203438e-01 -2.654444837108607680e-02
5.715516698170692855e-01 -2.553908163278982221e-02
5.811009300323815019e-01 -2.450403931679205963e-02
5.906967459187653091e-01 -2.344127608104721108e-02
6.003380510149177729e-01 -2.235344933855360275e-02
6.100237738039482327e-01 -2.124384965705303566e-02
6.197528378324663745e-01 -2.011719714255753161e-02
6.295241618302156450e-01 -1.897904609060254225e-02
6.393366598302444581e-01 -1.783495949484064161e-02
6.491892412895989839e-01 -1.669056893921747747e-02
6.590808112105230876e-01 -1.555197161068377909e-02
6.690102702621547603e-01 -1.442565707665665296e-02
6.789765149027036095e-01 -1.331921712153044147e-02
6.889784375020977514e-01 -1.224007737453596499e-02
6.990149264650814542e-01 -1.119323050723937223e-02
7.090848663547572039e-01 -1.018174022230386964e-02
7.191871380165538730e-01 -9.204062156856561427e-03
7.293206187026060050e-01 -8.258078147437572861e-03
7.394841821965345563e-01 -7.343174392184002343e-03
7.496766989386134394e-01 -6.460364949320758846e-03
7.598970361513051053e-01 -5.614058308844953847e-03
7.701440579651563922e-01 -4.809237966736524227e-03
7.804166255450371015e-01 -4.050963331827228328e-03
7.907135972167069760e-01 -3.342329867713875798e-03
8.010338285937002034e-01 -2.682952461306144926e-03
8.113761727045106786e-01 -2.072173946349120232e-03
8.217394801200630372e-01 -1.509489766263325070e-03
8.321225990814590245e-01 -9.954940164570251753e-04
8.425243756279822138e-01 -5.321495102691693561e-04
8.529436537253458628e-01 -1.217839542501129786e-04
8.633792753941731402e-01 2.333366967638343496e-04
8.738300808386934015e-01 5.376055432287568181e-04
8.842949085756387495e-01 8.006217774421061934e-04
8.947725955633289985e-01 1.021842928656040541e-03
9.052619773309316109e-01 1.192615540080525175e-03
9.157618881078770645e-01 1.300038858361109943e-03
9.262711609534211021e-01 1.330832914425235944e-03
9.367886278863364335e-01 1.291282605684861140e-03
9.473131200147204556e-01 1.196514901223039423e-03
9.578434676659028923e-01 1.050662442381755960e-03
9.683785005164411430e-01 8.535116041643406749e-04
9.789170477221889044e-01 6.080976894930879926e-04
9.894579380484205267e-01 3.198460285305574605e-04
9.999999999999998890e-01 -3.245868743556718076e-08
