9.999999999999998890e-01 2.419229283360897959e-05
9.894579380484205267e-01 1.716880017979549762e-03
9.789170477221889044e-01 2.577028858845342371e-03
9.683785005164411430e-01 3.386300975213668574e-03
9.578434676659028923e-01 4.228140649227355927e-03
9.473131200147204556e-01 5.063944223634426860e-03
9.367886278863364335e-01 5.913753721368164747e-03
9.262711609534211021e-01 6.795354393893607813e-03
9.157618881078770645e-01 7.699063727586702606e-03
9.052619773309316109e-01 8.617844214439913247e-03
8.947725955633289985e-01 9.556765475707490812e-03
8.842949085756387495e-01 1.051869205393424211e-02
8.738300808386934015e-01 1.150088240204398191e-02
8.633792753941731402e-01 1.250164213735073526e-02
8.529436537253458628e-01 1.352125645275179151e-02
8.425243756279822138e-01 1.455764661106924256e-02
8.321225990814590245e-01 1.560606340098501764e-02
8.217394801200630372e-01 1.666482920343651669e-02
8.113761727045106786e-01 1.773524479447598917e-02
8.010338285937002034e-01 1.881739186389152010e-02
7.907135972167069760e-01 1.991033214615426164e-02
7.804166255450371015e-01 2.101377849884961471e-02
7.701440579651563922e-01 2.212787094507782937e-02
7.598970361513051053e-01 2.325243203010092519e-02
7.496766989386134394e-01 2.438710524104277522e-02
7.394841821965345563e-01 2.553157980389310702e-02
7.293206187026060050e-01 2.668559730019977663e-02
7.191871380165538730e-01 2.784908980581934576e-02
7.090848663547572039e-01 2.902199150848596906e-02
6.990149264650814542e-01 3.020385176582672873e-02
6.889784375020977514e-01 3.139266741576724612e-02
6.789765149027036095e-01 3.258026738625270646e-02
6.690102702621547603e-01 3.375902297947352276e-02
6.590808112105230876e-01 3.492916847971719307e-02
6.491892412895989839e-01 3.609195609934595650e-02
6.393366598302444581e-01 3.724649267133648550e-02
6.295241618302156450e-01 3.839211393320225707e-02
6.197528378324663745e-01 3.952966312250810743e-02
6.100237738039482327e-01 4.065936009838429233e-02
6.003380510149177729e-01 4.177966430989709518e-02
5.906967459187653091e-01 4.288608057119960848e-02
5.811009300323815019e-01 4.396953863899551868e-02
5.715516698170692855e-01 4.502514436488881666e-02
5.620500265600203438e-01 4.605459420564218115e-02
5.525970562563653488e-01 4.705907671007564935e-02
5.431938094918128401e-01 4.803854167536728004e-02
5.338413313258880688e-01 4.899255882708299786e-02
5.245406611757882365e-01 4.992050604669492214e-02
5.152928327008634568e-01 5.082388408396854018e-02
5.060988736877365390e-01 5.170530331887738390e-02
4.969598059360780251e-01 5.255753247457101845e-02
4.878766451450451402e-01 5.336693740434410999e-02
4.788504008003974244e-01 5.412793683633975589e-02
4.698820760623064752e-01 5.484009374955272492e-02
4.609726676538650203e-01 5.550428413665191296e-02
4.521231657503131940e-01 5.612191667438864995e-02
4.433345538689928977e-01 5.669369938123635516e-02
4.346078087600411255e-01 5.722011255167026855e-02
4.259439002978354649e-01 5.770205005936511478e-02
4.173437913732044313e-01 5.814050944615452299e-02
4.088084377864137364e-01 5.853628765666872569e-02
4.003387881409395943e-01 5.889015660861408180e-02
3.919357837380436083e-01 5.920301748375506046e-02
3.836003584721576765e-01 5.947578683118680959e-02
3.753334387270930161e-01 5.970933140337721795e-02
3.671359432730831873e-01 5.990452568733050515e-02
3.590087831646743277e-01 6.006229028794805164e-02
3.509528616394713696e-01 6.018354718366533684e-02
3.429690740177547825e-01 6.026920515275990820e-02
3.350583076029753915e-01 6.032018353132007765e-02
3.272214415831418144e-01 6.033742456763458578e-02
3.194593469331089564e-01 6.032189812518742866e-02
3.117728863177794407e-01 6.027457628529057920e-02
3.041629139962280792e-01 6.019503973405335856e-02
2.966302757267624823e-01 6.008113933589702416e-02
2.891758086729252497e-01 5.993248002835258742e-02
2.818003413104546162e-01 5.975068349484229796e-02
2.745046933352085494e-01 5.953703846057830512e-02
2.672896755720651774e-01 5.929244797535255379e-02
2.601560898848094272e-01 5.901802167663700721e-02
2.531047290870154232e-01 5.871502965329373352e-02
2.461363768539343022e-01 5.838461428143748577e-02
2.392518076353984391e-01 5.802784208984660547e-02
2.324517865697500740e-01 5.764587614595708537e-02
2.257370693988056676e-01 5.723991954720165226e-02
2.191084023838638650e-01 5.681107228972658713e-02
2.125665222227673956e-01 5.636041008559505155e-02
2.061121559680280102e-01 5.588915155566427651e-02
1.997460209460230063e-01 5.539851848119444616e-02
1.934688246772731102e-01 5.488947281610022377e-02
1.872812647978095990e-01 5.436300632934619459e-02
1.811840289816407656e-01 5.382057569138273823e-02
1.751777948643248317e-01 5.326349675454787602e-02
1.692632299676588570e-01 5.269219000692100530e-02
1.634409916254914164e-01 5.210748503466092890e-02
1.577117269106679265e-01 5.151190491533776811e-02
1.520760725631161714e-01 5.090671357546877607e-02
1.465346549190801317e-01 5.028950890269260482e-02
1.410880898415101115e-01 4.965628557115342456e-02
1.357369826516168221e-01 4.900098119297739002e-02
1.304819280615971966e-01 4.832129788151202227e-02
1.253235101085391490e-01 4.762148137926468239e-02
1.202623020895129402e-01 4.690446113833323522e-02
1.152988664978553679e-01 4.617055087040337902e-02
1.104337549606562163e-01 4.542137403462615658e-02
1.056675081774507419e-01 4.466022269994578825e-02
1.010006558601274085e-01 4.388860703917649153e-02
9.643371667405697956e-02 4.310638525091189943e-02
9.196719818044885031e-02 4.231664949107104279e-02
8.760159677994161509e-02 4.152441122524681838e-02
8.333739765743386485e-02 4.072398805036168967e-02
7.917507472816209813e-02 3.990298846875668659e-02
7.511509058502996439e-02 3.905737138542774572e-02
7.115789644719716645e-02 3.818837556445863618e-02
6.730393210993146358e-02 3.729961220313797454e-02
6.355362589573076981e-02 3.639561783023770314e-02
5.990739460672012129e-02 3.547952259610211850e-02
5.636564347832906385e-02 3.455401131018447786e-02
5.292876613425423482e-02 3.362250694196248363e-02
4.959714454271368922e-02 3.268849253166786206e-02
4.637114897399441382e-02 3.175458890962811614e-02
4.325113795930202176e-02 3.082356885410083777e-02
4.023745825091396000e-02 2.989966012531645317e-02
3.733044478364233587e-02 2.898080963266452120e-02
3.453042063760936031e-02 2.804479705956089766e-02
3.183769700234129196e-02 2.707730282613544232e-02
2.925257314218321358e-02 2.609360308910607662e-02
2.677533636303963682e-02 2.509978286175834628e-02
2.440626198044326678e-02 2.407300921831490720e-02
2.214561328895736647e-02 2.300046766780639018e-02
1.999364153291383062e-02 2.189344219727110824e-02
1.795058587848985532e-02 2.076391892650194040e-02
1.601667338712764455e-02 1.962140663936571064e-02
1.419211899029970692e-02 1.847943619866925652e-02
1.247712546562085301e-02 1.735629571280417408e-02
1.087188341431266636e-02 1.625749320813495505e-02
9.376571240020115106e-03 1.517392659054796547e-02
7.991355128984078959e-03 1.408055750411902479e-02
6.716389031571567969e-03 1.294286474795928489e-02
5.551814645166519568e-03 1.178457278996069592e-02
4.497761398421062928e-03 1.066301285322412626e-02
3.554346436871580472e-03 9.519693791519850609e-03
2.721674609919344512e-03 8.245577621794304007e-03
1.999838459177394334e-03 6.938532588174110838e-03
1.388918208186096237e-03 5.760252456585210172e-03
8.889817534969424173e-04 4.537609049320948107e-03
5.000846571264760954e-04 3.035755322020164231e-03
2.222701403818971855e-04 1.532669286421102723e-03
5.556907905679420168e-05 4.596045021975261446e-04
0.000000000000000000e+00 7.684431912808400999e-05
0.000000000000000000e+00 -7.684431912808400999e-05
5.556907905679420168e-05 -4.596045021975261446e-04
2.222701403818971855e-04 -1.532669286421102723e-03
5.000846571264760954e-04 -3.035755322020164231e-03
8.889817534969424173e-04 -4.537609049320948107e-03
1.388918208186096237e-03 -5.760252456585210172e-03
1.999838459177394334e-03 -6.938532588174110838e-03
2.721674609919344512e-03 -8.245577621794304007e-03
3.554346436871580472e-03 -9.519693791519850609e-03
4.497761398421062928e-03 -1.066301285322412626e-02
5.551814645166519568e-03 -1.178457278996069592e-02
6.716389031571567969e-03 -1.294286474795928489e-02
7.991355128984078959e-03 -1.408055750411902479e-02
9.376571240020115106e-03 -1.517392659054796547e-02
1.087188341431266636e-02 -1.625749320813495505e-02
1.247712546562085301e-02 -1.735629571280417408e-02
1.419211899029970692e-02 -1.847943619866925652e-02
1.601667338712764455e-02 -1.962140663936571064e-02
1.795058587848985532e-02 -2.076391892650194040e-02
1.999364153291383062e-02 -2.189344219727110824e-02
2.214561328895736647e-02 -2.300046766780639018e-02
2.440626198044326678e-02 -2.407300921831490720e-02
2.677533636303963682e-02 -2.509978286175834628e-02
2.925257314218321358e-02 -2.609360308910607662e-02
3.183769700234129196e-02 -2.707730282613544232e-02
3.453042063760936031e-02 -2.804479705956089766e-02
3.733044478364233587e-02 -2.898080963266452120e-02
4.023745825091396000e-02 -2.989966012531645317e-02
4.325113795930202176e-02 -3.082356885410083777e-02
4.637114897399441382e-02 -3.175458890962811614e-02
4.959714454271368922e-02 -3.268849253166786206e-02
5.292876613425423482e-02 -3.362250694196248363e-02
5.636564347832906385e-02 -3.455401131018447786e-02
5.990739460672012129e-02 -3.547952259610211850e-02
6.355362589573076981e-02 -3.639561783023770314e-02
6.730393210993146358e-02 -3.729961220313797454e-02
7.115789644719716645e-02 -3.818837556445863618e-02
7.511509058502996439e-02 -3.905737138542774572e-02
7.917507472816209813e-02 -3.990298846875668659e-02
8.333739765743386485e-02 -4.072398805036168967e-02
8.760159677994161509e-02 -4.152441122524681838e-02
9.196719818044885031e-02 -4.231664949107104279e-02
9.643371667405697956e-02 -4.310638525091189943e-02
1.010006558601274085e-01 -4.388860703917649153e-02
1.056675081774507419e-01 -4.466022269994578825e-02
1.104337549606562163e-01 -4.542137403462615658e-02
1.152988664978553679e-01 -4.617055087040337902e-02
1.202623020895129402e-01 -4.690446113833323522e-02
1.253235101085391490e-01 -4.762148137926468239e-02
1.304819280615971966e-01 -4.832129788151202227e-02
1.357369826516168221e-01 -4.900098119297739002e-02
1.410880898415101115e-01 -4.965628557115342456e-02
1.465346549190801317e-01 -5.028950890269260482e-02
1.520760725631161714e-01 -5.090671357546877607e-02
1.577117269106679265e-01 -5.151190491533776811e-02
1.634409916254914164e-01 -5.210748503466092890e-02
1.692632299676588570e-01 -5.269219000692100530e-02
1.751777948643248317e-01 -5.326349675454787602e-02
1.811840289816407656e-01 -5.382057569138273823e-02
1.872812647978095990e-01 -5.436300632934619459e-02
1.934688246772731102e-01 -5.488947281610022377e-02
1.997460209460230063e-01 -5.539851848119444616e-02
2.061121559680280102e-01 -5.588915155566427651e-02
2.125665222227673956e-01 -5.636041008559505155e-02
2.191084023838638650e-01 -5.681107228972658713e-02
2.257370693988056676e-01 -5.723991954720165226e-02
2.324517865697500740e-01 -5.764587614595708537e-02
2.392518076353984391e-01 -5.802784208984660547e-02
2.461363768539343022e-01 -5.838461428143748577e-02
2.531047290870154232e-01 -5.871502965329373352e-02
2.601560898848094272e-01 -5.901802167663700721e-02
2.672896755720651774e-01 -5.929244797535255379e-02
2.745046933352085494e-01 -5.953703846057830512e-02
2.818003413104546162e-01 -5.975068349484229796e-02
2.891758086729252497e-01 -5.993248002835258742e-02
2.966302757267624823e-01 -6.008113933589702416e-02
3.041629139962280792e-01 -6.019503973405335856e-02
3.117728863177794407e-01 -6.027457628529057920e-02
3.194593469331089564e-01 -6.032189812518742866e-02
3.272214415831418144e-01 -6.033742456763458578e-02
3.350583076029753915e-01 -6.032018353132007765e-02
3.429690740177547825e-01 -6.026920515275990820e-02
3.509528616394713696e-01 -6.018354718366533684e-02
3.590087831646743277e-01 -6.006229028794805164e-02
3.671359432730831873e-01 -5.990452568733050515e-02
3.753334387270930161e-01 -5.970933140337721795e-02
3.836003584721576765e-01 -5.947578683118680959e-02
3.919357837380436083e-01 -5.920301748375506046e-02
4.003387881409395943e-01 -5.889015660861408180e-02
4.088084377864137364e-01 -5.853628765666872569e-02
4.173437913732044313e-01 -5.814050944615452299e-02
4.259439002978354649e-01 -5.770205005936511478e-02
4.346078087600411255e-01 -5.722011255167026855e-02
4.433345538689928977e-01 -5.669369938123635516e-02
4.521231657503131940e-01 -5.612191667438864995e-02
4.609726676538650203e-01 -5.550428413665191296e-02
4.698820760623064752e-01 -5.484009374955272492e-02
4.788504008003974244e-01 -5.412793683633975589e-02
4.878766451450451402e-01 -5.336693740434410999e-02
4.969598059360780251e-01 -5.255753247457101845e-02
5.060988736877365390e-01 -5.170530331887738390e-02
5.152928327008634568e-01 -5.082388408396854018e-02
5.245406611757882365e-01 -4.992050604669492214e-02
5.338413313258880688e-01 -4.899255882708299786e-02
5.431938094918128401e-01 -4.803854167536728004e-02
5.525970562563653488e-01 -4.705907671007564935e-02
5.620500265600203438e-01 -4.605459420564218115e-02
5.715516698170692855e-01 -4.502514436488881666e-02
5.811009300323815019e-01 -4.396953863899551868e-02
5.906967459187653091e-01 -4.288608057119960848e-02
6.003380510149177729e-01 -4.177966430989709518e-02
6.100237738039482327e-01 -4.065936009838429233e-02
6.197528378324663745e-01 -3.952966312250810743e-02
6.295241618302156450e-01 -3.839211393320225707e-02
6.393366598302444581e-01 -3.724649267133648550e-02
6.491892412895989839e-01 -3.609195609934595650e-02
6.590808112105230876e-01 -3.492916847971719307e-02
6.690102702621547603e-01 -3.375902297947352276e-02
6.789765149027036095e-01 -3.258026738625270646e-02
6.889784375020977514e-01 -3.139266741576724612e-02
6.990149264650814542e-01 -3.020385176582672873e-02
7.090848663547572039e-01 -2.902199150848596906e-02
7.191871380165538730e-01 -2.784908980581934576e-02
7.293206187026060050e-01 -2.668559730019977663e-02
7.394841821965345563e-01 -2.553157980389310702e-02
7.496766989386134394e-01 -2.438710524104277522e-02
7.598970361513051053e-01 -2.325243203010092519e-02
7.701440579651563922e-01 -2.212787094507782937e-02
7.804166255450371015e-01 -2.101377849884961471e-02
7.907135972167069760e-01 -1.991033214615426164e-02
8.010338285937002034e-01 -1.881739186389152010e-02
8.113761727045106786e-01 -1.773524479447598917e-02
8.217394801200630372e-01 -1.666482920343651669e-02
8.321225990814590245e-01 -1.560606340098501764e-02
8.425243756279822138e-01 -1.455764661106924256e-02
8.529436537253458628e-01 -1.352125645275179151e-02
8.633792753941731402e-01 -1.250164213735073526e-02
8.738300808386934015e-01 -1.150088240204398191e-02
8.842949085756387495e-01 -1.051869205393424211e-02
8.947725955633289985e-01 -9.556765475707490812e-03
9.052619773309316109e-01 -8.617844214439913247e-03
9.157618881078770645e-01 -7.699063727586702606e-03
9.262711609534211021e-01 -6.795354393893607813e-03
9.367886278863364335e-01 -5.913753721368164747e-03
9.473131200147204556e-01 -5.063944223634426860e-03
9.578434676659028923e-01 -4.228140649227355927e-03
9.683785005164411430e-01 -3.386300975213668574e-03
9.789170477221889044e-01 -2.577028858845342371e-03
9.894579380484205267e-01 -1.716880017979549762e-03
9.999999999999998890e-01 -2.419229283360897959e-05
