9.999999999999998890e-01 -7.676903187089067495e-05
9.894579380484205267e-01 2.554442446280996183e-03
9.789170477221889044e-01 5.070144397927122196e-03
9.683785005164411430e-01 7.477025715349750780e-03
9.578434676659028923e-01 9.781777518360373902e-03
9.473131200147204556e-01 1.199112120663709154e-02
9.367886278863364335e-01 1.411185931296668125e-02
9.262711609534211021e-01 1.615077861958384361e-02
9.157618881078770645e-01 1.811459984654997107e-02
9.052619773309316109e-01 2.001010384496562655e-02
8.947725955633289985e-01 2.184419985557068539e-02
8.842949085756387495e-01 2.362364121904861336e-02
8.738300808386934015e-01 2.535491944706101675e-02
8.633792753941731402e-01 2.704485765527044755e-02
8.529436537253458628e-01 2.870066076338880293e-02
8.425243756279822138e-01 3.032689264121127964e-02
8.321225990814590245e-01 3.192507316240041776e-02
8.217394801200630372e-01 3.349586712853178105e-02
8.113761727045106786e-01 3.503929775633719129e-02
8.010338285937002034e-01 3.655565597103666714e-02
7.907135972167069760e-01 3.804545642714607379e-02
7.804166255450371015e-01 3.950907259601110777e-02
7.701440579651563922e-01 4.094678735546694592e-02
7.598970361513051053e-01 4.235897283468682134e-02
7.496766989386134394e-01 4.374604740385708290e-02
7.394841821965345563e-01 4.510838668184193739e-02
7.293206187026060050e-01 4.644635034126882306e-02
7.191871380165538730e-01 4.776032775455613805e-02
7.090848663547572039e-01 4.905071790211792265e-02
6.990149264650814542e-01 5.031790827719014730e-02
6.889784375020977514e-01 5.156228463480520136e-02
6.789765149027036095e-01 5.278424153049641326e-02
6.690102702621547603e-01 5.398417514218434993e-02
6.590808112105230876e-01 5.516247895517861766e-02
6.491892412895989839e-01 5.631954591017723777e-02
6.393366598302444581e-01 5.745576910767612178e-02
6.295241618302156450e-01 5.857154182484032579e-02
6.197528378324663745e-01 5.966725767547103459e-02
6.100237738039482327e-01 6.074330705857401702e-02
6.003380510149177729e-01 6.180007377927751455e-02
5.906967459187653091e-01 6.283794431069625319e-02
5.811009300323815019e-01 6.385731075971208537e-02
5.715516698170692855e-01 6.485855247446936644e-02
5.620500265600203438e-01 6.584203033331471888e-02
5.525970562563653488e-01 6.680812345373901562e-02
5.431938094918128401e-01 6.775723253822478476e-02
5.338413313258880688e-01 6.868970839968090158e-02
5.245406611757882365e-01 6.960585527202989287e-02
5.152928327008634568e-01 7.050607437676591205e-02
5.060988736877365390e-01 7.139082836726474979e-02
4.969598059360780251e-01 7.226025704673766370e-02
4.878766451450451402e-01 7.311420405473746664e-02
4.788504008003974244e-01 7.395185711461446654e-02
4.698820760623064752e-01 7.477203388764180891e-02
4.609726676538650203e-01 7.557377085057499777e-02
4.521231657503131940e-01 7.635621631915948115e-02
4.433345538689928977e-01 7.711850074415380063e-02
4.346078087600411255e-01 7.785976460073198990e-02
4.259439002978354649e-01 7.857925098372239847e-02
4.173437913732044313e-01 7.927624904620404755e-02
4.088084377864137364e-01 7.995009365748687036e-02
4.003387881409395943e-01 8.060015066893547186e-02
3.919357837380436083e-01 8.122585382074863636e-02
3.836003584721576765e-01 8.182667613337465951e-02
3.753334387270930161e-01 8.240216344773873547e-02
3.671359432730831873e-01 8.295188977579424916e-02
3.590087831646743277e-01 8.347546554600235313e-02
3.509528616394713696e-01 8.397255761396953122e-02
3.429690740177547825e-01 8.444294299707039153e-02
3.350583076029753915e-01 8.488639081575893863e-02
3.272214415831418144e-01 8.530263197322189572e-02
3.194593469331089564e-01 8.569155480602676234e-02
3.117728863177794407e-01 8.605328248831106697e-02
3.041629139962280792e-01 8.638745896256250223e-02
2.966302757267624823e-01 8.669307181285758335e-02
2.891758086729252497e-01 8.696877040612638332e-02
2.818003413104546162e-01 8.721289735944888488e-02
2.745046933352085494e-01 8.742407482098420168e-02
2.672896755720651774e-01 8.760120134404106307e-02
2.601560898848094272e-01 8.774325640766776624e-02
2.531047290870154232e-01 8.784929153382979583e-02
2.461363768539343022e-01 8.791856210025052187e-02
2.392518076353984391e-01 8.795046922927948763e-02
2.324517865697500740e-01 8.794454440816000529e-02
2.257370693988056676e-01 8.790041323025303555e-02
2.191084023838638650e-01 8.781788329858100650e-02
2.125665222227673956e-01 8.769686610619088774e-02
2.061121559680280102e-01 8.753740220949089712e-02
1.997460209460230063e-01 8.733961872555730255e-02
1.934688246772731102e-01 8.710383272660207621e-02
1.872812647978095990e-01 8.683043821695962672e-02
1.811840289816407656e-01 8.651990014470145596e-02
1.751777948643248317e-01 8.617277901989964239e-02
1.692632299676588570e-01 8.578989941277216646e-02
1.634409916254914164e-01 8.537209460922015603e-02
1.577117269106679265e-01 8.492006383047254192e-02
1.520760725631161714e-01 8.443476941052580065e-02
1.465346549190801317e-01 8.391782641220582595e-02
1.410880898415101115e-01 8.336834157601152873e-02
1.357369826516168221e-01 8.278032081568451050e-02
1.304819280615971966e-01 8.214743334362975546e-02
1.253235101085391490e-01 8.146378912018800711e-02
1.202623020895129402e-01 8.072443457889953711e-02
1.152988664978553679e-01 7.992567593905278156e-02
1.104337549606562163e-01 7.906452501325345050e-02
1.056675081774507419e-01 7.813874540496405785e-02
1.010006558601274085e-01 7.714693525581917122e-02
9.643371667405697956e-02 7.608851146584590108e-02
9.196719818044885031e-02 7.496356122421285462e-02
8.760159677994161509e-02 7.377275794031104561e-02
8.333739765743386485e-02 7.251753680152113468e-02
7.917507472816209813e-02 7.119990225475382462e-02
7.511509058502996439e-02 6.982235988454688069e-02
7.115789644719716645e-02 6.838779922460798411e-02
6.730393210993146358e-02 6.689990224384607942e-02
6.355362589573076981e-02 6.536274482126264163e-02
5.990739460672012129e-02 6.378044272365128442e-02
5.636564347832906385e-02 6.215735719670228282e-02
5.292876613425423482e-02 6.049910965241417360e-02
4.959714454271368922e-02 5.881144295027504465e-02
4.637114897399441382e-02 5.709871767865700581e-02
4.325113795930202176e-02 5.536595904123940703e-02
4.023745825091396000e-02 5.362208627717983400e-02
3.733044478364233587e-02 5.187234830045912848e-02
3.453042063760936031e-02 5.010803949724302458e-02
3.183769700234129196e-02 4.831610988798944184e-02
2.925257314218321358e-02 4.647926432889701309e-02
2.677533636303963682e-02 4.458519663566676283e-02
2.440626198044326678e-02 4.263350973536998018e-02
2.214561328895736647e-02 4.062558952443954402e-02
1.999364153291383062e-02 3.856342920108747629e-02
1.795058587848985532e-02 3.645543610494492853e-02
1.601667338712764455e-02 3.431928239701761280e-02
1.419211899029970692e-02 3.216788385315944715e-02
1.247712546562085301e-02 3.000787867020341185e-02
1.087188341431266636e-02 2.786065906806125744e-02
9.376571240020115106e-03 2.576308359591285291e-02
7.991355128984078959e-03 2.374318494486056183e-02
6.716389031571567969e-03 2.182447144056840621e-02
5.551814645166519568e-03 2.008745375566563934e-02
4.497761398421062928e-03 1.862898899669974614e-02
3.554346436871580472e-03 1.724758737958456342e-02
2.721674609919344512e-03 1.557292327267040082e-02
1.999838459177394334e-03 1.341061831238400844e-02
1.388918208186096237e-03 1.070600173590907471e-02
8.889817534969424173e-04 7.733078231764141733e-03
5.000846571264760954e-04 4.899980112503215038e-03
2.222701403818971855e-04 2.552202453917339856e-03
5.556907905679420168e-05 9.955118150055434437e-04
0.000000000000000000e+00 4.554046924123658527e-04
0.000000000000000000e+00 -3.518948013180323709e-05
5.556907905679420168e-05 -2.543175418153257304e-04
2.222701403818971855e-04 -8.849139518617342654e-04
5.000846571264760954e-04 -1.832142575172434349e-03
8.889817534969424173e-04 -2.967190772536572665e-03
1.388918208186096237e-03 -4.144321529860189000e-03
1.999838459177394334e-03 -5.190985835009983423e-03
2.721674609919344512e-03 -5.990393573522102312e-03
3.554346436871580472e-03 -6.562679389708305638e-03
4.497761398421062928e-03 -6.985440552660301082e-03
5.551814645166519568e-03 -7.408103817788317183e-03
6.716389031571567969e-03 -7.905111441604979403e-03
7.991355128984078959e-03 -8.419425236732927878e-03
9.376571240020115106e-03 -8.897547574631648262e-03
1.087188341431266636e-02 -9.306519229556452916e-03
1.247712546562085301e-02 -9.620219731009680905e-03
1.419211899029970692e-02 -9.819171686878451488e-03
1.601667338712764455e-02 -9.895535041837670923e-03
1.795058587848985532e-02 -9.852336548144586745e-03
1.999364153291383062e-02 -9.694871468455334290e-03
2.214561328895736647e-02 -9.431376908037681500e-03
2.440626198044326678e-02 -9.088266531418033936e-03
2.677533636303963682e-02 -8.702942155555512885e-03
2.925257314218321358e-02 -8.300615213502829035e-03
3.183769700234129196e-02 -7.898624688081100700e-03
3.453042063760936031e-02 -7.507727515110897143e-03
3.733044478364233587e-02 -7.135607417912087289e-03
4.023745825091396000e-02 -6.790023187908431068e-03
4.325113795930202176e-02 -6.476612797310494184e-03
4.637114897399441382e-02 -6.189661535995185683e-03
4.959714454271368922e-02 -5.919757822441893552e-03
5.292876613425423482e-02 -5.657588901055474011e-03
5.636564347832906385e-02 -5.392567293759841993e-03
5.990739460672012129e-02 -5.109470036490538526e-03
6.355362589573076981e-02 -4.790885381236258643e-03
6.730393210993146358e-02 -4.416039506720004573e-03
7.115789644719716645e-02 -3.976646777278622889e-03
7.511509058502996439e-02 -3.496424009845099275e-03
7.917507472816209813e-02 -3.012918194285621725e-03
8.333739765743386485e-02 -2.581780234910633146e-03
8.760159677994161509e-02 -2.237924766811669360e-03
9.196719818044885031e-02 -1.976781509473988542e-03
9.643371667405697956e-02 -1.769616617947522043e-03
1.010006558601274085e-01 -1.559160448973673533e-03
1.056675081774507419e-01 -1.305095200212057910e-03
1.104337549606562163e-01 -9.911462913039955063e-04
1.152988664978553679e-01 -6.241158209991998955e-04
1.202623020895129402e-01 -2.324539999664576790e-04
1.253235101085391490e-01 1.618897582838844896e-04
1.304819280615971966e-01 5.440105126573660391e-04
1.357369826516168221e-01 9.076084344211430080e-04
1.410880898415101115e-01 1.252368557039386203e-03
1.465346549190801317e-01 1.577119065761850049e-03
1.520760725631161714e-01 1.880315376236282822e-03
1.577117269106679265e-01 2.162396798957778431e-03
1.634409916254914164e-01 2.424808576292239708e-03
1.692632299676588570e-01 2.668928345267271903e-03
1.751777948643248317e-01 2.896200507669908965e-03
1.811840289816407656e-01 3.108633321489310836e-03
1.872812647978095990e-01 3.308355786540376469e-03
1.934688246772731102e-01 3.497129435345823489e-03
1.997460209460230063e-01 3.680989096831766092e-03
2.061121559680280102e-01 3.882825284294851020e-03
2.125665222227673956e-01 4.135995946994416861e-03
2.191084023838638650e-01 4.494149216791307362e-03
2.257370693988056676e-01 4.989856452403729041e-03
2.324517865697500740e-01 5.589672117889491094e-03
2.392518076353984391e-01 6.219032534958264524e-03
2.461363768539343022e-01 6.737459908086679966e-03
2.531047290870154232e-01 7.049445018445370768e-03
2.601560898848094272e-01 7.158727873307984234e-03
2.672896755720651774e-01 7.147528747056606027e-03
2.745046933352085494e-01 7.200430512496172088e-03
2.818003413104546162e-01 7.438433553642613896e-03
2.891758086729252497e-01 7.885346039356743233e-03
2.966302757267624823e-01 8.457310146954239577e-03
3.041629139962280792e-01 8.963997325909803943e-03
3.117728863177794407e-01 9.288644627816602939e-03
3.194593469331089564e-01 9.395556102608344784e-03
3.272214415831418144e-01 9.378152564390042356e-03
3.350583076029753915e-01 9.420910121728631736e-03
3.429690740177547825e-01 9.629051298902350370e-03
3.509528616394713696e-01 1.003907672288768815e-02
3.590087831646743277e-01 1.054255946170935820e-02
3.671359432730831873e-01 1.096344804445118642e-02
3.753334387270930161e-01 1.121036645273417939e-02
3.836003584721576765e-01 1.125574409769835617e-02
3.919357837380436083e-01 1.122431602608405139e-02
4.003387881409395943e-01 1.128060158167893713e-02
4.088084377864137364e-01 1.149728269535956089e-02
4.173437913732044313e-01 1.188241574005951921e-02
4.259439002978354649e-01 1.229589203292257189e-02
4.346078087600411255e-01 1.258863526979585486e-02
4.433345538689928977e-01 1.271278644925130652e-02
4.521231657503131940e-01 1.268845414190532088e-02
4.609726676538650203e-01 1.266662430881747466e-02
4.698820760623064752e-01 1.277374175290522419e-02
4.788504008003974244e-01 1.302417288819489490e-02
4.878766451450451402e-01 1.336413081148750924e-02
4.969598059360780251e-01 1.363869582695469672e-02
5.060988736877365390e-01 1.375461228714507968e-02
5.152928327008634568e-01 1.374042881162282695e-02
5.245406611757882365e-01 1.368192542113068517e-02
5.338413313258880688e-01 1.372501770102274241e-02
5.431938094918128401e-01 1.391481219787280357e-02
5.525970562563653488e-01 1.417277453069248905e-02
5.620500265600203438e-01 1.439577137292591749e-02
5.715516698170692855e-01 1.447102131361076467e-02
5.811009300323815019e-01 1.441479461479107209e-02
5.906967459187653091e-01 1.434819671058500806e-02
6.003380510149177729e-01 1.435846177149259668e-02
6.100237738039482327e-01 1.449460413071900974e-02
6.197528378324663745e-01 1.467918153136310577e-02
6.295241618302156450e-01 1.477406300665694110e-02
6.393366598302444581e-01 1.475019469737725263e-02
6.491892412895989839e-01 1.464250600436288290e-02
6.590808112105230876e-01 1.455197234168529447e-02
6.690102702621547603e-01 1.457827433820403640e-02
6.789765149027036095e-01 1.466655580259663971e-02
6.889784375020977514e-01 1.471959520309966754e-02
6.990149264650814542e-01 1.468629346713113716e-02
7.090848663547572039e-01 1.455497014071949376e-02
7.191871380165538730e-01 1.441179433245995747e-02
7.293206187026060050e-01 1.432968028603917067e-02
7.394841821965345563e-01 1.427204528403221845e-02
7.496766989386134394e-01 1.418876147271450408e-02
7.598970361513051053e-01 1.404819751182859525e-02
7.701440579651563922e-01 1.384036230750298677e-02
7.804166255450371015e-01 1.359465409535529599e-02
7.907135972167069760e-01 1.333242906200764535e-02
8.010338285937002034e-01 1.305210922755167639e-02
8.113761727045106786e-01 1.275230593887450269e-02
8.217394801200630372e-01 1.243534004819368821e-02
8.321225990814590245e-01 1.210265554004598919e-02
8.425243756279822138e-01 1.175422004279480515e-02
8.529436537253458628e-01 1.138975147101142261e-02
8.633792753941731402e-01 1.100854401970163474e-02
8.738300808386934015e-01 1.060504578048449345e-02
8.842949085756387495e-01 1.016944842439039369e-02
8.947725955633289985e-01 9.692376114468595136e-03
9.052619773309316109e-01 9.164915289742652654e-03
9.157618881078770645e-01 8.578460956387305714e-03
9.262711609534211021e-01 7.924421901518525699e-03
9.367886278863364335e-01 7.192644294637405393e-03
9.473131200147204556e-01 6.372766360102897348e-03
9.578434676659028923e-01 5.458925062653741458e-03
9.683785005164411430e-01 4.438304730809815996e-03
9.789170477221889044e-01 3.245083364351988853e-03
9.894579380484205267e-01 1.790998591653297561e-03
9.999999999999998890e-01 -2.672671977797414243e-05
