9.999999999999998890e-01 6.223825519156979397e-10
9.894579380484205267e-01 2.088297346965370740e-03
9.789170477221889044e-01 4.178510616335611751e-03
9.683785005164411430e-01 6.270608246018281699e-03
9.578434676659028923e-01 8.364702964002152311e-03
9.473131200147204556e-01 1.046087669393522615e-02
9.367886278863364335e-01 1.255904673235125682e-02
9.262711609534211021e-01 1.465922062829634956e-02
9.157618881078770645e-01 1.676167052191601670e-02
9.052619773309316109e-01 1.886639700847855469e-02
8.947725955633289985e-01 2.097278989826248385e-02
8.842949085756387495e-01 2.307840135546317811e-02
8.738300808386934015e-01 2.517796852799622509e-02
8.633792753941731402e-01 2.726586316637339552e-02
8.529436537253458628e-01 2.933636485137871425e-02
8.425243756279822138e-01 3.138553858083387854e-02
8.321225990814590245e-01 3.341153169281139979e-02
8.217394801200630372e-01 3.541385859659675756e-02
8.113761727045106786e-01 3.739317845753258734e-02
8.010338285937002034e-01 3.934936921324962839e-02
7.907135972167069760e-01 4.128153305826687963e-02
7.804166255450371015e-01 4.318737606300705051e-02
7.701440579651563922e-01 4.506366412506816743e-02
7.598970361513051053e-01 4.690705180072265307e-02
7.496766989386134394e-01 4.871433289490095103e-02
7.394841821965345563e-01 5.048382225217557667e-02
7.293206187026060050e-01 5.221470462942359031e-02
7.191871380165538730e-01 5.390711498050858308e-02
7.090848663547572039e-01 5.556146060816112564e-02
6.990149264650814542e-01 5.717761434523546682e-02
6.889784375020977514e-01 5.875496109638989745e-02
6.789765149027036095e-01 6.029153440307930684e-02
6.690102702621547603e-01 6.178499877869005757e-02
6.590808112105230876e-01 6.323300519118268959e-02
6.491892412895989839e-01 6.463343545436231463e-02
6.393366598302444581e-01 6.598485923107090534e-02
6.295241618302156450e-01 6.728620738792497058e-02
6.197528378324663745e-01 6.853698485998033219e-02
6.100237738039482327e-01 6.973677040621745205e-02
6.003380510149177729e-01 7.088511488673655825e-02
5.906967459187653091e-01 7.198128320094338006e-02
5.811009300323815019e-01 7.302405946224015121e-02
5.715516698170692855e-01 7.401221172173498564e-02
5.620500265600203438e-01 7.494455107684433459e-02
5.525970562563653488e-01 7.581985992975734390e-02
5.431938094918128401e-01 7.663687209039748982e-02
5.338413313258880688e-01 7.739408355160792841e-02
5.245406611757882365e-01 7.808974298720154639e-02
5.152928327008634568e-01 7.872195036371595900e-02
5.060988736877365390e-01 7.928876324088159067e-02
4.969598059360780251e-01 7.978927405698760245e-02
4.878766451450451402e-01 8.022350031384481439e-02
4.788504008003974244e-01 8.059333998432255397e-02
4.698820760623064752e-01 8.090178969807032550e-02
4.609726676538650203e-01 8.115155234232800108e-02
4.521231657503131940e-01 8.134510396428014378e-02
4.433345538689928977e-01 8.148444004291802156e-02
4.346078087600411255e-01 8.157122062716229416e-02
4.259439002978354649e-01 8.160635705325762490e-02
4.173437913732044313e-01 8.159049874832094429e-02
4.088084377864137364e-01 8.152430661064465067e-02
4.003387881409395943e-01 8.140865393911012049e-02
3.919357837380436083e-01 8.124521807491047465e-02
3.836003584721576765e-01 8.103620631432946475e-02
3.753334387270930161e-01 8.078489317617906784e-02
3.671359432730831873e-01 8.049467789318059951e-02
3.590087831646743277e-01 8.016873175171115862e-02
3.509528616394713696e-01 7.980992011522353158e-02
3.429690740177547825e-01 7.942050899718376689e-02
3.350583076029753915e-01 7.900154882406830448e-02
3.272214415831418144e-01 7.855201956522844808e-02
3.194593469331089564e-01 7.807106362904191188e-02
3.117728863177794407e-01 7.755840619143113124e-02
3.041629139962280792e-01 7.701363825883088265e-02
2.966302757267624823e-01 7.643616815497182582e-02
2.891758086729252497e-01 7.582685904312250202e-02
2.818003413104546162e-01 7.518817103473761365e-02
2.745046933352085494e-01 7.452257335716326592e-02
2.672896755720651774e-01 7.383247633514319896e-02
2.601560898848094272e-01 7.312039132203709824e-02
2.531047290870154232e-01 7.238884243074920899e-02
2.461363768539343022e-01 7.163955945387436020e-02
2.392518076353984391e-01 7.087359766880069190e-02
2.324517865697500740e-01 7.009054952708450303e-02
2.257370693988056676e-01 6.928928932761979631e-02
2.191084023838638650e-01 6.846927773316530130e-02
2.125665222227673956e-01 6.763022821662295625e-02
2.061121559680280102e-01 6.677173513054865395e-02
1.997460209460230063e-01 6.589345490905587632e-02
1.934688246772731102e-01 6.499559019710964003e-02
1.872812647978095990e-01 6.407864175667456197e-02
1.811840289816407656e-01 6.314363366056190141e-02
1.751777948643248317e-01 6.219170923350563623e-02
1.692632299676588570e-01 6.122395445042295992e-02
1.634409916254914164e-01 6.024146697666917655e-02
1.577117269106679265e-01 5.924541229384362728e-02
1.520760725631161714e-01 5.823697801525435508e-02
1.465346549190801317e-01 5.721737219991378243e-02
1.410880898415101115e-01 5.618735876087111586e-02
1.357369826516168221e-01 5.514682621566685539e-02
1.304819280615971966e-01 5.409568000799120507e-02
1.253235101085391490e-01 5.303402302463332274e-02
1.202623020895129402e-01 5.196208030801261618e-02
1.152988664978553679e-01 5.088022597968982347e-02
1.104337549606562163e-01 4.978900995088608727e-02
1.056675081774507419e-01 4.868917553574388102e-02
1.010006558601274085e-01 4.758149667511240438e-02
9.643371667405697956e-02 4.646680177541050172e-02
9.196719818044885031e-02 4.534650840350230167e-02
8.760159677994161509e-02 4.422251070545081542e-02
8.333739765743386485e-02 4.309656668120694784e-02
7.917507472816209813e-02 4.197037638987166641e-02
7.511509058502996439e-02 4.084612694190131732e-02
7.115789644719716645e-02 3.972589794463248641e-02
6.730393210993146358e-02 3.860851390548226958e-02
6.355362589573076981e-02 3.749124120246363073e-02
5.990739460672012129e-02 3.637164556030914042e-02
5.636564347832906385e-02 3.524759024424574394e-02
5.292876613425423482e-02 3.411786976444206726e-02
4.959714454271368922e-02 3.298195114069256417e-02
4.637114897399441382e-02 3.184090079449209548e-02
4.325113795930202176e-02 3.069701420346391749e-02
4.023745825091396000e-02 2.955547229754824923e-02
3.733044478364233587e-02 2.842195034644773299e-02
3.453042063760936031e-02 2.730159453468940234e-02
3.183769700234129196e-02 2.619891639127908470e-02
2.925257314218321358e-02 2.511708200853576128e-02
2.677533636303963682e-02 2.405994684880765483e-02
2.440626198044326678e-02 2.303319920967916365e-02
2.214561328895736647e-02 2.203743734689136285e-02
1.999364153291383062e-02 2.106378766012783135e-02
1.795058587848985532e-02 2.009806919686395535e-02
1.601667338712764455e-02 1.911999301491762449e-02
1.419211899029970692e-02 1.812056898501773414e-02
1.247712546562085301e-02 1.710532873479704563e-02
1.087188341431266636e-02 1.607529645909511890e-02
9.376571240020115106e-03 1.502791035398528229e-02
7.991355128984078959e-03 1.400026372019283483e-02
6.716389031571567969e-03 1.305872366399951287e-02
5.551814645166519568e-03 1.218203090498708695e-02
4.497761398421062928e-03 1.127907759503418879e-02
3.554346436871580472e-03 1.022006604175865196e-02
2.721674609919344512e-03 8.870777609388216800e-03
1.999838459177394334e-03 7.267077293389897705e-03
1.388918208186096237e-03 5.537098353991454919e-03
8.889817534969424173e-04 3.825274932387840148e-03
5.000846571264760954e-04 2.282134441485985689e-03
2.222701403818971855e-04 1.053815655948585426e-03
5.556907905679420168e-05 2.713186810716416769e-04
0.000000000000000000e+00 -8.450491155424756128e-08
0.000000000000000000e+00 1.273096156121830218e-09
5.556907905679420168e-05 -1.121746395078898406e-04
2.222701403818971855e-04 -4.430005773853168925e-04
5.000846571264760954e-04 -9.762575820314528877e-04
8.889817534969424173e-04 -1.684559410376087031e-03
1.388918208186096237e-03 -2.534604015675969400e-03
1.999838459177394334e-03 -3.483228133651292396e-03
2.721674609919344512e-03 -4.485843249708706612e-03
3.554346436871580472e-03 -5.498424401596279688e-03
4.497761398421062928e-03 -6.479640976486658946e-03
5.551814645166519568e-03 -7.393362198474943622e-03
6.716389031571567969e-03 -8.219687542216729675e-03
7.991355128984078959e-03 -8.963843876774115968e-03
9.376571240020115106e-03 -9.643825596373452325e-03
1.087188341431266636e-02 -1.029112073911023391e-02
1.247712546562085301e-02 -1.092080102792799406e-02
1.419211899029970692e-02 -1.152860426554233250e-02
1.601667338712764455e-02 -1.211459626875176047e-02
1.795058587848985532e-02 -1.268368151921969375e-02
1.999364153291383062e-02 -1.323669638753609094e-02
2.214561328895736647e-02 -1.377168602815464528e-02
2.440626198044326678e-02 -1.429444699080010574e-02
2.677533636303963682e-02 -1.481565588039854275e-02
2.925257314218321358e-02 -1.534194185592480456e-02
3.183769700234129196e-02 -1.587698665664729475e-02
3.453042063760936031e-02 -1.641975367089874155e-02
3.733044478364233587e-02 -1.696717125794100153e-02
4.023745825091396000e-02 -1.751739573412077616e-02
4.325113795930202176e-02 -1.806894814890592366e-02
4.637114897399441382e-02 -1.861968618933169950e-02
4.959714454271368922e-02 -1.916730277792802473e-02
5.292876613425423482e-02 -1.970971998121482868e-02
5.636564347832906385e-02 -2.024535445209893134e-02
5.990739460672012129e-02 -2.077416287307420548e-02
6.355362589573076981e-02 -2.129655125355711318e-02
6.730393210993146358e-02 -2.181324084079401537e-02
7.115789644719716645e-02 -2.232545543524005680e-02
7.511509058502996439e-02 -2.283549902977426160e-02
7.917507472816209813e-02 -2.334519935363825113e-02
8.333739765743386485e-02 -2.385507797692004717e-02
8.760159677994161509e-02 -2.436473645036923291e-02
9.196719818044885031e-02 -2.487248088152493528e-02
9.643371667405697956e-02 -2.537659645333613379e-02
1.010006558601274085e-01 -2.587552715094640007e-02
1.056675081774507419e-01 -2.636799850647946267e-02
1.104337549606562163e-01 -2.685308170475891182e-02
1.152988664978553679e-01 -2.733034887860143203e-02
1.202623020895129402e-01 -2.779986113938254927e-02
1.253235101085391490e-01 -2.826168687916452010e-02
1.304819280615971966e-01 -2.871589228562333729e-02
1.357369826516168221e-01 -2.916268506609054345e-02
1.410880898415101115e-01 -2.960240186922088665e-02
1.465346549190801317e-01 -3.003566364254617316e-02
1.520760725631161714e-01 -3.046320345455608494e-02
1.577117269106679265e-01 -3.088524392167448993e-02
1.634409916254914164e-01 -3.130166699252383972e-02
1.692632299676588570e-01 -3.171180205661651430e-02
1.751777948643248317e-01 -3.211477703566881919e-02
1.811840289816407656e-01 -3.250990663105571277e-02
1.872812647978095990e-01 -3.289654281879396402e-02
1.934688246772731102e-01 -3.327390175533604527e-02
1.997460209460230063e-01 -3.364119867413515458e-02
2.061121559680280102e-01 -3.399779797600031156e-02
2.125665222227673956e-01 -3.434321677246787718e-02
2.191084023838638650e-01 -3.467734264097058899e-02
2.257370693988056676e-01 -3.500012340624750196e-02
2.324517865697500740e-01 -3.531147315451838714e-02
2.392518076353984391e-01 -3.561137637821425173e-02
2.461363768539343022e-01 -3.589998206511287732e-02
2.531047290870154232e-01 -3.617733652112060244e-02
2.601560898848094272e-01 -3.644325451482766098e-02
2.672896755720651774e-01 -3.669728182041410991e-02
2.745046933352085494e-01 -3.693859123044844484e-02
2.818003413104546162e-01 -3.716640421653109871e-02
2.891758086729252497e-01 -3.738004255879846804e-02
2.966302757267624823e-01 -3.757874135183603137e-02
3.041629139962280792e-01 -3.776165048852131445e-02
3.117728863177794407e-01 -3.792824446122614740e-02
3.194593469331089564e-01 -3.807829625428322401e-02
3.272214415831418144e-01 -3.821152276072675713e-02
3.350583076029753915e-01 -3.832761058935758858e-02
3.429690740177547825e-01 -3.842650374926030038e-02
3.509528616394713696e-01 -3.850821858942850284e-02
3.590087831646743277e-01 -3.857186718107731560e-02
3.671359432730831873e-01 -3.861599069858682315e-02
3.753334387270930161e-01 -3.863856561977685455e-02
3.836003584721576765e-01 -3.863729244657070766e-02
3.919357837380436083e-01 -3.860974920945316885e-02
4.003387881409395943e-01 -3.855357126492336278e-02
4.088084377864137364e-01 -3.846691729056214704e-02
4.173437913732044313e-01 -3.834826040101919908e-02
4.259439002978354649e-01 -3.819669491909522679e-02
4.346078087600411255e-01 -3.801147005272719620e-02
4.433345538689928977e-01 -3.779181231952133402e-02
4.521231657503131940e-01 -3.753677498495582715e-02
4.609726676538650203e-01 -3.724493441586112369e-02
4.698820760623064752e-01 -3.691466210083624994e-02
4.788504008003974244e-01 -3.654404335789867425e-02
4.878766451450451402e-01 -3.613093546395150513e-02
4.969598059360780251e-01 -3.567284464643180608e-02
5.060988736877365390e-01 -3.516835042408605200e-02
5.152928327008634568e-01 -3.461788134082180446e-02
5.245406611757882365e-01 -3.402275838514697698e-02
5.338413313258880688e-01 -3.338529596505316471e-02
5.431938094918128401e-01 -3.270775243476398142e-02
5.525970562563653488e-01 -3.199223628524157370e-02
5.620500265600203438e-01 -3.124085868441081951e-02
5.715516698170692855e-01 -3.045574819905231406e-02
5.811009300323815019e-01 -2.963914186967478090e-02
5.906967459187653091e-01 -2.879335353460102040e-02
6.003380510149177729e-01 -2.792053296430863779e-02
6.100237738039482327e-01 -2.702262384908886428e-02
6.197528378324663745e-01 -2.610064826334794127e-02
6.295241618302156450e-01 -2.515507919065938097e-02
6.393366598302444581e-01 -2.418631098005464414e-02
6.491892412895989839e-01 -2.319486474728135392e-02
6.590808112105230876e-01 -2.218234624146244588e-02
6.690102702621547603e-01 -2.115099125524308107e-02
6.789765149027036095e-01 -2.010404813544743388e-02
6.889784375020977514e-01 -1.904506287213699953e-02
6.990149264650814542e-01 -1.797737234134937079e-02
7.090848663547572039e-01 -1.690399110859985496e-02
7.191871380165538730e-01 -1.582695873028236444e-02
7.293206187026060050e-01 -1.474804500252974160e-02
7.394841821965345563e-01 -1.366888486757590268e-02
7.496766989386134394e-01 -1.259121477335082943e-02
7.598970361513051053e-01 -1.151709362645397632e-02
7.701440579651563922e-01 -1.044877614988256979e-02
7.804166255450371015e-01 -9.388823673366171116e-03
7.907135972167069760e-01 -8.339809284406113354e-03
8.010338285937002034e-01 -7.304278978505725217e-03
8.113761727045106786e-01 -6.285868894358916797e-03
8.217394801200630372e-01 -5.289848769474208082e-03
8.321225990814590245e-01 -4.322077012029820406e-03
8.425243756279822138e-01 -3.388943423625217968e-03
8.529436537253458628e-01 -2.495876798825207542e-03
8.633792753941731402e-01 -1.647207736010083317e-03
8.738300808386934015e-01 -8.462914500087573549e-04
8.842949085756387495e-01 -9.563153128874519581e-05
8.947725955633289985e-01 6.027231771019122327e-04
9.052619773309316109e-01 1.245617845837156254e-03
9.157618881078770645e-01 1.813847341545083390e-03
9.262711609534211021e-01 2.277943973699027812e-03
9.367886278863364335e-01 2.607025808641925350e-03
9.473131200147204556e-01 2.769610835935030872e-03
9.578434676659028923e-01 2.734676641967139291e-03
9.683785005164411430e-01 2.471359643472666873e-03
9.789170477221889044e-01 1.948519460623644164e-03
9.894579380484205267e-01 1.134992882489584696e-03
9.999999999999998890e-01 1.233504017161716515e-09
