9.999999999999998890e-01 7.693701420179928125e-05
9.894579380484205267e-01 -1.448681519972839365e-04
9.789170477221889044e-01 -3.526644136540109300e-05
9.683785005164411430e-01 3.036330895619629195e-04
9.578434676659028923e-01 8.118700043637608896e-04
9.473131200147204556e-01 1.445847188228223043e-03
9.367886278863364335e-01 2.182954479168698614e-03
9.262711609534211021e-01 3.008040275296257164e-03
9.157618881078770645e-01 3.914865090158513479e-03
9.052619773309316109e-01 4.902258501125322278e-03
8.947725955633289985e-01 5.976134994964440832e-03
8.842949085756387495e-01 7.131002883334569553e-03
8.738300808386934015e-01 8.342239340662124802e-03
8.633792753941731402e-01 9.593682514084255278e-03
8.529436537253458628e-01 1.088277728048560149e-02
8.425243756279822138e-01 1.220833719786753452e-02
8.321225990814590245e-01 1.356972757806190234e-02
8.217394801200630372e-01 1.496793919181475460e-02
8.113761727045106786e-01 1.640483620603711695e-02
8.010338285937002034e-01 1.787203192253727230e-02
7.907135972167069760e-01 1.935361771190369923e-02
7.804166255450371015e-01 2.084271020574009203e-02
7.701440579651563922e-01 2.233867477200146209e-02
7.598970361513051053e-01 2.384093281615869836e-02
7.496766989386134394e-01 2.534901195621314107e-02
7.394841821965345563e-01 2.686355554960939349e-02
7.293206187026060050e-01 2.838526154400533574e-02
7.191871380165538730e-01 2.991177521451354390e-02
7.090848663547572039e-01 3.143809936464920379e-02
6.990149264650814542e-01 3.295169097833428040e-02
6.889784375020977514e-01 3.444051573537092875e-02
6.789765149027036095e-01 3.590542608203552144e-02
6.690102702621547603e-01 3.734953785950462235e-02
6.590808112105230876e-01 3.877162666032377136e-02
6.491892412895989839e-01 4.017034343789507855e-02
6.393366598302444581e-01 4.154680678099641894e-02
6.295241618302156450e-01 4.290180606967194943e-02
6.197528378324663745e-01 4.423421210419724997e-02
6.100237738039482327e-01 4.554016384892465436e-02
6.003380510149177729e-01 4.681088181967262701e-02
5.906967459187653091e-01 4.804112145907912107e-02
5.811009300323815019e-01 4.923265242196800395e-02
5.715516698170692855e-01 5.038675707389891206e-02
5.620500265600203438e-01 5.150305723383554607e-02
5.525970562563653488e-01 5.258156022853546080e-02
5.431938094918128401e-01 5.362289202847316666e-02
5.338413313258880688e-01 5.462768462711136558e-02
5.245406611757882365e-01 5.559649004040194409e-02
5.152928327008634568e-01 5.652899763788567233e-02
5.060988736877365390e-01 5.742420040290141525e-02
4.969598059360780251e-01 5.828165415934607324e-02
4.878766451450451402e-01 5.910138036034359027e-02
4.788504008003974244e-01 5.988384966954761468e-02
4.698820760623064752e-01 6.062978090207944704e-02
4.609726676538650203e-01 6.133972821448856888e-02
4.521231657503131940e-01 6.201416322710910645e-02
4.433345538689928977e-01 6.265358078875259140e-02
4.346078087600411255e-01 6.325852730862675799e-02
4.259439002978354649e-01 6.382978489571375369e-02
4.173437913732044313e-01 6.436781060953603029e-02
4.088084377864137364e-01 6.487115221523354069e-02
4.003387881409395943e-01 6.533830520702628430e-02
3.919357837380436083e-01 6.576970908873105981e-02
3.836003584721576765e-01 6.616620677306475629e-02
3.753334387270930161e-01 6.652843829067216219e-02
3.671359432730831873e-01 6.685708951667061750e-02
3.590087831646743277e-01 6.715307107109470819e-02
3.509528616394713696e-01 6.741715673090967198e-02
3.429690740177547825e-01 6.764974667212129977e-02
3.350583076029753915e-01 6.785167409137603245e-02
3.272214415831418144e-01 6.802460049055360225e-02
3.194593469331089564e-01 6.816718802214771777e-02
3.117728863177794407e-01 6.827344942646590420e-02
3.041629139962280792e-01 6.834043794758358492e-02
2.966302757267624823e-01 6.836962864467846512e-02
2.891758086729252497e-01 6.836228465009791533e-02
2.818003413104546162e-01 6.831914658328447354e-02
2.745046933352085494e-01 6.824147988167669765e-02
2.672896755720651774e-01 6.813099527126266486e-02
2.601560898848094272e-01 6.798847921288260487e-02
2.531047290870154232e-01 6.781415526372026881e-02
2.461363768539343022e-01 6.761021294482584543e-02
2.392518076353984391e-01 6.737944345851960837e-02
2.324517865697500740e-01 6.711814018994891051e-02
2.257370693988056676e-01 6.681966265109319514e-02
2.191084023838638650e-01 6.648217297682879057e-02
2.125665222227673956e-01 6.610623093112893978e-02
2.061121559680280102e-01 6.569352394360770953e-02
1.997460209460230063e-01 6.524615487506792155e-02
1.934688246772731102e-01 6.476617722524204146e-02
1.872812647978095990e-01 6.425538707646819003e-02
1.811840289816407656e-01 6.371457585918265110e-02
1.751777948643248317e-01 6.314501741079960040e-02
1.692632299676588570e-01 6.255052922265381954e-02
1.634409916254914164e-01 6.193326748295981121e-02
1.577117269106679265e-01 6.128914878634291602e-02
1.520760725631161714e-01 6.061296547688878322e-02
1.465346549190801317e-01 5.989946940749297372e-02
1.410880898415101115e-01 5.914678573666537487e-02
1.357369826516168221e-01 5.835964703854102514e-02
1.304819280615971966e-01 5.754202202641735264e-02
1.253235101085391490e-01 5.669537718451221620e-02
1.202623020895129402e-01 5.582171137314421994e-02
1.152988664978553679e-01 5.492407069629424293e-02
1.104337549606562163e-01 5.400521289429197069e-02
1.056675081774507419e-01 5.306747279708349391e-02
1.010006558601274085e-01 5.211323501950868020e-02
9.643371667405697956e-02 5.114442166142828261e-02
9.196719818044885031e-02 5.015396997596720252e-02
8.760159677994161509e-02 4.912831725200961230e-02
8.333739765743386485e-02 4.806613063678599751e-02
7.917507472816209813e-02 4.697453670641987128e-02
7.511509058502996439e-02 4.585826011266955216e-02
7.115789644719716645e-02 4.472019639806266295e-02
6.730393210993146358e-02 4.356064849112643855e-02
6.355362589573076981e-02 4.237893704344443402e-02
5.990739460672012129e-02 4.117627945322405170e-02
5.636564347832906385e-02 3.995562129675449270e-02
5.292876613425423482e-02 3.872508849916698331e-02
4.959714454271368922e-02 3.749104186302594510e-02
4.637114897399441382e-02 3.624398165258232302e-02
4.325113795930202176e-02 3.497252779628198804e-02
4.023745825091396000e-02 3.367483373332015584e-02
3.733044478364233587e-02 3.235411129470611852e-02
3.453042063760936031e-02 3.102226993469764382e-02
3.183769700234129196e-02 2.968804937688190523e-02
2.925257314218321358e-02 2.834799347547121290e-02
2.677533636303963682e-02 2.699724226387179016e-02
2.440626198044326678e-02 2.563207177819335630e-02
2.214561328895736647e-02 2.425715762759125468e-02
1.999364153291383062e-02 2.289152872436996111e-02
1.795058587848985532e-02 2.154435922151819519e-02
1.601667338712764455e-02 2.020795560406553337e-02
1.419211899029970692e-02 1.887018020529106568e-02
1.247712546562085301e-02 1.751586822401655572e-02
1.087188341431266636e-02 1.615044675222705381e-02
9.376571240020115106e-03 1.480084347048730813e-02
7.991355128984078959e-03 1.348716668796454132e-02
6.716389031571567969e-03 1.221970674717818596e-02
5.551814645166519568e-03 1.096777984715110663e-02
4.497761398421062928e-03 9.677902767587657010e-03
3.554346436871580472e-03 8.382717995490347740e-03
2.721674609919344512e-03 7.161824114995613520e-03
1.999838459177394334e-03 6.025517555205262173e-03
1.388918208186096237e-03 4.943955022259673149e-03
8.889817534969424173e-04 3.864875650382200607e-03
5.000846571264760954e-04 2.747893828568937370e-03
2.222701403818971855e-04 1.680795827080222354e-03
5.556907905679420168e-05 7.727255511215904609e-04
0.000000000000000000e+00 7.884982000790429789e-06
0.000000000000000000e+00 1.799984247526071149e-07
5.556907905679420168e-05 -4.680322618686043367e-04
2.222701403818971855e-04 -1.425424210932991131e-03
5.000846571264760954e-04 -1.944411283762054058e-03
8.889817534969424173e-04 -2.340286283301740589e-03
1.388918208186096237e-03 -2.982772766530665184e-03
1.999838459177394334e-03 -3.693916785723912796e-03
2.721674609919344512e-03 -4.316136644796391558e-03
3.554346436871580472e-03 -4.946734146403152996e-03
4.497761398421062928e-03 -5.653901444239644442e-03
5.551814645166519568e-03 -6.384872705554411540e-03
6.716389031571567969e-03 -7.108485188163793898e-03
7.991355128984078959e-03 -7.848597896806563598e-03
9.376571240020115106e-03 -8.605802913687751396e-03
1.087188341431266636e-02 -9.344164972224532073e-03
1.247712546562085301e-02 -1.005780958067599255e-02
1.419211899029970692e-02 -1.077669082866013726e-02
1.601667338712764455e-02 -1.151230219312159367e-02
1.795058587848985532e-02 -1.225675901758502100e-02
1.999364153291383062e-02 -1.300194206748684321e-02
2.214561328895736647e-02 -1.374043813670788351e-02
2.440626198044326678e-02 -1.446828449279440390e-02
2.677533636303963682e-02 -1.518451643597495612e-02
2.925257314218321358e-02 -1.589484361454149286e-02
3.183769700234129196e-02 -1.660738285170814191e-02
3.453042063760936031e-02 -1.731957336002847361e-02
3.733044478364233587e-02 -1.802408754524582185e-02
4.023745825091396000e-02 -1.871565672640737588e-02
4.325113795930202176e-02 -1.939108874099815943e-02
4.637114897399441382e-02 -2.005376929381038134e-02
4.959714454271368922e-02 -2.070832157305137894e-02
5.292876613425423482e-02 -2.135540297344341865e-02
5.636564347832906385e-02 -2.199370053080474535e-02
5.990739460672012129e-02 -2.261870483523049230e-02
6.355362589573076981e-02 -2.322644416761726269e-02
6.730393210993146358e-02 -2.381661765108969778e-02
7.115789644719716645e-02 -2.439032212463436086e-02
7.511509058502996439e-02 -2.495041233969283109e-02
7.917507472816209813e-02 -2.549794757538375103e-02
8.333739765743386485e-02 -2.602980776359815895e-02
8.760159677994161509e-02 -2.654275731006953271e-02
9.196719818044885031e-02 -2.703427706870147051e-02
9.643371667405697956e-02 -2.750434893737520661e-02
1.010006558601274085e-01 -2.795637759591047822e-02
1.056675081774507419e-01 -2.839202559567386916e-02
1.104337549606562163e-01 -2.881048658994781256e-02
1.152988664978553679e-01 -2.920970753767003145e-02
1.202623020895129402e-01 -2.958665326757027592e-02
1.253235101085391490e-01 -2.994070658025858173e-02
1.304819280615971966e-01 -3.027339849632405128e-02
1.357369826516168221e-01 -3.058672950516305722e-02
1.410880898415101115e-01 -3.088271183848544793e-02
1.465346549190801317e-01 -3.116037099460379836e-02
1.520760725631161714e-01 -3.141707164402659375e-02
1.577117269106679265e-01 -3.165154283962065551e-02
1.634409916254914164e-01 -3.186354717997155056e-02
1.692632299676588570e-01 -3.205511311728216628e-02
1.751777948643248317e-01 -3.222877527435832196e-02
1.811840289816407656e-01 -3.238447280825162977e-02
1.872812647978095990e-01 -3.252108522506876043e-02
1.934688246772731102e-01 -3.263683257571365487e-02
1.997460209460230063e-01 -3.273057612737152733e-02
2.061121559680280102e-01 -3.280438355970018149e-02
2.125665222227673956e-01 -3.286069576032241146e-02
2.191084023838638650e-01 -3.290069102517217958e-02
2.257370693988056676e-01 -3.292462213854191466e-02
2.324517865697500740e-01 -3.293097151948724821e-02
2.392518076353984391e-01 -3.291866676190626645e-02
2.461363768539343022e-01 -3.288823836578321641e-02
2.531047290870154232e-01 -3.284076961578208387e-02
2.601560898848094272e-01 -3.277794887247652278e-02
2.672896755720651774e-01 -3.270044705326129175e-02
2.745046933352085494e-01 -3.260728278898538529e-02
2.818003413104546162e-01 -3.249765313006100498e-02
2.891758086729252497e-01 -3.237120831104585428e-02
2.966302757267624823e-01 -3.222874503524864737e-02
3.041629139962280792e-01 -3.207221663204436884e-02
3.117728863177794407e-01 -3.190241622845884500e-02
3.194593469331089564e-01 -3.171900194133126655e-02
3.272214415831418144e-01 -3.152139910792201016e-02
3.350583076029753915e-01 -3.130898868719558109e-02
3.429690740177547825e-01 -3.108237285378200043e-02
3.509528616394713696e-01 -3.084289331232448195e-02
3.590087831646743277e-01 -3.059134140937195059e-02
3.671359432730831873e-01 -3.032807948100221807e-02
3.753334387270930161e-01 -3.005255780581765623e-02
3.836003584721576765e-01 -2.976404998452676989e-02
3.919357837380436083e-01 -2.946330653565355090e-02
4.003387881409395943e-01 -2.915163071753729476e-02
4.088084377864137364e-01 -2.883027161231587268e-02
4.173437913732044313e-01 -2.850013490787893511e-02
4.259439002978354649e-01 -2.816077068399190642e-02
4.346078087600411255e-01 -2.781164946818202865e-02
4.433345538689928977e-01 -2.745317609489730457e-02
4.521231657503131940e-01 -2.708604032906128042e-02
4.609726676538650203e-01 -2.671117122324988616e-02
4.698820760623064752e-01 -2.632913125836524454e-02
4.788504008003974244e-01 -2.593952540907947663e-02
4.878766451450451402e-01 -2.554214361175280446e-02
4.969598059360780251e-01 -2.513741195480553511e-02
5.060988736877365390e-01 -2.472610793871649754e-02
5.152928327008634568e-01 -2.430945049447263626e-02
5.245406611757882365e-01 -2.388802071967310175e-02
5.338413313258880688e-01 -2.346147063616527834e-02
5.431938094918128401e-01 -2.302971665693140380e-02
5.525970562563653488e-01 -2.259306757476107000e-02
5.620500265600203438e-01 -2.215194896576385200e-02
5.715516698170692855e-01 -2.170685529769323177e-02
5.811009300323815019e-01 -2.125787493438607845e-02
5.906967459187653091e-01 -2.080478940514409250e-02
6.003380510149177729e-01 -2.034780425917526864e-02
6.100237738039482327e-01 -1.988743333966482701e-02
6.197528378324663745e-01 -1.942424361696613866e-02
6.295241618302156450e-01 -1.895877264293048189e-02
6.393366598302444581e-01 -1.849108829935979317e-02
6.491892412895989839e-01 -1.802105947756861559e-02
6.590808112105230876e-01 -1.754877055267392225e-02
6.690102702621547603e-01 -1.707437150408222526e-02
6.789765149027036095e-01 -1.659788391453033765e-02
6.889784375020977514e-01 -1.611930487536691187e-02
6.990149264650814542e-01 -1.563871825750452055e-02
7.090848663547572039e-01 -1.515629725010548927e-02
7.191871380165538730e-01 -1.467245524888393174e-02
7.293206187026060050e-01 -1.418756962631454246e-02
7.394841821965345563e-01 -1.370173815836506388e-02
7.496766989386134394e-01 -1.321495778050144065e-02
7.598970361513051053e-01 -1.272710482690500924e-02
7.701440579651563922e-01 -1.223804283651600856e-02
7.804166255450371015e-01 -1.174764952411648522e-02
7.907135972167069760e-01 -1.125594276836392599e-02
8.010338285937002034e-01 -1.076318876476332724e-02
8.113761727045106786e-01 -1.026990052157165587e-02
8.217394801200630372e-01 -9.776899958891310458e-03
8.321225990814590245e-01 -9.284338816606951816e-03
8.425243756279822138e-01 -8.791507180794867413e-03
8.529436537253458628e-01 -8.297819097177651024e-03
8.633792753941731402e-01 -7.802869333642102265e-03
8.738300808386934015e-01 -7.306128716195730601e-03
8.842949085756387495e-01 -6.806989044616646584e-03
8.947725955633289985e-01 -6.305397966108740662e-03
9.052619773309316109e-01 -5.801464950488491833e-03
9.157618881078770645e-01 -5.292407257959305666e-03
9.262711609534211021e-01 -4.773789662023485147e-03
9.367886278863364335e-01 -4.242741219134414134e-03
9.473131200147204556e-01 -3.696539634764491392e-03
9.578434676659028923e-01 -3.127427874777044103e-03
9.683785005164411430e-01 -2.519200325147834523e-03
9.789170477221889044e-01 -1.818761650926775707e-03
9.894579380484205267e-01 -9.650372185540509115e-04
9.999999999999998890e-01 7.603670336824117516e-05
