9.999999999999998890e-01 9.769911157500452831e-03
9.894579380484205267e-01 1.038912546334734219e-02
9.789170477221889044e-01 1.122101142867258997e-02
9.683785005164411430e-01 1.228433868567317677e-02
9.578434676659028923e-01 1.352829418983986405e-02
9.473131200147204556e-01 1.489622790488708860e-02
9.367886278863364335e-01 1.635460793989924194e-02
9.262711609534211021e-01 1.788064964791318337e-02
9.157618881078770645e-01 1.946712442148778796e-02
9.052619773309316109e-01 2.111362680750672807e-02
8.947725955633289985e-01 2.282856539720751546e-02
8.842949085756387495e-01 2.461798288331090365e-02
8.738300808386934015e-01 2.648242502521847008e-02
8.633792753941731402e-01 2.841452695330765055e-02
8.529436537253458628e-01 3.039709082583931868e-02
8.425243756279822138e-01 3.241505369448489937e-02
8.321225990814590245e-01 3.445683070938063142e-02
8.217394801200630372e-01 3.651722564921672937e-02
8.113761727045106786e-01 3.859706971121920627e-02
8.010338285937002034e-01 4.069928730553405011e-02
7.907135972167069760e-01 4.282801700757038477e-02
7.804166255450371015e-01 4.498401044481278171e-02
7.701440579651563922e-01 4.716525801428317344e-02
7.598970361513051053e-01 4.936533924487058328e-02
7.496766989386134394e-01 5.157368620482387367e-02
7.394841821965345563e-01 5.376651290746514017e-02
7.293206187026060050e-01 5.591915151359281438e-02
7.191871380165538730e-01 5.804148665630932263e-02
7.090848663547572039e-01 6.015663122455881112e-02
6.990149264650814542e-01 6.228534405458575202e-02
6.889784375020977514e-01 6.443625675433505007e-02
6.789765149027036095e-01 6.656894339900151780e-02
6.690102702621547603e-01 6.864355279446211766e-02
6.590808112105230876e-01 7.066946421963210545e-02
6.491892412895989839e-01 7.266147385277144100e-02
6.393366598302444581e-01 7.461812933242172041e-02
6.295241618302156450e-01 7.653690608055060962e-02
6.197528378324663745e-01 7.841987080579658487e-02
6.100237738039482327e-01 8.026529546227896550e-02
6.003380510149177729e-01 8.206244103971152559e-02
5.906967459187653091e-01 8.380718826551529499e-02
5.811009300323815019e-01 8.550836174968499959e-02
5.715516698170692855e-01 8.716655178918428226e-02
5.620500265600203438e-01 8.876899923281246496e-02
5.525970562563653488e-01 9.031026946828742130e-02
5.431938094918128401e-01 9.179469307712968817e-02
5.338413313258880688e-01 9.321954584296228419e-02
5.245406611757882365e-01 9.457480213471321229e-02
5.152928327008634568e-01 9.585868399156273478e-02
5.060988736877365390e-01 9.707615548819920059e-02
4.969598059360780251e-01 9.822370653577715272e-02
4.878766451450451402e-01 9.929278929969909129e-02
4.788504008003974244e-01 1.002883677462845097e-01
4.698820760623064752e-01 1.012222359463298416e-01
4.609726676538650203e-01 1.020935486032571449e-01
4.521231657503131940e-01 1.028964618913649071e-01
4.433345538689928977e-01 1.036356226088155502e-01
4.346078087600411255e-01 1.043191347923683732e-01
4.259439002978354649e-01 1.049492392685861808e-01
4.173437913732044313e-01 1.055262100689865340e-01
4.088084377864137364e-01 1.060508420668415525e-01
4.003387881409395943e-01 1.065253327020330293e-01
3.919357837380436083e-01 1.069566861670641494e-01
3.836003584721576765e-01 1.073495059524096212e-01
3.753334387270930161e-01 1.076971285104238452e-01
3.671359432730831873e-01 1.079957307617928491e-01
3.590087831646743277e-01 1.082547699386242346e-01
3.509528616394713696e-01 1.084812403244046902e-01
3.429690740177547825e-01 1.086720741977903748e-01
3.350583076029753915e-01 1.088249065545233013e-01
3.272214415831418144e-01 1.089410581883508145e-01
3.194593469331089564e-01 1.090207901826108217e-01
3.117728863177794407e-01 1.090621883215627114e-01
3.041629139962280792e-01 1.090651965479893654e-01
2.966302757267624823e-01 1.090323291998501753e-01
2.891758086729252497e-01 1.089643777192827734e-01
2.818003413104546162e-01 1.088600318849487769e-01
2.745046933352085494e-01 1.087171570708706514e-01
2.672896755720651774e-01 1.085331555633515660e-01
2.601560898848094272e-01 1.083084090129577542e-01
2.531047290870154232e-01 1.080455834136486437e-01
2.461363768539343022e-01 1.077468865223803751e-01
2.392518076353984391e-01 1.074133649454637601e-01
2.324517865697500740e-01 1.070383319252659476e-01
2.257370693988056676e-01 1.066128021636235101e-01
2.191084023838638650e-01 1.061424146748153469e-01
2.125665222227673956e-01 1.056371198133105038e-01
2.061121559680280102e-01 1.050920442564308582e-01
1.997460209460230063e-01 1.044981093194379262e-01
1.934688246772731102e-01 1.038535949201031816e-01
1.872812647978095990e-01 1.031598638460423240e-01
1.811840289816407656e-01 1.024214337788657142e-01
1.751777948643248317e-01 1.016411951347953591e-01
1.692632299676588570e-01 1.008136632783538100e-01
1.634409916254914164e-01 9.993569246567600428e-02
1.577117269106679265e-01 9.901580788038763514e-02
1.520760725631161714e-01 9.806072778819092950e-02
1.465346549190801317e-01 9.706812215288737611e-02
1.410880898415101115e-01 9.603592671595562180e-02
1.357369826516168221e-01 9.496509750740741995e-02
1.304819280615971966e-01 9.385367047737851187e-02
1.253235101085391490e-01 9.269442503638927744e-02
1.202623020895129402e-01 9.148523896072523198e-02
1.152988664978553679e-01 9.023178288555337712e-02
1.104337549606562163e-01 8.894206831501301480e-02
1.056675081774507419e-01 8.762593966960760539e-02
1.010006558601274085e-01 8.628813016200208297e-02
9.643371667405697956e-02 8.492821049514515108e-02
9.196719818044885031e-02 8.354515595036265951e-02
8.760159677994161509e-02 8.213720215380895806e-02
8.333739765743386485e-02 8.069704347910726383e-02
7.917507472816209813e-02 7.921363136023874818e-02
7.511509058502996439e-02 7.767712819531345791e-02
7.115789644719716645e-02 7.607988802821315233e-02
6.730393210993146358e-02 7.442609442998109059e-02
6.355362589573076981e-02 7.272530837833757200e-02
5.990739460672012129e-02 7.098417081526071926e-02
5.636564347832906385e-02 6.920860534171875689e-02
5.292876613425423482e-02 6.740725723024268423e-02
4.959714454271368922e-02 6.558756774348625807e-02
4.637114897399441382e-02 6.374739373661683639e-02
4.325113795930202176e-02 6.188054184758697007e-02
4.023745825091396000e-02 5.997579879341052161e-02
3.733044478364233587e-02 5.802576585714074725e-02
3.453042063760936031e-02 5.603823466814694676e-02
3.183769700234129196e-02 5.402600720200138179e-02
2.925257314218321358e-02 5.200723607341573018e-02
2.677533636303963682e-02 4.999775248346913226e-02
2.440626198044326678e-02 4.800664839366729220e-02
2.214561328895736647e-02 4.603412627101893806e-02
1.999364153291383062e-02 4.406621321253276907e-02
1.795058587848985532e-02 4.208775481216957964e-02
1.601667338712764455e-02 4.008370989208976526e-02
1.419211899029970692e-02 3.802931954568780637e-02
1.247712546562085301e-02 3.588882672316849598e-02
1.087188341431266636e-02 3.365494938945563785e-02
9.376571240020115106e-03 3.135160687044351302e-02
7.991355128984078959e-03 2.901240484081227949e-02
6.716389031571567969e-03 2.668032547189959358e-02
5.551814645166519568e-03 2.442838591315233190e-02
4.497761398421062928e-03 2.233975894128124862e-02
3.554346436871580472e-03 2.036124740528467286e-02
2.721674609919344512e-03 1.836879327465246875e-02
1.999838459177394334e-03 1.637588469914800712e-02
1.388918208186096237e-03 1.443048513446834255e-02
8.889817534969424173e-04 1.229791814900510830e-02
5.000846571264760954e-04 9.720577263124891010e-03
2.222701403818971855e-04 7.046215589877970024e-03
5.556907905679420168e-05 4.429297672025540693e-03
0.000000000000000000e+00 3.171452661789766907e-06
0.000000000000000000e+00 -3.056122200437130317e-06
5.556907905679420168e-05 -4.092174455691960366e-03
2.222701403818971855e-04 -6.657113714788396100e-03
5.000846571264760954e-04 -9.429495984460467550e-03
8.889817534969424173e-04 -1.215426459256754854e-02
1.388918208186096237e-03 -1.440158293058565152e-02
1.999838459177394334e-03 -1.637824087503737813e-02
2.721674609919344512e-03 -1.830289370418686223e-02
3.554346436871580472e-03 -2.017825659658725734e-02
4.497761398421062928e-03 -2.203062429652086554e-02
5.551814645166519568e-03 -2.398581877459532788e-02
6.716389031571567969e-03 -2.609358938257141936e-02
7.991355128984078959e-03 -2.826580011209581939e-02
9.376571240020115106e-03 -3.042631647091277591e-02
1.087188341431266636e-02 -3.253181693348306674e-02
1.247712546562085301e-02 -3.455223315588178135e-02
1.419211899029970692e-02 -3.647092321595649805e-02
1.601667338712764455e-02 -3.829389511260115203e-02
1.795058587848985532e-02 -4.004779702467924779e-02
1.999364153291383062e-02 -4.175597011050457413e-02
2.214561328895736647e-02 -4.343837577302203656e-02
2.440626198044326678e-02 -4.511409254231456278e-02
2.677533636303963682e-02 -4.679980175186927022e-02
2.925257314218321358e-02 -4.849386497768883725e-02
3.183769700234129196e-02 -5.018383161488002703e-02
3.453042063760936031e-02 -5.185381371008175588e-02
3.733044478364233587e-02 -5.348782235934547435e-02
4.023745825091396000e-02 -5.507933780256450002e-02
4.325113795930202176e-02 -5.662821654670098515e-02
4.637114897399441382e-02 -5.814814501012478820e-02
4.959714454271368922e-02 -5.965529340313952683e-02
5.292876613425423482e-02 -6.115699061849529106e-02
5.636564347832906385e-02 -6.265572566342789140e-02
5.990739460672012129e-02 -6.414526990986130217e-02
6.355362589573076981e-02 -6.562070488559640369e-02
6.730393210993146358e-02 -6.708664676637582369e-02
7.115789644719716645e-02 -6.854566644159396094e-02
7.511509058502996439e-02 -6.999112521109283891e-02
7.917507472816209813e-02 -7.141820624817524221e-02
8.333739765743386485e-02 -7.282853206776293553e-02
8.760159677994161509e-02 -7.421965646467507116e-02
9.196719818044885031e-02 -7.558108839518840050e-02
9.643371667405697956e-02 -7.691210732970492348e-02
1.010006558601274085e-01 -7.822680312115011525e-02
1.056675081774507419e-01 -7.953017087845076771e-02
1.104337549606562163e-01 -8.081483848443375695e-02
1.152988664978553679e-01 -8.207257510372829856e-02
1.202623020895129402e-01 -8.329508754838231555e-02
1.253235101085391490e-01 -8.447518521770833178e-02
1.304819280615971966e-01 -8.560719006253486585e-02
1.357369826516168221e-01 -8.669312145494648125e-02
1.410880898415101115e-01 -8.774020845045434058e-02
1.465346549190801317e-01 -8.875215483647072578e-02
1.520760725631161714e-01 -8.973036502725650898e-02
1.577117269106679265e-01 -9.067554204342088975e-02
1.634409916254914164e-01 -9.158740553853352007e-02
1.692632299676588570e-01 -9.246119860749497932e-02
1.751777948643248317e-01 -9.329100550362191824e-02
1.811840289816407656e-01 -9.407515420838993836e-02
1.872812647978095990e-01 -9.481346548642156924e-02
1.934688246772731102e-01 -9.550571507160594831e-02
1.997460209460230063e-01 -9.615157594258455509e-02
2.061121559680280102e-01 -9.675037887290034722e-02
2.125665222227673956e-01 -9.730290279966288813e-02
2.191084023838638650e-01 -9.781477342086590532e-02
2.257370693988056676e-01 -9.828950010391150627e-02
2.324517865697500740e-01 -9.872253385751669774e-02
2.392518076353984391e-01 -9.911046601438848469e-02
2.461363768539343022e-01 -9.945524538282336791e-02
2.531047290870154232e-01 -9.976080674986502472e-02
2.601560898848094272e-01 -1.000333491434302474e-01
2.672896755720651774e-01 -1.002750560470611896e-01
2.745046933352085494e-01 -1.004816293422657603e-01
2.818003413104546162e-01 -1.006502139137966517e-01
2.891758086729252497e-01 -1.007804996295223188e-01
2.966302757267624823e-01 -1.008715234730887950e-01
3.041629139962280792e-01 -1.009216757630690270e-01
3.117728863177794407e-01 -1.009342490249966751e-01
3.194593469331089564e-01 -1.009165615713634306e-01
3.272214415831418144e-01 -1.008682438616810562e-01
3.350583076029753915e-01 -1.007832102001075536e-01
3.429690740177547825e-01 -1.006596253772403249e-01
3.509528616394713696e-01 -1.004985367184796641e-01
3.590087831646743277e-01 -1.003010842647346079e-01
3.671359432730831873e-01 -1.000682263008319528e-01
3.753334387270930161e-01 -9.979936438381842301e-02
3.836003584721576765e-01 -9.949288257391432355e-02
3.919357837380436083e-01 -9.914528346558697247e-02
4.003387881409395943e-01 -9.875325777330674903e-02
4.088084377864137364e-01 -9.831806542427370954e-02
4.173437913732044313e-01 -9.784050600543769960e-02
4.259439002978354649e-01 -9.731346996933729065e-02
4.346078087600411255e-01 -9.673014698314762183e-02
4.433345538689928977e-01 -9.609178871566478874e-02
4.521231657503131940e-01 -9.539870322553074822e-02
4.609726676538650203e-01 -9.464366484761242704e-02
4.698820760623064752e-01 -9.382201323547660621e-02
4.788504008003974244e-01 -9.293818254330932227e-02
4.878766451450451402e-01 -9.199272140863895553e-02
4.969598059360780251e-01 -9.097608122364381211e-02
5.060988736877365390e-01 -8.988343552932100133e-02
5.152928327008634568e-01 -8.871961117536501795e-02
5.245406611757882365e-01 -8.748830680275135330e-02
5.338413313258880688e-01 -8.619048512506573279e-02
5.431938094918128401e-01 -8.482901337855418278e-02
5.525970562563653488e-01 -8.340906775433300224e-02
5.620500265600203438e-01 -8.193264501476270334e-02
5.715516698170692855e-01 -8.039872122239388741e-02
5.811009300323815019e-01 -7.881019268891689689e-02
5.906967459187653091e-01 -7.717312327891599766e-02
6.003380510149177729e-01 -7.549108497774131843e-02
6.100237738039482327e-01 -7.376570808741607366e-02
6.197528378324663745e-01 -7.199727260764821057e-02
6.295241618302156450e-01 -7.018620315076024019e-02
6.393366598302444581e-01 -6.834047404868828779e-02
6.491892412895989839e-01 -6.647000842036075718e-02
6.590808112105230876e-01 -6.457288568533028905e-02
6.690102702621547603e-01 -6.264120831410004142e-02
6.789765149027036095e-01 -6.066101623284246569e-02
6.889784375020977514e-01 -5.862621816276968739e-02
6.990149264650814542e-01 -5.657535876883752757e-02
7.090848663547572039e-01 -5.454646866388199178e-02
7.191871380165538730e-01 -5.252927237166996055e-02
7.293206187026060050e-01 -5.050319678084803920e-02
7.394841821965345563e-01 -4.845035964844587872e-02
7.496766989386134394e-01 -4.636357331127469172e-02
7.598970361513051053e-01 -4.426138908043880660e-02
7.701440579651563922e-01 -4.216347914610332065e-02
7.804166255450371015e-01 -4.008340301263043498e-02
7.907135972167069760e-01 -3.803099210090794824e-02
8.010338285937002034e-01 -3.601079269869079946e-02
8.113761727045106786e-01 -3.402300627288494528e-02
8.217394801200630372e-01 -3.206226102832709923e-02
8.321225990814590245e-01 -3.012528920158536946e-02
8.425243756279822138e-01 -2.821246771217198954e-02
8.529436537253458628e-01 -2.633580852362099253e-02
8.633792753941731402e-01 -2.451882129943524710e-02
8.738300808386934015e-01 -2.277559435064212268e-02
8.842949085756387495e-01 -2.111154154266837654e-02
8.947725955633289985e-01 -1.953465602330526144e-02
9.052619773309316109e-01 -1.805400813294730233e-02
9.157618881078770645e-01 -1.666648613643088861e-02
9.262711609534211021e-01 -1.536243581563741592e-02
9.367886278863364335e-01 -1.414260339114126706e-02
9.473131200147204556e-01 -1.301583967223668946e-02
9.578434676659028923e-01 -1.200951361196910504e-02
9.683785005164411430e-01 -1.116125766141098236e-02
9.789170477221889044e-01 -1.052122503626213602e-02
9.894579380484205267e-01 -1.013349471789889295e-02
9.999999999999998890e-01 -9.990330372238596240e-03
