9.999999999999998890e-01 6.999845905932113380e-03
9.894579380484205267e-01 7.112711440356189740e-03
9.789170477221889044e-01 7.323106772232463105e-03
9.683785005164411430e-01 7.655526096613814342e-03
9.578434676659028923e-01 8.131227775804513933e-03
9.473131200147204556e-01 8.740189208426877090e-03
9.367886278863364335e-01 9.389218845947523359e-03
9.262711609534211021e-01 1.002931900301966620e-02
9.157618881078770645e-01 1.074284927795137595e-02
9.052619773309316109e-01 1.156941813591396209e-02
8.947725955633289985e-01 1.243423888089081712e-02
8.842949085756387495e-01 1.329853434088325986e-02
8.738300808386934015e-01 1.420019768992085082e-02
8.633792753941731402e-01 1.515228744078868546e-02
8.529436537253458628e-01 1.612583333280611861e-02
8.425243756279822138e-01 1.709763189280363166e-02
8.321225990814590245e-01 1.805458497210967253e-02
8.217394801200630372e-01 1.899029498973054536e-02
8.113761727045106786e-01 1.990488063817116848e-02
8.010338285937002034e-01 2.080896958220295259e-02
7.907135972167069760e-01 2.171947461327590131e-02
7.804166255450371015e-01 2.262930634365165408e-02
7.701440579651563922e-01 2.351700098825409285e-02
7.598970361513051053e-01 2.438042410501392934e-02
7.496766989386134394e-01 2.522742492979833731e-02
7.394841821965345563e-01 2.605679325369445951e-02
7.293206187026060050e-01 2.686323161341537882e-02
7.191871380165538730e-01 2.764319244833834607e-02
7.090848663547572039e-01 2.839590638435868925e-02
6.990149264650814542e-01 2.913152530901668563e-02
6.889784375020977514e-01 2.986068624431618967e-02
6.789765149027036095e-01 3.058065272696040837e-02
6.690102702621547603e-01 3.128550275642553308e-02
6.590808112105230876e-01 3.197084209116459602e-02
6.491892412895989839e-01 3.263305803776499897e-02
6.393366598302444581e-01 3.326983943713177766e-02
6.295241618302156450e-01 3.388026833405970856e-02
6.197528378324663745e-01 3.446624030655688620e-02
6.100237738039482327e-01 3.502964763608396731e-02
6.003380510149177729e-01 3.557152026200440659e-02
5.906967459187653091e-01 3.609270258282443883e-02
5.811009300323815019e-01 3.659389654638728340e-02
5.715516698170692855e-01 3.707557257965626157e-02
5.620500265600203438e-01 3.753789294480883859e-02
5.525970562563653488e-01 3.798111813137173415e-02
5.431938094918128401e-01 3.840565387123200114e-02
5.338413313258880688e-01 3.881186624250050621e-02
5.245406611757882365e-01 3.920007389425593514e-02
5.152928327008634568e-01 3.957062555364553730e-02
5.060988736877365390e-01 3.992389702093754322e-02
4.969598059360780251e-01 4.026025621680143218e-02
4.878766451450451402e-01 4.058006137471229652e-02
4.788504008003974244e-01 4.088363473616826033e-02
4.698820760623064752e-01 4.117128562081249360e-02
4.609726676538650203e-01 4.144339970410884644e-02
4.521231657503131940e-01 4.170036731882543340e-02
4.433345538689928977e-01 4.194233874351892960e-02
4.346078087600411255e-01 4.216933078261815571e-02
4.259439002978354649e-01 4.238118264332869228e-02
4.173437913732044313e-01 4.257766668454536496e-02
4.088084377864137364e-01 4.275853557549792044e-02
4.003387881409395943e-01 4.292363626857844533e-02
3.919357837380436083e-01 4.307320052451086428e-02
3.836003584721576765e-01 4.320766881212591976e-02
3.753334387270930161e-01 4.332784996772166136e-02
3.671359432730831873e-01 4.343461074319845266e-02
3.590087831646743277e-01 4.352877805518624854e-02
3.509528616394713696e-01 4.361104351158530401e-02
3.429690740177547825e-01 4.368181344167358648e-02
3.350583076029753915e-01 4.374109060666708793e-02
3.272214415831418144e-01 4.378821153032048247e-02
3.194593469331089564e-01 4.382258815340498576e-02
3.117728863177794407e-01 4.384385622336516714e-02
3.041629139962280792e-01 4.385164009661373513e-02
2.966302757267624823e-01 4.384554618336516246e-02
2.891758086729252497e-01 4.382575150503233152e-02
2.818003413104546162e-01 4.379305177993310372e-02
2.745046933352085494e-01 4.374817120156714034e-02
2.672896755720651774e-01 4.369174825946727653e-02
2.601560898848094272e-01 4.362455252502799030e-02
2.531047290870154232e-01 4.354741514514493678e-02
2.461363768539343022e-01 4.346066517239940280e-02
2.392518076353984391e-01 4.336423878099241597e-02
2.324517865697500740e-01 4.325747071454917603e-02
2.257370693988056676e-01 4.313941136463170928e-02
2.191084023838638650e-01 4.300942664030892038e-02
2.125665222227673956e-01 4.286702380811332341e-02
2.061121559680280102e-01 4.271168184056924055e-02
1.997460209460230063e-01 4.254294560542971892e-02
1.934688246772731102e-01 4.236074921356881157e-02
1.872812647978095990e-01 4.216525981335448453e-02
1.811840289816407656e-01 4.195710315255089806e-02
1.751777948643248317e-01 4.173683222653157970e-02
1.692632299676588570e-01 4.150434245178979270e-02
1.634409916254914164e-01 4.125914067650398448e-02
1.577117269106679265e-01 4.100003330814699920e-02
1.520760725631161714e-01 4.072598205564678664e-02
1.465346549190801317e-01 4.043660483165262970e-02
1.410880898415101115e-01 4.013190137803572533e-02
1.357369826516168221e-01 3.981243767032700831e-02
1.304819280615971966e-01 3.947896883965744397e-02
1.253235101085391490e-01 3.913243423719767883e-02
1.202623020895129402e-01 3.877294962726211131e-02
1.152988664978553679e-01 3.839946655841335738e-02
1.104337549606562163e-01 3.801084369855239897e-02
1.056675081774507419e-01 3.760594683388737702e-02
1.010006558601274085e-01 3.718399956705142201e-02
9.643371667405697956e-02 3.674465316789865543e-02
9.196719818044885031e-02 3.628883966444459985e-02
8.760159677994161509e-02 3.581832372721761859e-02
8.333739765743386485e-02 3.533207026639011150e-02
7.917507472816209813e-02 3.482733863193197138e-02
7.511509058502996439e-02 3.430416981077685085e-02
7.115789644719716645e-02 3.376414693087567004e-02
6.730393210993146358e-02 3.320790916093056128e-02
6.355362589573076981e-02 3.263536320340716668e-02
5.990739460672012129e-02 3.204469061710848998e-02
5.636564347832906385e-02 3.143402297221368352e-02
5.292876613425423482e-02 3.080508441774223657e-02
4.959714454271368922e-02 3.016026638729764689e-02
4.637114897399441382e-02 2.949945966522680985e-02
4.325113795930202176e-02 2.882185668205529058e-02
4.023745825091396000e-02 2.812666642930638367e-02
3.733044478364233587e-02 2.741319128540876948e-02
3.453042063760936031e-02 2.668100843274238271e-02
3.183769700234129196e-02 2.593035243856749161e-02
2.925257314218321358e-02 2.516297900105452304e-02
2.677533636303963682e-02 2.437931446111808731e-02
2.440626198044326678e-02 2.357651847036688550e-02
2.214561328895736647e-02 2.275426488035183631e-02
1.999364153291383062e-02 2.191729923356435655e-02
1.795058587848985532e-02 2.106592129561114107e-02
1.601667338712764455e-02 2.019329978489291244e-02
1.419211899029970692e-02 1.930008560041295701e-02
1.247712546562085301e-02 1.839662964317854976e-02
1.087188341431266636e-02 1.748456525498110273e-02
9.376571240020115106e-03 1.655620710342946625e-02
7.991355128984078959e-03 1.561312418974210650e-02
6.716389031571567969e-03 1.466342326083747497e-02
5.551814645166519568e-03 1.368539306260073245e-02
4.497761398421062928e-03 1.264175476442792531e-02
3.554346436871580472e-03 1.157346024050529172e-02
2.721674609919344512e-03 1.055284530450934476e-02
1.999838459177394334e-03 9.488676814873708149e-03
1.388918208186096237e-03 8.249214879645172180e-03
8.889817534969424173e-04 7.039220334423665522e-03
5.000846571264760954e-04 6.050966593115887637e-03
2.222701403818971855e-04 4.520161749715024407e-03
5.556907905679420168e-05 1.853210690830121073e-03
0.000000000000000000e+00 -5.316217380783014163e-06
0.000000000000000000e+00 1.545874644072864761e-06
5.556907905679420168e-05 -1.051305316227683353e-03
2.222701403818971855e-04 -2.899554491818632628e-03
5.000846571264760954e-04 -4.165700847050652321e-03
8.889817534969424173e-04 -5.064077586706045020e-03
1.388918208186096237e-03 -5.980588148227093150e-03
1.999838459177394334e-03 -6.876816577834167672e-03
2.721674609919344512e-03 -7.689847215132458377e-03
3.554346436871580472e-03 -8.463181676650778987e-03
4.497761398421062928e-03 -9.228179173831644808e-03
5.551814645166519568e-03 -9.965722106973004882e-03
6.716389031571567969e-03 -1.066593494035607791e-02
7.991355128984078959e-03 -1.134238910773184908e-02
9.376571240020115106e-03 -1.200416440808271638e-02
1.087188341431266636e-02 -1.265158217438521956e-02
1.247712546562085301e-02 -1.328536786581481152e-02
1.419211899029970692e-02 -1.390725966080794823e-02
1.601667338712764455e-02 -1.451628901850570384e-02
1.795058587848985532e-02 -1.510920867109930878e-02
1.999364153291383062e-02 -1.568827163643960951e-02
2.214561328895736647e-02 -1.625975230978304181e-02
2.440626198044326678e-02 -1.682418861653264472e-02
2.677533636303963682e-02 -1.737844655090025822e-02
2.925257314218321358e-02 -1.792215949950583948e-02
3.183769700234129196e-02 -1.845641434407314582e-02
3.453042063760936031e-02 -1.898105532651768457e-02
3.733044478364233587e-02 -1.949549691119248709e-02
4.023745825091396000e-02 -2.000023740751711090e-02
4.325113795930202176e-02 -2.049609596321496502e-02
4.637114897399441382e-02 -2.098331771583418145e-02
4.959714454271368922e-02 -2.146199158649638936e-02
5.292876613425423482e-02 -2.193234576412409279e-02
5.636564347832906385e-02 -2.239455157621303427e-02
5.990739460672012129e-02 -2.284844379150750837e-02
6.355362589573076981e-02 -2.329367512288034112e-02
6.730393210993146358e-02 -2.372958408059400170e-02
7.115789644719716645e-02 -2.415571162565907648e-02
7.511509058502996439e-02 -2.457223325826288912e-02
7.917507472816209813e-02 -2.497957705513485435e-02
8.333739765743386485e-02 -2.537848007371271836e-02
8.760159677994161509e-02 -2.576879590647643964e-02
9.196719818044885031e-02 -2.614883398337114473e-02
9.643371667405697956e-02 -2.651795897235524266e-02
1.010006558601274085e-01 -2.687724699007736778e-02
1.056675081774507419e-01 -2.722738529387730422e-02
1.104337549606562163e-01 -2.756843967438619980e-02
1.152988664978553679e-01 -2.790061059424235948e-02
1.202623020895129402e-01 -2.822427212293350876e-02
1.253235101085391490e-01 -2.853978070254440530e-02
1.304819280615971966e-01 -2.884742820540495828e-02
1.357369826516168221e-01 -2.914692244648631539e-02
1.410880898415101115e-01 -2.943755667115480895e-02
1.465346549190801317e-01 -2.971869696919245823e-02
1.520760725631161714e-01 -2.998980993683385624e-02
1.577117269106679265e-01 -3.025079704000535261e-02
1.634409916254914164e-01 -3.050184898150138518e-02
1.692632299676588570e-01 -3.074363020925986734e-02
1.751777948643248317e-01 -3.097690192695912517e-02
1.811840289816407656e-01 -3.120183241251674178e-02
1.872812647978095990e-01 -3.141824762511973707e-02
1.934688246772731102e-01 -3.162535404161079949e-02
1.997460209460230063e-01 -3.182228637924222614e-02
2.061121559680280102e-01 -3.200859902182894706e-02
2.125665222227673956e-01 -3.218406589752434432e-02
2.191084023838638650e-01 -3.234883705514352698e-02
2.257370693988056676e-01 -3.250311476699918600e-02
2.324517865697500740e-01 -3.264704373341536375e-02
2.392518076353984391e-01 -3.278086678917301738e-02
2.461363768539343022e-01 -3.290505901216247975e-02
2.531047290870154232e-01 -3.301987772383943587e-02
2.601560898848094272e-01 -3.312512209334557423e-02
2.672896755720651774e-01 -3.322029999675859407e-02
2.745046933352085494e-01 -3.330454864140703491e-02
2.818003413104546162e-01 -3.337703583843636135e-02
2.891758086729252497e-01 -3.343700711905341766e-02
2.966302757267624823e-01 -3.348364768633244060e-02
3.041629139962280792e-01 -3.351608743830437886e-02
3.117728863177794407e-01 -3.353377264158582255e-02
3.194593469331089564e-01 -3.353644320723603300e-02
3.272214415831418144e-01 -3.352384493929298076e-02
3.350583076029753915e-01 -3.349572284184611920e-02
3.429690740177547825e-01 -3.345185836446561145e-02
3.509528616394713696e-01 -3.339205159212475793e-02
3.590087831646743277e-01 -3.331605399374829718e-02
3.671359432730831873e-01 -3.322358777558829385e-02
3.753334387270930161e-01 -3.311435667507285630e-02
3.836003584721576765e-01 -3.298806023074297294e-02
3.919357837380436083e-01 -3.284442345832083027e-02
4.003387881409395943e-01 -3.268318179895838421e-02
4.088084377864137364e-01 -3.250407425164258957e-02
4.173437913732044313e-01 -3.230685310838206370e-02
4.259439002978354649e-01 -3.209132130304707259e-02
4.346078087600411255e-01 -3.185728193700587685e-02
4.433345538689928977e-01 -3.160449369326419344e-02
4.521231657503131940e-01 -3.133277890549014677e-02
4.609726676538650203e-01 -3.104216711952120442e-02
4.698820760623064752e-01 -3.073279136062141009e-02
4.788504008003974244e-01 -3.040494244945742344e-02
4.878766451450451402e-01 -3.005894973763838934e-02
4.969598059360780251e-01 -2.969517276872633837e-02
5.060988736877365390e-01 -2.931390350399247502e-02
5.152928327008634568e-01 -2.891531587758680577e-02
5.245406611757882365e-01 -2.849952508320607175e-02
5.338413313258880688e-01 -2.806658123006050901e-02
5.431938094918128401e-01 -2.761656195301432845e-02
5.525970562563653488e-01 -2.714958679778513295e-02
5.620500265600203438e-01 -2.666587132388469755e-02
5.715516698170692855e-01 -2.616572684223629833e-02
5.811009300323815019e-01 -2.564952634913754068e-02
5.906967459187653091e-01 -2.511768940367508848e-02
6.003380510149177729e-01 -2.457061891517603458e-02
6.100237738039482327e-01 -2.400870898286834587e-02
6.197528378324663745e-01 -2.343239299816612248e-02
6.295241618302156450e-01 -2.284211852126479328e-02
6.393366598302444581e-01 -2.223825849340803004e-02
6.491892412895989839e-01 -2.162119486037617291e-02
6.590808112105230876e-01 -2.099161647978004669e-02
6.690102702621547603e-01 -2.035035135078547969e-02
6.789765149027036095e-01 -1.969829934451277492e-02
6.889784375020977514e-01 -1.903644335199047161e-02
6.990149264650814542e-01 -1.836603015816799106e-02
7.090848663547572039e-01 -1.768834330543428771e-02
7.191871380165538730e-01 -1.700452841960570921e-02
7.293206187026060050e-01 -1.631636161656064427e-02
7.394841821965345563e-01 -1.562763928332484842e-02
7.496766989386134394e-01 -1.494199735135157830e-02
7.598970361513051053e-01 -1.426168674232398265e-02
7.701440579651563922e-01 -1.358744382519599427e-02
7.804166255450371015e-01 -1.291731934658968579e-02
7.907135972167069760e-01 -1.225354434991731550e-02
8.010338285937002034e-01 -1.160620499937575593e-02
8.113761727045106786e-01 -1.097981793901644208e-02
8.217394801200630372e-01 -1.036943483455867072e-02
8.321225990814590245e-01 -9.768635911577675662e-03
8.425243756279822138e-01 -9.170224272833076701e-03
8.529436537253458628e-01 -8.569645929510854437e-03
8.633792753941731402e-01 -7.965311517042676995e-03
8.738300808386934015e-01 -7.358119679657154112e-03
8.842949085756387495e-01 -6.750855340641226214e-03
8.947725955633289985e-01 -6.143453717564380419e-03
9.052619773309316109e-01 -5.533778025621043963e-03
9.157618881078770645e-01 -4.920955754730852762e-03
9.262711609534211021e-01 -4.305240743429005965e-03
9.367886278863364335e-01 -3.689561602260315026e-03
9.473131200147204556e-01 -3.077411317849862698e-03
9.578434676659028923e-01 -2.466166456787130361e-03
9.683785005164411430e-01 -1.851578430637693898e-03
9.789170477221889044e-01 -1.235802110475403386e-03
9.894579380484205267e-01 -6.212450499655845998e-04
9.999999999999998890e-01 -9.540815973637637523e-08
