9.999999999999998890e-01 1.580079672252334170e-03
9.894579380484205267e-01 4.139566965598753638e-03
9.789170477221889044e-01 6.916766587775670556e-03
9.683785005164411430e-01 9.903361700980611512e-03
9.578434676659028923e-01 1.311346948778047486e-02
9.473131200147204556e-01 1.652533489889451354e-02
9.367886278863364335e-01 2.000708066464289281e-02
9.262711609534211021e-01 2.345353498674891679e-02
9.157618881078770645e-01 2.686207130354184569e-02
9.052619773309316109e-01 3.023923536617661306e-02
8.947725955633289985e-01 3.358226291877318415e-02
8.842949085756387495e-01 3.688958478903798383e-02
8.738300808386934015e-01 4.016313892723260420e-02
8.633792753941731402e-01 4.340364111480676801e-02
8.529436537253458628e-01 4.660978576155815067e-02
8.425243756279822138e-01 4.978099548058922963e-02
8.321225990814590245e-01 5.291765012027499493e-02
8.217394801200630372e-01 5.601968720860983630e-02
8.113761727045106786e-01 5.908659447734383730e-02
8.010338285937002034e-01 6.211816487779961427e-02
7.907135972167069760e-01 6.511443538990700775e-02
7.804166255450371015e-01 6.807525601174997665e-02
7.701440579651563922e-01 7.100036509250524930e-02
7.598970361513051053e-01 7.388969127086968125e-02
7.496766989386134394e-01 7.674324740818437574e-02
7.394841821965345563e-01 7.956084854446017485e-02
7.293206187026060050e-01 8.234226969940341978e-02
7.191871380165538730e-01 8.508763576636968473e-02
7.090848663547572039e-01 8.779711571262581449e-02
6.990149264650814542e-01 9.047038145137673015e-02
6.889784375020977514e-01 9.310607293957776087e-02
6.789765149027036095e-01 9.569907247459166766e-02
6.690102702621547603e-01 9.824466529405953552e-02
6.590808112105230876e-01 1.007431850520158489e-01
6.491892412895989839e-01 1.031956635936318450e-01
6.393366598302444581e-01 1.056018860432546835e-01
6.295241618302156450e-01 1.079616697207623072e-01
6.197528378324663745e-01 1.102754644053984406e-01
6.100237738039482327e-01 1.125436353653383875e-01
6.003380510149177729e-01 1.147661865248631868e-01
5.906967459187653091e-01 1.169432797493864112e-01
5.811009300323815019e-01 1.190754151279548589e-01
5.715516698170692855e-01 1.211628584950201343e-01
5.620500265600203438e-01 1.232055083307205118e-01
5.525970562563653488e-01 1.252037438509456257e-01
5.431938094918128401e-01 1.271585189711237629e-01
5.338413313258880688e-01 1.290698721846172126e-01
5.245406611757882365e-01 1.309369800532908801e-01
5.152928327008634568e-01 1.327608619178126115e-01
5.060988736877365390e-01 1.345439242882313091e-01
4.969598059360780251e-01 1.362854563153989007e-01
4.878766451450451402e-01 1.379796134906422223e-01
4.788504008003974244e-01 1.395899572192979277e-01
4.698820760623064752e-01 1.410664118826508162e-01
4.609726676538650203e-01 1.424013253578083060e-01
4.521231657503131940e-01 1.436072257879907610e-01
4.433345538689928977e-01 1.446856306179408469e-01
4.346078087600411255e-01 1.456343970081189487e-01
4.259439002978354649e-01 1.464576456620823863e-01
4.173437913732044313e-01 1.471606303489169376e-01
4.088084377864137364e-01 1.477435224574959460e-01
4.003387881409395943e-01 1.482064770945371590e-01
3.919357837380436083e-01 1.485553029729819452e-01
3.836003584721576765e-01 1.488064372413583913e-01
3.753334387270930161e-01 1.490056781975474254e-01
3.671359432730831873e-01 1.491896499841098012e-01
3.590087831646743277e-01 1.493556723308433476e-01
3.509528616394713696e-01 1.494980687809861486e-01
3.429690740177547825e-01 1.496185331469111479e-01
3.350583076029753915e-01 1.497198683493929650e-01
3.272214415831418144e-01 1.498050571537795916e-01
3.194593469331089564e-01 1.498730515724726875e-01
3.117728863177794407e-01 1.499168808661719698e-01
3.041629139962280792e-01 1.499402972792292232e-01
2.966302757267624823e-01 1.499603431704188694e-01
2.891758086729252497e-01 1.499620705337937066e-01
2.818003413104546162e-01 1.498951187576362254e-01
2.745046933352085494e-01 1.497162700508191391e-01
2.672896755720651774e-01 1.493925285488723609e-01
2.601560898848094272e-01 1.489214168248245984e-01
2.531047290870154232e-01 1.483226607061469970e-01
2.461363768539343022e-01 1.476022578097407889e-01
2.392518076353984391e-01 1.467576512998119975e-01
2.324517865697500740e-01 1.457936839333282553e-01
2.257370693988056676e-01 1.447188472292845474e-01
2.191084023838638650e-01 1.435379336276728091e-01
2.125665222227673956e-01 1.422542345112805806e-01
2.061121559680280102e-01 1.408723460374416703e-01
1.997460209460230063e-01 1.393972064398339983e-01
1.934688246772731102e-01 1.378329530027961325e-01
1.872812647978095990e-01 1.361925916026279493e-01
1.811840289816407656e-01 1.345270624011989102e-01
1.751777948643248317e-01 1.328851460276759822e-01
1.692632299676588570e-01 1.312744599290913139e-01
1.634409916254914164e-01 1.296916412601150648e-01
1.577117269106679265e-01 1.281272074075160972e-01
1.520760725631161714e-01 1.265810609528244535e-01
1.465346549190801317e-01 1.250773867823507801e-01
1.410880898415101115e-01 1.236069326681449587e-01
1.357369826516168221e-01 1.220883400262528090e-01
1.304819280615971966e-01 1.204545155047073712e-01
1.253235101085391490e-01 1.186760606679424929e-01
1.202623020895129402e-01 1.167470574431414554e-01
1.152988664978553679e-01 1.146890241044684344e-01
1.104337549606562163e-01 1.125187068347184849e-01
1.056675081774507419e-01 1.102447206837543631e-01
1.010006558601274085e-01 1.078704609811563242e-01
9.643371667405697956e-02 1.053962328633179374e-01
9.196719818044885031e-02 1.028490673886785917e-01
8.760159677994161509e-02 1.002775190061658966e-01
8.333739765743386485e-02 9.772019364767409177e-02
7.917507472816209813e-02 9.520621269723511526e-02
7.511509058502996439e-02 9.274343256233258392e-02
7.115789644719716645e-02 9.032669831233640367e-02
6.730393210993146358e-02 8.794575034886281673e-02
6.355362589573076981e-02 8.558788001439542048e-02
5.990739460672012129e-02 8.324026907490515714e-02
5.636564347832906385e-02 8.089320291060797530e-02
5.292876613425423482e-02 7.855416239984208682e-02
4.959714454271368922e-02 7.623499180928430818e-02
4.637114897399441382e-02 7.394084039615851645e-02
4.325113795930202176e-02 7.166925766771999051e-02
4.023745825091396000e-02 6.939664198995189326e-02
3.733044478364233587e-02 6.710447052463659745e-02
3.453042063760936031e-02 6.480464022223465792e-02
3.183769700234129196e-02 6.251117979211238962e-02
2.925257314218321358e-02 6.022891613281530776e-02
2.677533636303963682e-02 5.796638843090688720e-02
2.440626198044326678e-02 5.574282246896983956e-02
2.214561328895736647e-02 5.356536684118087810e-02
1.999364153291383062e-02 5.141730717096008874e-02
1.795058587848985532e-02 4.927055791746028091e-02
1.601667338712764455e-02 4.708514449274867064e-02
1.419211899029970692e-02 4.486874264650624056e-02
1.247712546562085301e-02 4.268771494408876710e-02
1.087188341431266636e-02 4.056013349034313237e-02
9.376571240020115106e-03 3.843720351524432949e-02
7.991355128984078959e-03 3.604172607645899501e-02
6.716389031571567969e-03 3.292922906726247767e-02
5.551814645166519568e-03 2.912604473228688415e-02
4.497761398421062928e-03 2.500263983988672625e-02
3.554346436871580472e-03 2.078342861995785551e-02
2.721674609919344512e-03 1.659939301979505843e-02
1.999838459177394334e-03 1.261678089851373322e-02
1.388918208186096237e-03 9.012811011297260783e-03
8.889817534969424173e-04 5.903200896535748358e-03
5.000846571264760954e-04 3.375254961477474301e-03
2.222701403818971855e-04 1.509227699719799818e-03
5.556907905679420168e-05 3.732467048968766380e-04
0.000000000000000000e+00 -1.116280697938650970e-05
0.000000000000000000e+00 -2.000329203230419016e-05
5.556907905679420168e-05 -1.584264217003690728e-04
2.222701403818971855e-04 -5.719712270140628243e-04
5.000846571264760954e-04 -1.254627574364473213e-03
8.889817534969424173e-04 -2.196922163384978314e-03
1.388918208186096237e-03 -3.386428096410236920e-03
1.999838459177394334e-03 -4.804605703449598905e-03
2.721674609919344512e-03 -6.430734821840868379e-03
3.554346436871580472e-03 -8.241453719970221609e-03
4.497761398421062928e-03 -1.020889554412457260e-02
5.551814645166519568e-03 -1.229736994423315070e-02
6.716389031571567969e-03 -1.447147528577120631e-02
7.991355128984078959e-03 -1.669739234643032380e-02
9.376571240020115106e-03 -1.893075468660508978e-02
1.087188341431266636e-02 -2.111334491008245648e-02
1.247712546562085301e-02 -2.319885283517350918e-02
1.419211899029970692e-02 -2.515375033910023997e-02
1.601667338712764455e-02 -2.690857332015345049e-02
1.795058587848985532e-02 -2.836348374313759843e-02
1.999364153291383062e-02 -2.948921791780191592e-02
2.214561328895736647e-02 -3.032224292210297309e-02
2.440626198044326678e-02 -3.100003237814570600e-02
2.677533636303963682e-02 -3.171041112310532539e-02
2.925257314218321358e-02 -3.247748231423787380e-02
3.183769700234129196e-02 -3.323965425944826885e-02
3.453042063760936031e-02 -3.399709205144466756e-02
3.733044478364233587e-02 -3.477488714433264044e-02
4.023745825091396000e-02 -3.556671803359631040e-02
4.325113795930202176e-02 -3.635725003825227009e-02
4.637114897399441382e-02 -3.714944501256442488e-02
4.959714454271368922e-02 -3.794945600027428007e-02
5.292876613425423482e-02 -3.875126843340043203e-02
5.636564347832906385e-02 -3.954788427493307473e-02
5.990739460672012129e-02 -4.034050979632187311e-02
6.355362589573076981e-02 -4.112890049648156715e-02
6.730393210993146358e-02 -4.190319264603770133e-02
7.115789644719716645e-02 -4.265332625652932391e-02
7.511509058502996439e-02 -4.337304433617786281e-02
7.917507472816209813e-02 -4.405629439605746045e-02
8.333739765743386485e-02 -4.469633020421824587e-02
8.760159677994161509e-02 -4.528988357338391973e-02
9.196719818044885031e-02 -4.583983754935076760e-02
9.643371667405697956e-02 -4.635368738276824524e-02
1.010006558601274085e-01 -4.684441616783584922e-02
1.056675081774507419e-01 -4.731676238817848767e-02
1.104337549606562163e-01 -4.776508001940070469e-02
1.152988664978553679e-01 -4.818510490653323680e-02
1.202623020895129402e-01 -4.857471717415332013e-02
1.253235101085391490e-01 -4.893374828298245605e-02
1.304819280615971966e-01 -4.926417281812073973e-02
1.357369826516168221e-01 -4.957548175740619789e-02
1.410880898415101115e-01 -4.988147908574384198e-02
1.465346549190801317e-01 -5.018436719568972887e-02
1.520760725631161714e-01 -5.047961979976466063e-02
1.577117269106679265e-01 -5.076612107932203244e-02
1.634409916254914164e-01 -5.104450417328385697e-02
1.692632299676588570e-01 -5.131511592123562393e-02
1.751777948643248317e-01 -5.157738209991033496e-02
1.811840289816407656e-01 -5.182621114122183681e-02
1.872812647978095990e-01 -5.205520271935733939e-02
1.934688246772731102e-01 -5.225930175650232018e-02
1.997460209460230063e-01 -5.243476662021308299e-02
2.061121559680280102e-01 -5.258139504103843259e-02
2.125665222227673956e-01 -5.269903609140452055e-02
2.191084023838638650e-01 -5.278500537119414776e-02
2.257370693988056676e-01 -5.283722058973679830e-02
2.324517865697500740e-01 -5.285648355549305705e-02
2.392518076353984391e-01 -5.284186811742503515e-02
2.461363768539343022e-01 -5.278772614609825858e-02
2.531047290870154232e-01 -5.269504128739087995e-02
2.601560898848094272e-01 -5.257798514893451819e-02
2.672896755720651774e-01 -5.244801570540316704e-02
2.745046933352085494e-01 -5.231019327212892145e-02
2.818003413104546162e-01 -5.216606210054182402e-02
2.891758086729252497e-01 -5.201338070706437722e-02
2.966302757267624823e-01 -5.185127464408778586e-02
3.041629139962280792e-01 -5.168059153157369273e-02
3.117728863177794407e-01 -5.150142029847818576e-02
3.194593469331089564e-01 -5.131309152782988908e-02
3.272214415831418144e-01 -5.111521591717667345e-02
3.350583076029753915e-01 -5.090766661870449461e-02
3.429690740177547825e-01 -5.069059378539252092e-02
3.509528616394713696e-01 -5.046405077221017416e-02
3.590087831646743277e-01 -5.022552401483174056e-02
3.671359432730831873e-01 -4.997137630815195325e-02
3.753334387270930161e-01 -4.970011182270366035e-02
3.836003584721576765e-01 -4.941125946938387803e-02
3.919357837380436083e-01 -4.910458288081354095e-02
4.003387881409395943e-01 -4.877987647841954683e-02
4.088084377864137364e-01 -4.843664806201764678e-02
4.173437913732044313e-01 -4.807441906405367921e-02
4.259439002978354649e-01 -4.769314374877917095e-02
4.346078087600411255e-01 -4.729265358413011627e-02
4.433345538689928977e-01 -4.687197535252562997e-02
4.521231657503131940e-01 -4.643093110197900331e-02
4.609726676538650203e-01 -4.597207706041110675e-02
4.698820760623064752e-01 -4.549769836298208497e-02
4.788504008003974244e-01 -4.500831354679931534e-02
4.878766451450451402e-01 -4.450399095432241992e-02
4.969598059360780251e-01 -4.398441362613748212e-02
5.060988736877365390e-01 -4.344928598433105832e-02
5.152928327008634568e-01 -4.289842342858798951e-02
5.245406611757882365e-01 -4.233174894349123890e-02
5.338413313258880688e-01 -4.174930990001600450e-02
5.431938094918128401e-01 -4.115084689364991583e-02
5.525970562563653488e-01 -4.053560415782894027e-02
5.620500265600203438e-01 -3.989995956094110480e-02
5.715516698170692855e-01 -3.923774591638848341e-02
5.811009300323815019e-01 -3.854692288449927673e-02
5.906967459187653091e-01 -3.782882960577100412e-02
6.003380510149177729e-01 -3.708305596415627237e-02
6.100237738039482327e-01 -3.630809166523114861e-02
6.197528378324663745e-01 -3.550443133897165926e-02
6.295241618302156450e-01 -3.467333064779656165e-02
6.393366598302444581e-01 -3.381248686071287174e-02
6.491892412895989839e-01 -3.291995663884791923e-02
6.590808112105230876e-01 -3.200796748876209852e-02
6.690102702621547603e-01 -3.109248970797868009e-02
6.789765149027036095e-01 -3.017813285124339856e-02
6.889784375020977514e-01 -2.926548892621616896e-02
6.990149264650814542e-01 -2.835449795285969674e-02
7.090848663547572039e-01 -2.744498161298725841e-02
7.191871380165538730e-01 -2.653699819682475008e-02
7.293206187026060050e-01 -2.563079931345169094e-02
7.394841821965345563e-01 -2.472705732312771576e-02
7.496766989386134394e-01 -2.382561120532079163e-02
7.598970361513051053e-01 -2.292399387807568176e-02
7.701440579651563922e-01 -2.202005897568158274e-02
7.804166255450371015e-01 -2.111309594280945043e-02
7.907135972167069760e-01 -2.020289584235760924e-02
8.010338285937002034e-01 -1.928981105134017909e-02
8.113761727045106786e-01 -1.837407904349965329e-02
8.217394801200630372e-01 -1.745568368625443831e-02
8.321225990814590245e-01 -1.653464223000607539e-02
8.425243756279822138e-01 -1.561104684267175698e-02
8.529436537253458628e-01 -1.468518607372900665e-02
8.633792753941731402e-01 -1.375754224568301147e-02
8.738300808386934015e-01 -1.282844981369786301e-02
8.842949085756387495e-01 -1.189809800078090590e-02
8.947725955633289985e-01 -1.096659405916484455e-02
9.052619773309316109e-01 -1.003399243309515375e-02
9.157618881078770645e-01 -9.100401926117029569e-03
9.262711609534211021e-01 -8.165979889441772263e-03
9.367886278863364335e-01 -7.231004720490998537e-03
9.473131200147204556e-01 -6.295793662657179178e-03
9.578434676659028923e-01 -5.360483726580317701e-03
9.683785005164411430e-01 -4.425140052328109877e-03
9.789170477221889044e-01 -3.489874833162325170e-03
9.894579380484205267e-01 -2.554810227512163429e-03
9.999999999999998890e-01 -1.620032256840302047e-03
