9.999999999999998890e-01 5.992976203497453599e-04
9.894579380484205267e-01 3.097380433441663042e-03
9.789170477221889044e-01 5.588929285964099047e-03
9.683785005164411430e-01 8.067041620433170607e-03
9.578434676659028923e-01 1.052416818620938339e-02
9.473131200147204556e-01 1.295379060548818712e-02
9.367886278863364335e-01 1.535256715652286510e-02
9.262711609534211021e-01 1.771886359394848551e-02
9.157618881078770645e-01 2.005369704789950608e-02
9.052619773309316109e-01 2.235812014754878091e-02
8.947725955633289985e-01 2.463255714429998106e-02
8.842949085756387495e-01 2.687704649022723893e-02
8.738300808386934015e-01 2.909112265331609964e-02
8.633792753941731402e-01 3.127419430581677984e-02
8.529436537253458628e-01 3.342556427387301243e-02
8.425243756279822138e-01 3.554460305491351918e-02
8.321225990814590245e-01 3.763076669339104202e-02
8.217394801200630372e-01 3.968353360198738355e-02
8.113761727045106786e-01 4.170240135984266960e-02
8.010338285937002034e-01 4.368690327516105976e-02
7.907135972167069760e-01 4.563661431806909086e-02
7.804166255450371015e-01 4.755127805377228067e-02
7.701440579651563922e-01 4.943075017757122408e-02
7.598970361513051053e-01 5.127487630846812999e-02
7.496766989386134394e-01 5.308349894249381196e-02
7.394841821965345563e-01 5.485649058794962035e-02
7.293206187026060050e-01 5.659374985556072518e-02
7.191871380165538730e-01 5.829525133500535611e-02
7.090848663547572039e-01 5.996100107946511493e-02
6.990149264650814542e-01 6.159101281589396404e-02
6.889784375020977514e-01 6.318509421121569491e-02
6.789765149027036095e-01 6.474215110416174646e-02
6.690102702621547603e-01 6.626087523318377470e-02
6.590808112105230876e-01 6.774006373501539890e-02
6.491892412895989839e-01 6.917853027716251713e-02
6.393366598302444581e-01 7.057506851584569030e-02
6.295241618302156450e-01 7.192856472708114568e-02
6.197528378324663745e-01 7.323813911322246684e-02
6.100237738039482327e-01 7.450283821774582316e-02
6.003380510149177729e-01 7.572149395409458195e-02
5.906967459187653091e-01 7.689339476863164824e-02
5.811009300323815019e-01 7.801865285429673835e-02
5.715516698170692855e-01 7.909754009538538799e-02
5.620500265600203438e-01 8.013044410129720185e-02
5.525970562563653488e-01 8.111781957652594577e-02
5.431938094918128401e-01 8.206018974423283374e-02
5.338413313258880688e-01 8.295803981403471195e-02
5.245406611757882365e-01 8.381181705794818471e-02
5.152928327008634568e-01 8.462205517587555181e-02
5.060988736877365390e-01 8.538935170062472713e-02
4.969598059360780251e-01 8.611414251092502914e-02
4.878766451450451402e-01 8.679668069530240004e-02
4.788504008003974244e-01 8.743652817962718760e-02
4.698820760623064752e-01 8.803284249646312065e-02
4.609726676538650203e-01 8.858490249804143457e-02
4.521231657503131940e-01 8.909205351416001062e-02
4.433345538689928977e-01 8.955365208387081055e-02
4.346078087600411255e-01 8.996911330678515617e-02
4.259439002978354649e-01 9.033815991278197621e-02
4.173437913732044313e-01 9.066054180372042082e-02
4.088084377864137364e-01 9.093562756569598116e-02
4.003387881409395943e-01 9.116293051744592257e-02
3.919357837380436083e-01 9.134294947571548751e-02
3.836003584721576765e-01 9.147681613290001290e-02
3.753334387270930161e-01 9.156691740997582873e-02
3.671359432730831873e-01 9.161581023428584658e-02
3.590087831646743277e-01 9.162584648550732569e-02
3.509528616394713696e-01 9.159938067565115416e-02
3.429690740177547825e-01 9.153884390406467897e-02
3.350583076029753915e-01 9.144650601496361053e-02
3.272214415831418144e-01 9.132432501740050945e-02
3.194593469331089564e-01 9.117430364270422138e-02
3.117728863177794407e-01 9.099856753197123338e-02
3.041629139962280792e-01 9.079937955939577920e-02
2.966302757267624823e-01 9.057906983558322578e-02
2.891758086729252497e-01 9.033737406167617612e-02
2.818003413104546162e-01 9.007118889485947466e-02
2.745046933352085494e-01 8.977719981900060542e-02
2.672896755720651774e-01 8.945203206917802519e-02
2.601560898848094272e-01 8.909234562803568236e-02
2.531047290870154232e-01 8.869487569893448609e-02
2.461363768539343022e-01 8.825690718725580364e-02
2.392518076353984391e-01 8.777610233851272648e-02
2.324517865697500740e-01 8.725030866904914806e-02
2.257370693988056676e-01 8.667754038954218754e-02
2.191084023838638650e-01 8.605633226666775659e-02
2.125665222227673956e-01 8.538539438797636272e-02
2.061121559680280102e-01 8.466305127827578048e-02
1.997460209460230063e-01 8.388787078450408996e-02
1.934688246772731102e-01 8.306039659341360459e-02
1.872812647978095990e-01 8.218208188055091401e-02
1.811840289816407656e-01 8.125557041401147707e-02
1.751777948643248317e-01 8.028387764636615853e-02
1.692632299676588570e-01 7.927023226262583377e-02
1.634409916254914164e-01 7.821789036205463452e-02
1.577117269106679265e-01 7.713005513720033735e-02
1.520760725631161714e-01 7.600953043024641365e-02
1.465346549190801317e-01 7.485820306226750875e-02
1.410880898415101115e-01 7.367777120846413785e-02
1.357369826516168221e-01 7.246981384078604593e-02
1.304819280615971966e-01 7.123539758507574371e-02
1.253235101085391490e-01 6.997477571942919972e-02
1.202623020895129402e-01 6.868843083030524987e-02
1.152988664978553679e-01 6.737725935153944523e-02
1.104337549606562163e-01 6.604193263476915154e-02
1.056675081774507419e-01 6.468285260172439155e-02
1.010006558601274085e-01 6.330104607893281832e-02
9.643371667405697956e-02 6.189822454950354158e-02
9.196719818044885031e-02 6.047702836429472845e-02
8.760159677994161509e-02 5.904088354934568933e-02
8.333739765743386485e-02 5.759371996993937343e-02
7.917507472816209813e-02 5.613942978251491855e-02
7.511509058502996439e-02 5.467806634997528920e-02
7.115789644719716645e-02 5.320741021506732865e-02
6.730393210993146358e-02 5.172511401910970946e-02
6.355362589573076981e-02 5.022896891180499146e-02
5.990739460672012129e-02 4.871801902606649054e-02
5.636564347832906385e-02 4.719152921017930741e-02
5.292876613425423482e-02 4.564715817643290319e-02
4.959714454271368922e-02 4.408236631169380748e-02
4.637114897399441382e-02 4.249618253292231779e-02
4.325113795930202176e-02 4.088840810472288423e-02
4.023745825091396000e-02 3.926007051228092709e-02
3.733044478364233587e-02 3.761131501336186650e-02
3.453042063760936031e-02 3.593873118997416294e-02
3.183769700234129196e-02 3.423918107044349179e-02
2.925257314218321358e-02 3.251193176645652411e-02
2.677533636303963682e-02 3.075769851194123591e-02
2.440626198044326678e-02 2.897946666724094886e-02
2.214561328895736647e-02 2.718112376447288231e-02
1.999364153291383062e-02 2.536778966980884897e-02
1.795058587848985532e-02 2.355252217597139305e-02
1.601667338712764455e-02 2.175989975878310501e-02
1.419211899029970692e-02 2.001313484741904999e-02
1.247712546562085301e-02 1.833218338602913416e-02
1.087188341431266636e-02 1.672705156657509559e-02
9.376571240020115106e-03 1.519689359458387644e-02
7.991355128984078959e-03 1.372963300683099214e-02
6.716389031571567969e-03 1.230506912996207070e-02
5.551814645166519568e-03 1.092300628289767130e-02
4.497761398421062928e-03 9.596037815948818897e-03
3.554346436871580472e-03 8.309593079462284509e-03
2.721674609919344512e-03 7.036593655166548458e-03
1.999838459177394334e-03 5.793288306345211955e-03
1.388918208186096237e-03 4.611107318744744714e-03
8.889817534969424173e-04 3.464452711281876089e-03
5.000846571264760954e-04 2.317683490707381049e-03
2.222701403818971855e-04 1.225389188300696772e-03
5.556907905679420168e-05 3.255768458558936295e-04
0.000000000000000000e+00 6.671256930552125315e-07
0.000000000000000000e+00 -3.954725944277597791e-06
5.556907905679420168e-05 -7.664108932477205031e-04
2.222701403818971855e-04 -2.835600200182003539e-03
5.000846571264760954e-04 -4.546131819247678507e-03
8.889817534969424173e-04 -5.774821371635588917e-03
1.388918208186096237e-03 -6.742866703452664312e-03
1.999838459177394334e-03 -7.744942559793258942e-03
2.721674609919344512e-03 -8.926828021304792499e-03
3.554346436871580472e-03 -1.007028639790567316e-02
4.497761398421062928e-03 -1.106105852084035036e-02
5.551814645166519568e-03 -1.207459101827190913e-02
6.716389031571567969e-03 -1.319226040232158136e-02
7.991355128984078959e-03 -1.429648077138308965e-02
9.376571240020115106e-03 -1.532286264942683135e-02
1.087188341431266636e-02 -1.630077629113159399e-02
1.247712546562085301e-02 -1.723627004906732110e-02
1.419211899029970692e-02 -1.810264134990130849e-02
1.601667338712764455e-02 -1.889115494002229986e-02
1.795058587848985532e-02 -1.961162152264965194e-02
1.999364153291383062e-02 -2.027078549913165217e-02
2.214561328895736647e-02 -2.087278026832975475e-02
2.440626198044326678e-02 -2.142716292964944036e-02
2.677533636303963682e-02 -2.194790349916157790e-02
2.925257314218321358e-02 -2.245582438621324117e-02
3.183769700234129196e-02 -2.297312342712002492e-02
3.453042063760936031e-02 -2.350248581274214099e-02
3.733044478364233587e-02 -2.403652372017595421e-02
4.023745825091396000e-02 -2.456275355238737509e-02
4.325113795930202176e-02 -2.506799631248095989e-02
4.637114897399441382e-02 -2.554589663519062775e-02
4.959714454271368922e-02 -2.599246404827694132e-02
5.292876613425423482e-02 -2.640425953362569855e-02
5.636564347832906385e-02 -2.677916337339916741e-02
5.990739460672012129e-02 -2.711922264546316741e-02
6.355362589573076981e-02 -2.742735497907537734e-02
6.730393210993146358e-02 -2.770631627646888070e-02
7.115789644719716645e-02 -2.795989096210972982e-02
7.511509058502996439e-02 -2.819444035830811005e-02
7.917507472816209813e-02 -2.841638175037811131e-02
8.333739765743386485e-02 -2.863142248443703922e-02
8.760159677994161509e-02 -2.884198356764397161e-02
9.196719818044885031e-02 -2.904503985794988641e-02
9.643371667405697956e-02 -2.923732897786556970e-02
1.010006558601274085e-01 -2.941603296319702729e-02
1.056675081774507419e-01 -2.957919268819379777e-02
1.104337549606562163e-01 -2.972586680122844827e-02
1.152988664978553679e-01 -2.985568577407651455e-02
1.202623020895129402e-01 -2.996878205629195657e-02
1.253235101085391490e-01 -3.006496928268101443e-02
1.304819280615971966e-01 -3.014377136906380705e-02
1.357369826516168221e-01 -3.020475771691812777e-02
1.410880898415101115e-01 -3.024755036360148031e-02
1.465346549190801317e-01 -3.027191003820541015e-02
1.520760725631161714e-01 -3.027769850366833840e-02
1.577117269106679265e-01 -3.026492626891356605e-02
1.634409916254914164e-01 -3.023368627770126049e-02
1.692632299676588570e-01 -3.018412182726076809e-02
1.751777948643248317e-01 -3.011641524322843100e-02
1.811840289816407656e-01 -3.003085055230047401e-02
1.872812647978095990e-01 -2.992778827867451780e-02
1.934688246772731102e-01 -2.980777868424712776e-02
1.997460209460230063e-01 -2.967142656591630415e-02
2.061121559680280102e-01 -2.951933340355328284e-02
2.125665222227673956e-01 -2.935208286125775418e-02
2.191084023838638650e-01 -2.917020474362371288e-02
2.257370693988056676e-01 -2.897426778060514102e-02
2.324517865697500740e-01 -2.876497104027835386e-02
2.392518076353984391e-01 -2.854307366041273358e-02
2.461363768539343022e-01 -2.830942063854239091e-02
2.531047290870154232e-01 -2.806494248596462168e-02
2.601560898848094272e-01 -2.781070616134390106e-02
2.672896755720651774e-01 -2.754784363354521523e-02
2.745046933352085494e-01 -2.727756678063284271e-02
2.818003413104546162e-01 -2.700118625062196756e-02
2.891758086729252497e-01 -2.672013560936138676e-02
2.966302757267624823e-01 -2.643596272657871421e-02
3.041629139962280792e-01 -2.615028730668624360e-02
3.117728863177794407e-01 -2.586386175047359487e-02
3.194593469331089564e-01 -2.557663340176759628e-02
3.272214415831418144e-01 -2.528847683166467533e-02
3.350583076029753915e-01 -2.499923147021450298e-02
3.429690740177547825e-01 -2.470871428605526596e-02
3.509528616394713696e-01 -2.441672826297543522e-02
3.590087831646743277e-01 -2.412307714715073576e-02
3.671359432730831873e-01 -2.382756016081174349e-02
3.753334387270930161e-01 -2.352993807614526742e-02
3.836003584721576765e-01 -2.322995024861679650e-02
3.919357837380436083e-01 -2.292731248642771238e-02
4.003387881409395943e-01 -2.262175543641971320e-02
4.088084377864137364e-01 -2.231312998338768477e-02
4.173437913732044313e-01 -2.200136312344860845e-02
4.259439002978354649e-01 -2.168654066674550671e-02
4.346078087600411255e-01 -2.136879657939631458e-02
4.433345538689928977e-01 -2.104828836099015624e-02
4.521231657503131940e-01 -2.072515822001376115e-02
4.609726676538650203e-01 -2.039949092917217946e-02
4.698820760623064752e-01 -2.007137939409105176e-02
4.788504008003974244e-01 -1.974095942720228633e-02
4.878766451450451402e-01 -1.940838554131294261e-02
4.969598059360780251e-01 -1.907383616224297279e-02
5.060988736877365390e-01 -1.873744295128651136e-02
5.152928327008634568e-01 -1.839925574880876477e-02
5.245406611757882365e-01 -1.805930283636227734e-02
5.338413313258880688e-01 -1.771759308104350547e-02
5.431938094918128401e-01 -1.737413094727254664e-02
5.525970562563653488e-01 -1.702891740886875241e-02
5.620500265600203438e-01 -1.668195303582761801e-02
5.715516698170692855e-01 -1.633323969361945641e-02
5.811009300323815019e-01 -1.598280442612256061e-02
5.906967459187653091e-01 -1.563069118122607098e-02
6.003380510149177729e-01 -1.527689258821706558e-02
6.100237738039482327e-01 -1.492137266077300101e-02
6.197528378324663745e-01 -1.456417395601338621e-02
6.295241618302156450e-01 -1.420538255694496141e-02
6.393366598302444581e-01 -1.384505968413206507e-02
6.491892412895989839e-01 -1.348324921207690041e-02
6.590808112105230876e-01 -1.311996272556595518e-02
6.690102702621547603e-01 -1.275521347069442230e-02
6.789765149027036095e-01 -1.238909609358361877e-02
6.889784375020977514e-01 -1.202171353136225265e-02
6.990149264650814542e-01 -1.165308137272674793e-02
7.090848663547572039e-01 -1.128320661630647335e-02
7.191871380165538730e-01 -1.091215529571664192e-02
7.293206187026060050e-01 -1.053999296272779655e-02
7.394841821965345563e-01 -1.016674205062127918e-02
7.496766989386134394e-01 -9.792424580905829609e-03
7.598970361513051053e-01 -9.417082260414334424e-03
7.701440579651563922e-01 -9.040759321627723361e-03
7.804166255450371015e-01 -8.663498855657496625e-03
7.907135972167069760e-01 -8.285343086330294177e-03
8.010338285937002034e-01 -7.906332976931208095e-03
8.113761727045106786e-01 -7.526510153981771922e-03
8.217394801200630372e-01 -7.145917410877058833e-03
8.321225990814590245e-01 -6.764597388958641135e-03
8.425243756279822138e-01 -6.382592414685624681e-03
8.529436537253458628e-01 -5.999944615265782877e-03
8.633792753941731402e-01 -5.616695991054105642e-03
8.738300808386934015e-01 -5.232889704177075274e-03
8.842949085756387495e-01 -4.848569769682957616e-03
8.947725955633289985e-01 -4.463777554560354605e-03
9.052619773309316109e-01 -4.078552990196908021e-03
9.157618881078770645e-01 -3.692942437242064443e-03
9.262711609534211021e-01 -3.306994557256367519e-03
9.367886278863364335e-01 -2.920742044917296054e-03
9.473131200147204556e-01 -2.534215388096637111e-03
9.578434676659028923e-01 -2.147490576792914375e-03
9.683785005164411430e-01 -1.760646928686240148e-03
9.789170477221889044e-01 -1.373664227586799584e-03
9.894579380484205267e-01 -9.865133656605238385e-04
9.999999999999998890e-01 -5.992997721923730555e-04
