9.999999999999998890e-01 6.751289567737842787e-06
9.894579380484205267e-01 3.384693944465896800e-03
9.789170477221889044e-01 6.659734437195930987e-03
9.683785005164411430e-01 9.838117166572407299e-03
9.578434676659028923e-01 1.292614378752675840e-02
9.473131200147204556e-01 1.593013075600882220e-02
9.367886278863364335e-01 1.885640284829268043e-02
9.262711609534211021e-01 2.171130300290899373e-02
9.157618881078770645e-01 2.450121175964893941e-02
9.052619773309316109e-01 2.723247448495913839e-02
8.947725955633289985e-01 2.991132645500621523e-02
8.842949085756387495e-01 3.254184039984660964e-02
8.738300808386934015e-01 3.512467338615496426e-02
8.633792753941731402e-01 3.766023390837616724e-02
8.529436537253458628e-01 4.014900315099018124e-02
8.425243756279822138e-01 4.259145778548601574e-02
8.321225990814590245e-01 4.498806501757313808e-02
8.217394801200630372e-01 4.733931964763997413e-02
8.113761727045106786e-01 4.964574295656559721e-02
8.010338285937002034e-01 5.190785259310025379e-02
7.907135972167069760e-01 5.412616527165083069e-02
7.804166255450371015e-01 5.630123264398890354e-02
7.701440579651563922e-01 5.843362681876368425e-02
7.598970361513051053e-01 6.052388872280811682e-02
7.496766989386134394e-01 6.257255259344449150e-02
7.394841821965345563e-01 6.458024147991779651e-02
7.293206187026060050e-01 6.654759706691916465e-02
7.191871380165538730e-01 6.847510934890664591e-02
7.090848663547572039e-01 7.036328001434868917e-02
6.990149264650814542e-01 7.221298832159923908e-02
6.889784375020977514e-01 7.402443429750467374e-02
6.789765149027036095e-01 7.579434560319657510e-02
6.690102702621547603e-01 7.751846407625147262e-02
6.590808112105230876e-01 7.919236276539978747e-02
6.491892412895989839e-01 8.081160129441457285e-02
6.393366598302444581e-01 8.237181086926949336e-02
6.295241618302156450e-01 8.386887836406330121e-02
6.197528378324663745e-01 8.529927908670906223e-02
6.100237738039482327e-01 8.665915970326246165e-02
6.003380510149177729e-01 8.794385020421709165e-02
5.906967459187653091e-01 8.915094120695180036e-02
5.811009300323815019e-01 9.028207844156230233e-02
5.715516698170692855e-01 9.134100831233572804e-02
5.620500265600203438e-01 9.233389970071537167e-02
5.525970562563653488e-01 9.326638215502293383e-02
5.431938094918128401e-01 9.414321683507755056e-02
5.338413313258880688e-01 9.496930617177186396e-02
5.245406611757882365e-01 9.574973610682048497e-02
5.152928327008634568e-01 9.648936641993605123e-02
5.060988736877365390e-01 9.719283549901894248e-02
4.969598059360780251e-01 9.786450648870111124e-02
4.878766451450451402e-01 9.850811603291154128e-02
4.788504008003974244e-01 9.912274907762232135e-02
4.698820760623064752e-01 9.970472059942289689e-02
4.609726676538650203e-01 1.002508168275795253e-01
4.521231657503131940e-01 1.007580856223771887e-01
4.433345538689928977e-01 1.012235816015190776e-01
4.346078087600411255e-01 1.016444283839623985e-01
4.259439002978354649e-01 1.020181312776790028e-01
4.173437913732044313e-01 1.023423210345595080e-01
4.088084377864137364e-01 1.026145841762386435e-01
4.003387881409395943e-01 1.028326942605619215e-01
3.919357837380436083e-01 1.029951946581791483e-01
3.836003584721576765e-01 1.031018292928170543e-01
3.753334387270930161e-01 1.031555616249460877e-01
3.671359432730831873e-01 1.031598297906798911e-01
3.590087831646743277e-01 1.031176468527771756e-01
3.509528616394713696e-01 1.030319448605986066e-01
3.429690740177547825e-01 1.029056291177016663e-01
3.350583076029753915e-01 1.027415785584795266e-01
3.272214415831418144e-01 1.025426270086436664e-01
3.194593469331089564e-01 1.023114080011170018e-01
3.117728863177794407e-01 1.020502625166042898e-01
3.041629139962280792e-01 1.017617943460549651e-01
2.966302757267624823e-01 1.014489140169559378e-01
2.891758086729252497e-01 1.011128031552736978e-01
2.818003413104546162e-01 1.007526925118463479e-01
2.745046933352085494e-01 1.003668766669419815e-01
2.672896755720651774e-01 9.995291750871414249e-02
2.601560898848094272e-01 9.950893854248475667e-02
2.531047290870154232e-01 9.903352262847774090e-02
2.461363768539343022e-01 9.852528633083069975e-02
2.392518076353984391e-01 9.798289547939278976e-02
2.324517865697500740e-01 9.740534566333040878e-02
2.257370693988056676e-01 9.679183484882071531e-02
2.191084023838638650e-01 9.614172830225180266e-02
2.125665222227673956e-01 9.545450672022169625e-02
2.061121559680280102e-01 9.472989582174666523e-02
1.997460209460230063e-01 9.396775579508150067e-02
1.934688246772731102e-01 9.316815559741947750e-02
1.872812647978095990e-01 9.233127401838145398e-02
1.811840289816407656e-01 9.145747305828623441e-02
1.751777948643248317e-01 9.054723134278208629e-02
1.692632299676588570e-01 8.960126384333022553e-02
1.634409916254914164e-01 8.862036109591053812e-02
1.577117269106679265e-01 8.760538501888265328e-02
1.520760725631161714e-01 8.655737286740365632e-02
1.465346549190801317e-01 8.547773883118160720e-02
1.410880898415101115e-01 8.436724937842846050e-02
1.357369826516168221e-01 8.322529434424334738e-02
1.304819280615971966e-01 8.205111104804752031e-02
1.253235101085391490e-01 8.084395877473421477e-02
1.202623020895129402e-01 7.960353904109804257e-02
1.152988664978553679e-01 7.833016512796196762e-02
1.104337549606562163e-01 7.702426640050841211e-02
1.056675081774507419e-01 7.568638540649247348e-02
1.010006558601274085e-01 7.431773719142895085e-02
9.643371667405697956e-02 7.292009164100812790e-02
9.196719818044885031e-02 7.149353731431210002e-02
8.760159677994161509e-02 7.003672591522312751e-02
8.333739765743386485e-02 6.854802211384261601e-02
7.917507472816209813e-02 6.702577817798865967e-02
7.511509058502996439e-02 6.546996980552893808e-02
7.115789644719716645e-02 6.388134925484291460e-02
6.730393210993146358e-02 6.225919734904436509e-02
6.355362589573076981e-02 6.060213363552707788e-02
5.990739460672012129e-02 5.890923600249212133e-02
5.636564347832906385e-02 5.718010013025219551e-02
5.292876613425423482e-02 5.541611521120032996e-02
4.959714454271368922e-02 5.361943205195137535e-02
4.637114897399441382e-02 5.179288226815724483e-02
4.325113795930202176e-02 4.993990778512148732e-02
4.023745825091396000e-02 4.806550161875765975e-02
3.733044478364233587e-02 4.617490100058391223e-02
3.453042063760936031e-02 4.427299616082647216e-02
3.183769700234129196e-02 4.236557243542717760e-02
2.925257314218321358e-02 4.046083688449598342e-02
2.677533636303963682e-02 3.856586877730899809e-02
2.440626198044326678e-02 3.668462404980860070e-02
2.214561328895736647e-02 3.482480156349255368e-02
1.999364153291383062e-02 3.300127917301307751e-02
1.795058587848985532e-02 3.122318313346536534e-02
1.601667338712764455e-02 2.949041299919174033e-02
1.419211899029970692e-02 2.781581303957032097e-02
1.247712546562085301e-02 2.622749064683747508e-02
1.087188341431266636e-02 2.470803268964566826e-02
9.376571240020115106e-03 2.318962452543356020e-02
7.991355128984078959e-03 2.157629908417114245e-02
6.716389031571567969e-03 1.975515406701257651e-02
5.551814645166519568e-03 1.769862779308527256e-02
4.497761398421062928e-03 1.544557363893447714e-02
3.554346436871580472e-03 1.305776527096862497e-02
2.721674609919344512e-03 1.061275685759963811e-02
1.999838459177394334e-03 8.209128495509676257e-03
1.388918208186096237e-03 5.955181903496401322e-03
8.889817534969424173e-04 3.949971016807109561e-03
5.000846571264760954e-04 2.285471622583086938e-03
2.222701403818971855e-04 1.036159038453412368e-03
5.556907905679420168e-05 2.640970289538884701e-04
0.000000000000000000e+00 2.193460843162585634e-06
0.000000000000000000e+00 2.779007904294963747e-09
5.556907905679420168e-05 -1.220365601937626969e-04
2.222701403818971855e-04 -4.854313054509329199e-04
5.000846571264760954e-04 -1.083027311868055330e-03
8.889817534969424173e-04 -1.901726388685038649e-03
1.388918208186096237e-03 -2.925207069600291657e-03
1.999838459177394334e-03 -4.131687694924574689e-03
2.721674609919344512e-03 -5.496677178420305600e-03
3.554346436871580472e-03 -6.991623076628985037e-03
4.497761398421062928e-03 -8.586346470136981338e-03
5.551814645166519568e-03 -1.024864322036607260e-02
6.716389031571567969e-03 -1.194585061351670190e-02
7.991355128984078959e-03 -1.364498603476325088e-02
9.376571240020115106e-03 -1.531514087632940974e-02
1.087188341431266636e-02 -1.692833093625489144e-02
1.247712546562085301e-02 -1.845997600547377021e-02
1.419211899029970692e-02 -1.988953585336564189e-02
1.601667338712764455e-02 -2.120565477641377788e-02
1.795058587848985532e-02 -2.240598916073381977e-02
1.999364153291383062e-02 -2.349595347728662686e-02
2.214561328895736647e-02 -2.448887142298831684e-02
2.440626198044326678e-02 -2.542249831350192057e-02
2.677533636303963682e-02 -2.634852149461688539e-02
2.925257314218321358e-02 -2.729475504527828500e-02
3.183769700234129196e-02 -2.827305857881631107e-02
3.453042063760936031e-02 -2.927751382936131380e-02
3.733044478364233587e-02 -3.029454583968362730e-02
4.023745825091396000e-02 -3.131510660624915038e-02
4.325113795930202176e-02 -3.233082757839786381e-02
4.637114897399441382e-02 -3.332739330387102239e-02
4.959714454271368922e-02 -3.428869130024237571e-02
5.292876613425423482e-02 -3.519927061771531418e-02
5.636564347832906385e-02 -3.604694777800224875e-02
5.990739460672012129e-02 -3.683053258409410557e-02
6.355362589573076981e-02 -3.755144946964334568e-02
6.730393210993146358e-02 -3.821162612653294238e-02
7.115789644719716645e-02 -3.881457096375317412e-02
7.511509058502996439e-02 -3.936740912398901254e-02
7.917507472816209813e-02 -3.987603876014438747e-02
8.333739765743386485e-02 -4.034274606667614255e-02
8.760159677994161509e-02 -4.076791335805732969e-02
9.196719818044885031e-02 -4.114944316113768735e-02
9.643371667405697956e-02 -4.148585769943501089e-02
1.010006558601274085e-01 -4.177691258539863173e-02
1.056675081774507419e-01 -4.202245004507007553e-02
1.104337549606562163e-01 -4.222232353485953771e-02
1.152988664978553679e-01 -4.237688837006215598e-02
1.202623020895129402e-01 -4.248703701313240322e-02
1.253235101085391490e-01 -4.255414789170251094e-02
1.304819280615971966e-01 -4.258001841240223462e-02
1.357369826516168221e-01 -4.256675197522646198e-02
1.410880898415101115e-01 -4.251677534268896719e-02
1.465346549190801317e-01 -4.243371655340650445e-02
1.520760725631161714e-01 -4.232170248939876034e-02
1.577117269106679265e-01 -4.218289327120300358e-02
1.634409916254914164e-01 -4.201819309588648160e-02
1.692632299676588570e-01 -4.182677569799187617e-02
1.751777948643248317e-01 -4.160719284167092857e-02
1.811840289816407656e-01 -4.135862865935947819e-02
1.872812647978095990e-01 -4.108042235666277409e-02
1.934688246772731102e-01 -4.077158868060652697e-02
1.997460209460230063e-01 -4.043113356275058329e-02
2.061121559680280102e-01 -4.005839387481253955e-02
2.125665222227673956e-01 -3.965291076904256529e-02
2.191084023838638650e-01 -3.921462087224440729e-02
2.257370693988056676e-01 -3.874356690685748505e-02
2.324517865697500740e-01 -3.823986511436288510e-02
2.392518076353984391e-01 -3.770369729132694997e-02
2.461363768539343022e-01 -3.713536300488263359e-02
2.531047290870154232e-01 -3.653523304476255507e-02
2.601560898848094272e-01 -3.590378117023320520e-02
2.672896755720651774e-01 -3.524156209790951094e-02
2.745046933352085494e-01 -3.454924003344604644e-02
2.818003413104546162e-01 -3.382756640199564846e-02
2.891758086729252497e-01 -3.307739673443804013e-02
2.966302757267624823e-01 -3.229968248309536549e-02
3.041629139962280792e-01 -3.149547876677314534e-02
3.117728863177794407e-01 -3.066597496247771421e-02
3.194593469331089564e-01 -2.981248767297034474e-02
3.272214415831418144e-01 -2.893646449374637566e-02
3.350583076029753915e-01 -2.803945985070090477e-02
3.429690740177547825e-01 -2.712313373244971612e-02
3.509528616394713696e-01 -2.618923097354440219e-02
3.590087831646743277e-01 -2.523966314790540913e-02
3.671359432730831873e-01 -2.427644137859659088e-02
3.753334387270930161e-01 -2.330164458941228270e-02
3.836003584721576765e-01 -2.231742916983312994e-02
3.919357837380436083e-01 -2.132624068837577283e-02
4.003387881409395943e-01 -2.033056455229694318e-02
4.088084377864137364e-01 -1.933253081383579791e-02
4.173437913732044313e-01 -1.833404965948626231e-02
4.259439002978354649e-01 -1.733658324845114770e-02
4.346078087600411255e-01 -1.634153623361916940e-02
4.433345538689928977e-01 -1.535051510628509912e-02
4.521231657503131940e-01 -1.436517772509152135e-02
4.609726676538650203e-01 -1.338720521533331639e-02
4.698820760623064752e-01 -1.241830084274802778e-02
4.788504008003974244e-01 -1.146021091745005882e-02
4.878766451450451402e-01 -1.051476505022419516e-02
4.969598059360780251e-01 -9.583940852842703570e-03
5.060988736877365390e-01 -8.669500044985872789e-03
5.152928327008634568e-01 -7.772817372529978661e-03
5.245406611757882365e-01 -6.895075234154662315e-03
5.338413313258880688e-01 -6.037241689642897959e-03
5.431938094918128401e-01 -5.200335481906097866e-03
5.525970562563653488e-01 -4.385452199164112906e-03
5.620500265600203438e-01 -3.593677183252408890e-03
5.715516698170692855e-01 -2.826081458211086514e-03
5.811009300323815019e-01 -2.083736336497703061e-03
5.906967459187653091e-01 -1.367719154674349380e-03
6.003380510149177729e-01 -6.791759530673808359e-04
6.100237738039482327e-01 -1.934480484453629642e-05
6.197528378324663745e-01 6.100830276835460817e-04
6.295241618302156450e-01 1.207155531624263178e-03
6.393366598302444581e-01 1.769959292111907565e-03
6.491892412895989839e-01 2.296591791497935939e-03
6.590808112105230876e-01 2.785085185628807108e-03
6.690102702621547603e-01 3.233448294421772430e-03
6.789765149027036095e-01 3.639709217584712487e-03
6.889784375020977514e-01 4.001883093360096913e-03
6.990149264650814542e-01 4.317897156915577982e-03
7.090848663547572039e-01 4.586050555702276231e-03
7.191871380165538730e-01 4.806110074076442619e-03
7.293206187026060050e-01 4.978233329152208404e-03
7.394841821965345563e-01 5.102734874305217029e-03
7.496766989386134394e-01 5.179936717747013301e-03
7.598970361513051053e-01 5.210104785930573350e-03
7.701440579651563922e-01 5.193580838949213643e-03
7.804166255450371015e-01 5.130883256441521809e-03
7.907135972167069760e-01 5.022414925647192795e-03
8.010338285937002034e-01 4.868368531559265008e-03
8.113761727045106786e-01 4.670665752771020925e-03
8.217394801200630372e-01 4.433832741720886497e-03
8.321225990814590245e-01 4.162915819615377842e-03
8.425243756279822138e-01 3.863346310950116057e-03
8.529436537253458628e-01 3.540521585923753125e-03
8.633792753941731402e-01 3.199785502663293930e-03
8.738300808386934015e-01 2.846625185675746243e-03
8.842949085756387495e-01 2.486652885192781274e-03
8.947725955633289985e-01 2.125417825649341536e-03
9.052619773309316109e-01 1.768530877578817486e-03
9.157618881078770645e-01 1.422866252715719506e-03
9.262711609534211021e-01 1.096111100234165459e-03
9.367886278863364335e-01 7.961067832380108907e-04
9.473131200147204556e-01 5.307657877610217701e-04
9.578434676659028923e-01 3.079734123851705137e-04
9.683785005164411430e-01 1.356064592735073567e-04
9.789170477221889044e-01 2.156428274892857854e-05
9.894579380484205267e-01 -2.625505457797484542e-05
9.999999999999998890e-01 -1.117199999162702352e-10
