9.999999999999998890e-01 4.400521673623230538e-06
9.894579380484205267e-01 3.225179331705254736e-03
9.789170477221889044e-01 5.658607853401160029e-03
9.683785005164411430e-01 7.801023438233693937e-03
9.578434676659028923e-01 9.820099753629874320e-03
9.473131200147204556e-01 1.178442479494811942e-02
9.367886278863364335e-01 1.367689234738936332e-02
9.262711609534211021e-01 1.549538250871551961e-02
9.157618881078770645e-01 1.730403761346388861e-02
9.052619773309316109e-01 1.912760415580542703e-02
8.947725955633289985e-01 2.089963382789567295e-02
8.842949085756387495e-01 2.258534385403135336e-02
8.738300808386934015e-01 2.421754404781240391e-02
8.633792753941731402e-01 2.588287189480125913e-02
8.529436537253458628e-01 2.772483644083122839e-02
8.425243756279822138e-01 2.968656437590539224e-02
8.321225990814590245e-01 3.149835508514067101e-02
8.217394801200630372e-01 3.325274801411159942e-02
8.113761727045106786e-01 3.537610810470386696e-02
8.010338285937002034e-01 3.795598583910168855e-02
7.907135972167069760e-01 4.080463561899818487e-02
7.804166255450371015e-01 4.382215340030147510e-02
7.701440579651563922e-01 4.696897136675793477e-02
7.598970361513051053e-01 5.016355899342853086e-02
7.496766989386134394e-01 5.330922050806057716e-02
7.394841821965345563e-01 5.638283474681331231e-02
7.293206187026060050e-01 5.939351532388252586e-02
7.191871380165538730e-01 6.233231132933976515e-02
7.090848663547572039e-01 6.518639968141662355e-02
6.990149264650814542e-01 6.796060196825706723e-02
6.889784375020977514e-01 7.065359476409190098e-02
6.789765149027036095e-01 7.321245755459324100e-02
6.690102702621547603e-01 7.558895139893574699e-02
6.590808112105230876e-01 7.780113312241331014e-02
6.491892412895989839e-01 7.987679838289653278e-02
6.393366598302444581e-01 8.182902524736646033e-02
6.295241618302156450e-01 8.366472949866077258e-02
6.197528378324663745e-01 8.538237684949481765e-02
6.100237738039482327e-01 8.698158296476733720e-02
6.003380510149177729e-01 8.846693746421593896e-02
5.906967459187653091e-01 8.984904226871993915e-02
5.811009300323815019e-01 9.114751820841759944e-02
5.715516698170692855e-01 9.237330112600269927e-02
5.620500265600203438e-01 9.352371424226123275e-02
5.525970562563653488e-01 9.459795763071024433e-02
5.431938094918128401e-01 9.559870856135327388e-02
5.338413313258880688e-01 9.652755977747988492e-02
5.245406611757882365e-01 9.738480677364388938e-02
5.152928327008634568e-01 9.817103472892341198e-02
5.060988736877365390e-01 9.888725336973540336e-02
4.969598059360780251e-01 9.953619241717920341e-02
4.878766451450451402e-01 1.001216802841636000e-01
4.788504008003974244e-01 1.006460758629105362e-01
4.698820760623064752e-01 1.011107849637429695e-01
4.609726676538650203e-01 1.015168421814566374e-01
4.521231657503131940e-01 1.018651282810888598e-01
4.433345538689928977e-01 1.021567249061132582e-01
4.346078087600411255e-01 1.023927980673748905e-01
4.259439002978354649e-01 1.025745038486230026e-01
4.173437913732044313e-01 1.027029864688768501e-01
4.088084377864137364e-01 1.027793516017572600e-01
4.003387881409395943e-01 1.028041652204635670e-01
3.919357837380436083e-01 1.027759605778773289e-01
3.836003584721576765e-01 1.026935951217527732e-01
3.753334387270930161e-01 1.025585036454940008e-01
3.671359432730831873e-01 1.023724210673808976e-01
3.590087831646743277e-01 1.021365330287706263e-01
3.509528616394713696e-01 1.018520545869942423e-01
3.429690740177547825e-01 1.015204588897822835e-01
3.350583076029753915e-01 1.011431906248498325e-01
3.272214415831418144e-01 1.007215820321583216e-01
3.194593469331089564e-01 1.002570582377803193e-01
3.117728863177794407e-01 9.975113654022517429e-02
3.041629139962280792e-01 9.920271473719620425e-02
2.966302757267624823e-01 9.860742456623243501e-02
2.891758086729252497e-01 9.796420512846634732e-02
2.818003413104546162e-01 9.727579263047966829e-02
2.745046933352085494e-01 9.654417931740010006e-02
2.672896755720651774e-01 9.577053939554355799e-02
2.601560898848094272e-01 9.495667303451452157e-02
2.531047290870154232e-01 9.410482761421486153e-02
2.461363768539343022e-01 9.321652264967422719e-02
2.392518076353984391e-01 9.229292561830830521e-02
2.324517865697500740e-01 9.133643323888215870e-02
2.257370693988056676e-01 9.034965111290346740e-02
2.191084023838638650e-01 8.933163609926991766e-02
2.125665222227673956e-01 8.828043118145241508e-02
2.061121559680280102e-01 8.719786579032627605e-02
1.997460209460230063e-01 8.608639613034746452e-02
1.934688246772731102e-01 8.494433685306641835e-02
1.872812647978095990e-01 8.376930718420247390e-02
1.811840289816407656e-01 8.256147001521027540e-02
1.751777948643248317e-01 8.132200512116662117e-02
1.692632299676588570e-01 8.005331000767065830e-02
1.634409916254914164e-01 7.875811674079478963e-02
1.577117269106679265e-01 7.743936418963467960e-02
1.520760725631161714e-01 7.609923951512974349e-02
1.465346549190801317e-01 7.473807341731857068e-02
1.410880898415101115e-01 7.335533307791268498e-02
1.357369826516168221e-01 7.194934308412286039e-02
1.304819280615971966e-01 7.052035341484184927e-02
1.253235101085391490e-01 6.907192454201577236e-02
1.202623020895129402e-01 6.760454209029530259e-02
1.152988664978553679e-01 6.611416350244780915e-02
1.104337549606562163e-01 6.460117753546321118e-02
1.056675081774507419e-01 6.307140085738383029e-02
1.010006558601274085e-01 6.152798878987656567e-02
9.643371667405697956e-02 5.997141522560860138e-02
9.196719818044885031e-02 5.840612143592696648e-02
8.760159677994161509e-02 5.683905595918291309e-02
8.333739765743386485e-02 5.526573559223352250e-02
7.917507472816209813e-02 5.367462922575561013e-02
7.511509058502996439e-02 5.206450695084804264e-02
7.115789644719716645e-02 5.043973405081053629e-02
6.730393210993146358e-02 4.880015212783114786e-02
6.355362589573076981e-02 4.714298395173202594e-02
5.990739460672012129e-02 4.546307530154043014e-02
5.636564347832906385e-02 4.375718031057793111e-02
5.292876613425423482e-02 4.203780026255368035e-02
4.959714454271368922e-02 4.032334864205019270e-02
4.637114897399441382e-02 3.863472011595790734e-02
4.325113795930202176e-02 3.698922235603898517e-02
4.023745825091396000e-02 3.538831247250463080e-02
3.733044478364233587e-02 3.382535193125028178e-02
3.453042063760936031e-02 3.228020716301352455e-02
3.183769700234129196e-02 3.074066306716162142e-02
2.925257314218321358e-02 2.922092384744554711e-02
2.677533636303963682e-02 2.772328371706278896e-02
2.440626198044326678e-02 2.621645999266482979e-02
2.214561328895736647e-02 2.468112877032967861e-02
1.999364153291383062e-02 2.312656722251284214e-02
1.795058587848985532e-02 2.156528708312946407e-02
1.601667338712764455e-02 2.001030992741222037e-02
1.419211899029970692e-02 1.847578059934020314e-02
1.247712546562085301e-02 1.697691712968084701e-02
1.087188341431266636e-02 1.552197351261550354e-02
9.376571240020115106e-03 1.411125756914442114e-02
7.991355128984078959e-03 1.273479480330615664e-02
6.716389031571567969e-03 1.137619799665669749e-02
5.551814645166519568e-03 1.005333269471976251e-02
4.497761398421062928e-03 8.804051703957298941e-03
3.554346436871580472e-03 7.600374226446629695e-03
2.721674609919344512e-03 6.385447302956676063e-03
1.999838459177394334e-03 5.218874791456382285e-03
1.388918208186096237e-03 4.193957464372869044e-03
8.889817534969424173e-04 3.199328362413699726e-03
5.000846571264760954e-04 2.086751026232981036e-03
2.222701403818971855e-04 1.026422597923563667e-03
5.556907905679420168e-05 2.841053260291216058e-04
0.000000000000000000e+00 2.130797948671008072e-05
0.000000000000000000e+00 -1.959360982732569526e-05
5.556907905679420168e-05 -2.800249388508541841e-04
2.222701403818971855e-04 -1.010172544547750578e-03
5.000846571264760954e-04 -2.035238322715752102e-03
8.889817534969424173e-04 -3.063701541521498487e-03
1.388918208186096237e-03 -3.905686153301992855e-03
1.999838459177394334e-03 -4.713258079958699935e-03
2.721674609919344512e-03 -5.595200814945476379e-03
3.554346436871580472e-03 -6.432315046958948096e-03
4.497761398421062928e-03 -7.157705214851168424e-03
5.551814645166519568e-03 -7.862074411629883103e-03
6.716389031571567969e-03 -8.601590273218436694e-03
7.991355128984078959e-03 -9.350115405585711706e-03
9.376571240020115106e-03 -1.009170801597310957e-02
1.087188341431266636e-02 -1.083354984034326854e-02
1.247712546562085301e-02 -1.157608007174562581e-02
1.419211899029970692e-02 -1.231035477814429457e-02
1.601667338712764455e-02 -1.302785663310220172e-02
1.795058587848985532e-02 -1.372100124701545847e-02
1.999364153291383062e-02 -1.438302725144893594e-02
2.214561328895736647e-02 -1.500763794180045435e-02
2.440626198044326678e-02 -1.558648175144186285e-02
2.677533636303963682e-02 -1.611286936770565947e-02
2.925257314218321358e-02 -1.661017209739701350e-02
3.183769700234129196e-02 -1.711479207928628607e-02
3.453042063760936031e-02 -1.763134449297073733e-02
3.733044478364233587e-02 -1.814860744435059514e-02
4.023745825091396000e-02 -1.865111375958298026e-02
4.325113795930202176e-02 -1.912131779114388183e-02
4.637114897399441382e-02 -1.953937777375459872e-02
4.959714454271368922e-02 -1.989277482049435150e-02
5.292876613425423482e-02 -2.020390357965098568e-02
5.636564347832906385e-02 -2.050110584995909480e-02
5.990739460672012129e-02 -2.080030352030763294e-02
6.355362589573076981e-02 -2.110975032429598247e-02
6.730393210993146358e-02 -2.142329051023437667e-02
7.115789644719716645e-02 -2.173390119284336966e-02
7.511509058502996439e-02 -2.203886514280934544e-02
7.917507472816209813e-02 -2.233641041634749566e-02
8.333739765743386485e-02 -2.262539283944518809e-02
8.760159677994161509e-02 -2.290581608971338848e-02
9.196719818044885031e-02 -2.317947691808843608e-02
9.643371667405697956e-02 -2.344675090721326169e-02
1.010006558601274085e-01 -2.370575569845912237e-02
1.056675081774507419e-01 -2.395536835725896666e-02
1.104337549606562163e-01 -2.419553803311575227e-02
1.152988664978553679e-01 -2.442497563041296990e-02
1.202623020895129402e-01 -2.464128373201146180e-02
1.253235101085391490e-01 -2.484589495939296816e-02
1.304819280615971966e-01 -2.504336162928052015e-02
1.357369826516168221e-01 -2.523534806958404458e-02
1.410880898415101115e-01 -2.542143315135286449e-02
1.465346549190801317e-01 -2.560204339092516171e-02
1.520760725631161714e-01 -2.577813164548732258e-02
1.577117269106679265e-01 -2.595049350095856092e-02
1.634409916254914164e-01 -2.611970406336374534e-02
1.692632299676588570e-01 -2.628538739704048416e-02
1.751777948643248317e-01 -2.644683742097826695e-02
1.811840289816407656e-01 -2.660377125459429878e-02
1.872812647978095990e-01 -2.675601932597345550e-02
1.934688246772731102e-01 -2.690324000587097919e-02
1.997460209460230063e-01 -2.704503823009350716e-02
2.061121559680280102e-01 -2.718100687575925392e-02
2.125665222227673956e-01 -2.731079186246676907e-02
2.191084023838638650e-01 -2.743421758414710601e-02
2.257370693988056676e-01 -2.755169991409819538e-02
2.324517865697500740e-01 -2.766511045091495785e-02
2.392518076353984391e-01 -2.777573096284760915e-02
2.461363768539343022e-01 -2.788304205015812789e-02
2.531047290870154232e-01 -2.798656884627464050e-02
2.601560898848094272e-01 -2.808634922213029336e-02
2.672896755720651774e-01 -2.818230049048886868e-02
2.745046933352085494e-01 -2.827407512726654373e-02
2.818003413104546162e-01 -2.836145522735961447e-02
2.891758086729252497e-01 -2.844441142907206885e-02
2.966302757267624823e-01 -2.852271040801939578e-02
3.041629139962280792e-01 -2.859592842900722520e-02
3.117728863177794407e-01 -2.866453730131661090e-02
3.194593469331089564e-01 -2.872979115115579032e-02
3.272214415831418144e-01 -2.879219777483806725e-02
3.350583076029753915e-01 -2.885165917547129200e-02
3.429690740177547825e-01 -2.890802230979587495e-02
3.509528616394713696e-01 -2.896112206607334705e-02
3.590087831646743277e-01 -2.901092056733842878e-02
3.671359432730831873e-01 -2.905741547864399560e-02
3.753334387270930161e-01 -2.910034438705309118e-02
3.836003584721576765e-01 -2.913942221315020745e-02
3.919357837380436083e-01 -2.917496063448204308e-02
4.003387881409395943e-01 -2.920695927948531792e-02
4.088084377864137364e-01 -2.923268863666471373e-02
4.173437913732044313e-01 -2.924907603658560493e-02
4.259439002978354649e-01 -2.925520181133146186e-02
4.346078087600411255e-01 -2.925075953787877048e-02
4.433345538689928977e-01 -2.923562602692984097e-02
4.521231657503131940e-01 -2.920965297340409259e-02
4.609726676538650203e-01 -2.917251046275609258e-02
4.698820760623064752e-01 -2.912392463133860881e-02
4.788504008003974244e-01 -2.906382714218684257e-02
4.878766451450451402e-01 -2.899204107067712699e-02
4.969598059360780251e-01 -2.890810568104235784e-02
5.060988736877365390e-01 -2.881061418967492335e-02
5.152928327008634568e-01 -2.869668702878530250e-02
5.245406611757882365e-01 -2.856462647761247309e-02
5.338413313258880688e-01 -2.841455175142967859e-02
5.431938094918128401e-01 -2.824644204205823197e-02
5.525970562563653488e-01 -2.805995483979057542e-02
5.620500265600203438e-01 -2.785466490984108909e-02
5.715516698170692855e-01 -2.763011448461487676e-02
5.811009300323815019e-01 -2.738636596314361973e-02
5.906967459187653091e-01 -2.712375126869382910e-02
6.003380510149177729e-01 -2.684047881283244119e-02
6.100237738039482327e-01 -2.653343192967441352e-02
6.197528378324663745e-01 -2.620120147925088239e-02
6.295241618302156450e-01 -2.584338028997820724e-02
6.393366598302444581e-01 -2.545941028427007452e-02
6.491892412895989839e-01 -2.504878826530483257e-02
6.590808112105230876e-01 -2.461191821754863188e-02
6.690102702621547603e-01 -2.414916914555577387e-02
6.789765149027036095e-01 -2.365868032960526460e-02
6.889784375020977514e-01 -2.313964091160884695e-02
6.990149264650814542e-01 -2.259937449441201326e-02
7.090848663547572039e-01 -2.204456433870700949e-02
7.191871380165538730e-01 -2.147105981356755428e-02
7.293206187026060050e-01 -2.085962354062775512e-02
7.394841821965345563e-01 -2.015272868768734973e-02
7.496766989386134394e-01 -1.932969439295051384e-02
7.598970361513051053e-01 -1.848115753061459893e-02
7.701440579651563922e-01 -1.766784296466383450e-02
7.804166255450371015e-01 -1.685092545242728584e-02
7.907135972167069760e-01 -1.597832130889497923e-02
8.010338285937002034e-01 -1.499754722631695819e-02
8.113761727045106786e-01 -1.389704678814897634e-02
8.217394801200630372e-01 -1.272517365849014891e-02
8.321225990814590245e-01 -1.150525975915818282e-02
8.425243756279822138e-01 -1.022472317652053063e-02
8.529436537253458628e-01 -8.904024798004570376e-03
8.633792753941731402e-01 -7.597799073473253222e-03
8.738300808386934015e-01 -6.305145202665699174e-03
8.842949085756387495e-01 -4.981621564373756375e-03
8.947725955633289985e-01 -3.686649041867270243e-03
9.052619773309316109e-01 -2.548550408124059842e-03
9.157618881078770645e-01 -1.582424654223645120e-03
9.262711609534211021e-01 -7.378264167394446224e-04
9.367886278863364335e-01 -2.645398509803825651e-05
9.473131200147204556e-01 5.078174555948686145e-04
9.578434676659028923e-01 8.301624835595692968e-04
9.683785005164411430e-01 9.104585289918507062e-04
9.789170477221889044e-01 7.219870444851581763e-04
9.894579380484205267e-01 3.027856106544742206e-04
9.999999999999998890e-01 -2.666786124376297869e-07
