9.999999999999998890e-01 -9.999997643618037391e-03
9.894579380484205267e-01 -7.520753980715883316e-03
9.789170477221889044e-01 -5.267940498632195032e-03
9.683785005164411430e-01 -3.211239115297731279e-03
9.578434676659028923e-01 -1.319728342061937849e-03
9.473131200147204556e-01 4.374055431513762288e-04
9.367886278863364335e-01 2.090346262739707032e-03
9.262711609534211021e-01 3.669579717517259653e-03
9.157618881078770645e-01 5.206505219623214741e-03
9.052619773309316109e-01 6.731331343934779214e-03
8.947725955633289985e-01 8.271555355372571527e-03
8.842949085756387495e-01 9.840405340709068582e-03
8.738300808386934015e-01 1.142894205166914215e-02
8.633792753941731402e-01 1.302742642900200400e-02
8.529436537253458628e-01 1.462766942999190779e-02
8.425243756279822138e-01 1.622124034959696037e-02
8.321225990814590245e-01 1.779931756502498019e-02
8.217394801200630372e-01 1.935313503071163163e-02
8.113761727045106786e-01 2.087405286257176112e-02
8.010338285937002034e-01 2.235428349373341436e-02
7.907135972167069760e-01 2.378728654010599936e-02
7.804166255450371015e-01 2.517355127682610258e-02
7.701440579651563922e-01 2.651821396410216844e-02
7.598970361513051053e-01 2.782562075913195751e-02
7.496766989386134394e-01 2.909965193385176049e-02
7.394841821965345563e-01 3.034444407052043144e-02
7.293206187026060050e-01 3.156424069238392832e-02
7.191871380165538730e-01 3.276317350417628366e-02
7.090848663547572039e-01 3.394524591907339267e-02
6.990149264650814542e-01 3.511402055866408994e-02
6.889784375020977514e-01 3.627108843953880807e-02
6.789765149027036095e-01 3.741013918974039898e-02
6.690102702621547603e-01 3.852298318560527096e-02
6.590808112105230876e-01 3.960234198731301530e-02
6.491892412895989839e-01 4.064102535319464443e-02
6.393366598302444581e-01 4.163150806034163209e-02
6.295241618302156450e-01 4.256663613942079233e-02
6.197528378324663745e-01 4.344030530067748835e-02
6.100237738039482327e-01 4.424592648966799158e-02
6.003380510149177729e-01 4.497568473660817912e-02
5.906967459187653091e-01 4.562774502749954858e-02
5.811009300323815019e-01 4.621073249393035931e-02
5.715516698170692855e-01 4.673521906088317496e-02
5.620500265600203438e-01 4.721309194732939418e-02
5.525970562563653488e-01 4.765582128246940996e-02
5.431938094918128401e-01 4.807422647416392109e-02
5.338413313258880688e-01 4.847850387394708055e-02
5.245406611757882365e-01 4.887829854741463503e-02
5.152928327008634568e-01 4.928401815860965901e-02
5.060988736877365390e-01 4.970643520141485028e-02
4.969598059360780251e-01 5.015207169964538969e-02
4.878766451450451402e-01 5.062355220289210117e-02
4.788504008003974244e-01 5.111477136310595831e-02
4.698820760623064752e-01 5.161466039673674039e-02
4.609726676538650203e-01 5.211473993425232848e-02
4.521231657503131940e-01 5.260776355975846363e-02
4.433345538689928977e-01 5.308561264317120804e-02
4.346078087600411255e-01 5.354005231834304407e-02
4.259439002978354649e-01 5.396432620294296795e-02
4.173437913732044313e-01 5.435200048734454420e-02
4.088084377864137364e-01 5.469570396981288107e-02
4.003387881409395943e-01 5.498885492731411112e-02
3.919357837380436083e-01 5.522896319094921375e-02
3.836003584721576765e-01 5.541579343485502490e-02
3.753334387270930161e-01 5.555313967651533819e-02
3.671359432730831873e-01 5.564512196497919255e-02
3.590087831646743277e-01 5.569462573790042587e-02
3.509528616394713696e-01 5.570451184913580156e-02
3.429690740177547825e-01 5.567802246134517102e-02
3.350583076029753915e-01 5.561824794845079273e-02
3.272214415831418144e-01 5.552790945904080566e-02
3.194593469331089564e-01 5.540969679421701988e-02
3.117728863177794407e-01 5.526630863121424070e-02
3.041629139962280792e-01 5.510031750720675858e-02
2.966302757267624823e-01 5.491407476199067911e-02
2.891758086729252497e-01 5.470838284747605446e-02
2.818003413104546162e-01 5.448237583848569709e-02
2.745046933352085494e-01 5.423521542427525016e-02
2.672896755720651774e-01 5.396617067799654166e-02
2.601560898848094272e-01 5.367458234737627898e-02
2.531047290870154232e-01 5.335986104173036371e-02
2.461363768539343022e-01 5.302162269419075091e-02
2.392518076353984391e-01 5.265960816256011479e-02
2.324517865697500740e-01 5.227348367897533682e-02
2.257370693988056676e-01 5.186293908706079980e-02
2.191084023838638650e-01 5.142816210343036099e-02
2.125665222227673956e-01 5.096944835745952779e-02
2.061121559680280102e-01 5.048635193210065236e-02
1.997460209460230063e-01 4.997881270626902683e-02
1.934688246772731102e-01 4.945015272492343100e-02
1.872812647978095990e-01 4.890538648244949216e-02
1.811840289816407656e-01 4.835213035434163253e-02
1.751777948643248317e-01 4.779802088271466187e-02
1.692632299676588570e-01 4.724844849735381630e-02
1.634409916254914164e-01 4.670868509914033462e-02
1.577117269106679265e-01 4.618502023628540815e-02
1.520760725631161714e-01 4.568226376180350295e-02
1.465346549190801317e-01 4.520128765341102639e-02
1.410880898415101115e-01 4.473727310789165496e-02
1.357369826516168221e-01 4.427537166875348401e-02
1.304819280615971966e-01 4.380145783250376235e-02
1.253235101085391490e-01 4.330453145574219426e-02
1.202623020895129402e-01 4.277475080434509774e-02
1.152988664978553679e-01 4.220349604248586212e-02
1.104337549606562163e-01 4.158286137953570716e-02
1.056675081774507419e-01 4.090579688049789109e-02
1.010006558601274085e-01 4.016811747793853221e-02
9.643371667405697956e-02 3.936914957091159489e-02
9.196719818044885031e-02 3.852068491996397948e-02
8.760159677994161509e-02 3.764451608973598540e-02
8.333739765743386485e-02 3.675955469670230680e-02
7.917507472816209813e-02 3.588209210960696671e-02
7.511509058502996439e-02 3.502438000942196400e-02
7.115789644719716645e-02 3.419375726145689603e-02
6.730393210993146358e-02 3.337637794602894836e-02
6.355362589573076981e-02 3.254916661697235952e-02
5.990739460672012129e-02 3.169691651222714124e-02
5.636564347832906385e-02 3.080770248164330441e-02
5.292876613425423482e-02 2.986972938017158630e-02
4.959714454271368922e-02 2.887398206445705370e-02
4.637114897399441382e-02 2.782376172225664926e-02
4.325113795930202176e-02 2.672720048127159853e-02
4.023745825091396000e-02 2.559750236447245336e-02
3.733044478364233587e-02 2.444787546982402776e-02
3.453042063760936031e-02 2.328796071541223631e-02
3.183769700234129196e-02 2.212669776815636216e-02
2.925257314218321358e-02 2.097296173262120852e-02
2.677533636303963682e-02 1.983465148810143602e-02
2.440626198044326678e-02 1.871753740734377267e-02
2.214561328895736647e-02 1.761908411819692113e-02
1.999364153291383062e-02 1.652266630282202622e-02
1.795058587848985532e-02 1.541497633684887035e-02
1.601667338712764455e-02 1.428985472609088127e-02
1.419211899029970692e-02 1.314530872090291687e-02
1.247712546562085301e-02 1.198394846741798747e-02
1.087188341431266636e-02 1.081161224198646034e-02
9.376571240020115106e-03 9.637337465488110891e-03
7.991355128984078959e-03 8.472166002886383565e-03
6.716389031571567969e-03 7.328853390762064823e-03
5.551814645166519568e-03 6.221138027767312943e-03
4.497761398421062928e-03 5.163443549522870983e-03
3.554346436871580472e-03 4.170120105844010890e-03
2.721674609919344512e-03 3.255350913302374870e-03
1.999838459177394334e-03 2.432328728549201097e-03
1.388918208186096237e-03 1.713483347201681705e-03
8.889817534969424173e-04 1.109497898881502739e-03
5.000846571264760954e-04 6.298800319188191301e-04
2.222701403818971855e-04 2.817269215260355397e-04
5.556907905679420168e-05 7.072530650121244269e-05
0.000000000000000000e+00 -1.106492327464270191e-09
0.000000000000000000e+00 1.800133674984261648e-09
5.556907905679420168e-05 -7.700291422308668508e-05
2.222701403818971855e-04 -3.061113207469267098e-04
5.000846571264760954e-04 -6.822719127423286858e-04
8.889817534969424173e-04 -1.196287377970157648e-03
1.388918208186096237e-03 -1.836684226101261514e-03
1.999838459177394334e-03 -2.588104303574919034e-03
2.721674609919344512e-03 -3.433300258620292957e-03
3.554346436871580472e-03 -4.352221816436655996e-03
4.497761398421062928e-03 -5.323615736373342802e-03
5.551814645166519568e-03 -6.324680366098677474e-03
6.716389031571567969e-03 -7.332384507393837833e-03
7.991355128984078959e-03 -8.323635004788611583e-03
9.376571240020115106e-03 -9.276538009728696119e-03
1.087188341431266636e-02 -1.017090673270576277e-02
1.247712546562085301e-02 -1.098940242346339337e-02
1.419211899029970692e-02 -1.171801557616184916e-02
1.601667338712764455e-02 -1.234813179055986761e-02
1.795058587848985532e-02 -1.287656760709272701e-02
1.999364153291383062e-02 -1.330765292626898827e-02
2.214561328895736647e-02 -1.365254687448116781e-02
2.440626198044326678e-02 -1.393448452646908753e-02
2.677533636303963682e-02 -1.418302517670566587e-02
2.925257314218321358e-02 -1.441095246592203651e-02
3.183769700234129196e-02 -1.462172979328446414e-02
3.453042063760936031e-02 -1.482098187713538906e-02
3.733044478364233587e-02 -1.501564170409802092e-02
4.023745825091396000e-02 -1.521412259051488358e-02
4.325113795930202176e-02 -1.542667586204107995e-02
4.637114897399441382e-02 -1.567015712935472538e-02
4.959714454271368922e-02 -1.596187490433500708e-02
5.292876613425423482e-02 -1.631174062855298909e-02
5.636564347832906385e-02 -1.672231965331270540e-02
5.990739460672012129e-02 -1.717714574134184338e-02
6.355362589573076981e-02 -1.765574507562412895e-02
6.730393210993146358e-02 -1.813829275002170130e-02
7.115789644719716645e-02 -1.860106035059635662e-02
7.511509058502996439e-02 -1.901059484125975502e-02
7.917507472816209813e-02 -1.934338375077290784e-02
8.333739765743386485e-02 -1.959911088386723926e-02
8.760159677994161509e-02 -1.978278335390441095e-02
9.196719818044885031e-02 -1.990371706533279952e-02
9.643371667405697956e-02 -1.997315700995137486e-02
1.010006558601274085e-01 -2.000436152453710301e-02
1.056675081774507419e-01 -2.000580210373762574e-02
1.104337549606562163e-01 -1.997994014163051446e-02
1.152988664978553679e-01 -1.992791626555043272e-02
1.202623020895129402e-01 -1.984993893159561762e-02
1.253235101085391490e-01 -1.974705398377049961e-02
1.304819280615971966e-01 -1.962105906507089284e-02
1.357369826516168221e-01 -1.947371017971754811e-02
1.410880898415101115e-01 -1.930678564253511531e-02
1.465346549190801317e-01 -1.912281818441070869e-02
1.520760725631161714e-01 -1.892468087506096047e-02
1.577117269106679265e-01 -1.871422347078352186e-02
1.634409916254914164e-01 -1.849276109190519865e-02
1.692632299676588570e-01 -1.826154125448543539e-02
1.751777948643248317e-01 -1.802182426353052258e-02
1.811840289816407656e-01 -1.777509693953967934e-02
1.872812647978095990e-01 -1.752299035909502326e-02
1.934688246772731102e-01 -1.726743559238315059e-02
1.997460209460230063e-01 -1.701039255367109079e-02
2.061121559680280102e-01 -1.675359514239395733e-02
2.125665222227673956e-01 -1.649857697746003743e-02
2.191084023838638650e-01 -1.624640912811311372e-02
2.257370693988056676e-01 -1.599816477767746978e-02
2.324517865697500740e-01 -1.575516278335108850e-02
2.392518076353984391e-01 -1.551877045445815631e-02
2.461363768539343022e-01 -1.529037469113071757e-02
2.531047290870154232e-01 -1.507143392765617103e-02
2.601560898848094272e-01 -1.486353335700850604e-02
2.672896755720651774e-01 -1.466831512311921742e-02
2.745046933352085494e-01 -1.448749000592128300e-02
2.818003413104546162e-01 -1.432284807381758659e-02
2.891758086729252497e-01 -1.417627669163725249e-02
2.966302757267624823e-01 -1.404973110542798165e-02
3.041629139962280792e-01 -1.394515294086750602e-02
3.117728863177794407e-01 -1.386288689633349835e-02
3.194593469331089564e-01 -1.380179714582243679e-02
3.272214415831418144e-01 -1.376053879921555409e-02
3.350583076029753915e-01 -1.373764063059650271e-02
3.429690740177547825e-01 -1.373155013669494218e-02
3.509528616394713696e-01 -1.374063711628709279e-02
3.590087831646743277e-01 -1.376301967687116289e-02
3.671359432730831873e-01 -1.379668703812487150e-02
3.753334387270930161e-01 -1.383969170262455521e-02
3.836003584721576765e-01 -1.389001479986411332e-02
3.919357837380436083e-01 -1.394501427052043802e-02
4.003387881409395943e-01 -1.400212320398292604e-02
4.088084377864137364e-01 -1.406035572247416043e-02
4.173437913732044313e-01 -1.411960200293360841e-02
4.259439002978354649e-01 -1.418132134308487322e-02
4.346078087600411255e-01 -1.424724943039584225e-02
4.433345538689928977e-01 -1.431867208083992607e-02
4.521231657503131940e-01 -1.439692992933908240e-02
4.609726676538650203e-01 -1.448379044783550118e-02
4.698820760623064752e-01 -1.458096587843230561e-02
4.788504008003974244e-01 -1.468986536423953597e-02
4.878766451450451402e-01 -1.481220102512691150e-02
4.969598059360780251e-01 -1.495034484447159417e-02
5.060988736877365390e-01 -1.510535254987693463e-02
5.152928327008634568e-01 -1.527597002371779839e-02
5.245406611757882365e-01 -1.545991519193845934e-02
5.338413313258880688e-01 -1.565378466411910044e-02
5.431938094918128401e-01 -1.585423431926756901e-02
5.525970562563653488e-01 -1.605807795967309839e-02
5.620500265600203438e-01 -1.626197967337697850e-02
5.715516698170692855e-01 -1.646243364912922807e-02
5.811009300323815019e-01 -1.665569990023756455e-02
5.906967459187653091e-01 -1.683788255589797542e-02
6.003380510149177729e-01 -1.700550856502981711e-02
6.100237738039482327e-01 -1.715572377697311204e-02
6.197528378324663745e-01 -1.728896070336271087e-02
6.295241618302156450e-01 -1.740753156081616473e-02
6.393366598302444581e-01 -1.751337031366866775e-02
6.491892412895989839e-01 -1.760825672144136073e-02
6.590808112105230876e-01 -1.769426487301578935e-02
6.690102702621547603e-01 -1.777357962378748810e-02
6.789765149027036095e-01 -1.784832810694391564e-02
6.889784375020977514e-01 -1.792065223867749663e-02
6.990149264650814542e-01 -1.799284930132198299e-02
7.090848663547572039e-01 -1.806704277944715456e-02
7.191871380165538730e-01 -1.814455148958280320e-02
7.293206187026060050e-01 -1.822647967702238636e-02
7.394841821965345563e-01 -1.831384479409894211e-02
7.496766989386134394e-01 -1.840771163905920160e-02
7.598970361513051053e-01 -1.850930582122183032e-02
7.701440579651563922e-01 -1.861976748773318605e-02
7.804166255450371015e-01 -1.874000744988360903e-02
7.907135972167069760e-01 -1.887121237851348970e-02
8.010338285937002034e-01 -1.901505009819969352e-02
8.113761727045106786e-01 -1.917022623452581745e-02
8.217394801200630372e-01 -1.933096597272876763e-02
8.321225990814590245e-01 -1.949059986646269060e-02
8.425243756279822138e-01 -1.964179789271354448e-02
8.529436537253458628e-01 -1.977732581847902599e-02
8.633792753941731402e-01 -1.989008587025021396e-02
8.738300808386934015e-01 -1.997283115118413110e-02
8.842949085756387495e-01 -2.001817643575828920e-02
8.947725955633289985e-01 -2.001873493589491002e-02
9.052619773309316109e-01 -1.996714196216179196e-02
9.157618881078770645e-01 -1.985625441407323430e-02
9.262711609534211021e-01 -1.967907376356876209e-02
9.367886278863364335e-01 -1.942864791871107971e-02
9.473131200147204556e-01 -1.909804631089198276e-02
9.578434676659028923e-01 -1.868032493413568015e-02
9.683785005164411430e-01 -1.816854170398306614e-02
9.789170477221889044e-01 -1.755580164265622273e-02
9.894579380484205267e-01 -1.683523380074372980e-02
9.999999999999998890e-01 -1.599999996133995642e-02
