9.999999999999998890e-01 2.099991403414310149e-04
9.894579380484205267e-01 1.814062440822557460e-03
9.789170477221889044e-01 3.428701353786846318e-03
9.683785005164411430e-01 5.051140088048932698e-03
9.578434676659028923e-01 6.678400942526959393e-03
9.473131200147204556e-01 8.307549376864890867e-03
9.367886278863364335e-01 9.935880921736577054e-03
9.262711609534211021e-01 1.156057394266433482e-02
9.157618881078770645e-01 1.317845711201881542e-02
9.052619773309316109e-01 1.478671593511695151e-02
8.947725955633289985e-01 1.638332904449570776e-02
8.842949085756387495e-01 1.796804973164865468e-02
8.738300808386934015e-01 1.954332618595171905e-02
8.633792753941731402e-01 2.111246477256251489e-02
8.529436537253458628e-01 2.267945091715655240e-02
8.425243756279822138e-01 2.424403786742042322e-02
8.321225990814590245e-01 2.580099892005821224e-02
8.217394801200630372e-01 2.734170195739878823e-02
8.113761727045106786e-01 2.885469398570549363e-02
8.010338285937002034e-01 3.033112509180542829e-02
7.907135972167069760e-01 3.176489792508381538e-02
7.804166255450371015e-01 3.315703606519491281e-02
7.701440579651563922e-01 3.451332250066890817e-02
7.598970361513051053e-01 3.583952994273725129e-02
7.496766989386134394e-01 3.714093930267280130e-02
7.394841821965345563e-01 3.841939217424158309e-02
7.293206187026060050e-01 3.967473276140805194e-02
7.191871380165538730e-01 4.090445530969147314e-02
7.090848663547572039e-01 4.210534377194746075e-02
6.990149264650814542e-01 4.327531257125736414e-02
6.889784375020977514e-01 4.441295981728243802e-02
6.789765149027036095e-01 4.551823512147730455e-02
6.690102702621547603e-01 4.659151611984842234e-02
6.590808112105230876e-01 4.763340401641346505e-02
6.491892412895989839e-01 4.864437388563762343e-02
6.393366598302444581e-01 4.962438360785702274e-02
6.295241618302156450e-01 5.057313140137677243e-02
6.197528378324663745e-01 5.148991337914970295e-02
6.100237738039482327e-01 5.237404062849945058e-02
6.003380510149177729e-01 5.322497730187613491e-02
5.906967459187653091e-01 5.404224375633713551e-02
5.811009300323815019e-01 5.482542569166852509e-02
5.715516698170692855e-01 5.557417381536700063e-02
5.620500265600203438e-01 5.628822265227831356e-02
5.525970562563653488e-01 5.696730605447556522e-02
5.431938094918128401e-01 5.761114455512195143e-02
5.338413313258880688e-01 5.821934624166997391e-02
5.245406611757882365e-01 5.879140897756642697e-02
5.152928327008634568e-01 5.932688975703308276e-02
5.060988736877365390e-01 5.982540073975504274e-02
4.969598059360780251e-01 6.028655619888539235e-02
4.878766451450451402e-01 6.070995526613760795e-02
4.788504008003974244e-01 6.109503168544293261e-02
4.698820760623064752e-01 6.144114687862783919e-02
4.609726676538650203e-01 6.174790511490917816e-02
4.521231657503131940e-01 6.201498819623704056e-02
4.433345538689928977e-01 6.224175027052094439e-02
4.346078087600411255e-01 6.242739809730107892e-02
4.259439002978354649e-01 6.257109557997336813e-02
4.173437913732044313e-01 6.267194529932033908e-02
4.088084377864137364e-01 6.272883307971410805e-02
4.003387881409395943e-01 6.274094466152031757e-02
3.919357837380436083e-01 6.270886330680836007e-02
3.836003584721576765e-01 6.263401255903146281e-02
3.753334387270930161e-01 6.251941453531331683e-02
3.671359432730831873e-01 6.236823908514943504e-02
3.590087831646743277e-01 6.218321357768729490e-02
3.509528616394713696e-01 6.196688450245722846e-02
3.429690740177547825e-01 6.172155402696648252e-02
3.350583076029753915e-01 6.144892844324517656e-02
3.272214415831418144e-01 6.114968660255679089e-02
3.194593469331089564e-01 6.082455197628384991e-02
3.117728863177794407e-01 6.047448231569278743e-02
3.041629139962280792e-01 6.010037676028507497e-02
2.966302757267624823e-01 5.970303300655013801e-02
2.891758086729252497e-01 5.928324195062228269e-02
2.818003413104546162e-01 5.884179214701615312e-02
2.745046933352085494e-01 5.837942764292497477e-02
2.672896755720651774e-01 5.789685702081305563e-02
2.601560898848094272e-01 5.739486932229941746e-02
2.531047290870154232e-01 5.687430298240889887e-02
2.461363768539343022e-01 5.633583104006527342e-02
2.392518076353984391e-01 5.577998851870889785e-02
2.324517865697500740e-01 5.520703621125272464e-02
2.257370693988056676e-01 5.461710602768877348e-02
2.191084023838638650e-01 5.401048252454146437e-02
2.125665222227673956e-01 5.338752224155730169e-02
2.061121559680280102e-01 5.274859046647730615e-02
1.997460209460230063e-01 5.209408387235558990e-02
1.934688246772731102e-01 5.142454171757958326e-02
1.872812647978095990e-01 5.074057786614733639e-02
1.811840289816407656e-01 5.004292945317576763e-02
1.751777948643248317e-01 4.933236480268502616e-02
1.692632299676588570e-01 4.860964936421563465e-02
1.634409916254914164e-01 4.787557520909716674e-02
1.577117269106679265e-01 4.713101136058954477e-02
1.520760725631161714e-01 4.637681106512727552e-02
1.465346549190801317e-01 4.561375565782662539e-02
1.410880898415101115e-01 4.484223015505783838e-02
1.357369826516168221e-01 4.406186441109356811e-02
1.304819280615971966e-01 4.327234910690287706e-02
1.253235101085391490e-01 4.247362126029916030e-02
1.202623020895129402e-01 4.166572852386274395e-02
1.152988664978553679e-01 4.084884404178440453e-02
1.104337549606562163e-01 4.002327372912957426e-02
1.056675081774507419e-01 3.918947209171440293e-02
1.010006558601274085e-01 3.834799745930651815e-02
9.643371667405697956e-02 3.749951759087160469e-02
9.196719818044885031e-02 3.664496203733979413e-02
8.760159677994161509e-02 3.578547750103199671e-02
8.333739765743386485e-02 3.492225898323531030e-02
7.917507472816209813e-02 3.405653944479653666e-02
7.511509058502996439e-02 3.318964197193336602e-02
7.115789644719716645e-02 3.232273917756699894e-02
6.730393210993146358e-02 3.145532917492820102e-02
6.355362589573076981e-02 3.058615215521542918e-02
5.990739460672012129e-02 2.971439022988130868e-02
5.636564347832906385e-02 2.883953488277078703e-02
5.292876613425423482e-02 2.796176571108510700e-02
4.959714454271368922e-02 2.708150102689809227e-02
4.637114897399441382e-02 2.619918033731048757e-02
4.325113795930202176e-02 2.531518281386254884e-02
4.023745825091396000e-02 2.442964272945716622e-02
3.733044478364233587e-02 2.354297666890008481e-02
3.453042063760936031e-02 2.265663563414466522e-02
3.183769700234129196e-02 2.177224494086596809e-02
2.925257314218321358e-02 2.089137753572803749e-02
2.677533636303963682e-02 2.001626618402722185e-02
2.440626198044326678e-02 1.915050754751993628e-02
2.214561328895736647e-02 1.829406167484787585e-02
1.999364153291383062e-02 1.744017237037130685e-02
1.795058587848985532e-02 1.658164566104031526e-02
1.601667338712764455e-02 1.571180470283636832e-02
1.419211899029970692e-02 1.482941920210415106e-02
1.247712546562085301e-02 1.393997145429049997e-02
1.087188341431266636e-02 1.304830595085350320e-02
9.376571240020115106e-03 1.215910429390813265e-02
7.991355128984078959e-03 1.129488516348180205e-02
6.716389031571567969e-03 1.048852293893782171e-02
5.551814645166519568e-03 9.693967740528148733e-03
4.497761398421062928e-03 8.809864668450642644e-03
3.554346436871580472e-03 7.781021646446282733e-03
2.721674609919344512e-03 6.589715562133517147e-03
1.999838459177394334e-03 5.285785812789317931e-03
1.388918208186096237e-03 3.955423350047657105e-03
8.889817534969424173e-04 2.691471854792380075e-03
5.000846571264760954e-04 1.587868191216536837e-03
2.222701403818971855e-04 7.284657218266197155e-04
5.556907905679420168e-05 1.863165908370756178e-04
0.000000000000000000e+00 -3.338452845300591171e-08
0.000000000000000000e+00 -2.280339204579681490e-09
5.556907905679420168e-05 -1.186022665805126970e-04
2.222701403818971855e-04 -4.675911761752137431e-04
5.000846571264760954e-04 -1.026480857677162335e-03
8.889817534969424173e-04 -1.762145615104218329e-03
1.388918208186096237e-03 -2.634445295316515615e-03
1.999838459177394334e-03 -3.591217022506607535e-03
2.721674609919344512e-03 -4.580401674257395146e-03
3.554346436871580472e-03 -5.554806697657994549e-03
4.497761398421062928e-03 -6.471938193449801313e-03
5.551814645166519568e-03 -7.297360698098168813e-03
6.716389031571567969e-03 -8.024967210495026829e-03
7.991355128984078959e-03 -8.692087846231329185e-03
9.376571240020115106e-03 -9.333517198167936429e-03
1.087188341431266636e-02 -9.974874226381583511e-03
1.247712546562085301e-02 -1.062319578820865307e-02
1.419211899029970692e-02 -1.126564855018910745e-02
1.601667338712764455e-02 -1.189636124307488600e-02
1.795058587848985532e-02 -1.251692133962557969e-02
1.999364153291383062e-02 -1.312626947795449833e-02
2.214561328895736647e-02 -1.372146740705406515e-02
2.440626198044326678e-02 -1.430553811825123131e-02
2.677533636303963682e-02 -1.488510987942928340e-02
2.925257314218321358e-02 -1.546229679924639513e-02
3.183769700234129196e-02 -1.603651588922060112e-02
3.453042063760936031e-02 -1.660643166789134081e-02
3.733044478364233587e-02 -1.717049140486703526e-02
4.023745825091396000e-02 -1.772794968984455974e-02
4.325113795930202176e-02 -1.827851749707685991e-02
4.637114897399441382e-02 -1.882262329348495175e-02
4.959714454271368922e-02 -1.936102338480123405e-02
5.292876613425423482e-02 -1.989487626645067980e-02
5.636564347832906385e-02 -2.042507805465109197e-02
5.990739460672012129e-02 -2.095120431278851142e-02
6.355362589573076981e-02 -2.147269575644586773e-02
6.730393210993146358e-02 -2.198946033097451749e-02
7.115789644719716645e-02 -2.250165847344888503e-02
7.511509058502996439e-02 -2.300985605195329103e-02
7.917507472816209813e-02 -2.351439767234018291e-02
8.333739765743386485e-02 -2.401505273465716350e-02
8.760159677994161509e-02 -2.451134865717119471e-02
9.196719818044885031e-02 -2.500252233337418861e-02
9.643371667405697956e-02 -2.548792427037355549e-02
1.010006558601274085e-01 -2.596710858676231845e-02
1.056675081774507419e-01 -2.643965560790760214e-02
1.104337549606562163e-01 -2.690516218267624896e-02
1.152988664978553679e-01 -2.736331561553297792e-02
1.202623020895129402e-01 -2.781390043840232043e-02
1.253235101085391490e-01 -2.825681164046668636e-02
1.304819280615971966e-01 -2.869204005516333769e-02
1.357369826516168221e-01 -2.911964136583558224e-02
1.410880898415101115e-01 -2.953973970821505146e-02
1.465346549190801317e-01 -2.995271474446162957e-02
1.520760725631161714e-01 -3.035904379761652019e-02
1.577117269106679265e-01 -3.075871304792828637e-02
1.634409916254914164e-01 -3.115141492897353231e-02
1.692632299676588570e-01 -3.153654705530472419e-02
1.751777948643248317e-01 -3.191340465257058723e-02
1.811840289816407656e-01 -3.228140950322476443e-02
1.872812647978095990e-01 -3.264001284077991394e-02
1.934688246772731102e-01 -3.298859369320188833e-02
1.997460209460230063e-01 -3.332654264530637844e-02
2.061121559680280102e-01 -3.365337594810054872e-02
2.125665222227673956e-01 -3.396871007031206785e-02
2.191084023838638650e-01 -3.427238342869839277e-02
2.257370693988056676e-01 -3.456427053910059166e-02
2.324517865697500740e-01 -3.484422582565368381e-02
2.392518076353984391e-01 -3.511216688523682156e-02
2.461363768539343022e-01 -3.536815518817483517e-02
2.531047290870154232e-01 -3.561214812012615527e-02
2.601560898848094272e-01 -3.584387504356140175e-02
2.672896755720651774e-01 -3.606286084649670820e-02
2.745046933352085494e-01 -3.626835555011723167e-02
2.818003413104546162e-01 -3.645965282011553316e-02
2.891758086729252497e-01 -3.663613022372805283e-02
2.966302757267624823e-01 -3.679710027216212542e-02
3.041629139962280792e-01 -3.694180819170689301e-02
3.117728863177794407e-01 -3.706968881584439546e-02
3.194593469331089564e-01 -3.718034687566530022e-02
3.272214415831418144e-01 -3.727327465501339976e-02
3.350583076029753915e-01 -3.734789675774823070e-02
3.429690740177547825e-01 -3.740392580788133581e-02
3.509528616394713696e-01 -3.744114933407362289e-02
3.590087831646743277e-01 -3.745828083952323917e-02
3.671359432730831873e-01 -3.745338440841230326e-02
3.753334387270930161e-01 -3.742406971760891404e-02
3.836003584721576765e-01 -3.736767797696611410e-02
3.919357837380436083e-01 -3.728116004566894154e-02
4.003387881409395943e-01 -3.716159682551229554e-02
4.088084377864137364e-01 -3.700747692693140412e-02
4.173437913732044313e-01 -3.681812596578898367e-02
4.259439002978354649e-01 -3.659450384410427998e-02
4.346078087600411255e-01 -3.633789745708809055e-02
4.433345538689928977e-01 -3.604925899593663247e-02
4.521231657503131940e-01 -3.572953636800291904e-02
4.609726676538650203e-01 -3.537986754708691978e-02
4.698820760623064752e-01 -3.500133069512018080e-02
4.788504008003974244e-01 -3.459478615862016798e-02
4.878766451450451402e-01 -3.416120582483309770e-02
4.969598059360780251e-01 -3.370183823005698520e-02
5.060988736877365390e-01 -3.321772147325343510e-02
5.152928327008634568e-01 -3.270949255252030008e-02
5.245406611757882365e-01 -3.217766107699762679e-02
5.338413313258880688e-01 -3.162261361180468411e-02
5.431938094918128401e-01 -3.104478001501301959e-02
5.525970562563653488e-01 -3.044466387231293744e-02
5.620500265600203438e-01 -2.982305469777300419e-02
5.715516698170692855e-01 -2.918102786557313574e-02
5.811009300323815019e-01 -2.851980685495357840e-02
5.906967459187653091e-01 -2.784072312732775029e-02
6.003380510149177729e-01 -2.714504404006679375e-02
6.100237738039482327e-01 -2.643395612645284970e-02
6.197528378324663745e-01 -2.570829966190710247e-02
6.295241618302156450e-01 -2.496871606126756238e-02
6.393366598302444581e-01 -2.421587819596881033e-02
6.491892412895989839e-01 -2.345050992708558324e-02
6.590808112105230876e-01 -2.267356430297720257e-02
6.690102702621547603e-01 -2.188615448849493689e-02
6.789765149027036095e-01 -2.108975569297595956e-02
6.889784375020977514e-01 -2.028592285563815892e-02
6.990149264650814542e-01 -1.947601581750746380e-02
7.090848663547572039e-01 -1.866149164260912097e-02
7.191871380165538730e-01 -1.784436997502556257e-02
7.293206187026060050e-01 -1.702661134415271726e-02
7.394841821965345563e-01 -1.620960058026119088e-02
7.496766989386134394e-01 -1.539533414254602023e-02
7.598970361513051053e-01 -1.458763858426338073e-02
7.701440579651563922e-01 -1.379166439393550436e-02
7.804166255450371015e-01 -1.301475211818364959e-02
7.907135972167069760e-01 -1.226453244994557545e-02
8.010338285937002034e-01 -1.154855891609753507e-02
8.113761727045106786e-01 -1.086905964162847293e-02
8.217394801200630372e-01 -1.022033464596366729e-02
8.321225990814590245e-01 -9.594538189029087200e-03
8.425243756279822138e-01 -8.982046386982335540e-03
8.529436537253458628e-01 -8.375733968774031271e-03
8.633792753941731402e-01 -7.771410214557759009e-03
8.738300808386934015e-01 -7.168414919683169587e-03
8.842949085756387495e-01 -6.569048810489657234e-03
8.947725955633289985e-01 -5.974880205556891942e-03
9.052619773309316109e-01 -5.386757011381713110e-03
9.157618881078770645e-01 -4.804461752337491239e-03
9.262711609534211021e-01 -4.227073392248308949e-03
9.367886278863364335e-01 -3.653287301374257435e-03
9.473131200147204556e-01 -3.081627104345082899e-03
9.578434676659028923e-01 -2.510800937702338618e-03
9.683785005164411430e-01 -1.939578255072239767e-03
9.789170477221889044e-01 -1.366604522011421064e-03
9.894579380484205267e-01 -7.905018244981441150e-04
9.999999999999998890e-01 -2.100004635864842863e-04
