9.999999999999998890e-01 2.914374320927779682e-10
9.894579380484205267e-01 3.301214228650942162e-03
9.789170477221889044e-01 6.464125208940631542e-03
9.683785005164411430e-01 9.502150075641670884e-03
9.578434676659028923e-01 1.242881382609135194e-02
9.473131200147204556e-01 1.525764193069711373e-02
9.367886278863364335e-01 1.800210072213831794e-02
9.262711609534211021e-01 2.067568771095949082e-02
9.157618881078770645e-01 2.329199210061560360e-02
9.052619773309316109e-01 2.586444590034142968e-02
8.947725955633289985e-01 2.840607867672979153e-02
8.842949085756387495e-01 3.092471105390659503e-02
8.738300808386934015e-01 3.341996144461001350e-02
8.633792753941731402e-01 3.589088758916960525e-02
8.529436537253458628e-01 3.833676896546719254e-02
8.425243756279822138e-01 4.075684019200949415e-02
8.321225990814590245e-01 4.315027062500154803e-02
8.217394801200630372e-01 4.551628474131405588e-02
8.113761727045106786e-01 4.785416224699134274e-02
8.010338285937002034e-01 5.016317533312173588e-02
7.907135972167069760e-01 5.244256006547996091e-02
7.804166255450371015e-01 5.469120142918400262e-02
7.701440579651563922e-01 5.690775138338544092e-02
7.598970361513051053e-01 5.909089697688714449e-02
7.496766989386134394e-01 6.123935156026151516e-02
7.394841821965345563e-01 6.335185920314727326e-02
7.293206187026060050e-01 6.542718841720214507e-02
7.191871380165538730e-01 6.746417189594948460e-02
7.090848663547572039e-01 6.946166756080378313e-02
6.990149264650814542e-01 7.141853274148873831e-02
6.889784375020977514e-01 7.333374916874667304e-02
6.789765149027036095e-01 7.520683744678950677e-02
6.690102702621547603e-01 7.703747657335251187e-02
6.590808112105230876e-01 7.882539101464552944e-02
6.491892412895989839e-01 8.057034348952690772e-02
6.393366598302444581e-01 8.227217928682512005e-02
6.295241618302156450e-01 8.393072099637721717e-02
6.197528378324663745e-01 8.554570014606459327e-02
6.100237738039482327e-01 8.711698366327533249e-02
6.003380510149177729e-01 8.864473375824219459e-02
5.906967459187653091e-01 9.012855048619922149e-02
5.811009300323815019e-01 9.156700777236920219e-02
5.715516698170692855e-01 9.295821905229370574e-02
5.620500265600203438e-01 9.429978805230590511e-02
5.525970562563653488e-01 9.558951066541859776e-02
5.431938094918128401e-01 9.682546343075176809e-02
5.338413313258880688e-01 9.800576710466452068e-02
5.245406611757882365e-01 9.912857633491072018e-02
5.152928327008634568e-01 1.001921506281626822e-01
5.060988736877365390e-01 1.011948536569659690e-01
4.969598059360780251e-01 1.021352599930158422e-01
4.878766451450451402e-01 1.030122609848754256e-01
4.788504008003974244e-01 1.038265394133501968e-01
4.698820760623064752e-01 1.045798492704427957e-01
4.609726676538650203e-01 1.052738102796159092e-01
4.521231657503131940e-01 1.059099749940145968e-01
4.433345538689928977e-01 1.064899596980871943e-01
4.346078087600411255e-01 1.070153965235055293e-01
4.259439002978354649e-01 1.074878519025572327e-01
4.173437913732044313e-01 1.079088790354896243e-01
4.088084377864137364e-01 1.082800779959512821e-01
4.003387881409395943e-01 1.086030270834152933e-01
3.919357837380436083e-01 1.088791680671853945e-01
3.836003584721576765e-01 1.091097242288503605e-01
3.753334387270930161e-01 1.092953302460814569e-01
3.671359432730831873e-01 1.094365521171503375e-01
3.590087831646743277e-01 1.095340810249501445e-01
3.509528616394713696e-01 1.095886216538133340e-01
3.429690740177547825e-01 1.096008643593278098e-01
3.350583076029753915e-01 1.095715455979899694e-01
3.272214415831418144e-01 1.095014890112609024e-01
3.194593469331089564e-01 1.093914971044677720e-01
3.117728863177794407e-01 1.092423291790321355e-01
3.041629139962280792e-01 1.090548739106547427e-01
2.966302757267624823e-01 1.088301735867008985e-01
2.891758086729252497e-01 1.085687862637577106e-01
2.818003413104546162e-01 1.082707204396611278e-01
2.745046933352085494e-01 1.079357564559852989e-01
2.672896755720651774e-01 1.075635063563491201e-01
2.601560898848094272e-01 1.071538224026957753e-01
2.531047290870154232e-01 1.067067492552896402e-01
2.461363768539343022e-01 1.062223471456271162e-01
2.392518076353984391e-01 1.057007092015108535e-01
2.324517865697500740e-01 1.051421729612347644e-01
2.257370693988056676e-01 1.045471978264025797e-01
2.191084023838638650e-01 1.039161537281678011e-01
2.125665222227673956e-01 1.032494525581495876e-01
2.061121559680280102e-01 1.025480217486030160e-01
1.997460209460230063e-01 1.018128038929057011e-01
1.934688246772731102e-01 1.010438245776340144e-01
1.872812647978095990e-01 1.002398372227480683e-01
1.811840289816407656e-01 9.939550770786675926e-02
1.751777948643248317e-01 9.850487245490298360e-02
1.692632299676588570e-01 9.756345089129876691e-02
1.634409916254914164e-01 9.656732055235348056e-02
1.577117269106679265e-01 9.551324154418308621e-02
1.520760725631161714e-01 9.439833567742191012e-02
1.465346549190801317e-01 9.322030345058018863e-02
1.410880898415101115e-01 9.197822146782957953e-02
1.357369826516168221e-01 9.067370773319163857e-02
1.304819280615971966e-01 8.930899475971004753e-02
1.253235101085391490e-01 8.788684431475436709e-02
1.202623020895129402e-01 8.641023976851604227e-02
1.152988664978553679e-01 8.488239794638956226e-02
1.104337549606562163e-01 8.330639188950932084e-02
1.056675081774507419e-01 8.168514481794075799e-02
1.010006558601274085e-01 8.002241776813967533e-02
9.643371667405697956e-02 7.832262058725715514e-02
9.196719818044885031e-02 7.658708504078401424e-02
8.760159677994161509e-02 7.481461983993005493e-02
8.333739765743386485e-02 7.300473856339774470e-02
7.917507472816209813e-02 7.115740988420544977e-02
7.511509058502996439e-02 6.927166288145267248e-02
7.115789644719716645e-02 6.734731905089381965e-02
6.730393210993146358e-02 6.539533886054403611e-02
6.355362589573076981e-02 6.343215599911332381e-02
5.990739460672012129e-02 6.147414342261648540e-02
5.636564347832906385e-02 5.953748523172940066e-02
5.292876613425423482e-02 5.763755436032706042e-02
4.959714454271368922e-02 5.578716371993917844e-02
4.637114897399441382e-02 5.398885630996856644e-02
4.325113795930202176e-02 5.223409690828476754e-02
4.023745825091396000e-02 5.048403601057792345e-02
3.733044478364233587e-02 4.869844335784861283e-02
3.453042063760936031e-02 4.685427578586939118e-02
3.183769700234129196e-02 4.493410815110132628e-02
2.925257314218321358e-02 4.292648678024746367e-02
2.677533636303963682e-02 4.082495551750157936e-02
2.440626198044326678e-02 3.863165230744909640e-02
2.214561328895736647e-02 3.635159329825671942e-02
1.999364153291383062e-02 3.399300407990210604e-02
1.795058587848985532e-02 3.156706236998688131e-02
1.601667338712764455e-02 2.908890522951623064e-02
1.419211899029970692e-02 2.657632753204867276e-02
1.247712546562085301e-02 2.405010183473352964e-02
1.087188341431266636e-02 2.153258671897414697e-02
9.376571240020115106e-03 1.904764542898344445e-02
7.991355128984078959e-03 1.661975468538098508e-02
6.716389031571567969e-03 1.427384425997710142e-02
5.551814645166519568e-03 1.203443758648712128e-02
4.497761398421062928e-03 9.925625171474810465e-03
3.554346436871580472e-03 7.970182783878810087e-03
2.721674609919344512e-03 6.189820223642871974e-03
1.999838459177394334e-03 4.604058292060024885e-03
1.388918208186096237e-03 3.230876881074538562e-03
8.889817534969424173e-04 2.085409777182906446e-03
5.000846571264760954e-04 1.180949233720464571e-03
2.222701403818971855e-04 5.272904887815073761e-04
5.556907905679420168e-05 1.322213232458735021e-04
0.000000000000000000e+00 -1.490312286089486554e-09
0.000000000000000000e+00 3.115898784431524497e-09
5.556907905679420168e-05 -1.278146579691604855e-04
2.222701403818971855e-04 -5.082028456850862198e-04
5.000846571264760954e-04 -1.133106984135799373e-03
8.889817534969424173e-04 -1.987790678530027000e-03
1.388918208186096237e-03 -3.053900465197839902e-03
1.999838459177394334e-03 -4.306962265071404179e-03
2.721674609919344512e-03 -5.719487147987655645e-03
3.554346436871580472e-03 -7.259484538740060451e-03
4.497761398421062928e-03 -8.893197186628450795e-03
5.551814645166519568e-03 -1.058469318407892143e-02
6.716389031571567969e-03 -1.229764969008411042e-02
7.991355128984078959e-03 -1.399556786460680845e-02
9.376571240020115106e-03 -1.564444876245957988e-02
1.087188341431266636e-02 -1.721379466362247396e-02
1.247712546562085301e-02 -1.867724346475883174e-02
1.419211899029970692e-02 -2.001332051135691972e-02
1.601667338712764455e-02 -2.121118617431292860e-02
1.795058587848985532e-02 -2.227045026985286988e-02
1.999364153291383062e-02 -2.320009947905522091e-02
2.214561328895736647e-02 -2.401856221412174142e-02
2.440626198044326678e-02 -2.477216263103590443e-02
2.677533636303963682e-02 -2.552280711504092275e-02
2.925257314218321358e-02 -2.630202586239303170e-02
3.183769700234129196e-02 -2.712154659013886818e-02
3.453042063760936031e-02 -2.797423086426634870e-02
3.733044478364233587e-02 -2.884473750513392304e-02
4.023745825091396000e-02 -2.972193169502464899e-02
4.325113795930202176e-02 -3.059486991032997136e-02
4.637114897399441382e-02 -3.144475409342793737e-02
4.959714454271368922e-02 -3.225052114225326894e-02
5.292876613425423482e-02 -3.299244813313245706e-02
5.636564347832906385e-02 -3.365572881916285841e-02
5.990739460672012129e-02 -3.424176736673246318e-02
6.355362589573076981e-02 -3.475566879747742088e-02
6.730393210993146358e-02 -3.520282571491529372e-02
7.115789644719716645e-02 -3.559080637084491988e-02
7.511509058502996439e-02 -3.593233764253657425e-02
7.917507472816209813e-02 -3.623852214921730736e-02
8.333739765743386485e-02 -3.651557218244374375e-02
8.760159677994161509e-02 -3.676745902507464608e-02
9.196719818044885031e-02 -3.699538356797303640e-02
9.643371667405697956e-02 -3.720209588063810857e-02
1.010006558601274085e-01 -3.739286731044223072e-02
1.056675081774507419e-01 -3.757037319564085487e-02
1.104337549606562163e-01 -3.773386801106737992e-02
1.152988664978553679e-01 -3.788120223333957953e-02
1.202623020895129402e-01 -3.800900249136404674e-02
1.253235101085391490e-01 -3.811384178323456995e-02
1.304819280615971966e-01 -3.819228129660941218e-02
1.357369826516168221e-01 -3.824070660905286995e-02
1.410880898415101115e-01 -3.825529785642155928e-02
1.465346549190801317e-01 -3.823138990886852662e-02
1.520760725631161714e-01 -3.816409533316386660e-02
1.577117269106679265e-01 -3.805102131009048538e-02
1.634409916254914164e-01 -3.789134900760842556e-02
1.692632299676588570e-01 -3.768634263927365252e-02
1.751777948643248317e-01 -3.743809806508301141e-02
1.811840289816407656e-01 -3.714842358792359162e-02
1.872812647978095990e-01 -3.681923987970560364e-02
1.934688246772731102e-01 -3.645347362722797108e-02
1.997460209460230063e-01 -3.605423058552167243e-02
2.061121559680280102e-01 -3.562417490927237418e-02
2.125665222227673956e-01 -3.516545404263365232e-02
2.191084023838638650e-01 -3.467891407554226507e-02
2.257370693988056676e-01 -3.416532006492926238e-02
2.324517865697500740e-01 -3.362589994657644993e-02
2.392518076353984391e-01 -3.306198461223300300e-02
2.461363768539343022e-01 -3.247496729335396654e-02
2.531047290870154232e-01 -3.186637341319677880e-02
2.601560898848094272e-01 -3.123795682250067249e-02
2.672896755720651774e-01 -3.059160423832466350e-02
2.745046933352085494e-01 -2.992937185812464748e-02
2.818003413104546162e-01 -2.925343895947344480e-02
2.891758086729252497e-01 -2.856613371857894684e-02
2.966302757267624823e-01 -2.787001727979173532e-02
3.041629139962280792e-01 -2.716783565928838212e-02
3.117728863177794407e-01 -2.646118510159663553e-02
3.194593469331089564e-01 -2.575058567803755263e-02
3.272214415831418144e-01 -2.503638888316086705e-02
3.350583076029753915e-01 -2.431885451341965487e-02
3.429690740177547825e-01 -2.359833694711238605e-02
3.509528616394713696e-01 -2.287524514533595052e-02
3.590087831646743277e-01 -2.214990599614813718e-02
3.671359432730831873e-01 -2.142262143168072522e-02
3.753334387270930161e-01 -2.069384910976490577e-02
3.836003584721576765e-01 -1.996407300345117222e-02
3.919357837380436083e-01 -1.923349830469880256e-02
4.003387881409395943e-01 -1.850242363083662994e-02
4.088084377864137364e-01 -1.777215793245368394e-02
4.173437913732044313e-01 -1.704463553637776060e-02
4.259439002978354649e-01 -1.632306621708872266e-02
4.346078087600411255e-01 -1.561091080920061318e-02
4.433345538689928977e-01 -1.491135492384769792e-02
4.521231657503131940e-01 -1.422771755381668952e-02
4.609726676538650203e-01 -1.356386098716517476e-02
4.698820760623064752e-01 -1.292357532196329074e-02
4.788504008003974244e-01 -1.231026157156684016e-02
4.878766451450451402e-01 -1.172785022076521140e-02
4.969598059360780251e-01 -1.118138758272576617e-02
5.060988736877365390e-01 -1.067377213197925369e-02
5.152928327008634568e-01 -1.020412105338017357e-02
5.245406611757882365e-01 -9.769664264787088909e-03
5.338413313258880688e-01 -9.365516078981062087e-03
5.431938094918128401e-01 -8.986963006304599794e-03
5.525970562563653488e-01 -8.629658452375258901e-03
5.620500265600203438e-01 -8.288942629632888026e-03
5.715516698170692855e-01 -7.959811758201047749e-03
5.811009300323815019e-01 -7.636998129569368132e-03
5.906967459187653091e-01 -7.315058825022755992e-03
6.003380510149177729e-01 -6.988964313622556164e-03
6.100237738039482327e-01 -6.654401101758083623e-03
6.197528378324663745e-01 -6.311404223454985044e-03
6.295241618302156450e-01 -5.962497548850325194e-03
6.393366598302444581e-01 -5.609709348333032607e-03
6.491892412895989839e-01 -5.254859733459776167e-03
6.590808112105230876e-01 -4.900114627655588646e-03
6.690102702621547603e-01 -4.547763048094107495e-03
6.789765149027036095e-01 -4.199987194875287426e-03
6.889784375020977514e-01 -3.858975132209654414e-03
6.990149264650814542e-01 -3.527105416034771734e-03
7.090848663547572039e-01 -3.206536231514910389e-03
7.191871380165538730e-01 -2.898412229645785845e-03
7.293206187026060050e-01 -2.603619303216407437e-03
7.394841821965345563e-01 -2.322969022987421243e-03
7.496766989386134394e-01 -2.057288455593212894e-03
7.598970361513051053e-01 -1.807479316833143562e-03
7.701440579651563922e-01 -1.574409277813023809e-03
7.804166255450371015e-01 -1.358851098547792652e-03
7.907135972167069760e-01 -1.161679977512663142e-03
8.010338285937002034e-01 -9.839530133836141799e-04
8.113761727045106786e-01 -8.256834003976006161e-04
8.217394801200630372e-01 -6.853041487326926896e-04
8.321225990814590245e-01 -5.609550098619236948e-04
8.425243756279822138e-01 -4.505683996254837326e-04
8.529436537253458628e-01 -3.520570932576695114e-04
8.633792753941731402e-01 -2.633295240398523369e-04
8.738300808386934015e-01 -1.823433454642467942e-04
8.842949085756387495e-01 -1.070811720886279345e-04
8.947725955633289985e-01 -3.525354682448214822e-05
9.052619773309316109e-01 3.529494222730011373e-05
9.157618881078770645e-01 1.029053182142150742e-04
9.262711609534211021e-01 1.634636504205324323e-04
9.367886278863364335e-01 2.123933677348659524e-04
9.473131200147204556e-01 2.449159879947277602e-04
9.578434676659028923e-01 2.564168963770558935e-04
9.683785005164411430e-01 2.423368774274142865e-04
9.789170477221889044e-01 1.980110146547326127e-04
9.894579380484205267e-01 1.187573673178615534e-04
9.999999999999998890e-01 4.096226831148595155e-10
