9.999999999999998890e-01 1.749999579723267784e-03
9.894579380484205267e-01 3.862156115699046099e-03
9.789170477221889044e-01 5.972421165938328509e-03
9.683785005164411430e-01 8.070005453935219161e-03
9.578434676659028923e-01 1.014404264889354895e-02
9.473131200147204556e-01 1.218371114073558276e-02
9.367886278863364335e-01 1.417835414815050293e-02
9.262711609534211021e-01 1.611729426868431861e-02
9.157618881078770645e-01 1.798974685420713648e-02
9.052619773309316109e-01 1.978518382017817670e-02
8.947725955633289985e-01 2.149371050674308073e-02
8.842949085756387495e-01 2.311314195592417686e-02
8.738300808386934015e-01 2.465342631090444020e-02
8.633792753941731402e-01 2.612533136771976253e-02
8.529436537253458628e-01 2.753928104548606509e-02
8.425243756279822138e-01 2.890568224363982558e-02
8.321225990814590245e-01 3.023494670188972555e-02
8.217394801200630372e-01 3.153742411896364589e-02
8.113761727045106786e-01 3.282338504845171145e-02
8.010338285937002034e-01 3.410278261656220916e-02
7.907135972167069760e-01 3.538462034910955928e-02
7.804166255450371015e-01 3.666926193439469517e-02
7.701440579651563922e-01 3.795127739078802548e-02
7.598970361513051053e-01 3.922550862171138297e-02
7.496766989386134394e-01 4.048700562089674326e-02
7.394841821965345563e-01 4.173075355830439120e-02
7.293206187026060050e-01 4.295174728720380780e-02
7.191871380165538730e-01 4.414524913743160528e-02
7.090848663547572039e-01 4.530660560498304956e-02
6.990149264650814542e-01 4.643104923127380768e-02
6.889784375020977514e-01 4.751459315390615251e-02
6.789765149027036095e-01 4.855678786328788271e-02
6.690102702621547603e-01 4.955820800412996663e-02
6.590808112105230876e-01 5.051967098331278105e-02
6.491892412895989839e-01 5.144202360773497684e-02
6.393366598302444581e-01 5.232604045778443957e-02
6.295241618302156450e-01 5.317248794276509954e-02
6.197528378324663745e-01 5.398214491220584832e-02
6.100237738039482327e-01 5.475581952591321300e-02
6.003380510149177729e-01 5.549437344301141189e-02
5.906967459187653091e-01 5.619849422971399250e-02
5.811009300323815019e-01 5.686855976427056258e-02
5.715516698170692855e-01 5.750481848384039751e-02
5.620500265600203438e-01 5.810737827540413125e-02
5.525970562563653488e-01 5.867639346622974955e-02
5.431938094918128401e-01 5.921208743157561211e-02
5.338413313258880688e-01 5.971468511370175980e-02
5.245406611757882365e-01 6.018441002861929512e-02
5.152928327008634568e-01 6.062150628015063047e-02
5.060988736877365390e-01 6.102623870487423885e-02
4.969598059360780251e-01 6.139891313836896847e-02
4.878766451450451402e-01 6.173988727975215918e-02
4.788504008003974244e-01 6.204976266636434701e-02
4.698820760623064752e-01 6.232928501271300936e-02
4.609726676538650203e-01 6.257916875296674897e-02
4.521231657503131940e-01 6.280011488682760157e-02
4.433345538689928977e-01 6.299284938218076280e-02
4.346078087600411255e-01 6.315810414779236825e-02
4.259439002978354649e-01 6.329658407897316430e-02
4.173437913732044313e-01 6.340899394129390076e-02
4.088084377864137364e-01 6.349608260159314566e-02
4.003387881409395943e-01 6.355858163700299490e-02
3.919357837380436083e-01 6.359710650344554961e-02
3.836003584721576765e-01 6.361212321059822594e-02
3.753334387270930161e-01 6.360371252787176688e-02
3.671359432730831873e-01 6.357192857465505942e-02
3.590087831646743277e-01 6.351695536680235232e-02
3.509528616394713696e-01 6.343897887616861686e-02
3.429690740177547825e-01 6.333814410802791894e-02
3.350583076029753915e-01 6.321466354431294621e-02
3.272214415831418144e-01 6.306888135054088129e-02
3.194593469331089564e-01 6.290106773323629608e-02
3.117728863177794407e-01 6.271136494373091841e-02
3.041629139962280792e-01 6.250017499210619443e-02
2.966302757267624823e-01 6.226819846803021558e-02
2.891758086729252497e-01 6.201477748073819241e-02
2.818003413104546162e-01 6.173773763981281471e-02
2.745046933352085494e-01 6.143457645845673554e-02
2.672896755720651774e-01 6.110258558600439177e-02
2.601560898848094272e-01 6.073944021355723311e-02
2.531047290870154232e-01 6.034314049238667654e-02
2.461363768539343022e-01 5.991194265639250560e-02
2.392518076353984391e-01 5.944427704795132716e-02
2.324517865697500740e-01 5.893869100919503501e-02
2.257370693988056676e-01 5.839387667874929022e-02
2.191084023838638650e-01 5.780914990368272999e-02
2.125665222227673956e-01 5.718402039352655369e-02
2.061121559680280102e-01 5.651743432824433283e-02
1.997460209460230063e-01 5.580862904169752586e-02
1.934688246772731102e-01 5.505940297372473313e-02
1.872812647978095990e-01 5.427363313927552335e-02
1.811840289816407656e-01 5.346048140521194453e-02
1.751777948643248317e-01 5.262990885359171422e-02
1.692632299676588570e-01 5.178990942240279532e-02
1.634409916254914164e-01 5.094790429127965536e-02
1.577117269106679265e-01 5.011088352547407587e-02
1.520760725631161714e-01 4.928550677916773703e-02
1.465346549190801317e-01 4.847780154291089771e-02
1.410880898415101115e-01 4.768950658042720586e-02
1.357369826516168221e-01 4.691412896922360354e-02
1.304819280615971966e-01 4.614451080225328433e-02
1.253235101085391490e-01 4.537398840839824976e-02
1.202623020895129402e-01 4.459663093344885809e-02
1.152988664978553679e-01 4.380747802650881983e-02
1.104337549606562163e-01 4.300224035830017832e-02
1.056675081774507419e-01 4.217734962168639967e-02
1.010006558601274085e-01 4.132973361137466661e-02
9.643371667405697956e-02 4.045693286354563184e-02
9.196719818044885031e-02 3.955925839035577540e-02
8.760159677994161509e-02 3.863935179903271733e-02
8.333739765743386485e-02 3.770054080352664566e-02
7.917507472816209813e-02 3.674649781178364327e-02
7.511509058502996439e-02 3.578001216072973500e-02
7.115789644719716645e-02 3.480383642207663525e-02
6.730393210993146358e-02 3.382473797399225546e-02
6.355362589573076981e-02 3.285124593215868471e-02
5.990739460672012129e-02 3.189044182017092971e-02
5.636564347832906385e-02 3.094883781032952211e-02
5.292876613425423482e-02 3.003311124607296184e-02
4.959714454271368922e-02 2.914875104268575476e-02
4.637114897399441382e-02 2.829564684817091613e-02
4.325113795930202176e-02 2.746967675547780374e-02
4.023745825091396000e-02 2.665769678296456280e-02
3.733044478364233587e-02 2.584670945180708376e-02
3.453042063760936031e-02 2.503053169969582728e-02
3.183769700234129196e-02 2.420413923982825746e-02
2.925257314218321358e-02 2.336218159722571602e-02
2.677533636303963682e-02 2.250239932909190235e-02
2.440626198044326678e-02 2.162903875032401446e-02
2.214561328895736647e-02 2.073714028279774815e-02
1.999364153291383062e-02 1.980410978972597935e-02
1.795058587848985532e-02 1.880876744701636544e-02
1.601667338712764455e-02 1.773494555290169167e-02
1.419211899029970692e-02 1.657584115391238719e-02
1.247712546562085301e-02 1.533602188023927039e-02
1.087188341431266636e-02 1.402511841321820926e-02
9.376571240020115106e-03 1.265757479042325766e-02
7.991355128984078959e-03 1.125229083324955776e-02
6.716389031571567969e-03 9.832029353899684673e-03
5.551814645166519568e-03 8.421113058479298696e-03
4.497761398421062928e-03 7.044950973740395084e-03
3.554346436871580472e-03 5.729157286392210641e-03
2.721674609919344512e-03 4.499254435160959624e-03
1.999838459177394334e-03 3.378925252808754470e-03
1.388918208186096237e-03 2.390462298052361753e-03
8.889817534969424173e-04 1.553121881634763430e-03
5.000846571264760954e-04 8.840847774952519241e-04
2.222701403818971855e-04 3.961492902283837974e-04
5.556907905679420168e-05 9.956503092746181731e-05
0.000000000000000000e+00 -1.815468540675814882e-09
0.000000000000000000e+00 1.689081999673572341e-09
5.556907905679420168e-05 -7.713699632389887277e-05
2.222701403818971855e-04 -3.068730338804810903e-04
5.000846571264760954e-04 -6.847853352292006647e-04
8.889817534969424173e-04 -1.202789607576153783e-03
1.388918208186096237e-03 -1.850811813836663157e-03
1.999838459177394334e-03 -2.615403942383569703e-03
2.721674609919344512e-03 -3.481454045276631548e-03
3.554346436871580472e-03 -4.431363858354003989e-03
4.497761398421062928e-03 -5.446533267616604154e-03
5.551814645166519568e-03 -6.507111296716926521e-03
6.716389031571567969e-03 -7.593001923173099861e-03
7.991355128984078959e-03 -8.683971829505093484e-03
9.376571240020115106e-03 -9.761057679925883024e-03
1.087188341431266636e-02 -1.080708499704624397e-02
1.247712546562085301e-02 -1.180711012547577994e-02
1.419211899029970692e-02 -1.274882507108638513e-02
1.601667338712764455e-02 -1.362547918800779273e-02
1.795058587848985532e-02 -1.443579883162533772e-02
1.999364153291383062e-02 -1.518374108247072356e-02
2.214561328895736647e-02 -1.587845018476306477e-02
2.440626198044326678e-02 -1.654350518939121800e-02
2.677533636303963682e-02 -1.721050862366372766e-02
2.925257314218321358e-02 -1.789501167744740606e-02
3.183769700234129196e-02 -1.860236150531891994e-02
3.453042063760936031e-02 -1.932997309161918822e-02
3.733044478364233587e-02 -2.007192360204380563e-02
4.023745825091396000e-02 -2.082470609605037090e-02
4.325113795930202176e-02 -2.158529108486552037e-02
4.637114897399441382e-02 -2.234808906357306502e-02
4.959714454271368922e-02 -2.310680412206570292e-02
5.292876613425423482e-02 -2.385571620382202079e-02
5.636564347832906385e-02 -2.458925455659057707e-02
5.990739460672012129e-02 -2.530182567281333283e-02
6.355362589573076981e-02 -2.598806233929110490e-02
6.730393210993146358e-02 -2.664327377420636772e-02
7.115789644719716645e-02 -2.726179546337309176e-02
7.511509058502996439e-02 -2.783531692147977674e-02
7.917507472816209813e-02 -2.835926059792128959e-02
8.333739765743386485e-02 -2.883747428839760971e-02
8.760159677994161509e-02 -2.927733827975241565e-02
9.196719818044885031e-02 -2.969056746690037357e-02
9.643371667405697956e-02 -3.009205904705209919e-02
1.010006558601274085e-01 -3.050045530888516668e-02
1.056675081774507419e-01 -3.092775842636680955e-02
1.104337549606562163e-01 -3.137739489749721833e-02
1.152988664978553679e-01 -3.184739059390884891e-02
1.202623020895129402e-01 -3.233083073423548282e-02
1.253235101085391490e-01 -3.282138362514671476e-02
1.304819280615971966e-01 -3.331332774777796824e-02
1.357369826516168221e-01 -3.379984091148816733e-02
1.410880898415101115e-01 -3.427312614420349735e-02
1.465346549190801317e-01 -3.472362717667730470e-02
1.520760725631161714e-01 -3.514125428594626344e-02
1.577117269106679265e-01 -3.552043665851778442e-02
1.634409916254914164e-01 -3.585854415757581959e-02
1.692632299676588570e-01 -3.615733724315770004e-02
1.751777948643248317e-01 -3.642026014628855363e-02
1.811840289816407656e-01 -3.664974979144650785e-02
1.872812647978095990e-01 -3.684822843316073321e-02
1.934688246772731102e-01 -3.701972578625381538e-02
1.997460209460230063e-01 -3.716852170279684453e-02
2.061121559680280102e-01 -3.729805167622661510e-02
2.125665222227673956e-01 -3.741076397422304217e-02
2.191084023838638650e-01 -3.750662068164112295e-02
2.257370693988056676e-01 -3.758527823575004423e-02
2.324517865697500740e-01 -3.764688091204014542e-02
2.392518076353984391e-01 -3.769160575186128459e-02
2.461363768539343022e-01 -3.771952950370339314e-02
2.531047290870154232e-01 -3.773079658506329342e-02
2.601560898848094272e-01 -3.772569975253713820e-02
2.672896755720651774e-01 -3.770457553213283491e-02
2.745046933352085494e-01 -3.766780460103112682e-02
2.818003413104546162e-01 -3.761581712565197078e-02
2.891758086729252497e-01 -3.754910641885106370e-02
2.966302757267624823e-01 -3.746827710479454232e-02
3.041629139962280792e-01 -3.737402759156648741e-02
3.117728863177794407e-01 -3.726660369053774041e-02
3.194593469331089564e-01 -3.714582408063978741e-02
3.272214415831418144e-01 -3.701140277391447297e-02
3.350583076029753915e-01 -3.686298871159000845e-02
3.429690740177547825e-01 -3.670027542979627244e-02
3.509528616394713696e-01 -3.652298489300324219e-02
3.590087831646743277e-01 -3.633082217242198514e-02
3.671359432730831873e-01 -3.612348573273823499e-02
3.753334387270930161e-01 -3.590069618114886951e-02
3.836003584721576765e-01 -3.566218323497172965e-02
3.919357837380436083e-01 -3.540767001314323870e-02
4.003387881409395943e-01 -3.513688308184579473e-02
4.088084377864137364e-01 -3.484957925665924106e-02
4.173437913732044313e-01 -3.454552696874972628e-02
4.259439002978354649e-01 -3.422450327693901673e-02
4.346078087600411255e-01 -3.388629798959919004e-02
4.433345538689928977e-01 -3.353073688187673679e-02
4.521231657503131940e-01 -3.315763913018270059e-02
4.609726676538650203e-01 -3.276678365008903193e-02
4.698820760623064752e-01 -3.235798895283521076e-02
4.788504008003974244e-01 -3.193118241595344076e-02
4.878766451450451402e-01 -3.148620899123683037e-02
4.969598059360780251e-01 -3.102272757167336484e-02
5.060988736877365390e-01 -3.054081687860646030e-02
5.152928327008634568e-01 -3.004129116625850471e-02
5.245406611757882365e-01 -2.952544711521804671e-02
5.338413313258880688e-01 -2.899515270872919659e-02
5.431938094918128401e-01 -2.845225783993583779e-02
5.525970562563653488e-01 -2.789854725206730723e-02
5.620500265600203438e-01 -2.733590895852174019e-02
5.715516698170692855e-01 -2.676634083847451509e-02
5.811009300323815019e-01 -2.619191999249569427e-02
5.906967459187653091e-01 -2.561478186247349159e-02
6.003380510149177729e-01 -2.503701558027277008e-02
6.100237738039482327e-01 -2.446052316340530455e-02
6.197528378324663745e-01 -2.388562931315173221e-02
6.295241618302156450e-01 -2.331174679405633582e-02
6.393366598302444581e-01 -2.273839968467007353e-02
6.491892412895989839e-01 -2.216515884821713966e-02
6.590808112105230876e-01 -2.159150280252114529e-02
6.690102702621547603e-01 -2.101687894473699275e-02
6.789765149027036095e-01 -2.044077263787760779e-02
6.889784375020977514e-01 -1.986266239929936755e-02
6.990149264650814542e-01 -1.928193769074352040e-02
7.090848663547572039e-01 -1.869810817699403549e-02
7.191871380165538730e-01 -1.811122092541035331e-02
7.293206187026060050e-01 -1.752147007036938126e-02
7.394841821965345563e-01 -1.692911929123232240e-02
7.496766989386134394e-01 -1.633443955522053542e-02
7.598970361513051053e-01 -1.573768684470581297e-02
7.701440579651563922e-01 -1.513911759632924868e-02
7.804166255450371015e-01 -1.453899424588915405e-02
7.907135972167069760e-01 -1.393759109580272257e-02
8.010338285937002034e-01 -1.333520018717667538e-02
8.113761727045106786e-01 -1.273201671796447484e-02
8.217394801200630372e-01 -1.212808893370311350e-02
8.321225990814590245e-01 -1.152342975986408481e-02
8.425243756279822138e-01 -1.091802315461460303e-02
8.529436537253458628e-01 -1.031186001372885915e-02
8.633792753941731402e-01 -9.704940198256456832e-03
8.738300808386934015e-01 -9.097258936170535618e-03
8.842949085756387495e-01 -8.488806952114459972e-03
8.947725955633289985e-01 -7.879574836124184078e-03
9.052619773309316109e-01 -7.269555639227184667e-03
9.157618881078770645e-01 -6.658769955764260416e-03
9.262711609534211021e-01 -6.047256290075209498e-03
9.367886278863364335e-01 -5.435058337693888901e-03
9.473131200147204556e-01 -4.822222090768753765e-03
9.578434676659028923e-01 -4.208791348335096799e-03
9.683785005164411430e-01 -3.594809182501261524e-03
9.789170477221889044e-01 -2.980320156375953263e-03
9.894579380484205267e-01 -2.365369158871518350e-03
9.999999999999998890e-01 -1.749999994802330918e-03
