9.999999999999998890e-01 1.099983620277496374e-03
9.894579380484205267e-01 3.197530348087236629e-03
9.789170477221889044e-01 5.293210051528691486e-03
9.683785005164411430e-01 7.388346492733483852e-03
9.578434676659028923e-01 9.481214624910106262e-03
9.473131200147204556e-01 1.157085608131448555e-02
9.367886278863364335e-01 1.366008767918969365e-02
9.262711609534211021e-01 1.574726344318362614e-02
9.157618881078770645e-01 1.781922064779666720e-02
9.052619773309316109e-01 1.986526713487681006e-02
8.947725955633289985e-01 2.188240631662702676e-02
8.842949085756387495e-01 2.386964726500242356e-02
8.738300808386934015e-01 2.582780896480751237e-02
8.633792753941731402e-01 2.775715599551675447e-02
8.529436537253458628e-01 2.965708310646417156e-02
8.425243756279822138e-01 3.152941702936765817e-02
8.321225990814590245e-01 3.337865956815015689e-02
8.217394801200630372e-01 3.520655551436113057e-02
8.113761727045106786e-01 3.701213672540822064e-02
8.010338285937002034e-01 3.879512358291883206e-02
7.907135972167069760e-01 4.055584577854770556e-02
7.804166255450371015e-01 4.229427151042511324e-02
7.701440579651563922e-01 4.401012239418106847e-02
7.598970361513051053e-01 4.570321174194085651e-02
7.496766989386134394e-01 4.737400857389088837e-02
7.394841821965345563e-01 4.902773248877844575e-02
7.293206187026060050e-01 5.067093527894941940e-02
7.191871380165538730e-01 5.230424549597800787e-02
7.090848663547572039e-01 5.392630885867007173e-02
6.990149264650814542e-01 5.553768814254748248e-02
6.889784375020977514e-01 5.713906604056384619e-02
6.789765149027036095e-01 5.872891944217957516e-02
6.690102702621547603e-01 6.030636079719992049e-02
6.590808112105230876e-01 6.187488086359156647e-02
6.491892412895989839e-01 6.343159948451913832e-02
6.393366598302444581e-01 6.495208018990850096e-02
6.295241618302156450e-01 6.641584326005399441e-02
6.197528378324663745e-01 6.782164943004702351e-02
6.100237738039482327e-01 6.917043670135331057e-02
6.003380510149177729e-01 7.046174195295308584e-02
5.906967459187653091e-01 7.169621886831430146e-02
5.811009300323815019e-01 7.287665150142698389e-02
5.715516698170692855e-01 7.400303031954481858e-02
5.620500265600203438e-01 7.507130589032129375e-02
5.525970562563653488e-01 7.608568069776623644e-02
5.431938094918128401e-01 7.706063076382356491e-02
5.338413313258880688e-01 7.800959183441887046e-02
5.245406611757882365e-01 7.894382210286159107e-02
5.152928327008634568e-01 7.986575802036129101e-02
5.060988736877365390e-01 8.077069301878982144e-02
4.969598059360780251e-01 8.165866772487592740e-02
4.878766451450451402e-01 8.253293633526996576e-02
4.788504008003974244e-01 8.339254331838631684e-02
4.698820760623064752e-01 8.423462440848300536e-02
4.609726676538650203e-01 8.506233329676345101e-02
4.521231657503131940e-01 8.587879120655873832e-02
4.433345538689928977e-01 8.666536831790762341e-02
4.346078087600411255e-01 8.739741767514461190e-02
4.259439002978354649e-01 8.806880301721661808e-02
4.173437913732044313e-01 8.868015975770525416e-02
4.088084377864137364e-01 8.923313815473984945e-02
4.003387881409395943e-01 8.972945146900890290e-02
3.919357837380436083e-01 9.016992377416191418e-02
3.836003584721576765e-01 9.055540331006396715e-02
3.753334387270930161e-01 9.088749226563277994e-02
3.671359432730831873e-01 9.116761753511322397e-02
3.590087831646743277e-01 9.139635919701061262e-02
3.509528616394713696e-01 9.157505681599299729e-02
3.429690740177547825e-01 9.170700194671381478e-02
3.350583076029753915e-01 9.179504468230546832e-02
3.272214415831418144e-01 9.184075745383088463e-02
3.194593469331089564e-01 9.184556993858994378e-02
3.117728863177794407e-01 9.181088991754342288e-02
3.041629139962280792e-01 9.173768451548015845e-02
2.966302757267624823e-01 9.162639707328161520e-02
2.891758086729252497e-01 9.147860762421233805e-02
2.818003413104546162e-01 9.129704411545085108e-02
2.745046933352085494e-01 9.108191721984962297e-02
2.672896755720651774e-01 9.083146349978402090e-02
2.601560898848094272e-01 9.054984629978576893e-02
2.531047290870154232e-01 9.024388363761136345e-02
2.461363768539343022e-01 8.989680959166561347e-02
2.392518076353984391e-01 8.947849488948085572e-02
2.324517865697500740e-01 8.897835597802367102e-02
2.257370693988056676e-01 8.839709162154558986e-02
2.191084023838638650e-01 8.773874982278796752e-02
2.125665222227673956e-01 8.700841258193930949e-02
2.061121559680280102e-01 8.620839682162551032e-02
1.997460209460230063e-01 8.534060214932208399e-02
1.934688246772731102e-01 8.441015978647326001e-02
1.872812647978095990e-01 8.342184017624870718e-02
1.811840289816407656e-01 8.237467268841061618e-02
1.751777948643248317e-01 8.127233467485718565e-02
1.692632299676588570e-01 8.013952386241739168e-02
1.634409916254914164e-01 7.899964443537026149e-02
1.577117269106679265e-01 7.785971514955940254e-02
1.520760725631161714e-01 7.672222649418646012e-02
1.465346549190801317e-01 7.558580460934562206e-02
1.410880898415101115e-01 7.445054255885548422e-02
1.357369826516168221e-01 7.332045364770134466e-02
1.304819280615971966e-01 7.219686313251212628e-02
1.253235101085391490e-01 7.107557799126901221e-02
1.202623020895129402e-01 6.993638274949848244e-02
1.152988664978553679e-01 6.873844492623802649e-02
1.104337549606562163e-01 6.746571733214858091e-02
1.056675081774507419e-01 6.613253389241127711e-02
1.010006558601274085e-01 6.474778660760747984e-02
9.643371667405697956e-02 6.331341978399167292e-02
9.196719818044885031e-02 6.183284454893141907e-02
8.760159677994161509e-02 6.031214126956323945e-02
8.333739765743386485e-02 5.877310793505383102e-02
7.917507472816209813e-02 5.724609526345041111e-02
7.511509058502996439e-02 5.573693172719128980e-02
7.115789644719716645e-02 5.423898413906850374e-02
6.730393210993146358e-02 5.276264456677299403e-02
6.355362589573076981e-02 5.131852139195677148e-02
5.990739460672012129e-02 4.986200754775257926e-02
5.636564347832906385e-02 4.833433178750592280e-02
5.292876613425423482e-02 4.672330931405201809e-02
4.959714454271368922e-02 4.503491650811692476e-02
4.637114897399441382e-02 4.328539252696292361e-02
4.325113795930202176e-02 4.149030720492090374e-02
4.023745825091396000e-02 3.965210674246968242e-02
3.733044478364233587e-02 3.778447749806324724e-02
3.453042063760936031e-02 3.594463591938153874e-02
3.183769700234129196e-02 3.418277980002287775e-02
2.925257314218321358e-02 3.251038981622055013e-02
2.677533636303963682e-02 3.092688257084523842e-02
2.440626198044326678e-02 2.941911812638242987e-02
2.214561328895736647e-02 2.798719587717962698e-02
1.999364153291383062e-02 2.665580114106130133e-02
1.795058587848985532e-02 2.536850005876952613e-02
1.601667338712764455e-02 2.394787834745746441e-02
1.419211899029970692e-02 2.231399656538074136e-02
1.247712546562085301e-02 2.052055002241138029e-02
1.087188341431266636e-02 1.861979642209147037e-02
9.376571240020115106e-03 1.665360597371779924e-02
7.991355128984078959e-03 1.466295766248481604e-02
6.716389031571567969e-03 1.268816421027948310e-02
5.551814645166519568e-03 1.076503541289611406e-02
4.497761398421062928e-03 8.925777140763802714e-03
3.554346436871580472e-03 7.199806068090165885e-03
2.721674609919344512e-03 5.614379406396792158e-03
1.999838459177394334e-03 4.192659324323939722e-03
1.388918208186096237e-03 2.955168096423304008e-03
8.889817534969424173e-04 1.918858134941100243e-03
5.000846571264760954e-04 1.098409533195415832e-03
2.222701403818971855e-04 5.043216259744224281e-04
5.556907905679420168e-05 1.448089157362624673e-04
0.000000000000000000e+00 2.442376615046987212e-05
0.000000000000000000e+00 -1.199129051411251480e-09
5.556907905679420168e-05 -6.417371473175587310e-05
2.222701403818971855e-04 -2.556678160121614372e-04
5.000846571264760954e-04 -5.710778595744710846e-04
8.889817534969424173e-04 -1.004893109771150695e-03
1.388918208186096237e-03 -1.549922633052603846e-03
1.999838459177394334e-03 -2.195573406277369095e-03
2.721674609919344512e-03 -2.929931643961047449e-03
3.554346436871580472e-03 -3.739371364502422617e-03
4.497761398421062928e-03 -4.607819449788879730e-03
5.551814645166519568e-03 -5.515020310906637926e-03
6.716389031571567969e-03 -6.440559478025061589e-03
7.991355128984078959e-03 -7.364377255797744173e-03
9.376571240020115106e-03 -8.261002368744036969e-03
1.087188341431266636e-02 -9.097898729071907109e-03
1.247712546562085301e-02 -9.848285864768106107e-03
1.419211899029970692e-02 -1.049140619089452761e-02
1.601667338712764455e-02 -1.098525091634255935e-02
1.795058587848985532e-02 -1.127407183585877465e-02
1.999364153291383062e-02 -1.140986881138220110e-02
2.214561328895736647e-02 -1.152525627006182468e-02
2.440626198044326678e-02 -1.167539686983248490e-02
2.677533636303963682e-02 -1.186151436115727431e-02
2.925257314218321358e-02 -1.208426621019460280e-02
3.183769700234129196e-02 -1.234554119129451649e-02
3.453042063760936031e-02 -1.265494738591806459e-02
3.733044478364233587e-02 -1.301605947785774292e-02
4.023745825091396000e-02 -1.337015072765901022e-02
4.325113795930202176e-02 -1.364349001836370756e-02
4.637114897399441382e-02 -1.381304102466380385e-02
4.959714454271368922e-02 -1.387159249677969754e-02
5.292876613425423482e-02 -1.380845168103039984e-02
5.636564347832906385e-02 -1.361057860476471738e-02
5.990739460672012129e-02 -1.325996044516127362e-02
6.355362589573076981e-02 -1.276598262038429119e-02
6.730393210993146358e-02 -1.222168435039978213e-02
7.115789644719716645e-02 -1.170307612511016157e-02
7.511509058502996439e-02 -1.120746779661687363e-02
7.917507472816209813e-02 -1.072968193945309998e-02
8.333739765743386485e-02 -1.028317373577175911e-02
8.760159677994161509e-02 -9.866828684830422636e-03
9.196719818044885031e-02 -9.451083978318427017e-03
9.643371667405697956e-02 -9.014416590761983525e-03
1.010006558601274085e-01 -8.550888170115567011e-03
1.056675081774507419e-01 -8.059019975962511059e-03
1.104337549606562163e-01 -7.541088611060111843e-03
1.152988664978553679e-01 -6.995243323587963663e-03
1.202623020895129402e-01 -6.415823083705422987e-03
1.253235101085391490e-01 -5.808071586646461164e-03
1.304819280615971966e-01 -5.186359146074090952e-03
1.357369826516168221e-01 -4.559827390738332119e-03
1.410880898415101115e-01 -3.933257640581363894e-03
1.465346549190801317e-01 -3.307556890351178325e-03
1.520760725631161714e-01 -2.681551388759542253e-03
1.577117269106679265e-01 -2.055959510151771953e-03
1.634409916254914164e-01 -1.432349846693674669e-03
1.692632299676588570e-01 -8.113779819785042150e-04
1.751777948643248317e-01 -1.928899147206508029e-04
1.811840289816407656e-01 4.256473858481167757e-04
1.872812647978095990e-01 1.047022477674448924e-03
1.934688246772731102e-01 1.671289480334662951e-03
1.997460209460230063e-01 2.297792316693615233e-03
2.061121559680280102e-01 2.926215764401996367e-03
2.125665222227673956e-01 3.556286950780016432e-03
2.191084023838638650e-01 4.187607375144745438e-03
2.257370693988056676e-01 4.819771499943070053e-03
2.324517865697500740e-01 5.452420803775227288e-03
2.392518076353984391e-01 6.085258760595469059e-03
2.461363768539343022e-01 6.718082712465711648e-03
2.531047290870154232e-01 7.348271108572633492e-03
2.601560898848094272e-01 7.968809928500027173e-03
2.672896755720651774e-01 8.575173043232341488e-03
2.745046933352085494e-01 9.167352117229994948e-03
2.818003413104546162e-01 9.745008214755795928e-03
2.891758086729252497e-01 1.030689549421792868e-02
2.966302757267624823e-01 1.085211742680694882e-02
3.041629139962280792e-01 1.138020754615121435e-02
3.117728863177794407e-01 1.189039405238797621e-02
3.194593469331089564e-01 1.238162961429701073e-02
3.272214415831418144e-01 1.285324394812542570e-02
3.350583076029753915e-01 1.330481803237111051e-02
3.429690740177547825e-01 1.373535435974702380e-02
3.509528616394713696e-01 1.414325418895047079e-02
3.590087831646743277e-01 1.452485860047666999e-02
3.671359432730831873e-01 1.487578152900577953e-02
3.753334387270930161e-01 1.519464191311698312e-02
3.836003584721576765e-01 1.548129837334302587e-02
3.919357837380436083e-01 1.573473950670623706e-02
4.003387881409395943e-01 1.595371086089475074e-02
4.088084377864137364e-01 1.613741882521267310e-02
4.173437913732044313e-01 1.628515967589861876e-02
4.259439002978354649e-01 1.639599820606563174e-02
4.346078087600411255e-01 1.646887675507665433e-02
4.433345538689928977e-01 1.650252884005192280e-02
4.521231657503131940e-01 1.649947673384646527e-02
4.609726676538650203e-01 1.647307073938114250e-02
4.698820760623064752e-01 1.643374112371215681e-02
4.788504008003974244e-01 1.638059709322058771e-02
4.878766451450451402e-01 1.631207508410444443e-02
4.969598059360780251e-01 1.622847180299894290e-02
5.060988736877365390e-01 1.612997889123114759e-02
5.152928327008634568e-01 1.601625692371650214e-02
5.245406611757882365e-01 1.588679466393328951e-02
5.338413313258880688e-01 1.574093904867836236e-02
5.431938094918128401e-01 1.557887751791089959e-02
5.525970562563653488e-01 1.540182204118991510e-02
5.620500265600203438e-01 1.521173233582549279e-02
5.715516698170692855e-01 1.501113045038427428e-02
5.811009300323815019e-01 1.480058888553786693e-02
5.906967459187653091e-01 1.457910440452389773e-02
6.003380510149177729e-01 1.434647874613244160e-02
6.100237738039482327e-01 1.410306206167643087e-02
6.197528378324663745e-01 1.384871037024713175e-02
6.295241618302156450e-01 1.358303640836897551e-02
6.393366598302444581e-01 1.330609794626856808e-02
6.491892412895989839e-01 1.301786887012691511e-02
6.590808112105230876e-01 1.271628391275867950e-02
6.690102702621547603e-01 1.239885416357142285e-02
6.789765149027036095e-01 1.206535409618009376e-02
6.889784375020977514e-01 1.171611872700700080e-02
6.990149264650814542e-01 1.135053593505365790e-02
7.090848663547572039e-01 1.096810787920921015e-02
7.191871380165538730e-01 1.056974433797893027e-02
7.293206187026060050e-01 1.015572296883114276e-02
7.394841821965345563e-01 9.723411300853305322e-03
7.496766989386134394e-01 9.274718850848092874e-03
7.598970361513051053e-01 8.824412768990392425e-03
7.701440579651563922e-01 8.384368231068872052e-03
7.804166255450371015e-01 7.956149446537035680e-03
7.907135972167069760e-01 7.540029263644701732e-03
8.010338285937002034e-01 7.136295657375581018e-03
8.113761727045106786e-01 6.744814845274124150e-03
8.217394801200630372e-01 6.364868218911573852e-03
8.321225990814590245e-01 5.997210339959218976e-03
8.425243756279822138e-01 5.644178000015274803e-03
8.529436537253458628e-01 5.300201508110000299e-03
8.633792753941731402e-01 4.951639407755545341e-03
8.738300808386934015e-01 4.591430630067673893e-03
8.842949085756387495e-01 4.218776208143161163e-03
8.947725955633289985e-01 3.833972297924692456e-03
9.052619773309316109e-01 3.437854638665676071e-03
9.157618881078770645e-01 3.029931399649543958e-03
9.262711609534211021e-01 2.608305681264805418e-03
9.367886278863364335e-01 2.166048339248742224e-03
9.473131200147204556e-01 1.694616767552037254e-03
9.578434676659028923e-01 1.193008804886827069e-03
9.683785005164411430e-01 6.631632223118097283e-04
9.789170477221889044e-01 1.046596256757812338e-04
9.894579380484205267e-01 -4.833991251893546759e-04
9.999999999999998890e-01 -1.099992238767978853e-03
