9.999999999999998890e-01 1.003234698898262201e-06
9.894579380484205267e-01 2.508161057413528863e-03
9.789170477221889044e-01 4.882181863962370590e-03
9.683785005164411430e-01 7.109948092769609318e-03
9.578434676659028923e-01 9.215573495021469469e-03
9.473131200147204556e-01 1.123261691932891070e-02
9.367886278863364335e-01 1.319947272320110866e-02
9.262711609534211021e-01 1.514676475268206431e-02
9.157618881078770645e-01 1.708564658332038452e-02
9.052619773309316109e-01 1.902267005941846861e-02
8.947725955633289985e-01 2.096070917934285058e-02
8.842949085756387495e-01 2.289987663240255350e-02
8.738300808386934015e-01 2.483657587192608998e-02
8.633792753941731402e-01 2.676806843530143976e-02
8.529436537253458628e-01 2.869320502756467217e-02
8.425243756279822138e-01 3.061096540929933787e-02
8.321225990814590245e-01 3.252037911577575213e-02
8.217394801200630372e-01 3.442108615012554745e-02
8.113761727045106786e-01 3.631328862314191913e-02
8.010338285937002034e-01 3.819693995485352878e-02
7.907135972167069760e-01 4.007178126485391040e-02
7.804166255450371015e-01 4.193761618201628794e-02
7.701440579651563922e-01 4.379459718190832629e-02
7.598970361513051053e-01 4.564584907969791716e-02
7.496766989386134394e-01 4.749595404792876507e-02
7.394841821965345563e-01 4.934770179688156844e-02
7.293206187026060050e-01 5.120279339264653673e-02
7.191871380165538730e-01 5.306145891658003988e-02
7.090848663547572039e-01 5.492352491802800218e-02
6.990149264650814542e-01 5.678974376075580921e-02
6.889784375020977514e-01 5.866061066339827573e-02
6.789765149027036095e-01 6.053419508109647573e-02
6.690102702621547603e-01 6.240758424937001975e-02
6.590808112105230876e-01 6.427670302869488428e-02
6.491892412895989839e-01 6.613752923669481698e-02
6.393366598302444581e-01 6.798695565657519868e-02
6.295241618302156450e-01 6.982197669705243748e-02
6.197528378324663745e-01 7.163942809500702114e-02
6.100237738039482327e-01 7.343627669576552330e-02
6.003380510149177729e-01 7.520980025426456106e-02
5.906967459187653091e-01 7.695701407000013483e-02
5.811009300323815019e-01 7.867442058693552287e-02
5.715516698170692855e-01 8.035839941935450648e-02
5.620500265600203438e-01 8.200526391180280872e-02
5.525970562563653488e-01 8.361258200695348419e-02
5.431938094918128401e-01 8.517944928171437835e-02
5.338413313258880688e-01 8.670519331004454544e-02
5.245406611757882365e-01 8.818927831059901468e-02
5.152928327008634568e-01 8.963104769663207683e-02
5.060988736877365390e-01 9.102977776424213407e-02
4.969598059360780251e-01 9.238531669632545074e-02
4.878766451450451402e-01 9.369804004778549411e-02
4.788504008003974244e-01 9.496952544522460626e-02
4.698820760623064752e-01 9.620202731550392405e-02
4.609726676538650203e-01 9.739738523436179685e-02
4.521231657503131940e-01 9.855725734178530373e-02
4.433345538689928977e-01 9.968354779283804257e-02
4.346078087600411255e-01 1.007781833440826585e-01
4.259439002978354649e-01 1.018426189594710540e-01
4.173437913732044313e-01 1.028782961962232539e-01
4.088084377864137364e-01 1.038873742567369973e-01
4.003387881409395943e-01 1.048714201731905660e-01
3.919357837380436083e-01 1.058289161249095778e-01
3.836003584721576765e-01 1.067570729967051990e-01
3.753334387270930161e-01 1.076514232797610993e-01
3.671359432730831873e-01 1.085075350097468305e-01
3.590087831646743277e-01 1.093219404985494164e-01
3.509528616394713696e-01 1.100912948505742145e-01
3.429690740177547825e-01 1.108121830930737378e-01
3.350583076029753915e-01 1.114814760520198844e-01
3.272214415831418144e-01 1.120965831695912851e-01
3.194593469331089564e-01 1.126549361038523961e-01
3.117728863177794407e-01 1.131539346889275932e-01
3.041629139962280792e-01 1.135918188569314119e-01
2.966302757267624823e-01 1.139679378019708145e-01
2.891758086729252497e-01 1.142822375786861772e-01
2.818003413104546162e-01 1.145352476833580435e-01
2.745046933352085494e-01 1.147277697703378563e-01
2.672896755720651774e-01 1.148608971869925499e-01
2.601560898848094272e-01 1.149367610381282351e-01
2.531047290870154232e-01 1.149581639476885131e-01
2.461363768539343022e-01 1.149264367780130219e-01
2.392518076353984391e-01 1.148418783712618629e-01
2.324517865697500740e-01 1.147042271597510793e-01
2.257370693988056676e-01 1.145127795815030630e-01
2.191084023838638650e-01 1.142657368647979343e-01
2.125665222227673956e-01 1.139601921547803431e-01
2.061121559680280102e-01 1.135894851914022174e-01
1.997460209460230063e-01 1.131460807429190418e-01
1.934688246772731102e-01 1.126252448754882091e-01
1.872812647978095990e-01 1.120239895340469777e-01
1.811840289816407656e-01 1.113429097478533525e-01
1.751777948643248317e-01 1.105835296361026843e-01
1.692632299676588570e-01 1.097473660145907026e-01
1.634409916254914164e-01 1.088360604216122296e-01
1.577117269106679265e-01 1.078516119404838020e-01
1.520760725631161714e-01 1.067961495316812753e-01
1.465346549190801317e-01 1.056719673458531572e-01
1.410880898415101115e-01 1.044823213208091739e-01
1.357369826516168221e-01 1.032323141787393761e-01
1.304819280615971966e-01 1.019277147128903049e-01
1.253235101085391490e-01 1.005749857630511140e-01
1.202623020895129402e-01 9.917846603767661862e-02
1.152988664978553679e-01 9.773945838650244244e-02
1.104337549606562163e-01 9.625886921618125036e-02
1.056675081774507419e-01 9.473737763741747753e-02
1.010006558601274085e-01 9.317511839338264712e-02
9.643371667405697956e-02 9.157166988297021915e-02
9.196719818044885031e-02 8.992604422487227023e-02
8.760159677994161509e-02 8.823685910569857571e-02
8.333739765743386485e-02 8.650346124125429803e-02
7.917507472816209813e-02 8.472559562542204825e-02
7.511509058502996439e-02 8.290177327558641285e-02
7.115789644719716645e-02 8.103004485512708965e-02
6.730393210993146358e-02 7.911068968479634256e-02
6.355362589573076981e-02 7.714527066103833708e-02
5.990739460672012129e-02 7.513657419339318799e-02
5.636564347832906385e-02 7.308825803066755500e-02
5.292876613425423482e-02 7.100601922640240038e-02
4.959714454271368922e-02 6.889444855735953055e-02
4.637114897399441382e-02 6.675004410598509019e-02
4.325113795930202176e-02 6.456772166621517484e-02
4.023745825091396000e-02 6.234495589789751380e-02
3.733044478364233587e-02 6.008040247204550488e-02
3.453042063760936031e-02 5.777451907006797560e-02
3.183769700234129196e-02 5.542957119019698703e-02
2.925257314218321358e-02 5.305152209782662553e-02
2.677533636303963682e-02 5.064551693696552753e-02
2.440626198044326678e-02 4.821371001606055556e-02
2.214561328895736647e-02 4.575317325681155234e-02
1.999364153291383062e-02 4.325285843343707609e-02
1.795058587848985532e-02 4.071041818951447178e-02
1.601667338712764455e-02 3.813756029956615751e-02
1.419211899029970692e-02 3.554452206533213754e-02
1.247712546562085301e-02 3.293887076712424117e-02
1.087188341431266636e-02 3.034275862719065450e-02
9.376571240020115106e-03 2.779114927332326443e-02
7.991355128984078959e-03 2.526821459986873866e-02
6.716389031571567969e-03 2.271629440989407500e-02
5.551814645166519568e-03 2.013265168257630938e-02
4.497761398421062928e-03 1.755593123003442932e-02
3.554346436871580472e-03 1.501511370873911955e-02
2.721674609919344512e-03 1.254755853632559884e-02
1.999838459177394334e-03 1.032644901860010379e-02
1.388918208186096237e-03 8.533284372918722299e-03
8.889817534969424173e-04 6.888173234283042658e-03
5.000846571264760954e-04 4.979187350240934715e-03
2.222701403818971855e-04 2.820643787685346050e-03
5.556907905679420168e-05 7.600245809062074545e-04
0.000000000000000000e+00 2.632568561664186264e-06
0.000000000000000000e+00 -7.158845531253350161e-06
5.556907905679420168e-05 -6.472635556112275174e-04
2.222701403818971855e-04 -2.385018653800159878e-03
5.000846571264760954e-04 -4.196208656171086966e-03
8.889817534969424173e-04 -5.755216856631753877e-03
1.388918208186096237e-03 -7.006821847972410054e-03
1.999838459177394334e-03 -8.240488065834151304e-03
2.721674609919344512e-03 -9.658481922404538178e-03
3.554346436871580472e-03 -1.113444585880121220e-02
4.497761398421062928e-03 -1.256969569382445154e-02
5.551814645166519568e-03 -1.400291417858136843e-02
6.716389031571567969e-03 -1.544791126560011822e-02
7.991355128984078959e-03 -1.685556129521098914e-02
9.376571240020115106e-03 -1.820680010936786067e-02
1.087188341431266636e-02 -1.952924242077317546e-02
1.247712546562085301e-02 -2.082462218491431399e-02
1.419211899029970692e-02 -2.206247959421029844e-02
1.601667338712764455e-02 -2.322502181713056307e-02
1.795058587848985532e-02 -2.430798397509374362e-02
1.999364153291383062e-02 -2.530480242922844222e-02
2.214561328895736647e-02 -2.620772929392122322e-02
2.440626198044326678e-02 -2.702251237050635330e-02
2.677533636303963682e-02 -2.776335169560775057e-02
2.925257314218321358e-02 -2.843765265068273068e-02
3.183769700234129196e-02 -2.904883256552705240e-02
3.453042063760936031e-02 -2.959999748192082558e-02
3.733044478364233587e-02 -3.009425875554350496e-02
4.023745825091396000e-02 -3.053557270672951907e-02
4.325113795930202176e-02 -3.092711749010951250e-02
4.637114897399441382e-02 -3.126621821695961534e-02
4.959714454271368922e-02 -3.154899022251850260e-02
5.292876613425423482e-02 -3.177461150713441901e-02
5.636564347832906385e-02 -3.194311796291360306e-02
5.990739460672012129e-02 -3.205465263219657579e-02
6.355362589573076981e-02 -3.211011607663018935e-02
6.730393210993146358e-02 -3.211256560064301019e-02
7.115789644719716645e-02 -3.206577121268808228e-02
7.511509058502996439e-02 -3.197428993761015914e-02
7.917507472816209813e-02 -3.184425454785267534e-02
8.333739765743386485e-02 -3.168473516497295750e-02
8.760159677994161509e-02 -3.150302918156309279e-02
9.196719818044885031e-02 -3.130278901209851417e-02
9.643371667405697956e-02 -3.108643133419720581e-02
1.010006558601274085e-01 -3.085512894634089356e-02
1.056675081774507419e-01 -3.061056898323049821e-02
1.104337549606562163e-01 -3.035519154001637548e-02
1.152988664978553679e-01 -3.009186247010248866e-02
1.202623020895129402e-01 -2.982380979409797114e-02
1.253235101085391490e-01 -2.955381348589139132e-02
1.304819280615971966e-01 -2.928405079880144063e-02
1.357369826516168221e-01 -2.901391093944902938e-02
1.410880898415101115e-01 -2.874082949723802405e-02
1.465346549190801317e-01 -2.846278817554521653e-02
1.520760725631161714e-01 -2.817829919696732827e-02
1.577117269106679265e-01 -2.788735018188658044e-02
1.634409916254914164e-01 -2.759070047233723108e-02
1.692632299676588570e-01 -2.728926465545996119e-02
1.751777948643248317e-01 -2.698401102390858911e-02
1.811840289816407656e-01 -2.667585201110977966e-02
1.872812647978095990e-01 -2.636579947912198740e-02
1.934688246772731102e-01 -2.605542288886269348e-02
1.997460209460230063e-01 -2.574527738639659918e-02
2.061121559680280102e-01 -2.543138900043909884e-02
2.125665222227673956e-01 -2.510765703891954317e-02
2.191084023838638650e-01 -2.476469480943197313e-02
2.257370693988056676e-01 -2.439470871334144253e-02
2.324517865697500740e-01 -2.399579932155444448e-02
2.392518076353984391e-01 -2.356830825189620490e-02
2.461363768539343022e-01 -2.311538352030667945e-02
2.531047290870154232e-01 -2.264023069198265598e-02
2.601560898848094272e-01 -2.214549212617001467e-02
2.672896755720651774e-01 -2.163423812434168286e-02
2.745046933352085494e-01 -2.111028649191528869e-02
2.818003413104546162e-01 -2.057746515355435984e-02
2.891758086729252497e-01 -2.003955538429839575e-02
2.966302757267624823e-01 -1.950092928635675099e-02
3.041629139962280792e-01 -1.896657478271572550e-02
3.117728863177794407e-01 -1.844087372021305238e-02
3.194593469331089564e-01 -1.792756814396621878e-02
3.272214415831418144e-01 -1.742957781262204076e-02
3.350583076029753915e-01 -1.694920420870413974e-02
3.429690740177547825e-01 -1.648875822327556390e-02
3.509528616394713696e-01 -1.605065602300636066e-02
3.590087831646743277e-01 -1.563814619627283686e-02
3.671359432730831873e-01 -1.525455690757305041e-02
3.753334387270930161e-01 -1.490036879691852660e-02
3.836003584721576765e-01 -1.457337021812866659e-02
3.919357837380436083e-01 -1.426279091936953278e-02
4.003387881409395943e-01 -1.395564095799650163e-02
4.088084377864137364e-01 -1.364418060298980967e-02
4.173437913732044313e-01 -1.332379139020194517e-02
4.259439002978354649e-01 -1.299594129341455004e-02
4.346078087600411255e-01 -1.266332291540656942e-02
4.433345538689928977e-01 -1.232740576221980772e-02
4.521231657503131940e-01 -1.198965414236478032e-02
4.609726676538650203e-01 -1.165225728833994487e-02
4.698820760623064752e-01 -1.131740371437839864e-02
4.788504008003974244e-01 -1.098698310163323012e-02
4.878766451450451402e-01 -1.066308302134793759e-02
4.969598059360780251e-01 -1.034825456479414145e-02
5.060988736877365390e-01 -1.004448545716122611e-02
5.152928327008634568e-01 -9.752740534164600766e-03
5.245406611757882365e-01 -9.473556857406429874e-03
5.338413313258880688e-01 -9.207015489757830462e-03
5.431938094918128401e-01 -8.953305550541679897e-03
5.525970562563653488e-01 -8.712775404253608746e-03
5.620500265600203438e-01 -8.485651020675371442e-03
5.715516698170692855e-01 -8.272038960504692062e-03
5.811009300323815019e-01 -8.072209735206404765e-03
5.906967459187653091e-01 -7.886540232127797062e-03
6.003380510149177729e-01 -7.714966949749972429e-03
6.100237738039482327e-01 -7.557015287399031916e-03
6.197528378324663745e-01 -7.411175061738080674e-03
6.295241618302156450e-01 -7.275341597554517425e-03
6.393366598302444581e-01 -7.147489562584781637e-03
6.491892412895989839e-01 -7.025628351052809993e-03
6.590808112105230876e-01 -6.907713106987820734e-03
6.690102702621547603e-01 -6.791629793480534298e-03
6.789765149027036095e-01 -6.675008197587749617e-03
6.889784375020977514e-01 -6.555534985285989096e-03
6.990149264650814542e-01 -6.431544501681892186e-03
7.090848663547572039e-01 -6.301875377960381060e-03
7.191871380165538730e-01 -6.166558856907576949e-03
7.293206187026060050e-01 -6.025812555422511117e-03
7.394841821965345563e-01 -5.879581287675272536e-03
7.496766989386134394e-01 -5.727799476388359748e-03
7.598970361513051053e-01 -5.570506403177157700e-03
7.701440579651563922e-01 -5.407755497182963403e-03
7.804166255450371015e-01 -5.239595171569219438e-03
7.907135972167069760e-01 -5.066034662541081535e-03
8.010338285937002034e-01 -4.887017400928529536e-03
8.113761727045106786e-01 -4.702596756129791451e-03
8.217394801200630372e-01 -4.512991649743949667e-03
8.321225990814590245e-01 -4.318171619271926262e-03
8.425243756279822138e-01 -4.117805406784734792e-03
8.529436537253458628e-01 -3.912237372285993532e-03
8.633792753941731402e-01 -3.702637641484131381e-03
8.738300808386934015e-01 -3.491958816145135716e-03
8.842949085756387495e-01 -3.284747656920787486e-03
8.947725955633289985e-01 -3.086208864522704300e-03
9.052619773309316109e-01 -2.901791669629633346e-03
9.157618881078770645e-01 -2.734614117153318959e-03
9.262711609534211021e-01 -2.584272380940859457e-03
9.367886278863364335e-01 -2.431946368444914269e-03
9.473131200147204556e-01 -2.249358503895318179e-03
9.578434676659028923e-01 -2.010100466710481801e-03
9.683785005164411430e-01 -1.688832391076405771e-03
9.789170477221889044e-01 -1.261426033928141933e-03
9.894579380484205267e-01 -7.045528356747700512e-04
9.999999999999998890e-01 3.382518140512136408e-06
