9.999999999999998890e-01 4.270668307206907231e-06
9.894579380484205267e-01 3.543517943472124579e-03
9.789170477221889044e-01 7.478837333120070922e-03
9.683785005164411430e-01 1.147074163331742239e-02
9.578434676659028923e-01 1.544879447699488983e-02
9.473131200147204556e-01 1.939510140521089748e-02
9.367886278863364335e-01 2.328421502236619617e-02
9.262711609534211021e-01 2.709987351095414707e-02
9.157618881078770645e-01 3.084946620560940697e-02
9.052619773309316109e-01 3.453856461775864362e-02
8.947725955633289985e-01 3.816317278084552927e-02
8.842949085756387495e-01 4.172046453595033844e-02
8.738300808386934015e-01 4.521117453464470332e-02
8.633792753941731402e-01 4.863681627028372534e-02
8.529436537253458628e-01 5.199968540256287575e-02
8.425243756279822138e-01 5.530680861948995830e-02
8.321225990814590245e-01 5.857009902451348893e-02
8.217394801200630372e-01 6.179350821565463003e-02
8.113761727045106786e-01 6.497335445117631558e-02
8.010338285937002034e-01 6.810885136120101158e-02
7.907135972167069760e-01 7.120164426888543618e-02
7.804166255450371015e-01 7.425172660904662270e-02
7.701440579651563922e-01 7.725803900947514347e-02
7.598970361513051053e-01 8.022060199681631254e-02
7.496766989386134394e-01 8.313996004575111010e-02
7.394841821965345563e-01 8.601586304716295206e-02
7.293206187026060050e-01 8.884781541175795772e-02
7.191871380165538730e-01 9.163618888546395946e-02
7.090848663547572039e-01 9.438152144325084869e-02
6.990149264650814542e-01 9.708341673953929662e-02
6.889784375020977514e-01 9.973886960006300706e-02
6.789765149027036095e-01 1.023349187220134737e-01
6.690102702621547603e-01 1.048595080460450885e-01
6.590808112105230876e-01 1.073133797461352512e-01
6.491892412895989839e-01 1.096990649822344316e-01
6.393366598302444581e-01 1.120159904262188616e-01
6.295241618302156450e-01 1.142637529179027223e-01
6.197528378324663745e-01 1.164437415024049266e-01
6.100237738039482327e-01 1.185568704451362282e-01
6.003380510149177729e-01 1.206025220240972418e-01
5.906967459187653091e-01 1.225781495316423941e-01
5.811009300323815019e-01 1.244783001014176799e-01
5.715516698170692855e-01 1.263003380619584504e-01
5.620500265600203438e-01 1.280460495530460208e-01
5.525970562563653488e-01 1.297169061229652420e-01
5.431938094918128401e-01 1.313135813687920928e-01
5.338413313258880688e-01 1.328365322599589504e-01
5.245406611757882365e-01 1.342861212265633597e-01
5.152928327008634568e-01 1.356640845246044058e-01
5.060988736877365390e-01 1.369728808621805960e-01
4.969598059360780251e-01 1.382086748385809860e-01
4.878766451450451402e-01 1.393635372335670086e-01
4.788504008003974244e-01 1.404347035394807874e-01
4.698820760623064752e-01 1.414227189250487904e-01
4.609726676538650203e-01 1.423290617747008102e-01
4.521231657503131940e-01 1.431555818519507917e-01
4.433345538689928977e-01 1.439035630659110943e-01
4.346078087600411255e-01 1.445741392424268190e-01
4.259439002978354649e-01 1.451689697436304993e-01
4.173437913732044313e-01 1.456898093958718665e-01
4.088084377864137364e-01 1.461379893993537404e-01
4.003387881409395943e-01 1.465134642763924744e-01
3.919357837380436083e-01 1.468113691224467166e-01
3.836003584721576765e-01 1.470276334367658366e-01
3.753334387270930161e-01 1.471643790833581933e-01
3.671359432730831873e-01 1.472244521796589878e-01
3.590087831646743277e-01 1.472093874022755433e-01
3.509528616394713696e-01 1.471207797746708623e-01
3.429690740177547825e-01 1.469608189122051933e-01
3.350583076029753915e-01 1.467316217461880901e-01
3.272214415831418144e-01 1.464350331282014694e-01
3.194593469331089564e-01 1.460731097418928870e-01
3.117728863177794407e-01 1.456481154630679675e-01
3.041629139962280792e-01 1.451561273439597455e-01
2.966302757267624823e-01 1.445855092459368274e-01
2.891758086729252497e-01 1.439324243734980691e-01
2.818003413104546162e-01 1.432019912841576148e-01
2.745046933352085494e-01 1.423975801547328335e-01
2.672896755720651774e-01 1.415206362182123978e-01
2.601560898848094272e-01 1.405740606353347855e-01
2.531047290870154232e-01 1.395617957518089369e-01
2.461363768539343022e-01 1.384860954318989368e-01
2.392518076353984391e-01 1.373484066024080186e-01
2.324517865697500740e-01 1.361531195931978966e-01
2.257370693988056676e-01 1.349049325989752912e-01
2.191084023838638650e-01 1.335985916268956908e-01
2.125665222227673956e-01 1.322255764769279529e-01
2.061121559680280102e-01 1.307853680656470563e-01
1.997460209460230063e-01 1.292807013969453633e-01
1.934688246772731102e-01 1.277153080300468257e-01
1.872812647978095990e-01 1.260931944258299464e-01
1.811840289816407656e-01 1.244182111154423787e-01
1.751777948643248317e-01 1.226939365534697873e-01
1.692632299676588570e-01 1.209231572127820314e-01
1.634409916254914164e-01 1.191092002415886919e-01
1.577117269106679265e-01 1.172573943017556630e-01
1.520760725631161714e-01 1.153714056811517563e-01
1.465346549190801317e-01 1.134501566503773873e-01
1.410880898415101115e-01 1.114903858484773413e-01
1.357369826516168221e-01 1.094859591087060519e-01
1.304819280615971966e-01 1.074357979641329952e-01
1.253235101085391490e-01 1.053476298331594563e-01
1.202623020895129402e-01 1.032272719829963742e-01
1.152988664978553679e-01 1.010768378841605808e-01
1.104337549606562163e-01 9.890044865496977478e-02
1.056675081774507419e-01 9.670474502268758266e-02
1.010006558601274085e-01 9.449336736591956720e-02
9.643371667405697956e-02 9.226720276604652438e-02
9.196719818044885031e-02 9.003278874586034819e-02
8.760159677994161509e-02 8.779998039617968597e-02
8.333739765743386485e-02 8.555954209099540797e-02
7.917507472816209813e-02 8.329026226394663224e-02
7.511509058502996439e-02 8.098582464367785894e-02
7.115789644719716645e-02 7.864933030901120892e-02
6.730393210993146358e-02 7.628810509310929300e-02
6.355362589573076981e-02 7.391112210315703424e-02
5.990739460672012129e-02 7.152484712213236229e-02
5.636564347832906385e-02 6.913493258947052411e-02
5.292876613425423482e-02 6.674824084163713533e-02
4.959714454271368922e-02 6.437174115020151410e-02
4.637114897399441382e-02 6.201102727837597833e-02
4.325113795930202176e-02 5.967185471197039570e-02
4.023745825091396000e-02 5.736200197084244390e-02
3.733044478364233587e-02 5.507987016936255475e-02
3.453042063760936031e-02 5.279385528623792290e-02
3.183769700234129196e-02 5.048395992087682804e-02
2.925257314218321358e-02 4.817385039473626174e-02
2.677533636303963682e-02 4.587438546113217774e-02
2.440626198044326678e-02 4.355533584219908882e-02
2.214561328895736647e-02 4.120057646028074672e-02
1.999364153291383062e-02 3.882798530636383944e-02
1.795058587848985532e-02 3.645604212577952669e-02
1.601667338712764455e-02 3.409916920511593674e-02
1.419211899029970692e-02 3.177794589685982440e-02
1.247712546562085301e-02 2.952026797157577057e-02
1.087188341431266636e-02 2.733465068907566659e-02
9.376571240020115106e-03 2.520739697384537584e-02
7.991355128984078959e-03 2.309970785834645352e-02
6.716389031571567969e-03 2.095770925594309109e-02
5.551814645166519568e-03 1.881777191801158045e-02
4.497761398421062928e-03 1.677064049207736135e-02
3.554346436871580472e-03 1.475345566797834837e-02
2.721674609919344512e-03 1.263563209547211019e-02
1.999838459177394334e-03 1.055611712957853394e-02
1.388918208186096237e-03 8.727661125610530063e-03
8.889817534969424173e-04 6.858837590202277248e-03
5.000846571264760954e-04 4.569553935957699001e-03
2.222701403818971855e-04 2.276717586145616569e-03
5.556907905679420168e-05 6.374868715296004833e-04
0.000000000000000000e+00 5.328509884321520407e-05
0.000000000000000000e+00 -1.609033009779100356e-05
5.556907905679420168e-05 -5.895025295690186230e-04
2.222701403818971855e-04 -2.193262419197764684e-03
5.000846571264760954e-04 -4.413464806484941952e-03
8.889817534969424173e-04 -6.573807120446051658e-03
1.388918208186096237e-03 -8.245680628686309632e-03
1.999838459177394334e-03 -9.821463364880451269e-03
2.721674609919344512e-03 -1.160247259451092743e-02
3.554346436871580472e-03 -1.337135111047579525e-02
4.497761398421062928e-03 -1.499299524869491737e-02
5.551814645166519568e-03 -1.662165105473324342e-02
6.716389031571567969e-03 -1.834864845150146334e-02
7.991355128984078959e-03 -2.011509057282268378e-02
9.376571240020115106e-03 -2.188520465844332949e-02
1.087188341431266636e-02 -2.367116773099443849e-02
1.247712546562085301e-02 -2.546473696411133067e-02
1.419211899029970692e-02 -2.723174548338367154e-02
1.601667338712764455e-02 -2.895534444235506322e-02
1.795058587848985532e-02 -3.063753112721773544e-02
1.999364153291383062e-02 -3.229736003432377711e-02
2.214561328895736647e-02 -3.396405845809007118e-02
2.440626198044326678e-02 -3.563079500461591165e-02
2.677533636303963682e-02 -3.726842513638482096e-02
2.925257314218321358e-02 -3.886992237736251049e-02
3.183769700234129196e-02 -4.043823297297097913e-02
3.453042063760936031e-02 -4.195396939099169803e-02
3.733044478364233587e-02 -4.339458401991251602e-02
4.023745825091396000e-02 -4.478577359435281097e-02
4.325113795930202176e-02 -4.616561896542175497e-02
4.637114897399441382e-02 -4.753687127684257108e-02
4.959714454271368922e-02 -4.889142064431262202e-02
5.292876613425423482e-02 -5.022431497579202264e-02
5.636564347832906385e-02 -5.153004612254431099e-02
5.990739460672012129e-02 -5.279808567912201711e-02
6.355362589573076981e-02 -5.402045064132401930e-02
6.730393210993146358e-02 -5.519992060269708622e-02
7.115789644719716645e-02 -5.634222591665685037e-02
7.511509058502996439e-02 -5.745546231492892203e-02
7.917507472816209813e-02 -5.854316728612401349e-02
8.333739765743386485e-02 -5.959898413762142189e-02
8.760159677994161509e-02 -6.062251675637304188e-02
9.196719818044885031e-02 -6.162539341466496956e-02
9.643371667405697956e-02 -6.261194241780210223e-02
1.010006558601274085e-01 -6.357448082425937175e-02
1.056675081774507419e-01 -6.450851010619665371e-02
1.104337549606562163e-01 -6.541431883037682193e-02
1.152988664978553679e-01 -6.628833057852386024e-02
1.202623020895129402e-01 -6.712327677295658324e-02
1.253235101085391490e-01 -6.792126391666941654e-02
1.304819280615971966e-01 -6.869203968817501338e-02
1.357369826516168221e-01 -6.943783423605676131e-02
1.410880898415101115e-01 -7.015565895611264313e-02
1.465346549190801317e-01 -7.084686685128660510e-02
1.520760725631161714e-01 -7.151539061479453285e-02
1.577117269106679265e-01 -7.216399582611211783e-02
1.634409916254914164e-01 -7.279435055784949649e-02
1.692632299676588570e-01 -7.340475493895759485e-02
1.751777948643248317e-01 -7.399233828568309301e-02
1.811840289816407656e-01 -7.455571298668070557e-02
1.872812647978095990e-01 -7.509388437013178597e-02
1.934688246772731102e-01 -7.560523535279227436e-02
1.997460209460230063e-01 -7.608796620665835009e-02
2.061121559680280102e-01 -7.654027453691392147e-02
2.125665222227673956e-01 -7.696052765683110419e-02
2.191084023838638650e-01 -7.734763651272985596e-02
2.257370693988056676e-01 -7.770239542580432979e-02
2.324517865697500740e-01 -7.803024676989665787e-02
2.392518076353984391e-01 -7.833475035426240574e-02
2.461363768539343022e-01 -7.861371664878288867e-02
2.531047290870154232e-01 -7.886510769369219076e-02
2.601560898848094272e-01 -7.908853904571815086e-02
2.672896755720651774e-01 -7.928322227005357714e-02
2.745046933352085494e-01 -7.944749263382717974e-02
2.818003413104546162e-01 -7.958014392901580081e-02
2.891758086729252497e-01 -7.968062908636069919e-02
2.966302757267624823e-01 -7.974764678182318101e-02
3.041629139962280792e-01 -7.977919520500774409e-02
3.117728863177794407e-01 -7.977660234755498680e-02
3.194593469331089564e-01 -7.974410021060007736e-02
3.272214415831418144e-01 -7.968307861499429601e-02
3.350583076029753915e-01 -7.959264293659258638e-02
3.429690740177547825e-01 -7.947192956062126834e-02
3.509528616394713696e-01 -7.932013497209156050e-02
3.590087831646743277e-01 -7.913646406272896450e-02
3.671359432730831873e-01 -7.892012482548346752e-02
3.753334387270930161e-01 -7.867031812380663458e-02
3.836003584721576765e-01 -7.838624842577286700e-02
3.919357837380436083e-01 -7.806716269968685951e-02
4.003387881409395943e-01 -7.771230055023541083e-02
4.088084377864137364e-01 -7.732078242423802428e-02
4.173437913732044313e-01 -7.689172169210321817e-02
4.259439002978354649e-01 -7.642435862423881121e-02
4.346078087600411255e-01 -7.591796094841221643e-02
4.433345538689928977e-01 -7.537177748288995116e-02
4.521231657503131940e-01 -7.478508124342336805e-02
4.609726676538650203e-01 -7.415722497573133676e-02
4.698820760623064752e-01 -7.348752835376311243e-02
4.788504008003974244e-01 -7.277520140703508389e-02
4.878766451450451402e-01 -7.201955837489615320e-02
4.969598059360780251e-01 -7.122015600429770776e-02
5.060988736877365390e-01 -7.037708791406634135e-02
5.152928327008634568e-01 -6.949127009197215987e-02
5.245406611757882365e-01 -6.856304249128568340e-02
5.338413313258880688e-01 -6.759183725636250251e-02
5.431938094918128401e-01 -6.657688349203456923e-02
5.525970562563653488e-01 -6.551728368633275013e-02
5.620500265600203438e-01 -6.441286468772869367e-02
5.715516698170692855e-01 -6.326406368777297284e-02
5.811009300323815019e-01 -6.206948899670987341e-02
5.906967459187653091e-01 -6.082676344042576427e-02
6.003380510149177729e-01 -5.954070951942604106e-02
6.100237738039482327e-01 -5.822073066578098421e-02
6.197528378324663745e-01 -5.687133300931872248e-02
6.295241618302156450e-01 -5.549385984433755775e-02
6.393366598302444581e-01 -5.408778033207507774e-02
6.491892412895989839e-01 -5.265193289783499930e-02
6.590808112105230876e-01 -5.118698042175640062e-02
6.690102702621547603e-01 -4.969381707324313502e-02
6.789765149027036095e-01 -4.817049214199021351e-02
6.889784375020977514e-01 -4.661644940573884954e-02
6.990149264650814542e-01 -4.504175983919316700e-02
7.090848663547572039e-01 -4.345713271083363055e-02
7.191871380165538730e-01 -4.186459067899497843e-02
7.293206187026060050e-01 -4.026434710528515454e-02
7.394841821965345563e-01 -3.865722244509954553e-02
7.496766989386134394e-01 -3.704338634743503667e-02
7.598970361513051053e-01 -3.542108573029522506e-02
7.701440579651563922e-01 -3.379078274696332290e-02
7.804166255450371015e-01 -3.215824893471012913e-02
7.907135972167069760e-01 -3.053083559790474230e-02
8.010338285937002034e-01 -2.891739404423090964e-02
8.113761727045106786e-01 -2.732150731922246625e-02
8.217394801200630372e-01 -2.573885854440025045e-02
8.321225990814590245e-01 -2.416942057039790648e-02
8.425243756279822138e-01 -2.261901447521693850e-02
8.529436537253458628e-01 -2.108602355892218866e-02
8.633792753941731402e-01 -1.956132263137136396e-02
8.738300808386934015e-01 -1.804896443431611153e-02
8.842949085756387495e-01 -1.656281310725149503e-02
8.947725955633289985e-01 -1.508497686919397021e-02
9.052619773309316109e-01 -1.357575684292396459e-02
9.157618881078770645e-01 -1.202070299379017805e-02
9.262711609534211021e-01 -1.042285478392558813e-02
9.367886278863364335e-01 -8.796347103761602976e-03
9.473131200147204556e-01 -7.159156376924461114e-03
9.578434676659028923e-01 -5.515563996978807906e-03
9.683785005164411430e-01 -3.874798037140383695e-03
9.789170477221889044e-01 -2.311380740862438703e-03
9.894579380484205267e-01 -9.453620283762518076e-04
9.999999999999998890e-01 -1.611580232384854320e-06
