9.999999999999998890e-01 3.307954012191638001e-09
9.894579380484205267e-01 5.824577385278235583e-03
9.789170477221889044e-01 1.117041905579289549e-02
9.683785005164411430e-01 1.608601451409970989e-02
9.578434676659028923e-01 2.062076268627854522e-02
9.473131200147204556e-01 2.482395036193652677e-02
9.367886278863364335e-01 2.874404986483079794e-02
9.262711609534211021e-01 3.242998227633831637e-02
9.157618881078770645e-01 3.593198007551717810e-02
9.052619773309316109e-01 3.929863394617533895e-02
8.947725955633289985e-01 4.257477738915952520e-02
8.842949085756387495e-01 4.578523091867394562e-02
8.738300808386934015e-01 4.892371750789184515e-02
8.633792753941731402e-01 5.198287535150065281e-02
8.529436537253458628e-01 5.495756331850679827e-02
8.425243756279822138e-01 5.784220123211535058e-02
8.321225990814590245e-01 6.063055159805069705e-02
8.217394801200630372e-01 6.331660885297475672e-02
8.113761727045106786e-01 6.589466155963903671e-02
8.010338285937002034e-01 6.835964089614363082e-02
7.907135972167069760e-01 7.070747034452413982e-02
7.804166255450371015e-01 7.294009561689990262e-02
7.701440579651563922e-01 7.506344350086220640e-02
7.598970361513051053e-01 7.708275022447945435e-02
7.496766989386134394e-01 7.900285030944555198e-02
7.394841821965345563e-01 8.082883884140681929e-02
7.293206187026060050e-01 8.256591841006785670e-02
7.191871380165538730e-01 8.421917266493880727e-02
7.090848663547572039e-01 8.579358259929388553e-02
6.990149264650814542e-01 8.729383811639498947e-02
6.889784375020977514e-01 8.872330257007737808e-02
6.789765149027036095e-01 9.008001520978436982e-02
6.690102702621547603e-01 9.136073338818892497e-02
6.590808112105230876e-01 9.256277284363878533e-02
6.491892412895989839e-01 9.368351648351580518e-02
6.393366598302444581e-01 9.472018033089994737e-02
6.295241618302156450e-01 9.567016519020714316e-02
6.197528378324663745e-01 9.653139467804991436e-02
6.100237738039482327e-01 9.730159306271198016e-02
6.003380510149177729e-01 9.797795611712481478e-02
5.906967459187653091e-01 9.856039515222689285e-02
5.811009300323815019e-01 9.905356643198137689e-02
5.715516698170692855e-01 9.946304654554508073e-02
5.620500265600203438e-01 9.979506108766150740e-02
5.525970562563653488e-01 1.000556186667526659e-01
5.431938094918128401e-01 1.002503994775896384e-01
5.338413313258880688e-01 1.003849220209309945e-01
5.245406611757882365e-01 1.004645679334142117e-01
5.152928327008634568e-01 1.004948554693281815e-01
5.060988736877365390e-01 1.004813387075244174e-01
4.969598059360780251e-01 1.004283867865056329e-01
4.878766451450451402e-01 1.003392887103280312e-01
4.788504008003974244e-01 1.002149519389326782e-01
4.698820760623064752e-01 1.000549165538665297e-01
4.609726676538650203e-01 9.985931222687322029e-02
4.521231657503131940e-01 9.962854946861636474e-02
4.433345538689928977e-01 9.936282894541879906e-02
4.346078087600411255e-01 9.906228569231220749e-02
4.259439002978354649e-01 9.872719560902640246e-02
4.173437913732044313e-01 9.835789918947558663e-02
4.088084377864137364e-01 9.795480560491233446e-02
4.003387881409395943e-01 9.751827821986970568e-02
3.919357837380436083e-01 9.704842704003939502e-02
3.836003584721576765e-01 9.654519540662492849e-02
3.753334387270930161e-01 9.600819152096834452e-02
3.671359432730831873e-01 9.543703916289127120e-02
3.590087831646743277e-01 9.483157703156160079e-02
3.509528616394713696e-01 9.419169326123222330e-02
3.429690740177547825e-01 9.351730852646482350e-02
3.350583076029753915e-01 9.280840833693763947e-02
3.272214415831418144e-01 9.206508956735399984e-02
3.194593469331089564e-01 9.128750279471742335e-02
3.117728863177794407e-01 9.047586434135541922e-02
3.041629139962280792e-01 8.963045357952816039e-02
2.966302757267624823e-01 8.875165776726752498e-02
2.891758086729252497e-01 8.784077266285399144e-02
2.818003413104546162e-01 8.690007416879283464e-02
2.745046933352085494e-01 8.593182167452773079e-02
2.672896755720651774e-01 8.493821170477108828e-02
2.601560898848094272e-01 8.392140605486303473e-02
2.531047290870154232e-01 8.288353170887584331e-02
2.461363768539343022e-01 8.182660113795028889e-02
2.392518076353984391e-01 8.075255650255905304e-02
2.324517865697500740e-01 7.966337625514172127e-02
2.257370693988056676e-01 7.856102346042471984e-02
2.191084023838638650e-01 7.744718878158522724e-02
2.125665222227673956e-01 7.632349939351677770e-02
2.061121559680280102e-01 7.519196068529815369e-02
1.997460209460230063e-01 7.405438671022405994e-02
1.934688246772731102e-01 7.291089389563447376e-02
1.872812647978095990e-01 7.176080363434737819e-02
1.811840289816407656e-01 7.060235785032130396e-02
1.751777948643248317e-01 6.943372804274436372e-02
1.692632299676588570e-01 6.825380525751345573e-02
1.634409916254914164e-01 6.706167704681380293e-02
1.577117269106679265e-01 6.585655194946000990e-02
1.520760725631161714e-01 6.463777164749316684e-02
1.465346549190801317e-01 6.340494040062007175e-02
1.410880898415101115e-01 6.215765427650372238e-02
1.357369826516168221e-01 6.089542208970272902e-02
1.304819280615971966e-01 5.961793141403735202e-02
1.253235101085391490e-01 5.832518472272628374e-02
1.202623020895129402e-01 5.701739817361511919e-02
1.152988664978553679e-01 5.569504605991304480e-02
1.104337549606562163e-01 5.435870815030466319e-02
1.056675081774507419e-01 5.300908304261955223e-02
1.010006558601274085e-01 5.164727078124288495e-02
9.643371667405697956e-02 5.027484661011580314e-02
9.196719818044885031e-02 4.889484840628447598e-02
8.760159677994161509e-02 4.751149124789737221e-02
8.333739765743386485e-02 4.612872966708578965e-02
7.917507472816209813e-02 4.475026687191242108e-02
7.511509058502996439e-02 4.337935255911108678e-02
7.115789644719716645e-02 4.201908743495122445e-02
6.730393210993146358e-02 4.067351829433035054e-02
6.355362589573076981e-02 3.934687390814980978e-02
5.990739460672012129e-02 3.804147524712466616e-02
5.636564347832906385e-02 3.675937538294817009e-02
5.292876613425423482e-02 3.550545216972779416e-02
4.959714454271368922e-02 3.428280284229456853e-02
4.637114897399441382e-02 3.308219177792930121e-02
4.325113795930202176e-02 3.188983228628038125e-02
4.023745825091396000e-02 3.068792031301824721e-02
3.733044478364233587e-02 2.946034415411762433e-02
3.453042063760936031e-02 2.819899500141854684e-02
3.183769700234129196e-02 2.689829605014809263e-02
2.925257314218321358e-02 2.555523823164457253e-02
2.677533636303963682e-02 2.416902787614880199e-02
2.440626198044326678e-02 2.274271046143029607e-02
2.214561328895736647e-02 2.128090167359139931e-02
1.999364153291383062e-02 1.979015284834804295e-02
1.795058587848985532e-02 1.827838677179728991e-02
1.601667338712764455e-02 1.675528670005963297e-02
1.419211899029970692e-02 1.523134696837443250e-02
1.247712546562085301e-02 1.371791547354231020e-02
1.087188341431266636e-02 1.222683528454644210e-02
9.376571240020115106e-03 1.077041500402250648e-02
7.991355128984078959e-03 9.360981117881198715e-03
6.716389031571567969e-03 8.010831881000813476e-03
5.551814645166519568e-03 6.731914364276686373e-03
4.497761398421062928e-03 5.535846599985688385e-03
3.554346436871580472e-03 4.433495591205126492e-03
2.721674609919344512e-03 3.435138156168424887e-03
1.999838459177394334e-03 2.549957968660959869e-03
1.388918208186096237e-03 1.786376831422252769e-03
8.889817534969424173e-04 1.151447233248518911e-03
5.000846571264760954e-04 6.513437016733754099e-04
2.222701403818971855e-04 2.906054254843190967e-04
5.556907905679420168e-05 7.283557474638626978e-05
0.000000000000000000e+00 -6.979714381083283333e-10
0.000000000000000000e+00 5.813337655192262524e-10
5.556907905679420168e-05 -4.044228372443231854e-05
2.222701403818971855e-04 -1.611565264970330911e-04
5.000846571264760954e-04 -3.605093102039150861e-04
8.889817534969424173e-04 -6.355087382159479124e-04
1.388918208186096237e-03 -9.823898614717803748e-04
1.999838459177394334e-03 -1.396040641440920863e-03
2.721674609919344512e-03 -1.870632616452924625e-03
3.554346436871580472e-03 -2.399224926845610392e-03
4.497761398421062928e-03 -2.974271290081593848e-03
5.551814645166519568e-03 -3.587363444474929181e-03
6.716389031571567969e-03 -4.229648448342884434e-03
7.991355128984078959e-03 -4.891715462514062245e-03
9.376571240020115106e-03 -5.563955854133685423e-03
1.087188341431266636e-02 -6.236565813075826623e-03
1.247712546562085301e-02 -6.899820081076272517e-03
1.419211899029970692e-02 -7.544123095931875092e-03
1.601667338712764455e-02 -8.160425140913762226e-03
1.795058587848985532e-02 -8.740244456853646371e-03
1.999364153291383062e-02 -9.275986595685762823e-03
2.214561328895736647e-02 -9.760892983432630648e-03
2.440626198044326678e-02 -1.018996594940963646e-02
2.677533636303963682e-02 -1.055957031956065127e-02
2.925257314218321358e-02 -1.086792036574917540e-02
3.183769700234129196e-02 -1.111473982423247069e-02
3.453042063760936031e-02 -1.130349760656071921e-02
3.733044478364233587e-02 -1.143978971534719523e-02
4.023745825091396000e-02 -1.153149724743321794e-02
4.325113795930202176e-02 -1.158890049399056987e-02
4.637114897399441382e-02 -1.163017126816875101e-02
4.959714454271368922e-02 -1.167490469482149358e-02
5.292876613425423482e-02 -1.173767251175052845e-02
5.636564347832906385e-02 -1.182761477806392597e-02
5.990739460672012129e-02 -1.193937173623961512e-02
6.355362589573076981e-02 -1.206517478196032604e-02
6.730393210993146358e-02 -1.219964722923248118e-02
7.115789644719716645e-02 -1.233608117576219521e-02
7.511509058502996439e-02 -1.246348751245914856e-02
7.917507472816209813e-02 -1.257439172499409848e-02
8.333739765743386485e-02 -1.266977394746737415e-02
8.760159677994161509e-02 -1.275231682907272852e-02
9.196719818044885031e-02 -1.282587225735391107e-02
9.643371667405697956e-02 -1.289514036434753069e-02
1.010006558601274085e-01 -1.296578725023673356e-02
1.056675081774507419e-01 -1.304070601228107112e-02
1.104337549606562163e-01 -1.311932154641391908e-02
1.152988664978553679e-01 -1.320017184899933450e-02
1.202623020895129402e-01 -1.328109614343172228e-02
1.253235101085391490e-01 -1.335981413153226882e-02
1.304819280615971966e-01 -1.343395271256364078e-02
1.357369826516168221e-01 -1.350090560456441297e-02
1.410880898415101115e-01 -1.355783816434281974e-02
1.465346549190801317e-01 -1.360125182777631100e-02
1.520760725631161714e-01 -1.362754627054402028e-02
1.577117269106679265e-01 -1.363569998901056728e-02
1.634409916254914164e-01 -1.362617134952477486e-02
1.692632299676588570e-01 -1.360055164605162951e-02
1.751777948643248317e-01 -1.356087769791606418e-02
1.811840289816407656e-01 -1.350900336096243388e-02
1.872812647978095990e-01 -1.344689588753680311e-02
1.934688246772731102e-01 -1.337735802480175852e-02
1.997460209460230063e-01 -1.330319475578314523e-02
2.061121559680280102e-01 -1.322628077710943408e-02
2.125665222227673956e-01 -1.314785474608352357e-02
2.191084023838638650e-01 -1.306784809022402093e-02
2.257370693988056676e-01 -1.298606910472392857e-02
2.324517865697500740e-01 -1.290268099221332163e-02
2.392518076353984391e-01 -1.281783462749186246e-02
2.461363768539343022e-01 -1.273152878235172918e-02
2.531047290870154232e-01 -1.264378899686625229e-02
2.601560898848094272e-01 -1.255472603209578653e-02
2.672896755720651774e-01 -1.246443759018490971e-02
2.745046933352085494e-01 -1.237298793834545711e-02
2.818003413104546162e-01 -1.228045883949871464e-02
2.891758086729252497e-01 -1.218695818295706043e-02
2.966302757267624823e-01 -1.209259136166899312e-02
3.041629139962280792e-01 -1.199745649075737407e-02
3.117728863177794407e-01 -1.190159851262187138e-02
3.194593469331089564e-01 -1.180501337482426152e-02
3.272214415831418144e-01 -1.170768985158938784e-02
3.350583076029753915e-01 -1.160961262947705734e-02
3.429690740177547825e-01 -1.151076713827490355e-02
3.509528616394713696e-01 -1.141113887381480993e-02
3.590087831646743277e-01 -1.131070873773049393e-02
3.671359432730831873e-01 -1.120945533447432682e-02
3.753334387270930161e-01 -1.110735894982292811e-02
3.836003584721576765e-01 -1.100439913360050197e-02
3.919357837380436083e-01 -1.090054607181437270e-02
4.003387881409395943e-01 -1.079577107611883781e-02
4.088084377864137364e-01 -1.069006919982804817e-02
4.173437913732044313e-01 -1.058344860555507187e-02
4.259439002978354649e-01 -1.047594082729641843e-02
4.346078087600411255e-01 -1.036758156697499197e-02
4.433345538689928977e-01 -1.025840000140023321e-02
4.521231657503131940e-01 -1.014842626080909166e-02
4.609726676538650203e-01 -1.003769711400926551e-02
4.698820760623064752e-01 -9.926248512012186484e-03
4.788504008003974244e-01 -9.814111789612726261e-03
4.878766451450451402e-01 -9.701323142123229396e-03
4.969598059360780251e-01 -9.587929290597077894e-03
5.060988736877365390e-01 -9.473956475724342255e-03
5.152928327008634568e-01 -9.359394965518246998e-03
5.245406611757882365e-01 -9.244219786951437742e-03
5.338413313258880688e-01 -9.128389530399464574e-03
5.431938094918128401e-01 -9.011862651053047235e-03
5.525970562563653488e-01 -8.894598857199826833e-03
5.620500265600203438e-01 -8.776558061936565527e-03
5.715516698170692855e-01 -8.657699783907612037e-03
5.811009300323815019e-01 -8.537974700730569314e-03
5.906967459187653091e-01 -8.417327886656984434e-03
6.003380510149177729e-01 -8.295726783141910490e-03
6.100237738039482327e-01 -8.173169589547543690e-03
6.197528378324663745e-01 -8.049808576551024247e-03
6.295241618302156450e-01 -7.925883905580650285e-03
6.393366598302444581e-01 -7.801616319627251682e-03
6.491892412895989839e-01 -7.677220631872487717e-03
6.590808112105230876e-01 -7.552939700030433627e-03
6.690102702621547603e-01 -7.429023642465424487e-03
6.789765149027036095e-01 -7.305699188331249601e-03
6.889784375020977514e-01 -7.183199128871315016e-03
6.990149264650814542e-01 -7.061819356214815019e-03
7.090848663547572039e-01 -6.941672749369668174e-03
7.191871380165538730e-01 -6.822129359008044340e-03
7.293206187026060050e-01 -6.702380944795099764e-03
7.394841821965345563e-01 -6.581599311255367443e-03
7.496766989386134394e-01 -6.458917830149847952e-03
7.598970361513051053e-01 -6.333382664248618163e-03
7.701440579651563922e-01 -6.204093427466908159e-03
7.804166255450371015e-01 -6.070288687704760398e-03
7.907135972167069760e-01 -5.931025471350303765e-03
8.010338285937002034e-01 -5.785041375209619766e-03
8.113761727045106786e-01 -5.632733626936731706e-03
8.217394801200630372e-01 -5.477012585067965282e-03
8.321225990814590245e-01 -5.321125266367294875e-03
8.425243756279822138e-01 -5.168495188042066674e-03
8.529436537253458628e-01 -5.022791573287796983e-03
8.633792753941731402e-01 -4.887900435065803406e-03
8.738300808386934015e-01 -4.767144399597644105e-03
8.842949085756387495e-01 -4.663447950808028916e-03
8.947725955633289985e-01 -4.581336177371179465e-03
9.052619773309316109e-01 -4.524529780755146523e-03
9.157618881078770645e-01 -4.474057597114037936e-03
9.262711609534211021e-01 -4.396342271730515824e-03
9.367886278863364335e-01 -4.255038606661754735e-03
9.473131200147204556e-01 -4.012582870040387606e-03
9.578434676659028923e-01 -3.632319832606838248e-03
9.683785005164411430e-01 -3.077894357421409165e-03
9.789170477221889044e-01 -2.312321139920244656e-03
9.894579380484205267e-01 -1.298511565513246714e-03
9.999999999999998890e-01 -2.380102714219727847e-09
