9.999999999999998890e-01 -1.772232750842650170e-09
9.894579380484205267e-01 3.464990431036788117e-03
9.789170477221889044e-01 6.914504034459026914e-03
9.683785005164411430e-01 1.033297359655646792e-02
9.578434676659028923e-01 1.370445426801100534e-02
9.473131200147204556e-01 1.701312585211032721e-02
9.367886278863364335e-01 2.024371914306991732e-02
9.262711609534211021e-01 2.338076368188230642e-02
9.157618881078770645e-01 2.640813167229217120e-02
9.052619773309316109e-01 2.931061607436240279e-02
8.947725955633289985e-01 3.207510619496474480e-02
8.842949085756387495e-01 3.470032532616860316e-02
8.738300808386934015e-01 3.720341034726788038e-02
8.633792753941731402e-01 3.960226514945970611e-02
8.529436537253458628e-01 4.191363683126690665e-02
8.425243756279822138e-01 4.415429363137482466e-02
8.321225990814590245e-01 4.634112332791962691e-02
8.217394801200630372e-01 4.849112032750051843e-02
8.113761727045106786e-01 5.062128711139045334e-02
8.010338285937002034e-01 5.274723710797701165e-02
7.907135972167069760e-01 5.488251831223912858e-02
7.804166255450371015e-01 5.702889935773360064e-02
7.701440579651563922e-01 5.918034863448624894e-02
7.598970361513051053e-01 6.133203093112493676e-02
7.496766989386134394e-01 6.347981104847350009e-02
7.394841821965345563e-01 6.561905813807854260e-02
7.293206187026060050e-01 6.774496334307129886e-02
7.191871380165538730e-01 6.985311202362422256e-02
7.090848663547572039e-01 7.193924286577176030e-02
6.990149264650814542e-01 7.399907821442894273e-02
6.889784375020977514e-01 7.602859672831346893e-02
6.789765149027036095e-01 7.802490914220013007e-02
6.690102702621547603e-01 7.998543336803962123e-02
6.590808112105230876e-01 8.190759177572046190e-02
6.491892412895989839e-01 8.378885305242940451e-02
6.393366598302444581e-01 8.562681916945888427e-02
6.295241618302156450e-01 8.741914993832573810e-02
6.197528378324663745e-01 8.916358713608407704e-02
6.100237738039482327e-01 9.085793191685752335e-02
6.003380510149177729e-01 9.250008284661870306e-02
5.906967459187653091e-01 9.408807430339961864e-02
5.811009300323815019e-01 9.562015403142547221e-02
5.715516698170692855e-01 9.709469313747232100e-02
5.620500265600203438e-01 9.851021040103849491e-02
5.525970562563653488e-01 9.986525790131568769e-02
5.431938094918128401e-01 1.011584211011477274e-01
5.338413313258880688e-01 1.023884501519163187e-01
5.245406611757882365e-01 1.035542560607765755e-01
5.152928327008634568e-01 1.046546678673706404e-01
5.060988736877365390e-01 1.056884828781751301e-01
4.969598059360780251e-01 1.066551108520170238e-01
4.878766451450451402e-01 1.075545295536404350e-01
4.788504008003974244e-01 1.083880489399344643e-01
4.698820760623064752e-01 1.091577486398396107e-01
4.609726676538650203e-01 1.098654154465237287e-01
4.521231657503131940e-01 1.105126983086686387e-01
4.433345538689928977e-01 1.111013664190907552e-01
4.346078087600411255e-01 1.116332266369669396e-01
4.259439002978354649e-01 1.121100058855924314e-01
4.173437913732044313e-01 1.125334025114994585e-01
4.088084377864137364e-01 1.129051136631474411e-01
4.003387881409395943e-01 1.132268424964896353e-01
3.919357837380436083e-01 1.135003165961183669e-01
3.836003584721576765e-01 1.137272888419883360e-01
3.753334387270930161e-01 1.139095736570058248e-01
3.671359432730831873e-01 1.140489773108221971e-01
3.590087831646743277e-01 1.141472526338085658e-01
3.509528616394713696e-01 1.142061257773783478e-01
3.429690740177547825e-01 1.142272834742341647e-01
3.350583076029753915e-01 1.142124025142665089e-01
3.272214415831418144e-01 1.141631500045914294e-01
3.194593469331089564e-01 1.140811329363120158e-01
3.117728863177794407e-01 1.139678696050287349e-01
3.041629139962280792e-01 1.138249472271401358e-01
2.966302757267624823e-01 1.136539409983362142e-01
2.891758086729252497e-01 1.134534478684509073e-01
2.818003413104546162e-01 1.132188274629328528e-01
2.745046933352085494e-01 1.129455010750223393e-01
2.672896755720651774e-01 1.126291279785840566e-01
2.601560898848094272e-01 1.122658419025640841e-01
2.531047290870154232e-01 1.118521676672472598e-01
2.461363768539343022e-01 1.113849857075353833e-01
2.392518076353984391e-01 1.108614537596772087e-01
2.324517865697500740e-01 1.102792161726846715e-01
2.257370693988056676e-01 1.096362214503694699e-01
2.191084023838638650e-01 1.089307213815092629e-01
2.125665222227673956e-01 1.081612090449064478e-01
2.061121559680280102e-01 1.073268175870799312e-01
1.997460209460230063e-01 1.064268399129126297e-01
1.934688246772731102e-01 1.054601451015621527e-01
1.872812647978095990e-01 1.044253669983103427e-01
1.811840289816407656e-01 1.033207176877667388e-01
1.751777948643248317e-01 1.021446059942073686e-01
1.692632299676588570e-01 1.008964898180073622e-01
1.634409916254914164e-01 9.957604708317908948e-02
1.577117269106679265e-01 9.818294585277588526e-02
1.520760725631161714e-01 9.671750911286156049e-02
1.465346549190801317e-01 9.518162232562107916e-02
1.410880898415101115e-01 9.357982634394738930e-02
1.357369826516168221e-01 9.192142233980374333e-02
1.304819280615971966e-01 9.021559473274315399e-02
1.253235101085391490e-01 8.847041994198559522e-02
1.202623020895129402e-01 8.669359015592985329e-02
1.152988664978553679e-01 8.489240005361368968e-02
1.104337549606562163e-01 8.307386491665157136e-02
1.056675081774507419e-01 8.124466665405735699e-02
1.010006558601274085e-01 7.941055330475441099e-02
9.643371667405697956e-02 7.757597316159738077e-02
9.196719818044885031e-02 7.573865526537619519e-02
8.760159677994161509e-02 7.389092993030360601e-02
8.333739765743386485e-02 7.202684681359558527e-02
7.917507472816209813e-02 7.014190853625490440e-02
7.511509058502996439e-02 6.823301396338034286e-02
7.115789644719716645e-02 6.629789636159441613e-02
6.730393210993146358e-02 6.433454255504521269e-02
6.355362589573076981e-02 6.234145053479465265e-02
5.990739460672012129e-02 6.031973888242112697e-02
5.636564347832906385e-02 5.827127169047429528e-02
5.292876613425423482e-02 5.619611120119364506e-02
4.959714454271368922e-02 5.409621586310414676e-02
4.637114897399441382e-02 5.198483267540338071e-02
4.325113795930202176e-02 4.987979382687587199e-02
4.023745825091396000e-02 4.780416124567537367e-02
3.733044478364233587e-02 4.577987510697158202e-02
3.453042063760936031e-02 4.382175865034925594e-02
3.183769700234129196e-02 4.194234029879479603e-02
2.925257314218321358e-02 4.015175803365153562e-02
2.677533636303963682e-02 3.845850843985989392e-02
2.440626198044326678e-02 3.686804487852476941e-02
2.214561328895736647e-02 3.535341528978774850e-02
1.999364153291383062e-02 3.383150976064680515e-02
1.795058587848985532e-02 3.223148091086207312e-02
1.601667338712764455e-02 3.050959499081478885e-02
1.419211899029970692e-02 2.864032287413120770e-02
1.247712546562085301e-02 2.661863750512283300e-02
1.087188341431266636e-02 2.445304950044910677e-02
9.376571240020115106e-03 2.216545330093076110e-02
7.991355128984078959e-03 1.978702876792257787e-02
6.716389031571567969e-03 1.735697677369115594e-02
5.551814645166519568e-03 1.491936589381284359e-02
4.497761398421062928e-03 1.252178207028984726e-02
3.554346436871580472e-03 1.021270400553649961e-02
2.721674609919344512e-03 8.040801185129092810e-03
1.999838459177394334e-03 6.051877926647414828e-03
1.388918208186096237e-03 4.289422556582945731e-03
8.889817534969424173e-04 2.791119517341424799e-03
5.000846571264760954e-04 1.590671992946912942e-03
2.222701403818971855e-04 7.133322361140220043e-04
5.556907905679420168e-05 1.793822638553258918e-04
0.000000000000000000e+00 -3.889159450447794710e-09
0.000000000000000000e+00 3.406264848812720863e-09
5.556907905679420168e-05 -1.172289391967618353e-04
2.222701403818971855e-04 -4.653368927977038268e-04
5.000846571264760954e-04 -1.034819045211714554e-03
8.889817534969424173e-04 -1.808398637818994575e-03
1.388918208186096237e-03 -2.764574093657472080e-03
1.999838459177394334e-03 -3.874678963982413314e-03
2.721674609919344512e-03 -5.106650487954537791e-03
3.554346436871580472e-03 -6.423458235029841021e-03
4.497761398421062928e-03 -7.786143291939229445e-03
5.551814645166519568e-03 -9.153395396136704970e-03
6.716389031571567969e-03 -1.048402154680126014e-02
7.991355128984078959e-03 -1.173750600569609982e-02
9.376571240020115106e-03 -1.287650642248180932e-02
1.087188341431266636e-02 -1.386806436184614272e-02
1.247712546562085301e-02 -1.468579805605836619e-02
1.419211899029970692e-02 -1.531096161607872243e-02
1.601667338712764455e-02 -1.573690287952548769e-02
1.795058587848985532e-02 -1.596909449526048852e-02
1.999364153291383062e-02 -1.602920655566951458e-02
2.214561328895736647e-02 -1.595367976402810653e-02
2.440626198044326678e-02 -1.580574739694912134e-02
2.677533636303963682e-02 -1.566161291600700126e-02
2.925257314218321358e-02 -1.554976374716594487e-02
3.183769700234129196e-02 -1.547058327085753041e-02
3.453042063760936031e-02 -1.541757978295607220e-02
3.733044478364233587e-02 -1.538109487510491702e-02
4.023745825091396000e-02 -1.535113015527191441e-02
4.325113795930202176e-02 -1.531598495099828483e-02
4.637114897399441382e-02 -1.525567078101399549e-02
4.959714454271368922e-02 -1.514904234139699893e-02
5.292876613425423482e-02 -1.498169433164822477e-02
5.636564347832906385e-02 -1.474608889313401908e-02
5.990739460672012129e-02 -1.445264755398330443e-02
6.355362589573076981e-02 -1.411532896237076284e-02
6.730393210993146358e-02 -1.374675868259091910e-02
7.115789644719716645e-02 -1.336252509079766289e-02
7.511509058502996439e-02 -1.298597465982848087e-02
7.917507472816209813e-02 -1.263334272138094162e-02
8.333739765743386485e-02 -1.230402856990771288e-02
8.760159677994161509e-02 -1.199368932054228377e-02
9.196719818044885031e-02 -1.169506225619544246e-02
9.643371667405697956e-02 -1.139952872236684595e-02
1.010006558601274085e-01 -1.109707658720122600e-02
1.056675081774507419e-01 -1.078227458267289225e-02
1.104337549606562163e-01 -1.045540779875235755e-02
1.152988664978553679e-01 -1.011836406768247543e-02
1.202623020895129402e-01 -9.774317790468119160e-03
1.253235101085391490e-01 -9.426489540920415799e-03
1.304819280615971966e-01 -9.078120833561678302e-03
1.357369826516168221e-01 -8.732873962005343813e-03
1.410880898415101115e-01 -8.394798440726373989e-03
1.465346549190801317e-01 -8.068837356948344725e-03
1.520760725631161714e-01 -7.760071943046309775e-03
1.577117269106679265e-01 -7.470132142950267062e-03
1.634409916254914164e-01 -7.198660037743069909e-03
1.692632299676588570e-01 -6.943730519837863248e-03
1.751777948643248317e-01 -6.702814214636835730e-03
1.811840289816407656e-01 -6.473704523743095164e-03
1.872812647978095990e-01 -6.254062388654668680e-03
1.934688246772731102e-01 -6.040391944652193264e-03
1.997460209460230063e-01 -5.829236705543069941e-03
2.061121559680280102e-01 -5.618591703378558559e-03
2.125665222227673956e-01 -5.407445366365018491e-03
2.191084023838638650e-01 -5.196829004005571080e-03
2.257370693988056676e-01 -4.988007719822887959e-03
2.324517865697500740e-01 -4.781800752722636071e-03
2.392518076353984391e-01 -4.579098059507815538e-03
2.461363768539343022e-01 -4.381101708896729605e-03
2.531047290870154232e-01 -4.189030915225905316e-03
2.601560898848094272e-01 -4.004062424895944890e-03
2.672896755720651774e-01 -3.827453540604215231e-03
2.745046933352085494e-01 -3.660592971426143358e-03
2.818003413104546162e-01 -3.504911685035882497e-03
2.891758086729252497e-01 -3.361883500708712745e-03
2.966302757267624823e-01 -3.233054830104108244e-03
3.041629139962280792e-01 -3.119981157358542832e-03
3.117728863177794407e-01 -3.022891770138569877e-03
3.194593469331089564e-01 -2.940785756353072201e-03
3.272214415831418144e-01 -2.872492693656655046e-03
3.350583076029753915e-01 -2.816740549806935959e-03
3.429690740177547825e-01 -2.772190994392743392e-03
3.509528616394713696e-01 -2.737441716464052762e-03
3.590087831646743277e-01 -2.710879673349968471e-03
3.671359432730831873e-01 -2.690785191327243336e-03
3.753334387270930161e-01 -2.675501372539038081e-03
3.836003584721576765e-01 -2.663313832263098768e-03
3.919357837380436083e-01 -2.651972771816325965e-03
4.003387881409395943e-01 -2.639297706001549407e-03
4.088084377864137364e-01 -2.624490555504817649e-03
4.173437913732044313e-01 -2.607515891517434882e-03
4.259439002978354649e-01 -2.589696376653693316e-03
4.346078087600411255e-01 -2.572602333509906546e-03
4.433345538689928977e-01 -2.557443611300293761e-03
4.521231657503131940e-01 -2.545471969154688464e-03
4.609726676538650203e-01 -2.538275583435721169e-03
4.698820760623064752e-01 -2.537425305401993462e-03
4.788504008003974244e-01 -2.544314253197472314e-03
4.878766451450451402e-01 -2.560530923664141797e-03
4.969598059360780251e-01 -2.588085798901366887e-03
5.060988736877365390e-01 -2.628242191255110525e-03
5.152928327008634568e-01 -2.680943146997720287e-03
5.245406611757882365e-01 -2.745546139312023473e-03
5.338413313258880688e-01 -2.820771517143187777e-03
5.431938094918128401e-01 -2.905405957808775228e-03
5.525970562563653488e-01 -2.998363264754190776e-03
5.620500265600203438e-01 -3.098458024245154176e-03
5.715516698170692855e-01 -3.204397262504358850e-03
5.811009300323815019e-01 -3.314838294668080807e-03
5.906967459187653091e-01 -3.428406232627669026e-03
6.003380510149177729e-01 -3.543794961974244470e-03
6.100237738039482327e-01 -3.659822356455304151e-03
6.197528378324663745e-01 -3.776079057625912616e-03
6.295241618302156450e-01 -3.892596573164589045e-03
6.393366598302444581e-01 -4.009306304444322858e-03
6.491892412895989839e-01 -4.126091341391152460e-03
6.590808112105230876e-01 -4.242860079031629539e-03
6.690102702621547603e-01 -4.359536216807734753e-03
6.789765149027036095e-01 -4.476069584102520746e-03
6.889784375020977514e-01 -4.592392841391075564e-03
6.990149264650814542e-01 -4.708321521459020616e-03
7.090848663547572039e-01 -4.824156168201593729e-03
7.191871380165538730e-01 -4.942113848800134927e-03
7.293206187026060050e-01 -5.064895471271630041e-03
7.394841821965345563e-01 -5.195326113905677536e-03
7.496766989386134394e-01 -5.336308656568112055e-03
7.598970361513051053e-01 -5.490882538978238657e-03
7.701440579651563922e-01 -5.662021240318592004e-03
7.804166255450371015e-01 -5.852518325200971316e-03
7.907135972167069760e-01 -6.065481695912301914e-03
8.010338285937002034e-01 -6.304545492242720484e-03
8.113761727045106786e-01 -6.569761596588914038e-03
8.217394801200630372e-01 -6.855765282445369820e-03
8.321225990814590245e-01 -7.155872462630607188e-03
8.425243756279822138e-01 -7.462321607874719369e-03
8.529436537253458628e-01 -7.767911629651229333e-03
8.633792753941731402e-01 -8.066043836924280050e-03
8.738300808386934015e-01 -8.349024698797649982e-03
8.842949085756387495e-01 -8.608321175280016571e-03
8.947725955633289985e-01 -8.837675565498906080e-03
9.052619773309316109e-01 -9.029805773809415972e-03
9.157618881078770645e-01 -9.146433541142799661e-03
9.262711609534211021e-01 -9.129321130822253341e-03
9.367886278863364335e-01 -8.916388155430544221e-03
9.473131200147204556e-01 -8.443859601557751268e-03
9.578434676659028923e-01 -7.649219752777249026e-03
9.683785005164411430e-01 -6.470377702190082368e-03
9.789170477221889044e-01 -4.844421349852173937e-03
9.894579380484205267e-01 -2.708327581970767107e-03
9.999999999999998890e-01 -3.299892151228956432e-09
