9.999999999999998890e-01 3.299657830787451965e-03
9.894579380484205267e-01 5.411462390983000012e-03
9.789170477221889044e-01 7.387509317772866617e-03
9.683785005164411430e-01 9.306157539701952197e-03
9.578434676659028923e-01 1.116677138548322415e-02
9.473131200147204556e-01 1.296165054443498311e-02
9.367886278863364335e-01 1.470806869948186775e-02
9.262711609534211021e-01 1.641777216672145670e-02
9.157618881078770645e-01 1.808056401501470511e-02
9.052619773309316109e-01 1.969686808131075259e-02
8.947725955633289985e-01 2.129259756819128213e-02
8.842949085756387495e-01 2.287511032436435887e-02
8.738300808386934015e-01 2.441835964386298782e-02
8.633792753941731402e-01 2.591750586079265284e-02
8.529436537253458628e-01 2.739910972823524082e-02
8.425243756279822138e-01 2.886494039948157495e-02
8.321225990814590245e-01 3.028773195715177627e-02
8.217394801200630372e-01 3.166833844110467089e-02
8.113761727045106786e-01 3.303391316167757219e-02
8.010338285937002034e-01 3.438133517243511378e-02
7.907135972167069760e-01 3.568481200336397902e-02
7.804166255450371015e-01 3.694888291952163478e-02
7.701440579651563922e-01 3.819628008058210955e-02
7.598970361513051053e-01 3.942282951158961046e-02
7.496766989386134394e-01 4.061133439568998665e-02
7.394841821965345563e-01 4.176396579709656942e-02
7.293206187026060050e-01 4.288867738254468348e-02
7.191871380165538730e-01 4.397098149424228525e-02
7.090848663547572039e-01 4.499641471467852316e-02
6.990149264650814542e-01 4.599743597999223638e-02
6.889784375020977514e-01 4.700608343735703659e-02
6.789765149027036095e-01 4.798606327849454234e-02
6.690102702621547603e-01 4.890134046590580846e-02
6.590808112105230876e-01 4.978252192585314734e-02
6.491892412895989839e-01 5.065341168808153161e-02
6.393366598302444581e-01 5.147435280293431031e-02
6.295241618302156450e-01 5.221899536205881071e-02
6.197528378324663745e-01 5.292156123684765845e-02
6.100237738039482327e-01 5.360694291300863862e-02
6.003380510149177729e-01 5.426268807824810581e-02
5.906967459187653091e-01 5.487348677755887749e-02
5.811009300323815019e-01 5.542720884182890384e-02
5.715516698170692855e-01 5.592829709580518505e-02
5.620500265600203438e-01 5.640384400582689611e-02
5.525970562563653488e-01 5.686116356866153382e-02
5.431938094918128401e-01 5.728219941669178417e-02
5.338413313258880688e-01 5.766218380785926440e-02
5.245406611757882365e-01 5.801116411931129396e-02
5.152928327008634568e-01 5.833499362521229331e-02
5.060988736877365390e-01 5.863473682970871126e-02
4.969598059360780251e-01 5.890302058232958077e-02
4.878766451450451402e-01 5.912872324308281191e-02
4.788504008003974244e-01 5.932490327293538784e-02
4.698820760623064752e-01 5.951445986631410251e-02
4.609726676538650203e-01 5.967777931737529296e-02
4.521231657503131940e-01 5.978265051772781863e-02
4.433345538689928977e-01 5.986088215687432323e-02
4.346078087600411255e-01 5.995890073885999649e-02
4.259439002978354649e-01 6.005079054951214385e-02
4.173437913732044313e-01 6.009597675455746052e-02
4.088084377864137364e-01 6.010506299509268263e-02
4.003387881409395943e-01 6.010142359592616362e-02
3.919357837380436083e-01 6.010002903780149730e-02
3.836003584721576765e-01 6.010122561078911491e-02
3.753334387270930161e-01 6.006545287873704675e-02
3.671359432730831873e-01 5.997359568354751480e-02
3.590087831646743277e-01 5.988073186270947285e-02
3.509528616394713696e-01 5.981751682574163592e-02
3.429690740177547825e-01 5.973528024902673150e-02
3.350583076029753915e-01 5.960415813246228850e-02
3.272214415831418144e-01 5.944766713121756030e-02
3.194593469331089564e-01 5.928806685205401800e-02
3.117728863177794407e-01 5.913650607453693059e-02
3.041629139962280792e-01 5.898558049890016003e-02
2.966302757267624823e-01 5.880592156206168597e-02
2.891758086729252497e-01 5.858844411434858956e-02
2.818003413104546162e-01 5.834720062319934814e-02
2.745046933352085494e-01 5.808595684196662945e-02
2.672896755720651774e-01 5.779928612639385899e-02
2.601560898848094272e-01 5.750188511351045362e-02
2.531047290870154232e-01 5.722145834437943751e-02
2.461363768539343022e-01 5.695196167483391331e-02
2.392518076353984391e-01 5.666541641141540492e-02
2.324517865697500740e-01 5.633687082779442051e-02
2.257370693988056676e-01 5.595006044324343092e-02
2.191084023838638650e-01 5.554041475537414840e-02
2.125665222227673956e-01 5.515619001689006651e-02
2.061121559680280102e-01 5.477883977126155740e-02
1.997460209460230063e-01 5.437304610538597899e-02
1.934688246772731102e-01 5.394761156861126866e-02
1.872812647978095990e-01 5.351965537496745917e-02
1.811840289816407656e-01 5.308295037623986246e-02
1.751777948643248317e-01 5.262559181642939565e-02
1.692632299676588570e-01 5.213702979246286062e-02
1.634409916254914164e-01 5.161728643062538091e-02
1.577117269106679265e-01 5.109540674981245811e-02
1.520760725631161714e-01 5.058696934598362616e-02
1.465346549190801317e-01 5.006411608169786948e-02
1.410880898415101115e-01 4.951525851836897224e-02
1.357369826516168221e-01 4.897256543138891333e-02
1.304819280615971966e-01 4.844654661522553724e-02
1.253235101085391490e-01 4.790422763995726835e-02
1.202623020895129402e-01 4.733148668647581964e-02
1.152988664978553679e-01 4.674550532193572777e-02
1.104337549606562163e-01 4.615362998152099799e-02
1.056675081774507419e-01 4.554942079796212712e-02
1.010006558601274085e-01 4.493396838551231426e-02
9.643371667405697956e-02 4.431568915616348331e-02
9.196719818044885031e-02 4.368884529522495258e-02
8.760159677994161509e-02 4.303680096420591655e-02
8.333739765743386485e-02 4.235729103010197477e-02
7.917507472816209813e-02 4.165807796623988146e-02
7.511509058502996439e-02 4.094429004923080817e-02
7.115789644719716645e-02 4.021913765053444084e-02
6.730393210993146358e-02 3.948378898507139828e-02
6.355362589573076981e-02 3.873804344293731855e-02
5.990739460672012129e-02 3.797919104377802529e-02
5.636564347832906385e-02 3.720390147446283463e-02
5.292876613425423482e-02 3.641106796152701608e-02
4.959714454271368922e-02 3.560044953401989010e-02
4.637114897399441382e-02 3.477229074996569802e-02
4.325113795930202176e-02 3.392751956551306319e-02
4.023745825091396000e-02 3.306908685302883261e-02
3.733044478364233587e-02 3.219725001220324206e-02
3.453042063760936031e-02 3.130262310569849327e-02
3.183769700234129196e-02 3.037599759996495799e-02
2.925257314218321358e-02 2.941327245373268062e-02
2.677533636303963682e-02 2.841485959720487300e-02
2.440626198044326678e-02 2.738901817822028684e-02
2.214561328895736647e-02 2.634600103774696958e-02
1.999364153291383062e-02 2.529759797361452386e-02
1.795058587848985532e-02 2.424360314719803400e-02
1.601667338712764455e-02 2.316598198391402880e-02
1.419211899029970692e-02 2.205206923843325978e-02
1.247712546562085301e-02 2.089783661379463961e-02
1.087188341431266636e-02 1.970301858704771522e-02
9.376571240020115106e-03 1.847134255030968494e-02
7.991355128984078959e-03 1.721787096167041661e-02
6.716389031571567969e-03 1.596674485088419790e-02
5.551814645166519568e-03 1.473031465264741137e-02
4.497761398421062928e-03 1.350641384001486506e-02
3.554346436871580472e-03 1.223150740848857887e-02
2.721674609919344512e-03 1.081031543474379221e-02
1.999838459177394334e-03 9.208130030690195311e-03
1.388918208186096237e-03 7.425484561637605771e-03
8.889817534969424173e-04 5.484213769605860746e-03
5.000846571264760954e-04 3.456012655319941167e-03
2.222701403818971855e-04 1.653181964734420266e-03
5.556907905679420168e-05 4.395172056987559344e-04
0.000000000000000000e+00 -6.818857212035166749e-08
0.000000000000000000e+00 -4.323778531274096951e-07
5.556907905679420168e-05 -4.366096820172858748e-04
2.222701403818971855e-04 -1.642577926861448585e-03
5.000846571264760954e-04 -3.436545270234390905e-03
8.889817534969424173e-04 -5.461965814489735255e-03
1.388918208186096237e-03 -7.410847844508569766e-03
1.999838459177394334e-03 -9.205483877564436465e-03
2.721674609919344512e-03 -1.081735977757560321e-02
3.554346436871580472e-03 -1.224172610958989757e-02
4.497761398421062928e-03 -1.351266563242557034e-02
5.551814645166519568e-03 -1.473095342178565650e-02
6.716389031571567969e-03 -1.596394291483484856e-02
7.991355128984078959e-03 -1.721387443155327976e-02
9.376571240020115106e-03 -1.846819336098552700e-02
1.087188341431266636e-02 -1.970261189944786176e-02
1.247712546562085301e-02 -2.090148415938534315e-02
1.419211899029970692e-02 -2.205996933463168913e-02
1.601667338712764455e-02 -2.317650718302904922e-02
1.795058587848985532e-02 -2.425263674550747969e-02
1.999364153291383062e-02 -2.529832251999535389e-02
2.214561328895736647e-02 -2.632908694801019966e-02
2.440626198044326678e-02 -2.734680045772359611e-02
2.677533636303963682e-02 -2.834436731811053670e-02
2.925257314218321358e-02 -2.931829318263065240e-02
3.183769700234129196e-02 -3.026735513782689499e-02
3.453042063760936031e-02 -3.119136243086009785e-02
3.733044478364233587e-02 -3.209105461043649382e-02
4.023745825091396000e-02 -3.297007714747105661e-02
4.325113795930202176e-02 -3.383226620219903502e-02
4.637114897399441382e-02 -3.467642287876517709e-02
4.959714454271368922e-02 -3.550031341233232662e-02
5.292876613425423482e-02 -3.630436708701577364e-02
5.636564347832906385e-02 -3.709260891558369827e-02
5.990739460672012129e-02 -3.787929372532525957e-02
6.355362589573076981e-02 -3.867305009557363282e-02
6.730393210993146358e-02 -3.945930126398269899e-02
7.115789644719716645e-02 -4.022276679219596862e-02
7.511509058502996439e-02 -4.095682412678752771e-02
7.917507472816209813e-02 -4.166166289564304098e-02
8.333739765743386485e-02 -4.234865354170854607e-02
8.760159677994161509e-02 -4.302745329177067035e-02
9.196719818044885031e-02 -4.370244458606219184e-02
9.643371667405697956e-02 -4.437523198167391686e-02
1.010006558601274085e-01 -4.504415598860447845e-02
1.056675081774507419e-01 -4.570667019745589671e-02
1.104337549606562163e-01 -4.635953471627899530e-02
1.152988664978553679e-01 -4.700123459364840411e-02
1.202623020895129402e-01 -4.763196816373471004e-02
1.253235101085391490e-01 -4.825046033127590450e-02
1.304819280615971966e-01 -4.885426005858043569e-02
1.357369826516168221e-01 -4.944303457999534718e-02
1.410880898415101115e-01 -5.001720971349313954e-02
1.465346549190801317e-01 -5.056857653929002633e-02
1.520760725631161714e-01 -5.108718746562586344e-02
1.577117269106679265e-01 -5.159349531416657780e-02
1.634409916254914164e-01 -5.211666773231535266e-02
1.692632299676588570e-01 -5.263831391621005135e-02
1.751777948643248317e-01 -5.312589474696381014e-02
1.811840289816407656e-01 -5.358186559478183425e-02
1.872812647978095990e-01 -5.401998180851962095e-02
1.934688246772731102e-01 -5.444887799035098147e-02
1.997460209460230063e-01 -5.487179192297977209e-02
2.061121559680280102e-01 -5.527697157297821462e-02
2.125665222227673956e-01 -5.565894658394135441e-02
2.191084023838638650e-01 -5.604355780247920193e-02
2.257370693988056676e-01 -5.644483284752233043e-02
2.324517865697500740e-01 -5.682963683606343658e-02
2.392518076353984391e-01 -5.717627317912988422e-02
2.461363768539343022e-01 -5.750458127733104607e-02
2.531047290870154232e-01 -5.782506245581053167e-02
2.601560898848094272e-01 -5.812136642848490797e-02
2.672896755720651774e-01 -5.838771148876734096e-02
2.745046933352085494e-01 -5.863847665453236074e-02
2.818003413104546162e-01 -5.887261544477244424e-02
2.891758086729252497e-01 -5.906797465966807936e-02
2.966302757267624823e-01 -5.922911809454521614e-02
3.041629139962280792e-01 -5.938950947742054065e-02
3.117728863177794407e-01 -5.954895951287539346e-02
3.194593469331089564e-01 -5.967700339072028876e-02
3.272214415831418144e-01 -5.977318284320354280e-02
3.350583076029753915e-01 -5.985936782683222435e-02
3.429690740177547825e-01 -5.993609251748620997e-02
3.509528616394713696e-01 -5.999011355662552808e-02
3.590087831646743277e-01 -6.001320148148019812e-02
3.671359432730831873e-01 -6.000070945937301115e-02
3.753334387270930161e-01 -5.995332822266563610e-02
3.836003584721576765e-01 -5.987324541126433364e-02
3.919357837380436083e-01 -5.975689346088246950e-02
4.003387881409395943e-01 -5.960234124502014619e-02
4.088084377864137364e-01 -5.942704661527259402e-02
4.173437913732044313e-01 -5.924557247504506213e-02
4.259439002978354649e-01 -5.903500641290961026e-02
4.346078087600411255e-01 -5.877204075155728624e-02
4.433345538689928977e-01 -5.846536678034081058e-02
4.521231657503131940e-01 -5.812487250733863742e-02
4.609726676538650203e-01 -5.774448348652412577e-02
4.698820760623064752e-01 -5.731921445421513106e-02
4.788504008003974244e-01 -5.685309841587873891e-02
4.878766451450451402e-01 -5.633566472878191733e-02
4.969598059360780251e-01 -5.572602096902055241e-02
5.060988736877365390e-01 -5.501976840359060900e-02
5.152928327008634568e-01 -5.427704971050451715e-02
5.245406611757882365e-01 -5.350525172571562321e-02
5.338413313258880688e-01 -5.263261733332201542e-02
5.431938094918128401e-01 -5.164928955229920737e-02
5.525970562563653488e-01 -5.062166151018936827e-02
5.620500265600203438e-01 -4.955828568063524314e-02
5.715516698170692855e-01 -4.840838965359912233e-02
5.811009300323815019e-01 -4.715097679923302421e-02
5.906967459187653091e-01 -4.579315273585685131e-02
6.003380510149177729e-01 -4.435911941038046119e-02
6.100237738039482327e-01 -4.288115689266768643e-02
6.197528378324663745e-01 -4.135776819302268426e-02
6.295241618302156450e-01 -3.976876330454386793e-02
6.393366598302444581e-01 -3.810442939968792381e-02
6.491892412895989839e-01 -3.636408926468383956e-02
6.590808112105230876e-01 -3.457221004334984360e-02
6.690102702621547603e-01 -3.275644150115806369e-02
6.789765149027036095e-01 -3.090547713448001110e-02
6.889784375020977514e-01 -2.900439904573746952e-02
6.990149264650814542e-01 -2.708171389576910157e-02
7.090848663547572039e-01 -2.516799073052645302e-02
7.191871380165538730e-01 -2.325627713566493296e-02
7.293206187026060050e-01 -2.133394629627821323e-02
7.394841821965345563e-01 -1.939755706502366284e-02
7.496766989386134394e-01 -1.745407029870270355e-02
7.598970361513051053e-01 -1.553229952190536729e-02
7.701440579651563922e-01 -1.365765334701149643e-02
7.804166255450371015e-01 -1.184099988942323781e-02
7.907135972167069760e-01 -1.007409258394749256e-02
8.010338285937002034e-01 -8.319065164681489419e-03
8.113761727045106786e-01 -6.580684930966063627e-03
8.217394801200630372e-01 -4.929991462029927225e-03
8.321225990814590245e-01 -3.392978404133116781e-03
8.425243756279822138e-01 -1.934253573177871196e-03
8.529436537253458628e-01 -5.547822862606878718e-04
8.633792753941731402e-01 7.028537563308385897e-04
8.738300808386934015e-01 1.809002122436645116e-03
8.842949085756387495e-01 2.747777641862954139e-03
8.947725955633289985e-01 3.510837040920033580e-03
9.052619773309316109e-01 4.091877338128290832e-03
9.157618881078770645e-01 4.447957244290689019e-03
9.262711609534211021e-01 4.521272253041901459e-03
9.367886278863364335e-01 4.328420017463409548e-03
9.473131200147204556e-01 3.917256550287913364e-03
9.578434676659028923e-01 3.275818286192148324e-03
9.683785005164411430e-01 2.365043537593343806e-03
9.789170477221889044e-01 1.142693313651145168e-03
9.894579380484205267e-01 -4.108906913602654418e-04
9.999999999999998890e-01 -2.200105283535367870e-03
