9.999999999999998890e-01 -3.694646431978120829e-10
9.894579380484205267e-01 2.128086738821362116e-03
9.789170477221889044e-01 4.339438291497816486e-03
9.683785005164411430e-01 6.623379573328776367e-03
9.578434676659028923e-01 8.969129199857832704e-03
9.473131200147204556e-01 1.136591971516162994e-02
9.367886278863364335e-01 1.380308114495338613e-02
9.262711609534211021e-01 1.626990344919181791e-02
9.157618881078770645e-01 1.875555059589938470e-02
9.052619773309316109e-01 2.124939307321222978e-02
8.947725955633289985e-01 2.374126316688499744e-02
8.842949085756387495e-01 2.622346694692415797e-02
8.738300808386934015e-01 2.869215452386807488e-02
8.633792753941731402e-01 3.114359534712346153e-02
8.529436537253458628e-01 3.357377003887991596e-02
8.425243756279822138e-01 3.597886788161331478e-02
8.321225990814590245e-01 3.835532624589912259e-02
8.217394801200630372e-01 4.069938343578639872e-02
8.113761727045106786e-01 4.300711589114580846e-02
8.010338285937002034e-01 4.527523596540789647e-02
7.907135972167069760e-01 4.750130310200730011e-02
7.804166255450371015e-01 4.968698734286808999e-02
7.701440579651563922e-01 5.183667631497053396e-02
7.598970361513051053e-01 5.395432017678081227e-02
7.496766989386134394e-01 5.604360215555012625e-02
7.394841821965345563e-01 5.810828864644172753e-02
7.293206187026060050e-01 6.015218078021544734e-02
7.191871380165538730e-01 6.217903957366260892e-02
7.090848663547572039e-01 6.419253319850637407e-02
6.990149264650814542e-01 6.619592532228622817e-02
6.889784375020977514e-01 6.819095023069306205e-02
6.789765149027036095e-01 7.017330180168343534e-02
6.690102702621547603e-01 7.213720983214849669e-02
6.590808112105230876e-01 7.407750303808606496e-02
6.491892412895989839e-01 7.598909576479005723e-02
6.393366598302444581e-01 7.786676322414343154e-02
6.295241618302156450e-01 7.970547024168822547e-02
6.197528378324663745e-01 8.150070422026887973e-02
6.100237738039482327e-01 8.324780240218256078e-02
6.003380510149177729e-01 8.494166960058666116e-02
5.906967459187653091e-01 8.657962480439318487e-02
5.811009300323815019e-01 8.816319758482260571e-02
5.715516698170692855e-01 8.969473194720713194e-02
5.620500265600203438e-01 9.117714786973443730e-02
5.525970562563653488e-01 9.261328071044096222e-02
5.431938094918128401e-01 9.400580165328649429e-02
5.338413313258880688e-01 9.535717225724164858e-02
5.245406611757882365e-01 9.666967608634088882e-02
5.152928327008634568e-01 9.794604478439390693e-02
5.060988736877365390e-01 9.918926832404831306e-02
4.969598059360780251e-01 1.004005165358263230e-01
4.878766451450451402e-01 1.015792788507996897e-01
4.788504008003974244e-01 1.027212093703075702e-01
4.698820760623064752e-01 1.038197993960544852e-01
4.609726676538650203e-01 1.048698348332903207e-01
4.521231657503131940e-01 1.058667362736565032e-01
4.433345538689928977e-01 1.068056316631764840e-01
4.346078087600411255e-01 1.076816684845899735e-01
4.259439002978354649e-01 1.084908279755284893e-01
4.173437913732044313e-01 1.092293039646055203e-01
4.088084377864137364e-01 1.098929056503712837e-01
4.003387881409395943e-01 1.104779171884071598e-01
3.919357837380436083e-01 1.109828827491912556e-01
3.836003584721576765e-01 1.114075980360019896e-01
3.753334387270930161e-01 1.117541036561683493e-01
3.671359432730831873e-01 1.120246642836164042e-01
3.590087831646743277e-01 1.122209682795691638e-01
3.509528616394713696e-01 1.123447427443485663e-01
3.429690740177547825e-01 1.123980027606064497e-01
3.350583076029753915e-01 1.123827340975817740e-01
3.272214415831418144e-01 1.123008004001178062e-01
3.194593469331089564e-01 1.121541044276665594e-01
3.117728863177794407e-01 1.119446283616911536e-01
3.041629139962280792e-01 1.116743393720233957e-01
2.966302757267624823e-01 1.113451280466436766e-01
2.891758086729252497e-01 1.109575778622969022e-01
2.818003413104546162e-01 1.105108605613343148e-01
2.745046933352085494e-01 1.100042533089821695e-01
2.672896755720651774e-01 1.094372086963403823e-01
2.601560898848094272e-01 1.088093784999791536e-01
2.531047290870154232e-01 1.081205810861766980e-01
2.461363768539343022e-01 1.073708381587722555e-01
2.392518076353984391e-01 1.065603216624069760e-01
2.324517865697500740e-01 1.056893944848776995e-01
2.257370693988056676e-01 1.047585516146410795e-01
2.191084023838638650e-01 1.037685066497661263e-01
2.125665222227673956e-01 1.027200965582414222e-01
2.061121559680280102e-01 1.016143051684581244e-01
1.997460209460230063e-01 1.004522387388344096e-01
1.934688246772731102e-01 9.923534077114694318e-02
1.872812647978095990e-01 9.796521580532506490e-02
1.811840289816407656e-01 9.664369594474349345e-02
1.751777948643248317e-01 9.527271676400551892e-02
1.692632299676588570e-01 9.385436564987131858e-02
1.634409916254914164e-01 9.239076677678569050e-02
1.577117269106679265e-01 9.088405713947672604e-02
1.520760725631161714e-01 8.933653804195215709e-02
1.465346549190801317e-01 8.775089535447685996e-02
1.410880898415101115e-01 8.613033984547190103e-02
1.357369826516168221e-01 8.447900203177835521e-02
1.304819280615971966e-01 8.280099113650273013e-02
1.253235101085391490e-01 8.110020279747759409e-02
1.202623020895129402e-01 7.938038746742062668e-02
1.152988664978553679e-01 7.764512484880768672e-02
1.104337549606562163e-01 7.589806721995250027e-02
1.056675081774507419e-01 7.414293848639440243e-02
1.010006558601274085e-01 7.238284984008923340e-02
9.643371667405697956e-02 7.062008092293727002e-02
9.196719818044885031e-02 6.885312961272087307e-02
8.760159677994161509e-02 6.707749127901729835e-02
8.333739765743386485e-02 6.529005197801179827e-02
7.917507472816209813e-02 6.348880023797309757e-02
7.511509058502996439e-02 6.167240312587757983e-02
7.115789644719716645e-02 5.983994372777799720e-02
6.730393210993146358e-02 5.799075458535401378e-02
6.355362589573076981e-02 5.612448059620282759e-02
5.990739460672012129e-02 5.424205240078208701e-02
5.636564347832906385e-02 5.234494322499182173e-02
5.292876613425423482e-02 5.043471101708778270e-02
4.959714454271368922e-02 4.851373591703331267e-02
4.637114897399441382e-02 4.658796779758642148e-02
4.325113795930202176e-02 4.466480227426478100e-02
4.023745825091396000e-02 4.275327340867971643e-02
3.733044478364233587e-02 4.086216683539231620e-02
3.453042063760936031e-02 3.899835379066583785e-02
3.183769700234129196e-02 3.716841002283403916e-02
2.925257314218321358e-02 3.537907857612894447e-02
2.677533636303963682e-02 3.363618812799828994e-02
2.440626198044326678e-02 3.194339001430061137e-02
2.214561328895736647e-02 3.028704886697377446e-02
1.999364153291383062e-02 2.862372592916512942e-02
1.795058587848985532e-02 2.691815364919824399e-02
1.601667338712764455e-02 2.515191698773426229e-02
1.419211899029970692e-02 2.331633341337454104e-02
1.247712546562085301e-02 2.141346158859724555e-02
1.087188341431266636e-02 1.945304329156895620e-02
9.376571240020115106e-03 1.745245147455154466e-02
7.991355128984078959e-03 1.543388439432962639e-02
6.716389031571567969e-03 1.342367989552884291e-02
5.551814645166519568e-03 1.145070415357939825e-02
4.497761398421062928e-03 9.545617917196980856e-03
3.554346436871580472e-03 7.739173007492075769e-03
2.721674609919344512e-03 6.061930042970661847e-03
1.999838459177394334e-03 4.542459782501532747e-03
1.388918208186096237e-03 3.207768747718650181e-03
8.889817534969424173e-04 2.081134594813089950e-03
5.000846571264760954e-04 1.183310403623159552e-03
2.222701403818971855e-04 5.298152664975861468e-04
5.556907905679420168e-05 1.330971785081721008e-04
0.000000000000000000e+00 -2.430781032515118333e-09
0.000000000000000000e+00 3.200135929398400163e-09
5.556907905679420168e-05 -1.253709966107681146e-04
2.222701403818971855e-04 -4.980984722820761728e-04
5.000846571264760954e-04 -1.109181506556934736e-03
8.889817534969424173e-04 -1.942255306746673571e-03
1.388918208186096237e-03 -2.976930831702067053e-03
1.999838459177394334e-03 -4.185972200262757376e-03
2.721674609919344512e-03 -5.538864761626247427e-03
3.554346436871580472e-03 -7.000270390458148730e-03
4.497761398421062928e-03 -8.532880619254118101e-03
5.551814645166519568e-03 -1.009691552265297096e-02
6.716389031571567969e-03 -1.165248890910693808e-02
7.991355128984078959e-03 -1.316004466473922122e-02
9.376571240020115106e-03 -1.458262398844559909e-02
1.087188341431266636e-02 -1.588689619482114637e-02
1.247712546562085301e-02 -1.704530069711605866e-02
1.419211899029970692e-02 -1.803698964984450093e-02
1.601667338712764455e-02 -1.885164660479810364e-02
1.795058587848985532e-02 -1.948954795813217719e-02
1.999364153291383062e-02 -1.996567374593350222e-02
2.214561328895736647e-02 -2.030832516499770160e-02
2.440626198044326678e-02 -2.056888162544691021e-02
2.677533636303963682e-02 -2.081011038283185274e-02
2.925257314218321358e-02 -2.105590925577030537e-02
3.183769700234129196e-02 -2.130778605027546652e-02
3.453042063760936031e-02 -2.156569758161527850e-02
3.733044478364233587e-02 -2.182909037334629376e-02
4.023745825091396000e-02 -2.209808330314816036e-02
4.325113795930202176e-02 -2.237312560714964371e-02
4.637114897399441382e-02 -2.265499828793727383e-02
4.959714454271368922e-02 -2.294428623034782538e-02
5.292876613425423482e-02 -2.324025706634798988e-02
5.636564347832906385e-02 -2.354074097606051463e-02
5.990739460672012129e-02 -2.383971869312972308e-02
6.355362589573076981e-02 -2.413032103091755989e-02
6.730393210993146358e-02 -2.440569332329631941e-02
7.115789644719716645e-02 -2.465777901138605649e-02
7.511509058502996439e-02 -2.487561868565000764e-02
7.917507472816209813e-02 -2.505259197107458091e-02
8.333739765743386485e-02 -2.519179899772389097e-02
8.760159677994161509e-02 -2.529884771247258024e-02
9.196719818044885031e-02 -2.538163959346008761e-02
9.643371667405697956e-02 -2.544970512299597754e-02
1.010006558601274085e-01 -2.551444476678755777e-02
1.056675081774507419e-01 -2.558264670887902548e-02
1.104337549606562163e-01 -2.565531014485521524e-02
1.152988664978553679e-01 -2.573205404489401285e-02
1.202623020895129402e-01 -2.581145705745556060e-02
1.253235101085391490e-01 -2.589232714897696241e-02
1.304819280615971966e-01 -2.597368515150349708e-02
1.357369826516168221e-01 -2.605422327431668184e-02
1.410880898415101115e-01 -2.613237571632115105e-02
1.465346549190801317e-01 -2.620641443575874585e-02
1.520760725631161714e-01 -2.627458011874396829e-02
1.577117269106679265e-01 -2.633566483004919079e-02
1.634409916254914164e-01 -2.638877226985533037e-02
1.692632299676588570e-01 -2.643321458097239868e-02
1.751777948643248317e-01 -2.646836927066936393e-02
1.811840289816407656e-01 -2.649348636622383957e-02
1.872812647978095990e-01 -2.650777050347269403e-02
1.934688246772731102e-01 -2.651042529162532871e-02
1.997460209460230063e-01 -2.650065327625553829e-02
2.061121559680280102e-01 -2.647765401368819271e-02
2.125665222227673956e-01 -2.644064701711628523e-02
2.191084023838638650e-01 -2.638891732492394671e-02
2.257370693988056676e-01 -2.632174559958767521e-02
2.324517865697500740e-01 -2.623836699659806357e-02
2.392518076353984391e-01 -2.613800733483526845e-02
2.461363768539343022e-01 -2.601988800757821726e-02
2.531047290870154232e-01 -2.588321641339121765e-02
2.601560898848094272e-01 -2.572717533002712859e-02
2.672896755720651774e-01 -2.555093843708280618e-02
2.745046933352085494e-01 -2.535366906060090159e-02
2.818003413104546162e-01 -2.513451399100315523e-02
2.891758086729252497e-01 -2.489259962547816021e-02
2.966302757267624823e-01 -2.462704710441407027e-02
3.041629139962280792e-01 -2.433703151047780441e-02
3.117728863177794407e-01 -2.402288248338706883e-02
3.194593469331089564e-01 -2.368600163917470788e-02
3.272214415831418144e-01 -2.332799645995622603e-02
3.350583076029753915e-01 -2.295061013588754056e-02
3.429690740177547825e-01 -2.255566818007588570e-02
3.509528616394713696e-01 -2.214507731676773269e-02
3.590087831646743277e-01 -2.172102406015773493e-02
3.671359432730831873e-01 -2.128583558227569242e-02
3.753334387270930161e-01 -2.084174849144173475e-02
3.836003584721576765e-01 -2.039107324747675004e-02
3.919357837380436083e-01 -1.993683629655148420e-02
4.003387881409395943e-01 -1.948196580147347826e-02
4.088084377864137364e-01 -1.902751297333652933e-02
4.173437913732044313e-01 -1.857348973094009870e-02
4.259439002978354649e-01 -1.811804820253068785e-02
4.346078087600411255e-01 -1.765900526582174848e-02
4.433345538689928977e-01 -1.719468476820999389e-02
4.521231657503131940e-01 -1.672333829466987956e-02
4.609726676538650203e-01 -1.624270672419262165e-02
4.698820760623064752e-01 -1.575058067749968496e-02
4.788504008003974244e-01 -1.524507515827114128e-02
4.878766451450451402e-01 -1.472395268806659004e-02
4.969598059360780251e-01 -1.418421508626178246e-02
5.060988736877365390e-01 -1.362432845288532972e-02
5.152928327008634568e-01 -1.304533368050932521e-02
5.245406611757882365e-01 -1.244941997604904517e-02
5.338413313258880688e-01 -1.184002896160303402e-02
5.431938094918128401e-01 -1.122050844716839316e-02
5.525970562563653488e-01 -1.059399839178789063e-02
5.620500265600203438e-01 -9.963821520231688766e-03
5.715516698170692855e-01 -9.333502907568149570e-03
5.811009300323815019e-01 -8.706754538170742921e-03
5.906967459187653091e-01 -8.087412147773802296e-03
6.003380510149177729e-01 -7.478995664783150837e-03
6.100237738039482327e-01 -6.884534155684774413e-03
6.197528378324663745e-01 -6.304309524207784080e-03
6.295241618302156450e-01 -5.737037499507454015e-03
6.393366598302444581e-01 -5.181793683100524572e-03
6.491892412895989839e-01 -4.637799625030677997e-03
6.590808112105230876e-01 -4.104001109483008079e-03
6.690102702621547603e-01 -3.579258203258327796e-03
6.789765149027036095e-01 -3.062583946214742208e-03
6.889784375020977514e-01 -2.552972695984188391e-03
6.990149264650814542e-01 -2.049100196988003914e-03
7.090848663547572039e-01 -1.550539928759513608e-03
7.191871380165538730e-01 -1.060518654172564303e-03
7.293206187026060050e-01 -5.831898925536220654e-04
7.394841821965345563e-01 -1.229573187548376378e-04
7.496766989386134394e-01 3.156815943201964113e-04
7.598970361513051053e-01 7.281127621556389993e-04
7.701440579651563922e-01 1.109764561769907131e-03
7.804166255450371015e-01 1.456189586201438180e-03
7.907135972167069760e-01 1.762650822630167698e-03
8.010338285937002034e-01 2.023926008514648732e-03
8.113761727045106786e-01 2.237579260362292880e-03
8.217394801200630372e-01 2.405392996723065748e-03
8.321225990814590245e-01 2.529951316138713199e-03
8.425243756279822138e-01 2.614411332762656050e-03
8.529436537253458628e-01 2.661883214102526811e-03
8.633792753941731402e-01 2.675390217281205327e-03
8.738300808386934015e-01 2.657961841016472527e-03
8.842949085756387495e-01 2.612659341361086782e-03
8.947725955633289985e-01 2.542867768817291818e-03
9.052619773309316109e-01 2.451792896792766296e-03
9.157618881078770645e-01 2.337896487788416328e-03
9.262711609534211021e-01 2.196587080032637914e-03
9.367886278863364335e-01 2.022696435544508922e-03
9.473131200147204556e-01 1.810807179815844721e-03
9.578434676659028923e-01 1.555725480733772224e-03
9.683785005164411430e-01 1.252336179208960116e-03
9.789170477221889044e-01 8.953989194938115435e-04
9.894579380484205267e-01 4.796572370040008758e-04
9.999999999999998890e-01 5.319656679233936979e-10
