9.999999999999998890e-01 3.185846869690729298e-10
9.894579380484205267e-01 1.086496424784992067e-03
9.789170477221889044e-01 2.181135661271070732e-03
9.683785005164411430e-01 3.284278864142308775e-03
9.578434676659028923e-01 4.396356827611389712e-03
9.473131200147204556e-01 5.517781339869628349e-03
9.367886278863364335e-01 6.648873450267123522e-03
9.262711609534211021e-01 7.789996810319903611e-03
9.157618881078770645e-01 8.941644789980584748e-03
9.052619773309316109e-01 1.010416599430794676e-02
8.947725955633289985e-01 1.127758173136810330e-02
8.842949085756387495e-01 1.246063792692278342e-02
8.738300808386934015e-01 1.365011112108267637e-02
8.633792753941731402e-01 1.484258036725964562e-02
8.529436537253458628e-01 1.603461963917187164e-02
8.425243756279822138e-01 1.722352827941310907e-02
8.321225990814590245e-01 1.840745244522454596e-02
8.217394801200630372e-01 1.958516414169746839e-02
8.113761727045106786e-01 2.075596903876655852e-02
8.010338285937002034e-01 2.191888195565013658e-02
7.907135972167069760e-01 2.307263252619471544e-02
7.804166255450371015e-01 2.421551778594484977e-02
7.701440579651563922e-01 2.534553746380693862e-02
7.598970361513051053e-01 2.646058958688612961e-02
7.496766989386134394e-01 2.755860595038857330e-02
7.394841821965345563e-01 2.863821665132725361e-02
7.293206187026060050e-01 2.969844404411497996e-02
7.191871380165538730e-01 3.073869993421908184e-02
7.090848663547572039e-01 3.175853815978845612e-02
6.990149264650814542e-01 3.275745392003693440e-02
6.889784375020977514e-01 3.373496632269207263e-02
6.789765149027036095e-01 3.469078148492378555e-02
6.690102702621547603e-01 3.562469194858709082e-02
6.590808112105230876e-01 3.653661785284749441e-02
6.491892412895989839e-01 3.742635077476258454e-02
6.393366598302444581e-01 3.829322062477186206e-02
6.295241618302156450e-01 3.913629626890861857e-02
6.197528378324663745e-01 3.995421627609185150e-02
6.100237738039482327e-01 4.074561673862107936e-02
6.003380510149177729e-01 4.150926470592562062e-02
5.906967459187653091e-01 4.224435615593060550e-02
5.811009300323815019e-01 4.295079439661819015e-02
5.715516698170692855e-01 4.362872816856425140e-02
5.620500265600203438e-01 4.427855380673559327e-02
5.525970562563653488e-01 4.490050716861675173e-02
5.431938094918128401e-01 4.549458187831272038e-02
5.338413313258880688e-01 4.606015671582732590e-02
5.245406611757882365e-01 4.659599622259208429e-02
5.152928327008634568e-01 4.710080165707589139e-02
5.060988736877365390e-01 4.757328007188495189e-02
4.969598059360780251e-01 4.801263704554469686e-02
4.878766451450451402e-01 4.841848874081780552e-02
4.788504008003974244e-01 4.879098687750518804e-02
4.698820760623064752e-01 4.913064498049741352e-02
4.609726676538650203e-01 4.943833122964231414e-02
4.521231657503131940e-01 4.971488105832823357e-02
4.433345538689928977e-01 4.995965696750517132e-02
4.346078087600411255e-01 5.017119003511880809e-02
4.259439002978354649e-01 5.034684954153431646e-02
4.173437913732044313e-01 5.048355649906721698e-02
4.088084377864137364e-01 5.057805211151059077e-02
4.003387881409395943e-01 5.062775123731330651e-02
3.919357837380436083e-01 5.063286226854529781e-02
3.836003584721576765e-01 5.059527296891465353e-02
3.753334387270930161e-01 5.052006566775677637e-02
3.671359432730831873e-01 5.041263657688400956e-02
3.590087831646743277e-01 5.027754582973263664e-02
3.509528616394713696e-01 5.011884500463117259e-02
3.429690740177547825e-01 4.993975525786518294e-02
3.350583076029753915e-01 4.974189567527860512e-02
3.272214415831418144e-01 4.952416574305047725e-02
3.194593469331089564e-01 4.928564328796886107e-02
3.117728863177794407e-01 4.902611941053901939e-02
3.041629139962280792e-01 4.874526415535932605e-02
2.966302757267624823e-01 4.844254275629108347e-02
2.891758086729252497e-01 4.811820782110855926e-02
2.818003413104546162e-01 4.777338107272902090e-02
2.745046933352085494e-01 4.740913369732423222e-02
2.672896755720651774e-01 4.702645542134128304e-02
2.601560898848094272e-01 4.662641500803130223e-02
2.531047290870154232e-01 4.621012410672434290e-02
2.461363768539343022e-01 4.577844950512642563e-02
2.392518076353984391e-01 4.533206421581761209e-02
2.324517865697500740e-01 4.487132955904524212e-02
2.257370693988056676e-01 4.439645367829057193e-02
2.191084023838638650e-01 4.390776489986302628e-02
2.125665222227673956e-01 4.340565139106369874e-02
2.061121559680280102e-01 4.289052625094343790e-02
1.997460209460230063e-01 4.236280901942473393e-02
1.934688246772731102e-01 4.182290433586089567e-02
1.872812647978095990e-01 4.127120492814295022e-02
1.811840289816407656e-01 4.070807355570455616e-02
1.751777948643248317e-01 4.013388595860487018e-02
1.692632299676588570e-01 3.954908902537638410e-02
1.634409916254914164e-01 3.895416583809498123e-02
1.577117269106679265e-01 3.834965881509253688e-02
1.520760725631161714e-01 3.773611710609833803e-02
1.465346549190801317e-01 3.711407992713375292e-02
1.410880898415101115e-01 3.648392633939442908e-02
1.357369826516168221e-01 3.584572527322213431e-02
1.304819280615971966e-01 3.519959888694602912e-02
1.253235101085391490e-01 3.454581728708496641e-02
1.202623020895129402e-01 3.388471413236604501e-02
1.152988664978553679e-01 3.321669438677996022e-02
1.104337549606562163e-01 3.254224070636021343e-02
1.056675081774507419e-01 3.186192277486819824e-02
1.010006558601274085e-01 3.117636873524063865e-02
9.643371667405697956e-02 3.048625525462549113e-02
9.196719818044885031e-02 2.979218964709050982e-02
8.760159677994161509e-02 2.909472711692564356e-02
8.333739765743386485e-02 2.839451578303251941e-02
7.917507472816209813e-02 2.769227738226560584e-02
7.511509058502996439e-02 2.698881088439270340e-02
7.115789644719716645e-02 2.628477558277179243e-02
6.730393210993146358e-02 2.557931141244030107e-02
6.355362589573076981e-02 2.487091029398180372e-02
5.990739460672012129e-02 2.415873063162525883e-02
5.636564347832906385e-02 2.344226436471697969e-02
5.292876613425423482e-02 2.272132076444336943e-02
4.959714454271368922e-02 2.199602098793005875e-02
4.637114897399441382e-02 2.126740423590225276e-02
4.325113795930202176e-02 2.053691123936085897e-02
4.023745825091396000e-02 1.980651428991868704e-02
3.733044478364233587e-02 1.907835888193846335e-02
3.453042063760936031e-02 1.835474356536911239e-02
3.183769700234129196e-02 1.763783247489079942e-02
2.925257314218321358e-02 1.692937928282657947e-02
2.677533636303963682e-02 1.623158552257024378e-02
2.440626198044326678e-02 1.554767391082556918e-02
2.214561328895736647e-02 1.487601569185143663e-02
1.999364153291383062e-02 1.420622708914070706e-02
1.795058587848985532e-02 1.352877601591049098e-02
1.601667338712764455e-02 1.283682259398947687e-02
1.419211899029970692e-02 1.212755844550610258e-02
1.247712546562085301e-02 1.140305307509716787e-02
1.087188341431266636e-02 1.066848144049300194e-02
9.376571240020115106e-03 9.932477210220617275e-03
7.991355128984078959e-03 9.213304070457140407e-03
6.716389031571567969e-03 8.533407420275399349e-03
5.551814645166519568e-03 7.854532611971743253e-03
4.497761398421062928e-03 7.096842175759638521e-03
3.554346436871580472e-03 6.225616744778823472e-03
2.721674609919344512e-03 5.239964680505551815e-03
1.999838459177394334e-03 4.181619025982113297e-03
1.388918208186096237e-03 3.115382623413675157e-03
8.889817534969424173e-04 2.111856127426484358e-03
5.000846571264760954e-04 1.242495312123627002e-03
2.222701403818971855e-04 5.691848539810953969e-04
5.556907905679420168e-05 1.453049923330302447e-04
0.000000000000000000e+00 -1.895020368295092881e-08
0.000000000000000000e+00 -1.980711698521718232e-09
5.556907905679420168e-05 -1.009386487080839016e-04
2.222701403818971855e-04 -3.976643934947013881e-04
5.000846571264760954e-04 -8.719090104596942305e-04
8.889817534969424173e-04 -1.494175791716557044e-03
1.388918208186096237e-03 -2.228828887511643576e-03
1.999838459177394334e-03 -3.029804374244906423e-03
2.721674609919344512e-03 -3.851453359581291300e-03
3.554346436871580472e-03 -4.653090735773290736e-03
4.497761398421062928e-03 -5.398901133486888430e-03
5.551814645166519568e-03 -6.061397152805964549e-03
6.716389031571567969e-03 -6.639595271821859164e-03
7.991355128984078959e-03 -7.172879097919380997e-03
9.376571240020115106e-03 -7.692747942049276907e-03
1.087188341431266636e-02 -8.214852962673204959e-03
1.247712546562085301e-02 -8.739221708376876396e-03
1.419211899029970692e-02 -9.249945282261405957e-03
1.601667338712764455e-02 -9.739758273977026232e-03
1.795058587848985532e-02 -1.021036749372467717e-02
1.999364153291383062e-02 -1.066266069382852677e-02
2.214561328895736647e-02 -1.109711383263326662e-02
2.440626198044326678e-02 -1.152077128961670471e-02
2.677533636303963682e-02 -1.194444513919978336e-02
2.925257314218321358e-02 -1.237227161181342176e-02
3.183769700234129196e-02 -1.280437136522315743e-02
3.453042063760936031e-02 -1.323940732356482589e-02
3.733044478364233587e-02 -1.367546551992390204e-02
4.023745825091396000e-02 -1.411123560802169871e-02
4.325113795930202176e-02 -1.454561021530370243e-02
4.637114897399441382e-02 -1.497728582479585305e-02
4.959714454271368922e-02 -1.540497856792878359e-02
5.292876613425423482e-02 -1.582776830118091949e-02
5.636564347832906385e-02 -1.624499789607799366e-02
5.990739460672012129e-02 -1.665659657684338477e-02
6.355362589573076981e-02 -1.706269922696755301e-02
6.730393210993146358e-02 -1.746366267174383896e-02
7.115789644719716645e-02 -1.786015410618083804e-02
7.511509058502996439e-02 -1.825349510562161368e-02
7.917507472816209813e-02 -1.864462651083707151e-02
8.333739765743386485e-02 -1.903351396746004801e-02
8.760159677994161509e-02 -1.941982120746185356e-02
9.196719818044885031e-02 -1.980290145277473213e-02
9.643371667405697956e-02 -2.018219515492262334e-02
1.010006558601274085e-01 -2.055731109444291702e-02
1.056675081774507419e-01 -2.092787278985572264e-02
1.104337549606562163e-01 -2.129350904648064438e-02
1.152988664978553679e-01 -2.165392283081994315e-02
1.202623020895129402e-01 -2.200889595036108204e-02
1.253235101085391490e-01 -2.235827643507372689e-02
1.304819280615971966e-01 -2.270196980597063638e-02
1.357369826516168221e-01 -2.303993166858953751e-02
1.410880898415101115e-01 -2.337216780967756383e-02
1.465346549190801317e-01 -2.369884829316274907e-02
1.520760725631161714e-01 -2.402020253817013090e-02
1.577117269106679265e-01 -2.433611539317633021e-02
1.634409916254914164e-01 -2.464627026321624878e-02
1.692632299676588570e-01 -2.495017561516617993e-02
1.751777948643248317e-01 -2.524728073346875490e-02
1.811840289816407656e-01 -2.553711842794934711e-02
1.872812647978095990e-01 -2.581923956873553166e-02
1.934688246772731102e-01 -2.609314098478384206e-02
1.997460209460230063e-01 -2.635833546981790343e-02
2.061121559680280102e-01 -2.661445801673188033e-02
2.125665222227673956e-01 -2.686124743340023713e-02
2.191084023838638650e-01 -2.709867850769681272e-02
2.257370693988056676e-01 -2.732675564769683138e-02
2.324517865697500740e-01 -2.754543897469769603e-02
2.392518076353984391e-01 -2.775476618344911717e-02
2.461363768539343022e-01 -2.795495802471562388e-02
2.531047290870154232e-01 -2.814605379413578218e-02
2.601560898848094272e-01 -2.832771216182869076e-02
2.672896755720651774e-01 -2.849926934448509044e-02
2.745046933352085494e-01 -2.865963128600020754e-02
2.818003413104546162e-01 -2.880776355423966123e-02
2.891758086729252497e-01 -2.894274971820908274e-02
2.966302757267624823e-01 -2.906351443198638973e-02
3.041629139962280792e-01 -2.916884876792570983e-02
3.117728863177794407e-01 -2.925849339020047263e-02
3.194593469331089564e-01 -2.933305644716073524e-02
3.272214415831418144e-01 -2.939297632936863081e-02
3.350583076029753915e-01 -2.943859334440750847e-02
3.429690740177547825e-01 -2.947093868246147830e-02
3.509528616394713696e-01 -2.949123215306414733e-02
3.590087831646743277e-01 -2.949821160224950709e-02
3.671359432730831873e-01 -2.948912021351712473e-02
3.753334387270930161e-01 -2.946019825649442980e-02
3.836003584721576765e-01 -2.940710962437567688e-02
3.919357837380436083e-01 -2.932475457689340606e-02
4.003387881409395943e-01 -2.920831886911627595e-02
4.088084377864137364e-01 -2.905589887904340765e-02
4.173437913732044313e-01 -2.886721972870442618e-02
4.259439002978354649e-01 -2.864496200970036502e-02
4.346078087600411255e-01 -2.839250474944427644e-02
4.433345538689928977e-01 -2.811298791124222998e-02
4.521231657503131940e-01 -2.780913740622321245e-02
4.609726676538650203e-01 -2.748265003430757150e-02
4.698820760623064752e-01 -2.713442091331105116e-02
4.788504008003974244e-01 -2.676388738337718079e-02
4.878766451450451402e-01 -2.637045755053454149e-02
4.969598059360780251e-01 -2.595389634094666387e-02
5.060988736877365390e-01 -2.551429818901529076e-02
5.152928327008634568e-01 -2.505223914193231358e-02
5.245406611757882365e-01 -2.456868319276934998e-02
5.338413313258880688e-01 -2.406506807706152232e-02
5.431938094918128401e-01 -2.354282372673904486e-02
5.525970562563653488e-01 -2.300330858949379068e-02
5.620500265600203438e-01 -2.244739010986149946e-02
5.715516698170692855e-01 -2.187544591734906854e-02
5.811009300323815019e-01 -2.128766863342841306e-02
5.906967459187653091e-01 -2.068413008308485693e-02
6.003380510149177729e-01 -2.006510500400679811e-02
6.100237738039482327e-01 -1.943106220029407888e-02
6.197528378324663745e-01 -1.878297978713364819e-02
6.295241618302156450e-01 -1.812214307977466979e-02
6.393366598302444581e-01 -1.744991981655161228e-02
6.491892412895989839e-01 -1.676767615690517854e-02
6.590808112105230876e-01 -1.607650887119181290e-02
6.690102702621547603e-01 -1.537735517576838302e-02
6.789765149027036095e-01 -1.467088446182123265e-02
6.889784375020977514e-01 -1.395769570043401200e-02
6.990149264650814542e-01 -1.323848056374062922e-02
7.090848663547572039e-01 -1.251406458569496484e-02
7.191871380165538730e-01 -1.178567220127907725e-02
7.293206187026060050e-01 -1.105463713693710139e-02
7.394841821965345563e-01 -1.032234522164839595e-02
7.496766989386134394e-01 -9.590224628928625816e-03
7.598970361513051053e-01 -8.859786083326900638e-03
7.701440579651563922e-01 -8.132635103663753834e-03
7.804166255450371015e-01 -7.410549525200499192e-03
7.907135972167069760e-01 -6.695295764752442341e-03
8.010338285937002034e-01 -5.988594805204542661e-03
8.113761727045106786e-01 -5.292861992105887294e-03
8.217394801200630372e-01 -4.611558119487596877e-03
8.321225990814590245e-01 -3.948543441649867390e-03
8.425243756279822138e-01 -3.308048616715355932e-03
8.529436537253458628e-01 -2.693739604683989628e-03
8.633792753941731402e-01 -2.108631098266341812e-03
8.738300808386934015e-01 -1.555125015463090093e-03
8.842949085756387495e-01 -1.035084761912568110e-03
8.947725955633289985e-01 -5.500614110501929246e-04
9.052619773309316109e-01 -1.020631106454771573e-04
9.157618881078770645e-01 2.992734502745250419e-04
9.262711609534211021e-01 6.394079391608377882e-04
9.367886278863364335e-01 9.029038281752060783e-04
9.473131200147204556e-01 1.073935105271420524e-03
9.578434676659028923e-01 1.136996231689193799e-03
9.683785005164411430e-01 1.076693787151857895e-03
9.789170477221889044e-01 8.774501376575342395e-04
9.894579380484205267e-01 5.236698525089658086e-04
9.999999999999998890e-01 8.144649949737265908e-10
