9.999999999999998890e-01 5.499992657554572629e-04
9.894579380484205267e-01 4.427550174444655484e-03
9.789170477221889044e-01 8.160779524002226976e-03
9.683785005164411430e-01 1.174912294775967529e-02
9.578434676659028923e-01 1.519191347221036069e-02
9.473131200147204556e-01 1.848856738572741618e-02
9.367886278863364335e-01 2.163878486053612618e-02
9.262711609534211021e-01 2.464220043788154652e-02
9.157618881078770645e-01 2.749819543165616526e-02
9.052619773309316109e-01 3.020655172897242571e-02
8.947725955633289985e-01 3.276795993062563833e-02
8.842949085756387495e-01 3.518859244949908843e-02
8.738300808386934015e-01 3.748316333449763782e-02
8.633792753941731402e-01 3.966678256533914815e-02
8.529436537253458628e-01 4.175407379611070779e-02
8.425243756279822138e-01 4.375957611742859604e-02
8.321225990814590245e-01 4.569777650001839719e-02
8.217394801200630372e-01 4.758326636173506458e-02
8.113761727045106786e-01 4.943067747081512225e-02
8.010338285937002034e-01 5.125366099016554627e-02
7.907135972167069760e-01 5.306436484519236330e-02
7.804166255450371015e-01 5.486607578003597357e-02
7.701440579651563922e-01 5.665619945139629271e-02
7.598970361513051053e-01 5.843292079156658936e-02
7.496766989386134394e-01 6.019488480595731883e-02
7.394841821965345563e-01 6.194037862491686558e-02
7.293206187026060050e-01 6.366755635267984381e-02
7.191871380165538730e-01 6.537482623515027125e-02
7.090848663547572039e-01 6.706068228423352207e-02
6.990149264650814542e-01 6.872353893666061087e-02
6.889784375020977514e-01 7.036160294041834962e-02
6.789765149027036095e-01 7.197229604040658590e-02
6.690102702621547603e-01 7.355286463482738069e-02
6.590808112105230876e-01 7.510068607935355134e-02
6.491892412895989839e-01 7.661317065047557051e-02
6.393366598302444581e-01 7.808774010941393895e-02
6.295241618302156450e-01 7.952192759196906324e-02
6.197528378324663745e-01 8.091353169853481020e-02
6.100237738039482327e-01 8.226026030134464540e-02
6.003380510149177729e-01 8.355957231372770910e-02
5.906967459187653091e-01 8.481015615482422054e-02
5.811009300323815019e-01 8.601285282737031190e-02
5.715516698170692855e-01 8.716902878204593752e-02
5.620500265600203438e-01 8.828049992724469608e-02
5.525970562563653488e-01 8.934900820726079940e-02
5.431938094918128401e-01 9.037616189583594362e-02
5.338413313258880688e-01 9.136350051752915868e-02
5.245406611757882365e-01 9.231251237873915050e-02
5.152928327008634568e-01 9.322487395135832522e-02
5.060988736877365390e-01 9.410236774763187928e-02
4.969598059360780251e-01 9.494599094758832125e-02
4.878766451450451402e-01 9.575595919255397437e-02
4.788504008003974244e-01 9.653022414420450725e-02
4.698820760623064752e-01 9.726545327868969804e-02
4.609726676538650203e-01 9.795903835999993092e-02
4.521231657503131940e-01 9.860871984390486011e-02
4.433345538689928977e-01 9.921202612299127865e-02
4.346078087600411255e-01 9.976649988052790907e-02
4.259439002978354649e-01 1.002702865744684174e-01
4.173437913732044313e-01 1.007216366300872773e-01
4.088084377864137364e-01 1.011182945607880662e-01
4.003387881409395943e-01 1.014584012342432812e-01
3.919357837380436083e-01 1.017421913441139553e-01
3.836003584721576765e-01 1.019712711386258353e-01
3.753334387270930161e-01 1.021499988366225825e-01
3.671359432730831873e-01 1.022829518046247804e-01
3.590087831646743277e-01 1.023738545450022519e-01
3.509528616394713696e-01 1.024263382389108967e-01
3.429690740177547825e-01 1.024441309039469533e-01
3.350583076029753915e-01 1.024308550200266482e-01
3.272214415831418144e-01 1.023899138881461113e-01
3.194593469331089564e-01 1.023245163597262253e-01
3.117728863177794407e-01 1.022376131393889498e-01
3.041629139962280792e-01 1.021323060603450267e-01
2.966302757267624823e-01 1.020117337324408929e-01
2.891758086729252497e-01 1.018740169010901586e-01
2.818003413104546162e-01 1.017118071104531618e-01
2.745046933352085494e-01 1.015176470130812469e-01
2.672896755720651774e-01 1.012842748013244865e-01
2.601560898848094272e-01 1.010050680447051319e-01
2.531047290870154232e-01 1.006739585269088022e-01
2.461363768539343022e-01 1.002856356629468065e-01
2.392518076353984391e-01 9.983529146047551150e-02
2.324517865697500740e-01 9.931828123025056299e-02
2.257370693988056676e-01 9.873025455085705782e-02
2.191084023838638650e-01 9.806844856173431435e-02
2.125665222227673956e-01 9.733057339075522341e-02
2.061121559680280102e-01 9.651277635971210189e-02
1.997460209460230063e-01 9.561216718404892678e-02
1.934688246772731102e-01 9.463374118490490428e-02
1.872812647978095990e-01 9.358690373920944272e-02
1.811840289816407656e-01 9.248905677786864454e-02
1.751777948643248317e-01 9.135827100336366136e-02
1.692632299676588570e-01 9.020779085488460358e-02
1.634409916254914164e-01 8.905028878380180646e-02
1.577117269106679265e-01 8.789973059379524445e-02
1.520760725631161714e-01 8.676795078585269883e-02
1.465346549190801317e-01 8.566115002995064454e-02
1.410880898415101115e-01 8.457321929374138347e-02
1.357369826516168221e-01 8.347553315975968224e-02
1.304819280615971966e-01 8.234023364368095455e-02
1.253235101085391490e-01 8.114506792101409960e-02
1.202623020895129402e-01 7.987009322158561409e-02
1.152988664978553679e-01 7.849790652369065258e-02
1.104337549606562163e-01 7.701322289322279357e-02
1.056675081774507419e-01 7.540317809579667740e-02
1.010006558601274085e-01 7.365870829750580107e-02
9.643371667405697956e-02 7.177650831574682033e-02
9.196719818044885031e-02 6.978949095790407120e-02
8.760159677994161509e-02 6.775981936249042548e-02
8.333739765743386485e-02 6.574177481504371590e-02
7.917507472816209813e-02 6.378270748227442277e-02
7.511509058502996439e-02 6.192176744604357269e-02
7.115789644719716645e-02 6.018654628466918455e-02
6.730393210993146358e-02 5.854839076807347165e-02
6.355362589573076981e-02 5.695320550865350107e-02
5.990739460672012129e-02 5.536156960464871934e-02
5.636564347832906385e-02 5.374037019195960357e-02
5.292876613425423482e-02 5.205763699737655376e-02
4.959714454271368922e-02 5.028787206561299850e-02
4.637114897399441382e-02 4.843295971350069368e-02
4.325113795930202176e-02 4.650692272785074410e-02
4.023745825091396000e-02 4.454023326098607155e-02
3.733044478364233587e-02 4.256381562996396778e-02
3.453042063760936031e-02 4.059836286098937597e-02
3.183769700234129196e-02 3.866188964623216984e-02
2.925257314218321358e-02 3.677054787280090165e-02
2.677533636303963682e-02 3.493899446036277667e-02
2.440626198044326678e-02 3.317908722420782885e-02
2.214561328895736647e-02 3.147975467425878637e-02
1.999364153291383062e-02 2.979029594307067846e-02
1.795058587848985532e-02 2.806670484564879192e-02
1.601667338712764455e-02 2.628120393131271396e-02
1.419211899029970692e-02 2.441862449406779004e-02
1.247712546562085301e-02 2.247822867575068745e-02
1.087188341431266636e-02 2.046800303411879657e-02
9.376571240020115106e-03 1.840449618098260673e-02
7.991355128984078959e-03 1.631056423235967279e-02
6.716389031571567969e-03 1.421451525610282346e-02
5.551814645166519568e-03 1.214769073750323648e-02
4.497761398421062928e-03 1.014360816015080768e-02
3.554346436871580472e-03 8.236294971698008421e-03
2.721674609919344512e-03 6.459829738145517197e-03
1.999838459177394334e-03 4.846156932940449621e-03
1.388918208186096237e-03 3.425532179203923631e-03
8.889817534969424173e-04 2.224145731971567414e-03
5.000846571264760954e-04 1.265403286898310244e-03
2.222701403818971855e-04 5.668139799681626029e-04
5.556907905679420168e-05 1.424294864064479574e-04
0.000000000000000000e+00 -2.643745922202118280e-09
0.000000000000000000e+00 9.949677723344942716e-10
5.556907905679420168e-05 -4.461375459942304195e-05
2.222701403818971855e-04 -1.774098510201035982e-04
5.000846571264760954e-04 -3.956101483018036871e-04
8.889817534969424173e-04 -6.941551688448237669e-04
1.388918208186096237e-03 -1.066731295029393943e-03
1.999838459177394334e-03 -1.504883400662780993e-03
2.721674609919344512e-03 -1.999109063258041382e-03
3.554346436871580472e-03 -2.538347372974373000e-03
4.497761398421062928e-03 -3.110861715766887088e-03
5.551814645166519568e-03 -3.704041161495352178e-03
6.716389031571567969e-03 -4.305117832639728664e-03
7.991355128984078959e-03 -4.901244250303675269e-03
9.376571240020115106e-03 -5.480197366123278416e-03
1.087188341431266636e-02 -6.030648722378842939e-03
1.247712546562085301e-02 -6.542758069573970797e-03
1.419211899029970692e-02 -7.008429081106804480e-03
1.601667338712764455e-02 -7.422478551247246349e-03
1.795058587848985532e-02 -7.782651411397938958e-03
1.999364153291383062e-02 -8.090637078752661859e-03
2.214561328895736647e-02 -8.351736256851831700e-03
2.440626198044326678e-02 -8.577941417676541308e-03
2.677533636303963682e-02 -8.784686641569993196e-03
2.925257314218321358e-02 -8.977459704659122852e-03
3.183769700234129196e-02 -9.156070917409169993e-03
3.453042063760936031e-02 -9.320388634702310438e-03
3.733044478364233587e-02 -9.470438532459860351e-03
4.023745825091396000e-02 -9.606881008074996675e-03
4.325113795930202176e-02 -9.730954937984181638e-03
4.637114897399441382e-02 -9.845623098019506969e-03
4.959714454271368922e-02 -9.953983117216395893e-03
5.292876613425423482e-02 -1.005727405460645277e-02
5.636564347832906385e-02 -1.015471135473885490e-02
5.990739460672012129e-02 -1.024009558435440628e-02
6.355362589573076981e-02 -1.030609363806660531e-02
6.730393210993146358e-02 -1.034557661261755607e-02
7.115789644719716645e-02 -1.035039983216673454e-02
7.511509058502996439e-02 -1.030986959452296313e-02
7.917507472816209813e-02 -1.021548459411485490e-02
8.333739765743386485e-02 -1.006398285435739469e-02
8.760159677994161509e-02 -9.853337240545961828e-03
9.196719818044885031e-02 -9.582543815580284521e-03
9.643371667405697956e-02 -9.250779346981326257e-03
1.010006558601274085e-01 -8.857347783044701786e-03
1.056675081774507419e-01 -8.401922808974775225e-03
1.104337549606562163e-01 -7.884625512939979694e-03
1.152988664978553679e-01 -7.305901400874286085e-03
1.202623020895129402e-01 -6.666527038831320320e-03
1.253235101085391490e-01 -5.967779023070091289e-03
1.304819280615971966e-01 -5.211385786389521879e-03
1.357369826516168221e-01 -4.399557313375631121e-03
1.410880898415101115e-01 -3.534901510788173492e-03
1.465346549190801317e-01 -2.620670634650342987e-03
1.520760725631161714e-01 -1.660595138562099464e-03
1.577117269106679265e-01 -6.591902753907965748e-04
1.634409916254914164e-01 3.784624827009513493e-04
1.692632299676588570e-01 1.446103193368254367e-03
1.751777948643248317e-01 2.536933698128243046e-03
1.811840289816407656e-01 3.643939123052475446e-03
1.872812647978095990e-01 4.759549722404431485e-03
1.934688246772731102e-01 5.873956420255307606e-03
1.997460209460230063e-01 6.977559809731114990e-03
2.061121559680280102e-01 8.064083424125350827e-03
2.125665222227673956e-01 9.129629345093138310e-03
2.191084023838638650e-01 1.017530732212755355e-02
2.257370693988056676e-01 1.120279836002983052e-02
2.324517865697500740e-01 1.221268585025328535e-02
2.392518076353984391e-01 1.320575473506366802e-02
2.461363768539343022e-01 1.418361847783155237e-02
2.531047290870154232e-01 1.514795817860063731e-02
2.601560898848094272e-01 1.610038283246943355e-02
2.672896755720651774e-01 1.704273110503676594e-02
2.745046933352085494e-01 1.797720897605051271e-02
2.818003413104546162e-01 1.890616778426157732e-02
2.891758086729252497e-01 1.983211382104642373e-02
2.966302757267624823e-01 2.075775740116267420e-02
3.041629139962280792e-01 2.168582653018978623e-02
3.117728863177794407e-01 2.261521629087818661e-02
3.194593469331089564e-01 2.354126729768064863e-02
3.272214415831418144e-01 2.445883952633749053e-02
3.350583076029753915e-01 2.536251076117825021e-02
3.429690740177547825e-01 2.624671815950600437e-02
3.509528616394713696e-01 2.710574213684927708e-02
3.590087831646743277e-01 2.793320782169545977e-02
3.671359432730831873e-01 2.872242892562607355e-02
3.753334387270930161e-01 2.946707016761784467e-02
3.836003584721576765e-01 3.016066007143754224e-02
3.919357837380436083e-01 3.079488484278584959e-02
4.003387881409395943e-01 3.136179857872178206e-02
4.088084377864137364e-01 3.185886713535465709e-02
4.173437913732044313e-01 3.228644496931450114e-02
4.259439002978354649e-01 3.264980004571731848e-02
4.346078087600411255e-01 3.295513562916323191e-02
4.433345538689928977e-01 3.320748542437146344e-02
4.521231657503131940e-01 3.341212344354677066e-02
4.609726676538650203e-01 3.357571038821104137e-02
4.698820760623064752e-01 3.370490224850432315e-02
4.788504008003974244e-01 3.380577938315131731e-02
4.878766451450451402e-01 3.388527968856215600e-02
4.969598059360780251e-01 3.395213786884497542e-02
5.060988736877365390e-01 3.401195665493009224e-02
5.152928327008634568e-01 3.406480338912021288e-02
5.245406611757882365e-01 3.410847943875381511e-02
5.338413313258880688e-01 3.413837812910183733e-02
5.431938094918128401e-01 3.415023168707232576e-02
5.525970562563653488e-01 3.414035645801048735e-02
5.620500265600203438e-01 3.410471390119559909e-02
5.715516698170692855e-01 3.403888005471216588e-02
5.811009300323815019e-01 3.393836200360224320e-02
5.906967459187653091e-01 3.379863699648379127e-02
6.003380510149177729e-01 3.361536304870976766e-02
6.100237738039482327e-01 3.338451575105166880e-02
6.197528378324663745e-01 3.310402829722441931e-02
6.295241618302156450e-01 3.277294570419712894e-02
6.393366598302444581e-01 3.239001854874265507e-02
6.491892412895989839e-01 3.195386327042154528e-02
6.590808112105230876e-01 3.146321622138117252e-02
6.690102702621547603e-01 3.091686539157844152e-02
6.789765149027036095e-01 3.031360976876184762e-02
6.889784375020977514e-01 2.965221831528448357e-02
6.990149264650814542e-01 2.893130840812978971e-02
7.090848663547572039e-01 2.815065097690417142e-02
7.191871380165538730e-01 2.731444320172055767e-02
7.293206187026060050e-01 2.642802995154669779e-02
7.394841821965345563e-01 2.549713497171300636e-02
7.496766989386134394e-01 2.452759129562932100e-02
7.598970361513051053e-01 2.352532651921423676e-02
7.701440579651563922e-01 2.249633062522010327e-02
7.804166255450371015e-01 2.144669574038684037e-02
7.907135972167069760e-01 2.038267311080200345e-02
8.010338285937002034e-01 1.931075049156795453e-02
8.113761727045106786e-01 1.823630234534524136e-02
8.217394801200630372e-01 1.716301018026583983e-02
8.321225990814590245e-01 1.609419541805829842e-02
8.425243756279822138e-01 1.503291024854666418e-02
8.529436537253458628e-01 1.398244134103604312e-02
8.633792753941731402e-01 1.294632271783589979e-02
8.738300808386934015e-01 1.192776740864430300e-02
8.842949085756387495e-01 1.092974837253219735e-02
8.947725955633289985e-01 9.956035674561084306e-03
9.052619773309316109e-01 9.010004954742613370e-03
9.157618881078770645e-01 8.083788402226175715e-03
9.262711609534211021e-01 7.162290294830817722e-03
9.367886278863364335e-01 6.229126958004434222e-03
9.473131200147204556e-01 5.267349189377832155e-03
9.578434676659028923e-01 4.260415413023087121e-03
9.683785005164411430e-01 3.191916013361122909e-03
9.789170477221889044e-01 2.045142268026169628e-03
9.894579380484205267e-01 8.033323158907290738e-04
9.999999999999998890e-01 -5.499989130116921844e-04
