9.999999999999998890e-01 6.416017297214919176e-08
9.894579380484205267e-01 1.212944257153059134e-03
9.789170477221889044e-01 2.504948287241001281e-03
9.683785005164411430e-01 3.857408507028292285e-03
9.578434676659028923e-01 5.268117633964894582e-03
9.473131200147204556e-01 6.728590165421358474e-03
9.367886278863364335e-01 8.204036906507587365e-03
9.262711609534211021e-01 9.661681952133837140e-03
9.157618881078770645e-01 1.108359947641544829e-02
9.052619773309316109e-01 1.247985642958559377e-02
8.947725955633289985e-01 1.390899392227416126e-02
8.842949085756387495e-01 1.539298688168108317e-02
8.738300808386934015e-01 1.688784373921257617e-02
8.633792753941731402e-01 1.837285423432668402e-02
8.529436537253458628e-01 1.986596108579755104e-02
8.425243756279822138e-01 2.137834608914359127e-02
8.321225990814590245e-01 2.291028368411630878e-02
8.217394801200630372e-01 2.445645405024709715e-02
8.113761727045106786e-01 2.600697449774165559e-02
8.010338285937002034e-01 2.755516967206087658e-02
7.907135972167069760e-01 2.909722360510379885e-02
7.804166255450371015e-01 3.063107486937962157e-02
7.701440579651563922e-01 3.215586260364690363e-02
7.598970361513051053e-01 3.367140507818410650e-02
7.496766989386134394e-01 3.517767241781621229e-02
7.394841821965345563e-01 3.667288814704670885e-02
7.293206187026060050e-01 3.815428893121188686e-02
7.191871380165538730e-01 3.961810872944717538e-02
7.090848663547572039e-01 4.106031982352138093e-02
6.990149264650814542e-01 4.247759295469868968e-02
6.889784375020977514e-01 4.386735815778679964e-02
6.789765149027036095e-01 4.522933787709993575e-02
6.690102702621547603e-01 4.656399723406211971e-02
6.590808112105230876e-01 4.787223944745273158e-02
6.491892412895989839e-01 4.915451496625734829e-02
6.393366598302444581e-01 5.040965567052533430e-02
6.295241618302156450e-01 5.163556084005919977e-02
6.197528378324663745e-01 5.282857861149229534e-02
6.100237738039482327e-01 5.398502159465782407e-02
6.003380510149177729e-01 5.510161232172691020e-02
5.906967459187653091e-01 5.617598155312404640e-02
5.811009300323815019e-01 5.720722913952126787e-02
5.715516698170692855e-01 5.819491153862169086e-02
5.620500265600203438e-01 5.913903093105829512e-02
5.525970562563653488e-01 6.003950231942881827e-02
5.431938094918128401e-01 6.089609762108585261e-02
5.338413313258880688e-01 6.170866612737094248e-02
5.245406611757882365e-01 6.247714155974454231e-02
5.152928327008634568e-01 6.320140570847873618e-02
5.060988736877365390e-01 6.388131022338100484e-02
4.969598059360780251e-01 6.451694849603761828e-02
4.878766451450451402e-01 6.510863375083662807e-02
4.788504008003974244e-01 6.565715362847755754e-02
4.698820760623064752e-01 6.616356208914704606e-02
4.609726676538650203e-01 6.662874392947686075e-02
4.521231657503131940e-01 6.705353463250414425e-02
4.433345538689928977e-01 6.743904156039921827e-02
4.346078087600411255e-01 6.778649596952757150e-02
4.259439002978354649e-01 6.809717405348225672e-02
4.173437913732044313e-01 6.837240539888822521e-02
4.088084377864137364e-01 6.861369568765528226e-02
4.003387881409395943e-01 6.882239892592488528e-02
3.919357837380436083e-01 6.899908768498660971e-02
3.836003584721576765e-01 6.914389863762290811e-02
3.753334387270930161e-01 6.925618217864773496e-02
3.671359432730831873e-01 6.933518720096730481e-02
3.590087831646743277e-01 6.938030453643859174e-02
3.509528616394713696e-01 6.939100176792377395e-02
3.429690740177547825e-01 6.936686529539541624e-02
3.350583076029753915e-01 6.930763167001076364e-02
3.272214415831418144e-01 6.921328669862153449e-02
3.194593469331089564e-01 6.908404567857641398e-02
3.117728863177794407e-01 6.892043663402862286e-02
3.041629139962280792e-01 6.872305903428101159e-02
2.966302757267624823e-01 6.849264492414941508e-02
2.891758086729252497e-01 6.823193443799513425e-02
2.818003413104546162e-01 6.794581341870586932e-02
2.745046933352085494e-01 6.763856854712102518e-02
2.672896755720651774e-01 6.731377081768416537e-02
2.601560898848094272e-01 6.697399686350426207e-02
2.531047290870154232e-01 6.662098814744824016e-02
2.461363768539343022e-01 6.625548376400028361e-02
2.392518076353984391e-01 6.587741654953797876e-02
2.324517865697500740e-01 6.548515910319264999e-02
2.257370693988056676e-01 6.507634373853792009e-02
2.191084023838638650e-01 6.464941666611573323e-02
2.125665222227673956e-01 6.420325707004026494e-02
2.061121559680280102e-01 6.373709265642665822e-02
1.997460209460230063e-01 6.325014222165263600e-02
1.934688246772731102e-01 6.274091179359544967e-02
1.872812647978095990e-01 6.220751204246308813e-02
1.811840289816407656e-01 6.164734463350379778e-02
1.751777948643248317e-01 6.105799049622650382e-02
1.692632299676588570e-01 6.043827572540135668e-02
1.634409916254914164e-01 5.978753588771438393e-02
1.577117269106679265e-01 5.910579486646153069e-02
1.520760725631161714e-01 5.839328561592125461e-02
1.465346549190801317e-01 5.765045023623491249e-02
1.410880898415101115e-01 5.687799095567955959e-02
1.357369826516168221e-01 5.607706231580115996e-02
1.304819280615971966e-01 5.524892956267617866e-02
1.253235101085391490e-01 5.439495195303500202e-02
1.202623020895129402e-01 5.351642158800650612e-02
1.152988664978553679e-01 5.261452852653550338e-02
1.104337549606562163e-01 5.169054858497813820e-02
1.056675081774507419e-01 5.074586587243395258e-02
1.010006558601274085e-01 4.978185806770284161e-02
9.643371667405697956e-02 4.879982934662278199e-02
9.196719818044885031e-02 4.780005631083873024e-02
8.760159677994161509e-02 4.678201244261088326e-02
8.333739765743386485e-02 4.574578381801875510e-02
7.917507472816209813e-02 4.469191309673151147e-02
7.511509058502996439e-02 4.362105630956455982e-02
7.115789644719716645e-02 4.253394295558086263e-02
6.730393210993146358e-02 4.143140398085053827e-02
6.355362589573076981e-02 4.031433077108426133e-02
5.990739460672012129e-02 3.918368785545549293e-02
5.636564347832906385e-02 3.804071024776511240e-02
5.292876613425423482e-02 3.688795000552069075e-02
4.959714454271368922e-02 3.572768733539892494e-02
4.637114897399441382e-02 3.455896474809235647e-02
4.325113795930202176e-02 3.337966104171685711e-02
4.023745825091396000e-02 3.218671563348207698e-02
3.733044478364233587e-02 3.097783797698224970e-02
3.453042063760936031e-02 2.975375215277362845e-02
3.183769700234129196e-02 2.851635252267778822e-02
2.925257314218321358e-02 2.726904489402185230e-02
2.677533636303963682e-02 2.601559522380616704e-02
2.440626198044326678e-02 2.475998077954748300e-02
2.214561328895736647e-02 2.350168109463871349e-02
1.999364153291383062e-02 2.223227952596340540e-02
1.795058587848985532e-02 2.094715946448017299e-02
1.601667338712764455e-02 1.964874612586479247e-02
1.419211899029970692e-02 1.834764065535422414e-02
1.247712546562085301e-02 1.706310075751567984e-02
1.087188341431266636e-02 1.579349830993622555e-02
9.376571240020115106e-03 1.451588044231928547e-02
7.991355128984078959e-03 1.323017740791539686e-02
6.716389031571567969e-03 1.195809655463201879e-02
5.551814645166519568e-03 1.072925779005790524e-02
4.497761398421062928e-03 9.570519572741752884e-03
3.554346436871580472e-03 8.417221305793764347e-03
2.721674609919344512e-03 7.158888031193808357e-03
1.999838459177394334e-03 5.791696236941880002e-03
1.388918208186096237e-03 4.373780588395283740e-03
8.889817534969424173e-04 3.000716648107097564e-03
5.000846571264760954e-04 1.782971621447306974e-03
2.222701403818971855e-04 8.226764476766837506e-04
5.556907905679420168e-05 2.109055690665703970e-04
0.000000000000000000e+00 -2.574428043265879340e-08
0.000000000000000000e+00 2.405515638045709328e-08
5.556907905679420168e-05 -1.798758588874898516e-04
2.222701403818971855e-04 -7.007842138400714955e-04
5.000846571264760954e-04 -1.516293165533635781e-03
8.889817534969424173e-04 -2.545387645170044642e-03
1.388918208186096237e-03 -3.697558963505237495e-03
1.999838459177394334e-03 -4.875888485467438915e-03
2.721674609919344512e-03 -5.997374027972298717e-03
3.554346436871580472e-03 -7.013468948073417648e-03
4.497761398421062928e-03 -7.932800658928949866e-03
5.551814645166519568e-03 -8.862384313534995769e-03
6.716389031571567969e-03 -9.863563495609871390e-03
7.991355128984078959e-03 -1.090782455115222628e-02
9.376571240020115106e-03 -1.196299175813943412e-02
1.087188341431266636e-02 -1.300344225908581577e-02
1.247712546562085301e-02 -1.402645863402874130e-02
1.419211899029970692e-02 -1.505360381903860477e-02
1.601667338712764455e-02 -1.608554338641906070e-02
1.795058587848985532e-02 -1.710243353167736555e-02
1.999364153291383062e-02 -1.809374115754517828e-02
2.214561328895736647e-02 -1.905774580430623019e-02
2.440626198044326678e-02 -2.000130408341053642e-02
2.677533636303963682e-02 -2.093595271816903539e-02
2.925257314218321358e-02 -2.186390349575553088e-02
3.183769700234129196e-02 -2.278205056803011760e-02
3.453042063760936031e-02 -2.368750593498540266e-02
3.733044478364233587e-02 -2.457770690936032440e-02
4.023745825091396000e-02 -2.545132967911682698e-02
4.325113795930202176e-02 -2.630800069635151964e-02
4.637114897399441382e-02 -2.714977057036491170e-02
4.959714454271368922e-02 -2.797932584873405112e-02
5.292876613425423482e-02 -2.879867006087310360e-02
5.636564347832906385e-02 -2.960890352760626315e-02
5.990739460672012129e-02 -3.040856937600794341e-02
6.355362589573076981e-02 -3.119602787045979223e-02
6.730393210993146358e-02 -3.197077322453806963e-02
7.115789644719716645e-02 -3.273257592711373287e-02
7.511509058502996439e-02 -3.348137449552068129e-02
7.917507472816209813e-02 -3.421707172791481344e-02
8.333739765743386485e-02 -3.493944715556267233e-02
8.760159677994161509e-02 -3.564829599633080603e-02
9.196719818044885031e-02 -3.634347351538268212e-02
9.643371667405697956e-02 -3.702522315216023180e-02
1.010006558601274085e-01 -3.769431518235456802e-02
1.056675081774507419e-01 -3.835086920876127486e-02
1.104337549606562163e-01 -3.899417170574666358e-02
1.152988664978553679e-01 -3.962350230155488318e-02
1.202623020895129402e-01 -4.023818369021061464e-02
1.253235101085391490e-01 -4.083753115330790440e-02
1.304819280615971966e-01 -4.142081622764066939e-02
1.357369826516168221e-01 -4.198682244565803134e-02
1.410880898415101115e-01 -4.253397799600695112e-02
1.465346549190801317e-01 -4.306067819811473102e-02
1.520760725631161714e-01 -4.356541356909494206e-02
1.577117269106679265e-01 -4.404762509139212995e-02
1.634409916254914164e-01 -4.450733340626865375e-02
1.692632299676588570e-01 -4.494522212546425005e-02
1.751777948643248317e-01 -4.536218325977568744e-02
1.811840289816407656e-01 -4.575869822517915353e-02
1.872812647978095990e-01 -4.613503038245111293e-02
1.934688246772731102e-01 -4.649110379565753876e-02
1.997460209460230063e-01 -4.682690199981961315e-02
2.061121559680280102e-01 -4.714301846561670672e-02
2.125665222227673956e-01 -4.744056530685800133e-02
2.191084023838638650e-01 -4.772183349858438728e-02
2.257370693988056676e-01 -4.798902012216040708e-02
2.324517865697500740e-01 -4.824346219392316309e-02
2.392518076353984391e-01 -4.848602663770361365e-02
2.461363768539343022e-01 -4.871685662017305463e-02
2.531047290870154232e-01 -4.893588573701810468e-02
2.601560898848094272e-01 -4.914283578882627096e-02
2.672896755720651774e-01 -4.933721290588034131e-02
2.745046933352085494e-01 -4.951821740028020113e-02
2.818003413104546162e-01 -4.968466602205200838e-02
2.891758086729252497e-01 -4.983490665882133602e-02
2.966302757267624823e-01 -4.996708475481827921e-02
3.041629139962280792e-01 -5.007913123554710161e-02
3.117728863177794407e-01 -5.016842256732597510e-02
3.194593469331089564e-01 -5.023186285762040043e-02
3.272214415831418144e-01 -5.026676692588623319e-02
3.350583076029753915e-01 -5.027084136091525268e-02
3.429690740177547825e-01 -5.024249844589377678e-02
3.509528616394713696e-01 -5.018075027456558174e-02
3.590087831646743277e-01 -5.008597835513606267e-02
3.671359432730831873e-01 -4.995941784101137068e-02
3.753334387270930161e-01 -4.980312705616901647e-02
3.836003584721576765e-01 -4.961926320883303099e-02
3.919357837380436083e-01 -4.940829021297679646e-02
4.003387881409395943e-01 -4.916998926366530215e-02
4.088084377864137364e-01 -4.890395481215110973e-02
4.173437913732044313e-01 -4.860959608640175178e-02
4.259439002978354649e-01 -4.828579525365504083e-02
4.346078087600411255e-01 -4.793132400016671818e-02
4.433345538689928977e-01 -4.754504488600655443e-02
4.521231657503131940e-01 -4.712591379744863335e-02
4.609726676538650203e-01 -4.667309622677373593e-02
4.698820760623064752e-01 -4.618594244851600278e-02
4.788504008003974244e-01 -4.566414999211641790e-02
4.878766451450451402e-01 -4.510740746961895697e-02
4.969598059360780251e-01 -4.451529029421912032e-02
5.060988736877365390e-01 -4.388750015404165733e-02
5.152928327008634568e-01 -4.322397019399203816e-02
5.245406611757882365e-01 -4.252474775537488927e-02
5.338413313258880688e-01 -4.179000698943296371e-02
5.431938094918128401e-01 -4.101988508112135862e-02
5.525970562563653488e-01 -4.021448451092776016e-02
5.620500265600203438e-01 -3.937433532187838148e-02
5.715516698170692855e-01 -3.850038914012771096e-02
5.811009300323815019e-01 -3.759358534997760820e-02
5.906967459187653091e-01 -3.665486552568204132e-02
6.003380510149177729e-01 -3.568552364810269328e-02
6.100237738039482327e-01 -3.468721404789024132e-02
6.197528378324663745e-01 -3.366276124815160975e-02
6.295241618302156450e-01 -3.261571691728498701e-02
6.393366598302444581e-01 -3.154998945279601646e-02
6.491892412895989839e-01 -3.046947547813533622e-02
6.590808112105230876e-01 -2.937684722012176564e-02
6.690102702621547603e-01 -2.827405482122479635e-02
6.789765149027036095e-01 -2.716184804388449558e-02
6.889784375020977514e-01 -2.604062764600624524e-02
6.990149264650814542e-01 -2.491105972168825705e-02
7.090848663547572039e-01 -2.377432085767982803e-02
7.191871380165538730e-01 -2.263320047737110013e-02
7.293206187026060050e-01 -2.149087755223128698e-02
7.394841821965345563e-01 -2.035058197136836028e-02
7.496766989386134394e-01 -1.921568393772163721e-02
7.598970361513051053e-01 -1.808988059080742644e-02
7.701440579651563922e-01 -1.697634539730489764e-02
7.804166255450371015e-01 -1.587705369049458373e-02
7.907135972167069760e-01 -1.479493190155566421e-02
8.010338285937002034e-01 -1.373479179123376220e-02
8.113761727045106786e-01 -1.269844200980189616e-02
8.217394801200630372e-01 -1.168316794304237113e-02
8.321225990814590245e-01 -1.069350134637284469e-02
8.425243756279822138e-01 -9.743316583850192281e-03
8.529436537253458628e-01 -8.842795671888477663e-03
8.633792753941731402e-01 -7.996626224843567110e-03
8.738300808386934015e-01 -7.190889240763292771e-03
8.842949085756387495e-01 -6.398803062743405740e-03
8.947725955633289985e-01 -5.642885199868382523e-03
9.052619773309316109e-01 -4.975513080769042480e-03
9.157618881078770645e-01 -4.365557517413703841e-03
9.262711609534211021e-01 -3.736238352598026096e-03
9.367886278863364335e-01 -3.077928589310748812e-03
9.473131200147204556e-01 -2.418592255023523357e-03
9.578434676659028923e-01 -1.798428462730195876e-03
9.683785005164411430e-01 -1.255314716330176378e-03
9.789170477221889044e-01 -7.822066867539203584e-04
9.894579380484205267e-01 -3.610100272126945419e-04
9.999999999999998890e-01 -1.015980936669204974e-07
