9.999999999999998890e-01 1.999999999140059017e-03
9.894579380484205267e-01 4.316432720140331303e-03
9.789170477221889044e-01 6.617287639458306094e-03
9.683785005164411430e-01 8.900940395089774679e-03
9.578434676659028923e-01 1.116577662138686089e-02
9.473131200147204556e-01 1.341019023728346263e-02
9.367886278863364335e-01 1.563259216625152020e-02
9.262711609534211021e-01 1.783140328536800961e-02
9.157618881078770645e-01 2.000506065193231181e-02
9.052619773309316109e-01 2.215201765802723988e-02
8.947725955633289985e-01 2.427075581345474256e-02
8.842949085756387495e-01 2.635984940551922007e-02
8.738300808386934015e-01 2.841801550814539168e-02
8.633792753941731402e-01 3.044399729798742335e-02
8.529436537253458628e-01 3.243655674915120468e-02
8.425243756279822138e-01 3.439448093435795023e-02
8.321225990814590245e-01 3.631658481335928862e-02
8.217394801200630372e-01 3.820170654293406770e-02
8.113761727045106786e-01 4.004870720459897254e-02
8.010338285937002034e-01 4.185648435482665353e-02
7.907135972167069760e-01 4.362397362955210134e-02
7.804166255450371015e-01 4.535022895120204706e-02
7.701440579651563922e-01 4.703438760012955411e-02
7.598970361513051053e-01 4.867562748963411012e-02
7.496766989386134394e-01 5.027315175102672201e-02
7.394841821965345563e-01 5.182618750616435621e-02
7.293206187026060050e-01 5.333398454586997517e-02
7.191871380165538730e-01 5.479586595819125466e-02
7.090848663547572039e-01 5.621117750792125473e-02
6.990149264650814542e-01 5.757923194642833309e-02
6.889784375020977514e-01 5.889968097254961316e-02
6.789765149027036095e-01 6.017368886792915511e-02
6.690102702621547603e-01 6.140283525209713766e-02
6.590808112105230876e-01 6.258872314775314194e-02
6.491892412895989839e-01 6.373296992754690082e-02
6.393366598302444581e-01 6.483721964919181291e-02
6.295241618302156450e-01 6.590305904558858840e-02
6.197528378324663745e-01 6.693192417436628905e-02
6.100237738039482327e-01 6.792536383424357949e-02
6.003380510149177729e-01 6.888519172813545310e-02
5.906967459187653091e-01 6.981246688100491149e-02
5.811009300323815019e-01 7.070690041388780211e-02
5.715516698170692855e-01 7.156770898138924142e-02
5.620500265600203438e-01 7.239359470745432290e-02
5.525970562563653488e-01 7.318341850939209803e-02
5.431938094918128401e-01 7.393628006577096512e-02
5.338413313258880688e-01 7.465127301881639699e-02
5.245406611757882365e-01 7.532747484417227912e-02
5.152928327008634568e-01 7.596404157891840925e-02
5.060988736877365390e-01 7.656020566584004206e-02
4.969598059360780251e-01 7.711531335524972330e-02
4.878766451450451402e-01 7.762884147459794826e-02
4.788504008003974244e-01 7.810080445484260392e-02
4.698820760623064752e-01 7.853153702170392880e-02
4.609726676538650203e-01 7.892132766554074697e-02
4.521231657503131940e-01 7.927045174058100496e-02
4.433345538689928977e-01 7.957927379177955063e-02
4.346078087600411255e-01 7.984819265799546206e-02
4.259439002978354649e-01 8.007758581183362090e-02
4.173437913732044313e-01 8.026784932900143943e-02
4.088084377864137364e-01 8.041950181042196999e-02
4.003387881409395943e-01 8.053305017112480368e-02
3.919357837380436083e-01 8.060881864322383406e-02
3.836003584721576765e-01 8.064692178952936885e-02
3.753334387270930161e-01 8.064694877944042495e-02
3.671359432730831873e-01 8.060846248704255090e-02
3.590087831646743277e-01 8.053122955549389672e-02
3.509528616394713696e-01 8.041506844477896987e-02
3.429690740177547825e-01 8.025983928945988610e-02
3.350583076029753915e-01 8.006546660393147608e-02
3.272214415831418144e-01 7.983198324647156063e-02
3.194593469331089564e-01 7.955947625314031824e-02
3.117728863177794407e-01 7.924809970604605736e-02
3.041629139962280792e-01 7.889807380134829240e-02
2.966302757267624823e-01 7.850969845490730903e-02
2.891758086729252497e-01 7.808332107900967101e-02
2.818003413104546162e-01 7.761933780927249282e-02
2.745046933352085494e-01 7.711819975076611433e-02
2.672896755720651774e-01 7.658041182338788666e-02
2.601560898848094272e-01 7.600656304954464537e-02
2.531047290870154232e-01 7.539730932160471077e-02
2.461363768539343022e-01 7.475334452616204384e-02
2.392518076353984391e-01 7.407539966478317306e-02
2.324517865697500740e-01 7.336433210823971318e-02
2.257370693988056676e-01 7.262106135671062002e-02
2.191084023838638650e-01 7.184645542988028766e-02
2.125665222227673956e-01 7.104140864082647555e-02
2.061121559680280102e-01 7.020712497516307105e-02
1.997460209460230063e-01 6.934479802129484005e-02
1.934688246772731102e-01 6.845497191237952250e-02
1.872812647978095990e-01 6.753768403269570786e-02
1.811840289816407656e-01 6.659171639407210352e-02
1.751777948643248317e-01 6.561572349879794819e-02
1.692632299676588570e-01 6.460904061182209945e-02
1.634409916254914164e-01 6.357120246653588658e-02
1.577117269106679265e-01 6.250189679398143738e-02
1.520760725631161714e-01 6.140099387493277300e-02
1.465346549190801317e-01 6.026873182361214970e-02
1.410880898415101115e-01 5.910565118642992222e-02
1.357369826516168221e-01 5.791278428983555326e-02
1.304819280615971966e-01 5.669135719614124685e-02
1.253235101085391490e-01 5.544282157826242036e-02
1.202623020895129402e-01 5.416868754386681972e-02
1.152988664978553679e-01 5.287052391725856337e-02
1.104337549606562163e-01 5.155011430253587934e-02
1.056675081774507419e-01 5.020948027029122768e-02
1.010006558601274085e-01 4.885048318953841284e-02
9.643371667405697956e-02 4.747498931460820276e-02
9.196719818044885031e-02 4.608781429957237857e-02
8.760159677994161509e-02 4.469617868935080174e-02
8.333739765743386485e-02 4.330674778442197836e-02
7.917507472816209813e-02 4.192572040963508245e-02
7.511509058502996439e-02 4.055901662481147668e-02
7.115789644719716645e-02 3.921151508214329451e-02
6.730393210993146358e-02 3.788081087765517163e-02
6.355362589573076981e-02 3.656110185184813927e-02
5.990739460672012129e-02 3.524781886184126523e-02
5.636564347832906385e-02 3.393702946464577375e-02
5.292876613425423482e-02 3.262546128772014775e-02
4.959714454271368922e-02 3.131091366680400362e-02
4.637114897399441382e-02 2.999499709942385697e-02
4.325113795930202176e-02 2.868132965625080216e-02
4.023745825091396000e-02 2.737699612246268996e-02
3.733044478364233587e-02 2.608941649259542347e-02
3.453042063760936031e-02 2.482458558843127563e-02
3.183769700234129196e-02 2.358761617491571261e-02
2.925257314218321358e-02 2.238208064072956874e-02
2.677533636303963682e-02 2.121221179147214642e-02
2.440626198044326678e-02 2.008400952677668119e-02
2.214561328895736647e-02 1.899240259940814315e-02
1.999364153291383062e-02 1.791246858672029124e-02
1.795058587848985532e-02 1.682135880724206639e-02
1.601667338712764455e-02 1.570249665523260757e-02
1.419211899029970692e-02 1.454690987516677261e-02
1.247712546562085301e-02 1.335465472705579804e-02
1.087188341431266636e-02 1.213032835065647533e-02
9.376571240020115106e-03 1.088290921582029183e-02
7.991355128984078959e-03 9.625131121197510672e-03
6.716389031571567969e-03 8.372987875116271253e-03
5.551814645166519568e-03 7.144046527696714700e-03
4.497761398421062928e-03 5.957000293656237837e-03
3.554346436871580472e-03 4.830906858434810477e-03
2.721674609919344512e-03 3.784898887425351167e-03
1.999838459177394334e-03 2.836870724517766111e-03
1.388918208186096237e-03 2.003751186860809174e-03
8.889817534969424173e-04 1.300217819365931870e-03
5.000846571264760954e-04 7.393970846500827693e-04
2.222701403818971855e-04 3.310955613467026284e-04
5.556907905679420168e-05 8.317973127412571044e-05
0.000000000000000000e+00 -1.418141028777113412e-09
0.000000000000000000e+00 1.051887605902476750e-09
5.556907905679420168e-05 -5.269134069633062497e-05
2.222701403818971855e-04 -2.096955383713386704e-04
5.000846571264760954e-04 -4.681800820653591265e-04
8.889817534969424173e-04 -8.229790812752591422e-04
1.388918208186096237e-03 -1.267656567130333832e-03
1.999838459177394334e-03 -1.793620829793821873e-03
2.721674609919344512e-03 -2.391231066823467505e-03
3.554346436871580472e-03 -3.049289800456387971e-03
4.497761398421062928e-03 -3.755972734960075655e-03
5.551814645166519568e-03 -4.498674122940114935e-03
6.716389031571567969e-03 -5.264691240199346686e-03
7.991355128984078959e-03 -6.041325487802488674e-03
9.376571240020115106e-03 -6.816709915164326922e-03
1.087188341431266636e-02 -7.580142963617905738e-03
1.247712546562085301e-02 -8.322530528584871912e-03
1.419211899029970692e-02 -9.036663184093227108e-03
1.601667338712764455e-02 -9.718827628747294875e-03
1.795058587848985532e-02 -1.036878273666216703e-02
1.999364153291383062e-02 -1.099018462914917900e-02
2.214561328895736647e-02 -1.159039933217491554e-02
2.440626198044326678e-02 -1.218538970946519799e-02
2.677533636303963682e-02 -1.279555915973477030e-02
2.925257314218321358e-02 -1.342854747387345685e-02
3.183769700234129196e-02 -1.408421638983811328e-02
3.453042063760936031e-02 -1.475861173454774168e-02
3.733044478364233587e-02 -1.544607954756660462e-02
4.023745825091396000e-02 -1.614142299604807290e-02
4.325113795930202176e-02 -1.683910971145297780e-02
4.637114897399441382e-02 -1.753086891149116186e-02
4.959714454271368922e-02 -1.820785548939959572e-02
5.292876613425423482e-02 -1.886262148229058203e-02
5.636564347832906385e-02 -1.949009918238705369e-02
5.990739460672012129e-02 -2.009234882147620596e-02
6.355362589573076981e-02 -2.067285653425638553e-02
6.730393210993146358e-02 -2.123464479615633574e-02
7.115789644719716645e-02 -2.178213794988361970e-02
7.511509058502996439e-02 -2.232335984867526296e-02
7.917507472816209813e-02 -2.286340901755007371e-02
8.333739765743386485e-02 -2.340032627549325228e-02
8.760159677994161509e-02 -2.392998178549687188e-02
9.196719818044885031e-02 -2.444599069612970674e-02
9.643371667405697956e-02 -2.494103016531417846e-02
1.010006558601274085e-01 -2.540684572941775618e-02
1.056675081774507419e-01 -2.583833945038119945e-02
1.104337549606562163e-01 -2.623438562352566755e-02
1.152988664978553679e-01 -2.659581493622463488e-02
1.202623020895129402e-01 -2.692521977407099504e-02
1.253235101085391490e-01 -2.722541311872474570e-02
1.304819280615971966e-01 -2.749937079139971180e-02
1.357369826516168221e-01 -2.775063176298464898e-02
1.410880898415101115e-01 -2.798327297775019679e-02
1.465346549190801317e-01 -2.820281369364167207e-02
1.520760725631161714e-01 -2.841523179696813298e-02
1.577117269106679265e-01 -2.862295322649595353e-02
1.634409916254914164e-01 -2.882626147040113704e-02
1.692632299676588570e-01 -2.902316934142473021e-02
1.751777948643248317e-01 -2.921085090860481986e-02
1.811840289816407656e-01 -2.938717165569797174e-02
1.872812647978095990e-01 -2.955004960998275712e-02
1.934688246772731102e-01 -2.969649997260108074e-02
1.997460209460230063e-01 -2.982350790738776125e-02
2.061121559680280102e-01 -2.992895782425155846e-02
2.125665222227673956e-01 -3.001146680217459811e-02
2.191084023838638650e-01 -3.007128932910098015e-02
2.257370693988056676e-01 -3.010892750042639537e-02
2.324517865697500740e-01 -3.012468415525767357e-02
2.392518076353984391e-01 -3.011895230255675834e-02
2.461363768539343022e-01 -3.009239274924750684e-02
2.531047290870154232e-01 -3.004572577394702682e-02
2.601560898848094272e-01 -2.997971770840164585e-02
2.672896755720651774e-01 -2.989525273036368683e-02
2.745046933352085494e-01 -2.979338972700104615e-02
2.818003413104546162e-01 -2.967525352961113833e-02
2.891758086729252497e-01 -2.954204161217414276e-02
2.966302757267624823e-01 -2.939513092337756039e-02
3.041629139962280792e-01 -2.923604069212058787e-02
3.117728863177794407e-01 -2.906534148778942145e-02
3.194593469331089564e-01 -2.888271592182652808e-02
3.272214415831418144e-01 -2.868769998137252891e-02
3.350583076029753915e-01 -2.847974622761248464e-02
3.429690740177547825e-01 -2.825836250375775641e-02
3.509528616394713696e-01 -2.802308474991559856e-02
3.590087831646743277e-01 -2.777336039103755344e-02
3.671359432730831873e-01 -2.750860319485929836e-02
3.753334387270930161e-01 -2.722834158394154408e-02
3.836003584721576765e-01 -2.693211371154409853e-02
3.919357837380436083e-01 -2.661919251529530975e-02
4.003387881409395943e-01 -2.628891742224831463e-02
4.088084377864137364e-01 -2.594147563898548808e-02
4.173437913732044313e-01 -2.557758760684770635e-02
4.259439002978354649e-01 -2.519907922727867428e-02
4.346078087600411255e-01 -2.480799739435505732e-02
4.433345538689928977e-01 -2.440616204434203559e-02
4.521231657503131940e-01 -2.399548410948785376e-02
4.609726676538650203e-01 -2.357826893747513169e-02
4.698820760623064752e-01 -2.315679045876263553e-02
4.788504008003974244e-01 -2.273308905033730870e-02
4.878766451450451402e-01 -2.230954488205124167e-02
4.969598059360780251e-01 -2.188925165748355911e-02
5.060988736877365390e-01 -2.147406401284629798e-02
5.152928327008634568e-01 -2.106364003695069403e-02
5.245406611757882365e-01 -2.065646642530269417e-02
5.338413313258880688e-01 -2.024969807988826268e-02
5.431938094918128401e-01 -1.984061651069876642e-02
5.525970562563653488e-01 -1.942675680843126626e-02
5.620500265600203438e-01 -1.900548836647016071e-02
5.715516698170692855e-01 -1.857399417052855994e-02
5.811009300323815019e-01 -1.812929878476979631e-02
5.906967459187653091e-01 -1.766832711294824901e-02
6.003380510149177729e-01 -1.718833295094460839e-02
6.100237738039482327e-01 -1.668715924862189046e-02
6.197528378324663745e-01 -1.616631742437291477e-02
6.295241618302156450e-01 -1.562943269743059457e-02
6.393366598302444581e-01 -1.507982774491822484e-02
6.491892412895989839e-01 -1.452071260736348228e-02
6.590808112105230876e-01 -1.395563011994154293e-02
6.690102702621547603e-01 -1.338824998022004019e-02
6.789765149027036095e-01 -1.282218645733792031e-02
6.889784375020977514e-01 -1.226109906927410134e-02
6.990149264650814542e-01 -1.170893624539055301e-02
7.090848663547572039e-01 -1.116921321078499438e-02
7.191871380165538730e-01 -1.064354176470076220e-02
7.293206187026060050e-01 -1.013302482130256157e-02
7.394841821965345563e-01 -9.638555740557745374e-03
7.496766989386134394e-01 -9.161052631345258448e-03
7.598970361513051053e-01 -8.701596375438963582e-03
7.701440579651563922e-01 -8.261198726056387734e-03
7.804166255450371015e-01 -7.840674869986777665e-03
7.907135972167069760e-01 -7.441032235700216491e-03
8.010338285937002034e-01 -7.063626999731265586e-03
8.113761727045106786e-01 -6.708030267411411833e-03
8.217394801200630372e-01 -6.371105300858544845e-03
8.321225990814590245e-01 -6.049211804134626592e-03
8.425243756279822138e-01 -5.738351337292533355e-03
8.529436537253458628e-01 -5.434452069792260719e-03
8.633792753941731402e-01 -5.133398544419734075e-03
8.738300808386934015e-01 -4.831261420083904183e-03
8.842949085756387495e-01 -4.524228498373619213e-03
8.947725955633289985e-01 -4.207769180284461064e-03
9.052619773309316109e-01 -3.877648803380985901e-03
9.157618881078770645e-01 -3.539065986962810616e-03
9.262711609534211021e-01 -3.203302479828394351e-03
9.367886278863364335e-01 -2.882885740579842204e-03
9.473131200147204556e-01 -2.590893028966429878e-03
9.578434676659028923e-01 -2.339973242365977080e-03
9.683785005164411430e-01 -2.142632974829151212e-03
9.789170477221889044e-01 -2.011670564102390358e-03
9.894579380484205267e-01 -1.959934938242723947e-03
9.999999999999998890e-01 -1.999998909569638585e-03
