9.999999999999998890e-01 3.000000017607422527e-03
9.894579380484205267e-01 5.575055464160133707e-03
9.789170477221889044e-01 8.120550766951725036e-03
9.683785005164411430e-01 1.063573707652696113e-02
9.578434676659028923e-01 1.311988485064709796e-02
9.473131200147204556e-01 1.557227453173683739e-02
9.367886278863364335e-01 1.799220299670976908e-02
9.262711609534211021e-01 2.037898038261345968e-02
9.157618881078770645e-01 2.273194064732995262e-02
9.052619773309316109e-01 2.505042760714958766e-02
8.947725955633289985e-01 2.733379786686221391e-02
8.842949085756387495e-01 2.958143038670567673e-02
8.738300808386934015e-01 3.179273733195337598e-02
8.633792753941731402e-01 3.396713135955467533e-02
8.529436537253458628e-01 3.610402368507289322e-02
8.425243756279822138e-01 3.820287833689438306e-02
8.321225990814590245e-01 4.026321633422448587e-02
8.217394801200630372e-01 4.228450443040204093e-02
8.113761727045106786e-01 4.426616909627174856e-02
8.010338285937002034e-01 4.620786275307878915e-02
7.907135972167069760e-01 4.810953936530844993e-02
7.804166255450371015e-01 4.997262715780369929e-02
7.701440579651563922e-01 5.179953087076855783e-02
7.598970361513051053e-01 5.359251616987277533e-02
7.496766989386134394e-01 5.535375637013920797e-02
7.394841821965345563e-01 5.708540151989110328e-02
7.293206187026060050e-01 5.878960384619034280e-02
7.191871380165538730e-01 6.046859739106882903e-02
7.090848663547572039e-01 6.212456739862937116e-02
6.990149264650814542e-01 6.375927207924998730e-02
6.889784375020977514e-01 6.537281149830553861e-02
6.789765149027036095e-01 6.695872059753786576e-02
6.690102702621547603e-01 6.850896833109383632e-02
6.590808112105230876e-01 7.001626456808818233e-02
6.491892412895989839e-01 7.147343399404328113e-02
6.393366598302444581e-01 7.287315542930491996e-02
6.295241618302156450e-01 7.420839438425898271e-02
6.197528378324663745e-01 7.547287772464843225e-02
6.100237738039482327e-01 7.666009525042091766e-02
6.003380510149177729e-01 7.776287368933543220e-02
5.906967459187653091e-01 7.877787596176867579e-02
5.811009300323815019e-01 7.970845212067337315e-02
5.715516698170692855e-01 8.055931273935322545e-02
5.620500265600203438e-01 8.133617420704956913e-02
5.525970562563653488e-01 8.204446039768785448e-02
5.431938094918128401e-01 8.268914656023877707e-02
5.338413313258880688e-01 8.327513781468888487e-02
5.245406611757882365e-01 8.380729831125047213e-02
5.152928327008634568e-01 8.429054879659751698e-02
5.060988736877365390e-01 8.472979077911294010e-02
4.969598059360780251e-01 8.512897760595238006e-02
4.878766451450451402e-01 8.549119154068113291e-02
4.788504008003974244e-01 8.581752408353603145e-02
4.698820760623064752e-01 8.610792500646359537e-02
4.609726676538650203e-01 8.636285167717286382e-02
4.521231657503131940e-01 8.658299346838202459e-02
4.433345538689928977e-01 8.676879269496814984e-02
4.346078087600411255e-01 8.692062372304888707e-02
4.259439002978354649e-01 8.703907794115399443e-02
4.173437913732044313e-01 8.712478078314773999e-02
4.088084377864137364e-01 8.717815756823128759e-02
4.003387881409395943e-01 8.719971913054584689e-02
3.919357837380436083e-01 8.719053027958639790e-02
3.836003584721576765e-01 8.715195458248300997e-02
3.753334387270930161e-01 8.708588039287337712e-02
3.671359432730831873e-01 8.699421701126501538e-02
3.590087831646743277e-01 8.687865636578556705e-02
3.509528616394713696e-01 8.674085972770768926e-02
3.429690740177547825e-01 8.658249781267082779e-02
3.350583076029753915e-01 8.640519069086242954e-02
3.272214415831418144e-01 8.621046317614841636e-02
3.194593469331089564e-01 8.599980556190331416e-02
3.117728863177794407e-01 8.577466945020817413e-02
3.041629139962280792e-01 8.553645490780008298e-02
2.966302757267624823e-01 8.528639125549002109e-02
2.891758086729252497e-01 8.502278636925818256e-02
2.818003413104546162e-01 8.474079057147043681e-02
2.745046933352085494e-01 8.443574533151422534e-02
2.672896755720651774e-01 8.410333755392096489e-02
2.601560898848094272e-01 8.373961034374595436e-02
2.531047290870154232e-01 8.334090790084919265e-02
2.461363768539343022e-01 8.290398644874075185e-02
2.392518076353984391e-01 8.242590059034657357e-02
2.324517865697500740e-01 8.190402910673380554e-02
2.257370693988056676e-01 8.133599239892259913e-02
2.191084023838638650e-01 8.071991654193257093e-02
2.125665222227673956e-01 8.005417734336217617e-02
2.061121559680280102e-01 7.933726852789216299e-02
1.997460209460230063e-01 7.856797959291136890e-02
1.934688246772731102e-01 7.774637104346904248e-02
1.872812647978095990e-01 7.687309178232233642e-02
1.811840289816407656e-01 7.594957086723821971e-02
1.751777948643248317e-01 7.497747137282027852e-02
1.692632299676588570e-01 7.395856338706714717e-02
1.634409916254914164e-01 7.289458023069858572e-02
1.577117269106679265e-01 7.178708806195829850e-02
1.520760725631161714e-01 7.063806096987582106e-02
1.465346549190801317e-01 6.945051319165718162e-02
1.410880898415101115e-01 6.822918506535254057e-02
1.357369826516168221e-01 6.698190173959527038e-02
1.304819280615971966e-01 6.571622239132614285e-02
1.253235101085391490e-01 6.443867075697592983e-02
1.202623020895129402e-01 6.315529907869124604e-02
1.152988664978553679e-01 6.187163622021031595e-02
1.104337549606562163e-01 6.059305411552520088e-02
1.056675081774507419e-01 5.932472672062553271e-02
1.010006558601274085e-01 5.807049305901283709e-02
9.643371667405697956e-02 5.683247741074030218e-02
9.196719818044885031e-02 5.560586378473403313e-02
8.760159677994161509e-02 5.438030349870606739e-02
8.333739765743386485e-02 5.314762155277041183e-02
7.917507472816209813e-02 5.190141386251439365e-02
7.511509058502996439e-02 5.063664460923198579e-02
7.115789644719716645e-02 4.934952350666593074e-02
6.730393210993146358e-02 4.804007215205354647e-02
6.355362589573076981e-02 4.671018880460425793e-02
5.990739460672012129e-02 4.536181655016720271e-02
5.636564347832906385e-02 4.399702165277107752e-02
5.292876613425423482e-02 4.261847333099371554e-02
4.959714454271368922e-02 4.122913364274491399e-02
4.637114897399441382e-02 3.983235873233291480e-02
4.325113795930202176e-02 3.843176536619196532e-02
4.023745825091396000e-02 3.703152514681783830e-02
3.733044478364233587e-02 3.563583321352969957e-02
3.453042063760936031e-02 3.424856556461470386e-02
3.183769700234129196e-02 3.287378662756588327e-02
2.925257314218321358e-02 3.151618737188947167e-02
2.677533636303963682e-02 3.017998045605128909e-02
2.440626198044326678e-02 2.886797237804627700e-02
2.214561328895736647e-02 2.756602754668365310e-02
1.999364153291383062e-02 2.623064730480251933e-02
1.795058587848985532e-02 2.482678379681330788e-02
1.601667338712764455e-02 2.333659403810354332e-02
1.419211899029970692e-02 2.175214485808541626e-02
1.247712546562085301e-02 2.007643515967817704e-02
1.087188341431266636e-02 1.832028088511393135e-02
9.376571240020115106e-03 1.650226048976532675e-02
7.991355128984078959e-03 1.464583488669717569e-02
6.716389031571567969e-03 1.277864996950060783e-02
5.551814645166519568e-03 1.093088249536120285e-02
4.497761398421062928e-03 9.134499155685812249e-03
3.554346436871580472e-03 7.421497384050558706e-03
2.721674609919344512e-03 5.823632994747818432e-03
1.999838459177394334e-03 4.370560076289871886e-03
1.388918208186096237e-03 3.090288329413275800e-03
8.889817534969424173e-04 2.006943180090745450e-03
5.000846571264760954e-04 1.142024303914302525e-03
2.222701403818971855e-04 5.116028652607285164e-04
5.556907905679420168e-05 1.285666500721569276e-04
0.000000000000000000e+00 -2.516662932584428109e-09
0.000000000000000000e+00 2.431156423798950094e-09
5.556907905679420168e-05 -7.256615192688799058e-05
2.222701403818971855e-04 -2.876951977284539740e-04
5.000846571264760954e-04 -6.385579525008055427e-04
8.889817534969424173e-04 -1.112742250152775128e-03
1.388918208186096237e-03 -1.694792645558032248e-03
1.999838459177394334e-03 -2.364083893815886218e-03
2.721674609919344512e-03 -3.097530975855806567e-03
3.554346436871580472e-03 -3.868443303534764652e-03
4.497761398421062928e-03 -4.648694390786336540e-03
5.551814645166519568e-03 -5.408381654453581038e-03
6.716389031571567969e-03 -6.117619406600929496e-03
7.991355128984078959e-03 -6.746913476975010052e-03
9.376571240020115106e-03 -7.268902107220533496e-03
1.087188341431266636e-02 -7.659183034972577749e-03
1.247712546562085301e-02 -7.897949307812221487e-03
1.419211899029970692e-02 -7.970731852545313856e-03
1.601667338712764455e-02 -7.871392870226793029e-03
1.795058587848985532e-02 -7.602166910860358971e-03
1.999364153291383062e-02 -7.176822608480204826e-03
2.214561328895736647e-02 -6.619580216654911801e-03
2.440626198044326678e-02 -5.972812986135864893e-03
2.677533636303963682e-02 -5.287968199955998469e-03
2.925257314218321358e-02 -4.587058644711720402e-03
3.183769700234129196e-02 -3.875251291902453727e-03
3.453042063760936031e-02 -3.157441194514483927e-03
3.733044478364233587e-02 -2.438574150556668037e-03
4.023745825091396000e-02 -1.724161976950692532e-03
4.325113795930202176e-02 -1.020407983597323466e-03
4.637114897399441382e-02 -3.359756376341988806e-04
4.959714454271368922e-02 3.207799680418006770e-04
5.292876613425423482e-02 9.463223181545133518e-04
5.636564347832906385e-02 1.541857894299943120e-03
5.990739460672012129e-02 2.120840370683431137e-03
6.355362589573076981e-02 2.699511268314062299e-03
6.730393210993146358e-02 3.294311403103015665e-03
7.115789644719716645e-02 3.925323172984195204e-03
7.511509058502996439e-02 4.621326891595089678e-03
7.917507472816209813e-02 5.399512785150977628e-03
8.333739765743386485e-02 6.250823166838296620e-03
8.760159677994161509e-02 7.159739559345333106e-03
9.196719818044885031e-02 8.105090675641425310e-03
9.643371667405697956e-02 9.061871410332919541e-03
1.010006558601274085e-01 1.000075510357203643e-02
1.056675081774507419e-01 1.090472117973932849e-02
1.104337549606562163e-01 1.177214458558696782e-02
1.152988664978553679e-01 1.260536112467424558e-02
1.202623020895129402e-01 1.340981266485932223e-02
1.253235101085391490e-01 1.419111525093600355e-02
1.304819280615971966e-01 1.495499530225724225e-02
1.357369826516168221e-01 1.570827678760802759e-02
1.410880898415101115e-01 1.645877567246341322e-02
1.465346549190801317e-01 1.721645894717911685e-02
1.520760725631161714e-01 1.799170053247865775e-02
1.577117269106679265e-01 1.878721380454860534e-02
1.634409916254914164e-01 1.960133827386964164e-02
1.692632299676588570e-01 2.042920797519025625e-02
1.751777948643248317e-01 2.126474248775676867e-02
1.811840289816407656e-01 2.210263801974695491e-02
1.872812647978095990e-01 2.293742968850732630e-02
1.934688246772731102e-01 2.376160768010597210e-02
1.997460209460230063e-01 2.456771346961602112e-02
2.061121559680280102e-01 2.535078401287618050e-02
2.125665222227673956e-01 2.610751341124677161e-02
2.191084023838638650e-01 2.683794713757861605e-02
2.257370693988056676e-01 2.754252147259828032e-02
2.324517865697500740e-01 2.822096034852180843e-02
2.392518076353984391e-01 2.887311149180703598e-02
2.461363768539343022e-01 2.949934499030634413e-02
2.531047290870154232e-01 3.010007014514736942e-02
2.601560898848094272e-01 3.067564455835115195e-02
2.672896755720651774e-01 3.122657169307485603e-02
2.745046933352085494e-01 3.175358904508720354e-02
2.818003413104546162e-01 3.225751849626421613e-02
2.891758086729252497e-01 3.273927047768341453e-02
2.966302757267624823e-01 3.319989714886785459e-02
3.041629139962280792e-01 3.364055163409200577e-02
3.117728863177794407e-01 3.406145644824117025e-02
3.194593469331089564e-01 3.446197264153823270e-02
3.272214415831418144e-01 3.484143550128173533e-02
3.350583076029753915e-01 3.519918777198655785e-02
3.429690740177547825e-01 3.553460322046132075e-02
3.509528616394713696e-01 3.584707279150817216e-02
3.590087831646743277e-01 3.613595971410615143e-02
3.671359432730831873e-01 3.640062539895462523e-02
3.753334387270930161e-01 3.664053384277430464e-02
3.836003584721576765e-01 3.685516745538244821e-02
3.919357837380436083e-01 3.704383207061525546e-02
4.003387881409395943e-01 3.720591468681049702e-02
4.088084377864137364e-01 3.734155346677258541e-02
4.173437913732044313e-01 3.745131194624268939e-02
4.259439002978354649e-01 3.753653734229675520e-02
4.346078087600411255e-01 3.759873642228447888e-02
4.433345538689928977e-01 3.763926498150494543e-02
4.521231657503131940e-01 3.765957069796464773e-02
4.609726676538650203e-01 3.766145224091468208e-02
4.698820760623064752e-01 3.764668178513047581e-02
4.788504008003974244e-01 3.761682729476747977e-02
4.878766451450451402e-01 3.757378330512227416e-02
4.969598059360780251e-01 3.752012275111551998e-02
5.060988736877365390e-01 3.745710913650129176e-02
5.152928327008634568e-01 3.738370366721989468e-02
5.245406611757882365e-01 3.729783408266302419e-02
5.338413313258880688e-01 3.719629977767138079e-02
5.431938094918128401e-01 3.707600719757937063e-02
5.525970562563653488e-01 3.693407685949847558e-02
5.620500265600203438e-01 3.676747731455659585e-02
5.715516698170692855e-01 3.657300725346415704e-02
5.811009300323815019e-01 3.634732132109735891e-02
5.906967459187653091e-01 3.608698288622726180e-02
6.003380510149177729e-01 3.578884562566505417e-02
6.100237738039482327e-01 3.545019967716279280e-02
6.197528378324663745e-01 3.507071365852263561e-02
6.295241618302156450e-01 3.465141669635922461e-02
6.393366598302444581e-01 3.419306478513603476e-02
6.491892412895989839e-01 3.369630279124163907e-02
6.590808112105230876e-01 3.316198973165594005e-02
6.690102702621547603e-01 3.259106760995711394e-02
6.789765149027036095e-01 3.198444955312781252e-02
6.889784375020977514e-01 3.134305969531121089e-02
6.990149264650814542e-01 3.066791626570566920e-02
7.090848663547572039e-01 2.996006851775043917e-02
7.191871380165538730e-01 2.922058268683422680e-02
7.293206187026060050e-01 2.845054306651647810e-02
7.394841821965345563e-01 2.765107714076203357e-02
7.496766989386134394e-01 2.682334521455742582e-02
7.598970361513051053e-01 2.596856981871434322e-02
7.701440579651563922e-01 2.508797907662543847e-02
7.804166255450371015e-01 2.418279339372416195e-02
7.907135972167069760e-01 2.325431072462777124e-02
8.010338285937002034e-01 2.230395630055986844e-02
8.113761727045106786e-01 2.133257026286570351e-02
8.217394801200630372e-01 2.034010329533827641e-02
8.321225990814590245e-01 1.932634248387314277e-02
8.425243756279822138e-01 1.829096207137036537e-02
8.529436537253458628e-01 1.723367643042908459e-02
8.633792753941731402e-01 1.615424885044799627e-02
8.738300808386934015e-01 1.505242842916351513e-02
8.842949085756387495e-01 1.392795101209162202e-02
8.947725955633289985e-01 1.278057283748481460e-02
9.052619773309316109e-01 1.161006591863744490e-02
9.157618881078770645e-01 1.041620397079427371e-02
9.262711609534211021e-01 9.198763156139580857e-03
9.367886278863364335e-01 7.957534151226649741e-03
9.473131200147204556e-01 6.692316501228142561e-03
9.578434676659028923e-01 5.402918542755080072e-03
9.683785005164411430e-01 4.089154874192143380e-03
9.789170477221889044e-01 2.750854392868666912e-03
9.894579380484205267e-01 1.387853545101048591e-03
9.999999999999998890e-01 -7.778286425767646151e-13
