9.999999999999998890e-01 8.820695723269194460e-04
9.894579380484205267e-01 2.193397375360370532e-03
9.789170477221889044e-01 3.709598401605928783e-03
9.683785005164411430e-01 5.392625229244281393e-03
9.578434676659028923e-01 7.134724133706596416e-03
9.473131200147204556e-01 8.848836365188282940e-03
9.367886278863364335e-01 1.054329662387777991e-02
9.262711609534211021e-01 1.222843715935963659e-02
9.157618881078770645e-01 1.388274648662406706e-02
9.052619773309316109e-01 1.549003571786500104e-02
8.947725955633289985e-01 1.705243739547422296e-02
8.842949085756387495e-01 1.857087863491013388e-02
8.738300808386934015e-01 2.004129632613957032e-02
8.633792753941731402e-01 2.146590983373760503e-02
8.529436537253458628e-01 2.285580999558007448e-02
8.425243756279822138e-01 2.421906966870302630e-02
8.321225990814590245e-01 2.555952749010286310e-02
8.217394801200630372e-01 2.687805497656142739e-02
8.113761727045106786e-01 2.817300516489600060e-02
8.010338285937002034e-01 2.944411755489223861e-02
7.907135972167069760e-01 3.069225538719715443e-02
7.804166255450371015e-01 3.191743425711654480e-02
7.701440579651563922e-01 3.311913889402522820e-02
7.598970361513051053e-01 3.429747701163095297e-02
7.496766989386134394e-01 3.545284367071131065e-02
7.394841821965345563e-01 3.658506411653760643e-02
7.293206187026060050e-01 3.769381422690563921e-02
7.191871380165538730e-01 3.877956017019210805e-02
7.090848663547572039e-01 3.984283845813856029e-02
6.990149264650814542e-01 4.088290844338104968e-02
6.889784375020977514e-01 4.189761980532016872e-02
6.789765149027036095e-01 4.288053713672557860e-02
6.690102702621547603e-01 4.382589722965934964e-02
6.590808112105230876e-01 4.473445075781523617e-02
6.491892412895989839e-01 4.560777321402464252e-02
6.393366598302444581e-01 4.644560808984454781e-02
6.295241618302156450e-01 4.724771802935722603e-02
6.197528378324663745e-01 4.801472688873007627e-02
6.100237738039482327e-01 4.874719254997840479e-02
6.003380510149177729e-01 4.944527866937455107e-02
5.906967459187653091e-01 5.010921803486182574e-02
5.811009300323815019e-01 5.073944206907297916e-02
5.715516698170692855e-01 5.133637366919563405e-02
5.620500265600203438e-01 5.190039496810931741e-02
5.525970562563653488e-01 5.243185677571207681e-02
5.431938094918128401e-01 5.293108243821487841e-02
5.338413313258880688e-01 5.339854948528854894e-02
5.245406611757882365e-01 5.383487453137701662e-02
5.152928327008634568e-01 5.424033027548715719e-02
5.060988736877365390e-01 5.461496747280976394e-02
4.969598059360780251e-01 5.495991186941651813e-02
4.878766451450451402e-01 5.527703725539309665e-02
4.788504008003974244e-01 5.556783585962461053e-02
4.698820760623064752e-01 5.583347301515301925e-02
4.609726676538650203e-01 5.607438791727575866e-02
4.521231657503131940e-01 5.629070288708987180e-02
4.433345538689928977e-01 5.648289945379572630e-02
4.346078087600411255e-01 5.665158088872828540e-02
4.259439002978354649e-01 5.679716602866163866e-02
4.173437913732044313e-01 5.692003513216847832e-02
4.088084377864137364e-01 5.702069381713510687e-02
4.003387881409395943e-01 5.709966304548243221e-02
3.919357837380436083e-01 5.715738190167014149e-02
3.836003584721576765e-01 5.719430248533403233e-02
3.753334387270930161e-01 5.721098049044989753e-02
3.671359432730831873e-01 5.720793969873492341e-02
3.590087831646743277e-01 5.718556694216057196e-02
3.509528616394713696e-01 5.714434030519511404e-02
3.429690740177547825e-01 5.708498333317439666e-02
3.350583076029753915e-01 5.700801832058730728e-02
3.272214415831418144e-01 5.691354954315943487e-02
3.194593469331089564e-01 5.680215814585003187e-02
3.117728863177794407e-01 5.667518966458433283e-02
3.041629139962280792e-01 5.653268333874862661e-02
2.966302757267624823e-01 5.637291254111582300e-02
2.891758086729252497e-01 5.619422008449997258e-02
2.818003413104546162e-01 5.599522814661946069e-02
2.745046933352085494e-01 5.577607996855422912e-02
2.672896755720651774e-01 5.553826310859611565e-02
2.601560898848094272e-01 5.528265491089900951e-02
2.531047290870154232e-01 5.500964506612242982e-02
2.461363768539343022e-01 5.471990826864570751e-02
2.392518076353984391e-01 5.441430812868183753e-02
2.324517865697500740e-01 5.409365674174218541e-02
2.257370693988056676e-01 5.375873094788852918e-02
2.191084023838638650e-01 5.341026790501430394e-02
2.125665222227673956e-01 5.304809028672986121e-02
2.061121559680280102e-01 5.266648842948753323e-02
1.997460209460230063e-01 5.225907991071668951e-02
1.934688246772731102e-01 5.182673851847775792e-02
1.872812647978095990e-01 5.137213847282752488e-02
1.811840289816407656e-01 5.089591914137555489e-02
1.751777948643248317e-01 5.039868863015932454e-02
1.692632299676588570e-01 4.988275903482081164e-02
1.634409916254914164e-01 4.934997208277047687e-02
1.577117269106679265e-01 4.879981406368016222e-02
1.520760725631161714e-01 4.823310559349834603e-02
1.465346549190801317e-01 4.765473519582300727e-02
1.410880898415101115e-01 4.706527599096312076e-02
1.357369826516168221e-01 4.645571557336253959e-02
1.304819280615971966e-01 4.581767335088751669e-02
1.253235101085391490e-01 4.514573970918035056e-02
1.202623020895129402e-01 4.443924771018870068e-02
1.152988664978553679e-01 4.370364003027436828e-02
1.104337549606562163e-01 4.294252560501892607e-02
1.056675081774507419e-01 4.215691047420007387e-02
1.010006558601274085e-01 4.134899993144282304e-02
9.643371667405697956e-02 4.052226294993862415e-02
9.196719818044885031e-02 3.967916468597799257e-02
8.760159677994161509e-02 3.882138150742103777e-02
8.333739765743386485e-02 3.795174077773730281e-02
7.917507472816209813e-02 3.707311636694872459e-02
7.511509058502996439e-02 3.618041361428753905e-02
7.115789644719716645e-02 3.526500672299449912e-02
6.730393210993146358e-02 3.432780508549255344e-02
6.355362589573076981e-02 3.337411281617402858e-02
5.990739460672012129e-02 3.240706029790875464e-02
5.636564347832906385e-02 3.142920449949269251e-02
5.292876613425423482e-02 3.044491889188820008e-02
4.959714454271368922e-02 2.945852461819807588e-02
4.637114897399441382e-02 2.847132352747718323e-02
4.325113795930202176e-02 2.748517304987768695e-02
4.023745825091396000e-02 2.650712362919274007e-02
3.733044478364233587e-02 2.554165867784046265e-02
3.453042063760936031e-02 2.458175676285903610e-02
3.183769700234129196e-02 2.361620053962298210e-02
2.925257314218321358e-02 2.262875207368472003e-02
2.677533636303963682e-02 2.161246434545445808e-02
2.440626198044326678e-02 2.058156369196193977e-02
2.214561328895736647e-02 1.954835764745709720e-02
1.999364153291383062e-02 1.851698532823810306e-02
1.795058587848985532e-02 1.748775010355109460e-02
1.601667338712764455e-02 1.645664974636859915e-02
1.419211899029970692e-02 1.542463515587786695e-02
1.247712546562085301e-02 1.439947676182306083e-02
1.087188341431266636e-02 1.339428366507187246e-02
9.376571240020115106e-03 1.242581412933447572e-02
7.991355128984078959e-03 1.148238789407890828e-02
6.716389031571567969e-03 1.052741980152296225e-02
5.551814645166519568e-03 9.531637085958326316e-03
4.497761398421062928e-03 8.479028447082684675e-03
3.554346436871580472e-03 7.433964770155547346e-03
2.721674609919344512e-03 6.494506819161860456e-03
1.999838459177394334e-03 5.607632899376555416e-03
1.388918208186096237e-03 4.644458574416070011e-03
8.889817534969424173e-04 3.507731423329170806e-03
5.000846571264760954e-04 2.171451778623645183e-03
2.222701403818971855e-04 9.473324165503086260e-04
5.556907905679420168e-05 1.954301618591017958e-04
0.000000000000000000e+00 -9.164541366122735001e-05
0.000000000000000000e+00 -1.238816171932475749e-04
5.556907905679420168e-05 -2.162833625124031822e-04
2.222701403818971855e-04 -4.885126747752139773e-04
5.000846571264760954e-04 -9.241325298143495456e-04
8.889817534969424173e-04 -1.496359961043043814e-03
1.388918208186096237e-03 -2.170409949297897982e-03
1.999838459177394334e-03 -2.895468202174818120e-03
2.721674609919344512e-03 -3.613079009344854695e-03
3.554346436871580472e-03 -4.254090433104405072e-03
4.497761398421062928e-03 -4.801747040760876752e-03
5.551814645166519568e-03 -5.340565554431374318e-03
6.716389031571567969e-03 -5.920475152735802868e-03
7.991355128984078959e-03 -6.518757416920304727e-03
9.376571240020115106e-03 -7.114937193396609488e-03
1.087188341431266636e-02 -7.700219837160970221e-03
1.247712546562085301e-02 -8.268130231705786773e-03
1.419211899029970692e-02 -8.814459339823469894e-03
1.601667338712764455e-02 -9.346985823113647049e-03
1.795058587848985532e-02 -9.883718166791909815e-03
1.999364153291383062e-02 -1.042594935354857789e-02
2.214561328895736647e-02 -1.096159687083442420e-02
2.440626198044326678e-02 -1.148301199252300953e-02
2.677533636303963682e-02 -1.198631599973100370e-02
2.925257314218321358e-02 -1.247272726971683336e-02
3.183769700234129196e-02 -1.294605027704510275e-02
3.453042063760936031e-02 -1.340797092093047420e-02
3.733044478364233587e-02 -1.385839582582844634e-02
4.023745825091396000e-02 -1.429235795347122417e-02
4.325113795930202176e-02 -1.470370377836827981e-02
4.637114897399441382e-02 -1.509016198225060501e-02
4.959714454271368922e-02 -1.545303612083326165e-02
5.292876613425423482e-02 -1.580358106943486121e-02
5.636564347832906385e-02 -1.615226426412008989e-02
5.990739460672012129e-02 -1.649717926179190136e-02
6.355362589573076981e-02 -1.683456269268356412e-02
6.730393210993146358e-02 -1.716328131704034088e-02
7.115789644719716645e-02 -1.748278681105605234e-02
7.511509058502996439e-02 -1.779278635663866098e-02
7.917507472816209813e-02 -1.809317144434283847e-02
8.333739765743386485e-02 -1.838412179088239062e-02
8.760159677994161509e-02 -1.866515842490160115e-02
9.196719818044885031e-02 -1.893462110100580659e-02
9.643371667405697956e-02 -1.919075618190344001e-02
1.010006558601274085e-01 -1.943195091062590099e-02
1.056675081774507419e-01 -1.966022893961483567e-02
1.104337549606562163e-01 -1.988183229818395181e-02
1.152988664978553679e-01 -2.009944049062240348e-02
1.202623020895129402e-01 -2.031187490470704599e-02
1.253235101085391490e-01 -2.051832289356452996e-02
1.304819280615971966e-01 -2.071842063159733474e-02
1.357369826516168221e-01 -2.091161508818195972e-02
1.410880898415101115e-01 -2.109720750043445753e-02
1.465346549190801317e-01 -2.127451851472703104e-02
1.520760725631161714e-01 -2.144289773512743705e-02
1.577117269106679265e-01 -2.160182526257218433e-02
1.634409916254914164e-01 -2.175077941870232415e-02
1.692632299676588570e-01 -2.188876291576821731e-02
1.751777948643248317e-01 -2.201512824355755793e-02
1.811840289816407656e-01 -2.213237422323008699e-02
1.872812647978095990e-01 -2.224352763716058029e-02
1.934688246772731102e-01 -2.234888296992898135e-02
1.997460209460230063e-01 -2.244796489803162903e-02
2.061121559680280102e-01 -2.254040757839517045e-02
2.125665222227673956e-01 -2.262587046233189431e-02
2.191084023838638650e-01 -2.270400965634980159e-02
2.257370693988056676e-01 -2.277447742830710289e-02
2.324517865697500740e-01 -2.283691773663772823e-02
2.392518076353984391e-01 -2.289097917222561104e-02
2.461363768539343022e-01 -2.293632303567615105e-02
2.531047290870154232e-01 -2.297257786152544917e-02
2.601560898848094272e-01 -2.299932559408541730e-02
2.672896755720651774e-01 -2.301709302330403467e-02
2.745046933352085494e-01 -2.302783509382248794e-02
2.818003413104546162e-01 -2.303248953532338258e-02
2.891758086729252497e-01 -2.303053299238045845e-02
2.966302757267624823e-01 -2.302163005797606271e-02
3.041629139962280792e-01 -2.300574680296369953e-02
3.117728863177794407e-01 -2.298268556908057009e-02
3.194593469331089564e-01 -2.295209573000730682e-02
3.272214415831418144e-01 -2.291379954991950088e-02
3.350583076029753915e-01 -2.286773601806128819e-02
3.429690740177547825e-01 -2.281358766662607007e-02
3.509528616394713696e-01 -2.275092693659574658e-02
3.590087831646743277e-01 -2.267988388231225588e-02
3.671359432730831873e-01 -2.260092028639111572e-02
3.753334387270930161e-01 -2.251468755805448654e-02
3.836003584721576765e-01 -2.242179610866002967e-02
3.919357837380436083e-01 -2.232207660706509236e-02
4.003387881409395943e-01 -2.221512590461514544e-02
4.088084377864137364e-01 -2.210086146086977579e-02
4.173437913732044313e-01 -2.197926442942485514e-02
4.259439002978354649e-01 -2.185015958417956677e-02
4.346078087600411255e-01 -2.171335512130206924e-02
4.433345538689928977e-01 -2.156874168277222309e-02
4.521231657503131940e-01 -2.141621549867149879e-02
4.609726676538650203e-01 -2.125563874180042001e-02
4.698820760623064752e-01 -2.108687319779936273e-02
4.788504008003974244e-01 -2.090979384679702777e-02
4.878766451450451402e-01 -2.072428425399299931e-02
4.969598059360780251e-01 -2.053024086413132721e-02
5.060988736877365390e-01 -2.032754394257731134e-02
5.152928327008634568e-01 -2.011604515722608885e-02
5.245406611757882365e-01 -1.989561512095408199e-02
5.338413313258880688e-01 -1.966615240048957824e-02
5.431938094918128401e-01 -1.942749751071048969e-02
5.525970562563653488e-01 -1.917942931609905796e-02
5.620500265600203438e-01 -1.892191289714599198e-02
5.715516698170692855e-01 -1.865507716088436740e-02
5.811009300323815019e-01 -1.837867001514057602e-02
5.906967459187653091e-01 -1.809217987395985230e-02
6.003380510149177729e-01 -1.779590702125681545e-02
6.100237738039482327e-01 -1.749053519551539704e-02
6.197528378324663745e-01 -1.717479561968824828e-02
6.295241618302156450e-01 -1.684617990491359824e-02
6.393366598302444581e-01 -1.650146521936892569e-02
6.491892412895989839e-01 -1.613752344115858967e-02
6.590808112105230876e-01 -1.575416385919796436e-02
6.690102702621547603e-01 -1.535220603894441906e-02
6.789765149027036095e-01 -1.493139821393059397e-02
6.889784375020977514e-01 -1.449119894359928058e-02
6.990149264650814542e-01 -1.403140939063612230e-02
7.090848663547572039e-01 -1.355201002863331422e-02
7.191871380165538730e-01 -1.305328866616861476e-02
7.293206187026060050e-01 -1.253611600217918037e-02
7.394841821965345563e-01 -1.200292229073525105e-02
7.496766989386134394e-01 -1.145541036436295568e-02
7.598970361513051053e-01 -1.089269781968586238e-02
7.701440579651563922e-01 -1.031423271418249223e-02
7.804166255450371015e-01 -9.720994911332962382e-03
7.907135972167069760e-01 -9.113077964354086846e-03
8.010338285937002034e-01 -8.488727614070858130e-03
8.113761727045106786e-01 -7.849073850473812716e-03
8.217394801200630372e-01 -7.199714281926565713e-03
8.321225990814590245e-01 -6.543471130824639673e-03
8.425243756279822138e-01 -5.879447404549932935e-03
8.529436537253458628e-01 -5.211551455494782548e-03
8.633792753941731402e-01 -4.548865574540432617e-03
8.738300808386934015e-01 -3.898084446301364799e-03
8.842949085756387495e-01 -3.263212611683561151e-03
8.947725955633289985e-01 -2.643215149118190426e-03
9.052619773309316109e-01 -2.034106782790956556e-03
9.157618881078770645e-01 -1.440412348326485566e-03
9.262711609534211021e-01 -8.731590310766687785e-04
9.367886278863364335e-01 -3.531799114026014613e-04
9.473131200147204556e-01 9.741496601269679541e-05
9.578434676659028923e-01 4.845532593530843448e-04
9.683785005164411430e-01 8.155068704663324996e-04
9.789170477221889044e-01 1.032031944885076742e-03
9.894579380484205267e-01 1.063754933572971188e-03
9.999999999999998890e-01 8.983289286897301476e-04
