9.999999999999998890e-01 2.251813421272499168e-03
9.894579380484205267e-01 3.855051881108349874e-03
9.789170477221889044e-01 5.583663202201395379e-03
9.683785005164411430e-01 7.413147809275762862e-03
9.578434676659028923e-01 9.314103505662769261e-03
9.473131200147204556e-01 1.126026977046405350e-02
9.367886278863364335e-01 1.323670636115232592e-02
9.262711609534211021e-01 1.523309341117683527e-02
9.157618881078770645e-01 1.724524376767743589e-02
9.052619773309316109e-01 1.926885407050777169e-02
8.947725955633289985e-01 2.129781155016619368e-02
8.842949085756387495e-01 2.332631769822974058e-02
8.738300808386934015e-01 2.534938884365858791e-02
8.633792753941731402e-01 2.736193648970148412e-02
8.529436537253458628e-01 2.935863484698107706e-02
8.425243756279822138e-01 3.133413349285582572e-02
8.321225990814590245e-01 3.328310595177983583e-02
8.217394801200630372e-01 3.520092129601778280e-02
8.113761727045106786e-01 3.708374004563468052e-02
8.010338285937002034e-01 3.892981788841632512e-02
7.907135972167069760e-01 4.073903239229406670e-02
7.804166255450371015e-01 4.251084460026368500e-02
7.701440579651563922e-01 4.424443018149119139e-02
7.598970361513051053e-01 4.593923008432800048e-02
7.496766989386134394e-01 4.759482593602190614e-02
7.394841821965345563e-01 4.921069653014913114e-02
7.293206187026060050e-01 5.078628826801950130e-02
7.191871380165538730e-01 5.232115835289929962e-02
7.090848663547572039e-01 5.381490435818167550e-02
6.990149264650814542e-01 5.526710515093971599e-02
6.889784375020977514e-01 5.667735268354896078e-02
6.789765149027036095e-01 5.804532215077173180e-02
6.690102702621547603e-01 5.937070258494629021e-02
6.590808112105230876e-01 6.065315225514568420e-02
6.491892412895989839e-01 6.189239240791145902e-02
6.393366598302444581e-01 6.308834980145883176e-02
6.295241618302156450e-01 6.424110840646415910e-02
6.197528378324663745e-01 6.535104374450367848e-02
6.100237738039482327e-01 6.641855310700277293e-02
6.003380510149177729e-01 6.744398981928360903e-02
5.906967459187653091e-01 6.842772772229024913e-02
5.811009300323815019e-01 6.937018473751994929e-02
5.715516698170692855e-01 7.027178537772076072e-02
5.620500265600203438e-01 7.113295789987313100e-02
5.525970562563653488e-01 7.195414554869880575e-02
5.431938094918128401e-01 7.273580990677412650e-02
5.338413313258880688e-01 7.347842739249613175e-02
5.245406611757882365e-01 7.418248867600629737e-02
5.152928327008634568e-01 7.484848927053600054e-02
5.060988736877365390e-01 7.547693065618268915e-02
4.969598059360780251e-01 7.606834651106844647e-02
4.878766451450451402e-01 7.662329111763634126e-02
4.788504008003974244e-01 7.714229114612514149e-02
4.698820760623064752e-01 7.762586829288038726e-02
4.609726676538650203e-01 7.807464864096785861e-02
4.521231657503131940e-01 7.848925991672817126e-02
4.433345538689928977e-01 7.886996936374700284e-02
4.346078087600411255e-01 7.921685516392301674e-02
4.259439002978354649e-01 7.952979347751357175e-02
4.173437913732044313e-01 7.980861892894240694e-02
4.088084377864137364e-01 8.005330485719261424e-02
4.003387881409395943e-01 8.026386863444380515e-02
3.919357837380436083e-01 8.044034111255403408e-02
3.836003584721576765e-01 8.058277921566570079e-02
3.753334387270930161e-01 8.069131229752185552e-02
3.671359432730831873e-01 8.076610011624446583e-02
3.590087831646743277e-01 8.080734476609399697e-02
3.509528616394713696e-01 8.081527768809584900e-02
3.429690740177547825e-01 8.079017973371366290e-02
3.350583076029753915e-01 8.073236564524853554e-02
3.272214415831418144e-01 8.064220050613833679e-02
3.194593469331089564e-01 8.052007325048936293e-02
3.117728863177794407e-01 8.036640244701674651e-02
3.041629139962280792e-01 8.018165682911285175e-02
2.966302757267624823e-01 7.996636638590869095e-02
2.891758086729252497e-01 7.972105535667141363e-02
2.818003413104546162e-01 7.944624354004178879e-02
2.745046933352085494e-01 7.914257427069568140e-02
2.672896755720651774e-01 7.881078208987400691e-02
2.601560898848094272e-01 7.845126124249994504e-02
2.531047290870154232e-01 7.806412568379744732e-02
2.461363768539343022e-01 7.764932590053179318e-02
2.392518076353984391e-01 7.720672941719136650e-02
2.324517865697500740e-01 7.673638217737305256e-02
2.257370693988056676e-01 7.623844031364680751e-02
2.191084023838638650e-01 7.571314788737022738e-02
2.125665222227673956e-01 7.516079959093464880e-02
2.061121559680280102e-01 7.458175706889476342e-02
1.997460209460230063e-01 7.397644827687827052e-02
1.934688246772731102e-01 7.334550794635510962e-02
1.872812647978095990e-01 7.268957632753793308e-02
1.811840289816407656e-01 7.200904545728466222e-02
1.751777948643248317e-01 7.130406886062430616e-02
1.692632299676588570e-01 7.057420442661779814e-02
1.634409916254914164e-01 6.981902649087300128e-02
1.577117269106679265e-01 6.903851651799353117e-02
1.520760725631161714e-01 6.823277487864073954e-02
1.465346549190801317e-01 6.740201440651824583e-02
1.410880898415101115e-01 6.654659178535571318e-02
1.357369826516168221e-01 6.566711498265535851e-02
1.304819280615971966e-01 6.476427145150763509e-02
1.253235101085391490e-01 6.383883566884984706e-02
1.202623020895129402e-01 6.289178107981752142e-02
1.152988664978553679e-01 6.192430968227033428e-02
1.104337549606562163e-01 6.093654282622876922e-02
1.056675081774507419e-01 5.992733540398306746e-02
1.010006558601274085e-01 5.889580225223939314e-02
9.643371667405697956e-02 5.784140565492220526e-02
9.196719818044885031e-02 5.676397152811829550e-02
8.760159677994161509e-02 5.566365604429944491e-02
8.333739765743386485e-02 5.454114367502497368e-02
7.917507472816209813e-02 5.339748321305284873e-02
7.511509058502996439e-02 5.223374130950284022e-02
7.115789644719716645e-02 5.105111847126957841e-02
6.730393210993146358e-02 4.985186886475784923e-02
6.355362589573076981e-02 4.863843978287190478e-02
5.990739460672012129e-02 4.741110258513916292e-02
5.636564347832906385e-02 4.616899459011588464e-02
5.292876613425423482e-02 4.490993992870426915e-02
4.959714454271368922e-02 4.363175697773554601e-02
4.637114897399441382e-02 4.233424364657475264e-02
4.325113795930202176e-02 4.101806445313422450e-02
4.023745825091396000e-02 3.968503249914205611e-02
3.733044478364233587e-02 3.833734185523526850e-02
3.453042063760936031e-02 3.697754067308903214e-02
3.183769700234129196e-02 3.560904725972319912e-02
2.925257314218321358e-02 3.423730383410807099e-02
2.677533636303963682e-02 3.286695130490332323e-02
2.440626198044326678e-02 3.150022101055463541e-02
2.214561328895736647e-02 3.013406673532594005e-02
1.999364153291383062e-02 2.875671477586813629e-02
1.795058587848985532e-02 2.735796253078033591e-02
1.601667338712764455e-02 2.593150834695104323e-02
1.419211899029970692e-02 2.448035567191161888e-02
1.247712546562085301e-02 2.301839151552252660e-02
1.087188341431266636e-02 2.155132311599654640e-02
9.376571240020115106e-03 2.007685395557326155e-02
7.991355128984078959e-03 1.861744993609491111e-02
6.716389031571567969e-03 1.721485982586166974e-02
5.551814645166519568e-03 1.586702370240961057e-02
4.497761398421062928e-03 1.454274098393604567e-02
3.554346436871580472e-03 1.325795666820257443e-02
2.721674609919344512e-03 1.204011023738303307e-02
1.999838459177394334e-03 1.074864363232841229e-02
1.388918208186096237e-03 9.231065441653358086e-03
8.889817534969424173e-04 7.894907495211926640e-03
5.000846571264760954e-04 7.118550459705962064e-03
2.222701403818971855e-04 5.640115002642357052e-03
5.556907905679420168e-05 2.316399673015162065e-03
0.000000000000000000e+00 -4.897690723944521200e-04
0.000000000000000000e+00 -5.202630956756196376e-04
5.556907905679420168e-05 -5.923251929530827563e-04
2.222701403818971855e-04 -8.057142188458787197e-04
5.000846571264760954e-04 -1.152926459234337921e-03
8.889817534969424173e-04 -1.620585506578243020e-03
1.388918208186096237e-03 -2.192222129201147791e-03
1.999838459177394334e-03 -2.846225627833547274e-03
2.721674609919344512e-03 -3.559062902756332785e-03
3.554346436871580472e-03 -4.304811122021869572e-03
4.497761398421062928e-03 -5.057290354038327176e-03
5.551814645166519568e-03 -5.790499714291034473e-03
6.716389031571567969e-03 -6.481223592903920770e-03
7.991355128984078959e-03 -7.110766254117077342e-03
9.376571240020115106e-03 -7.666014745478923892e-03
1.087188341431266636e-02 -8.141192783479824641e-03
1.247712546562085301e-02 -8.542627606209038382e-03
1.419211899029970692e-02 -8.890297096731232529e-03
1.601667338712764455e-02 -9.216774105311770215e-03
1.795058587848985532e-02 -9.564181665515317926e-03
1.999364153291383062e-02 -9.947103560211098539e-03
2.214561328895736647e-02 -1.035781711688285416e-02
2.440626198044326678e-02 -1.078968617008252244e-02
2.677533636303963682e-02 -1.123659697187946727e-02
2.925257314218321358e-02 -1.168618425210614029e-02
3.183769700234129196e-02 -1.212291285788809174e-02
3.453042063760936031e-02 -1.253429592748958078e-02
3.733044478364233587e-02 -1.291076284816082900e-02
4.023745825091396000e-02 -1.325206347230659457e-02
4.325113795930202176e-02 -1.356148950251845862e-02
4.637114897399441382e-02 -1.384159828563192272e-02
4.959714454271368922e-02 -1.409572323686971926e-02
5.292876613425423482e-02 -1.433160702778466314e-02
5.636564347832906385e-02 -1.455670527869142375e-02
5.990739460672012129e-02 -1.477320969702654654e-02
6.355362589573076981e-02 -1.498138469502879183e-02
6.730393210993146358e-02 -1.517927241465510772e-02
7.115789644719716645e-02 -1.536477366397517516e-02
7.511509058502996439e-02 -1.553643310591138957e-02
7.917507472816209813e-02 -1.569270333806938728e-02
8.333739765743386485e-02 -1.583166501305131868e-02
8.760159677994161509e-02 -1.595219707266104514e-02
9.196719818044885031e-02 -1.605461535294816500e-02
9.643371667405697956e-02 -1.613937799590561828e-02
1.010006558601274085e-01 -1.620696004122292727e-02
1.056675081774507419e-01 -1.625827730551525352e-02
1.104337549606562163e-01 -1.629476049791370521e-02
1.152988664978553679e-01 -1.631749287910235283e-02
1.202623020895129402e-01 -1.632713533292697028e-02
1.253235101085391490e-01 -1.632367802279958979e-02
1.304819280615971966e-01 -1.630656966870531327e-02
1.357369826516168221e-01 -1.627550737328831154e-02
1.410880898415101115e-01 -1.623037470498719242e-02
1.465346549190801317e-01 -1.617098968823596147e-02
1.520760725631161714e-01 -1.609715977440557416e-02
1.577117269106679265e-01 -1.600896691239901692e-02
1.634409916254914164e-01 -1.590664100864412969e-02
1.692632299676588570e-01 -1.579046587374820232e-02
1.751777948643248317e-01 -1.566078184175689197e-02
1.811840289816407656e-01 -1.551812324917123051e-02
1.872812647978095990e-01 -1.536307042460568345e-02
1.934688246772731102e-01 -1.519609826948083511e-02
1.997460209460230063e-01 -1.501754552633834984e-02
2.061121559680280102e-01 -1.482734565806791138e-02
2.125665222227673956e-01 -1.462537839542237504e-02
2.191084023838638650e-01 -1.441166205664828545e-02
2.257370693988056676e-01 -1.418622916530655996e-02
2.324517865697500740e-01 -1.394907808312865170e-02
2.392518076353984391e-01 -1.370029397950507134e-02
2.461363768539343022e-01 -1.344016403336929788e-02
2.531047290870154232e-01 -1.316902683652565291e-02
2.601560898848094272e-01 -1.288726728465619704e-02
2.672896755720651774e-01 -1.259533667391049376e-02
2.745046933352085494e-01 -1.229377912283536635e-02
2.818003413104546162e-01 -1.198308785173370430e-02
2.891758086729252497e-01 -1.166367318870819951e-02
2.966302757267624823e-01 -1.133575424204836743e-02
3.041629139962280792e-01 -1.099935098350746966e-02
3.117728863177794407e-01 -1.065454300948929026e-02
3.194593469331089564e-01 -1.030147273622887202e-02
3.272214415831418144e-01 -9.940264608593324044e-03
3.350583076029753915e-01 -9.571041905720842694e-03
3.429690740177547825e-01 -9.194100038727623728e-03
3.509528616394713696e-01 -8.809849219959812322e-03
3.590087831646743277e-01 -8.418722163271104980e-03
3.671359432730831873e-01 -8.021170814203901558e-03
3.753334387270930161e-01 -7.617707584510680779e-03
3.836003584721576765e-01 -7.208860628158888714e-03
3.919357837380436083e-01 -6.795084782531768397e-03
4.003387881409395943e-01 -6.376795408041005704e-03
4.088084377864137364e-01 -5.954349741367117275e-03
4.173437913732044313e-01 -5.528102423402918644e-03
4.259439002978354649e-01 -5.098473461353678418e-03
4.346078087600411255e-01 -4.665886478372274250e-03
4.433345538689928977e-01 -4.230719261994784347e-03
4.521231657503131940e-01 -3.793314595263086106e-03
4.609726676538650203e-01 -3.353943978901771129e-03
4.698820760623064752e-01 -2.912871887834834334e-03
4.788504008003974244e-01 -2.470375857364137066e-03
4.878766451450451402e-01 -2.026755448032978215e-03
4.969598059360780251e-01 -1.582351504850967958e-03
5.060988736877365390e-01 -1.137632833019106351e-03
5.152928327008634568e-01 -6.932709555875136943e-04
5.245406611757882365e-01 -2.499597900473608759e-04
5.338413313258880688e-01 1.916015031657320724e-04
5.431938094918128401e-01 6.307032823192447327e-04
5.525970562563653488e-01 1.066631913228807856e-03
5.620500265600203438e-01 1.498847094051191948e-03
5.715516698170692855e-01 1.926978849064734300e-03
5.811009300323815019e-01 2.350651844819962727e-03
5.906967459187653091e-01 2.769478862107897787e-03
6.003380510149177729e-01 3.183053449481716961e-03
6.100237738039482327e-01 3.590934079228176590e-03
6.197528378324663745e-01 3.992454429181667083e-03
6.295241618302156450e-01 4.386816724974436366e-03
6.393366598302444581e-01 4.773225965709092418e-03
6.491892412895989839e-01 5.150885757804234306e-03
6.590808112105230876e-01 5.518975697333981974e-03
6.690102702621547603e-01 5.876656167390761042e-03
6.789765149027036095e-01 6.223036336007382006e-03
6.889784375020977514e-01 6.557214317704898425e-03
6.990149264650814542e-01 6.878316853612329029e-03
7.090848663547572039e-01 7.185429234200798633e-03
7.191871380165538730e-01 7.477453550223104282e-03
7.293206187026060050e-01 7.753178013436553412e-03
7.394841821965345563e-01 8.011172690954131148e-03
7.496766989386134394e-01 8.250013511977790509e-03
7.598970361513051053e-01 8.468396014744253991e-03
7.701440579651563922e-01 8.665018579589478867e-03
7.804166255450371015e-01 8.838548490859582038e-03
7.907135972167069760e-01 8.987835213489161687e-03
8.010338285937002034e-01 9.112040610653588529e-03
8.113761727045106786e-01 9.209510541049835755e-03
8.217394801200630372e-01 9.277323015754955146e-03
8.321225990814590245e-01 9.312077932095730662e-03
8.425243756279822138e-01 9.309901708128738573e-03
8.529436537253458628e-01 9.266793510290419894e-03
8.633792753941731402e-01 9.178646380445213901e-03
8.738300808386934015e-01 9.041287347625104331e-03
8.842949085756387495e-01 8.850472512440924616e-03
8.947725955633289985e-01 8.601716980730093193e-03
9.052619773309316109e-01 8.290440354159789652e-03
9.157618881078770645e-01 7.912999766923002956e-03
9.262711609534211021e-01 7.466282062743356818e-03
9.367886278863364335e-01 6.946607541625638912e-03
9.473131200147204556e-01 6.350824788162671986e-03
9.578434676659028923e-01 5.681832902869086294e-03
9.683785005164411430e-01 4.943979590830888809e-03
9.789170477221889044e-01 4.134361162670616152e-03
9.894579380484205267e-01 3.245552861352420885e-03
9.999999999999998890e-01 2.261106711105544814e-03
