9.999999999999998890e-01 1.945199298600530093e-04
9.894579380484205267e-01 3.286244677122506733e-03
9.789170477221889044e-01 6.352042318778402565e-03
9.683785005164411430e-01 9.391745199242226838e-03
9.578434676659028923e-01 1.240489185077635510e-02
9.473131200147204556e-01 1.539108993113738263e-02
9.367886278863364335e-01 1.835029908803762627e-02
9.262711609534211021e-01 2.128230645293753553e-02
9.157618881078770645e-01 2.418637835883027942e-02
9.052619773309316109e-01 2.706221254120607517e-02
8.947725955633289985e-01 2.991044267998086217e-02
8.842949085756387495e-01 3.273075325440993888e-02
8.738300808386934015e-01 3.552121346612220620e-02
8.633792753941731402e-01 3.828216268890430318e-02
8.529436537253458628e-01 4.101729682692450973e-02
8.425243756279822138e-01 4.373420059942976362e-02
8.321225990814590245e-01 4.644421217968236482e-02
8.217394801200630372e-01 4.915106589864896847e-02
8.113761727045106786e-01 5.185124564636391792e-02
8.010338285937002034e-01 5.454389966086264918e-02
7.907135972167069760e-01 5.723040750713998676e-02
7.804166255450371015e-01 5.991046113308489546e-02
7.701440579651563922e-01 6.258270840139859570e-02
7.598970361513051053e-01 6.524716253399802379e-02
7.496766989386134394e-01 6.790442673259612649e-02
7.394841821965345563e-01 7.055355099261437224e-02
7.293206187026060050e-01 7.319320290651534777e-02
7.191871380165538730e-01 7.582435647855814698e-02
7.090848663547572039e-01 7.844831547474255540e-02
6.990149264650814542e-01 8.106331186251711229e-02
6.889784375020977514e-01 8.365841737565245240e-02
6.789765149027036095e-01 8.618744844062858901e-02
6.690102702621547603e-01 8.860727910170089483e-02
6.590808112105230876e-01 9.091957659677742110e-02
6.491892412895989839e-01 9.313251894992588542e-02
6.393366598302444581e-01 9.524414932995586835e-02
6.295241618302156450e-01 9.725253168945469096e-02
6.197528378324663745e-01 9.916028666540062375e-02
6.100237738039482327e-01 1.009696344734104662e-01
6.003380510149177729e-01 1.026806059776483732e-01
5.906967459187653091e-01 1.042936559220419973e-01
5.811009300323815019e-01 1.058104057873915788e-01
5.715516698170692855e-01 1.072322190735560260e-01
5.620500265600203438e-01 1.085599347219782934e-01
5.525970562563653488e-01 1.097946066268159770e-01
5.431938094918128401e-01 1.109375934305437683e-01
5.338413313258880688e-01 1.119901858233095376e-01
5.245406611757882365e-01 1.129535894094134130e-01
5.152928327008634568e-01 1.138290537558578341e-01
5.060988736877365390e-01 1.146178870540476569e-01
4.969598059360780251e-01 1.153216379797974145e-01
4.878766451450451402e-01 1.159420140750213046e-01
4.788504008003974244e-01 1.164805737109080308e-01
4.698820760623064752e-01 1.169387802520004682e-01
4.609726676538650203e-01 1.173180799035929561e-01
4.521231657503131940e-01 1.176199186489396004e-01
4.433345538689928977e-01 1.178457972256210795e-01
4.346078087600411255e-01 1.179972419841088110e-01
4.259439002978354649e-01 1.180757922814679589e-01
4.173437913732044313e-01 1.180829991878401819e-01
4.088084377864137364e-01 1.180204471881104722e-01
4.003387881409395943e-01 1.178897355355325860e-01
3.919357837380436083e-01 1.176924827684809882e-01
3.836003584721576765e-01 1.174303194470038836e-01
3.753334387270930161e-01 1.171048995604261761e-01
3.671359432730831873e-01 1.167178882158962788e-01
3.590087831646743277e-01 1.162709675848958985e-01
3.509528616394713696e-01 1.157658303386725762e-01
3.429690740177547825e-01 1.152041861131265499e-01
3.350583076029753915e-01 1.145877531827578372e-01
3.272214415831418144e-01 1.139182616569620610e-01
3.194593469331089564e-01 1.131974509341732854e-01
3.117728863177794407e-01 1.124270728318016721e-01
3.041629139962280792e-01 1.116088837959095664e-01
2.966302757267624823e-01 1.107446452727895297e-01
2.891758086729252497e-01 1.098361291102009640e-01
2.818003413104546162e-01 1.088851178293211569e-01
2.745046933352085494e-01 1.078933882615343981e-01
2.672896755720651774e-01 1.068627129629685923e-01
2.601560898848094272e-01 1.057948863670314238e-01
2.531047290870154232e-01 1.046917167248212766e-01
2.461363768539343022e-01 1.035549737150252281e-01
2.392518076353984391e-01 1.023864095615089620e-01
2.324517865697500740e-01 1.011878513324021844e-01
2.257370693988056676e-01 9.996114697928594472e-02
2.191084023838638650e-01 9.870799054699493091e-02
2.125665222227673956e-01 9.743005150743726250e-02
2.061121559680280102e-01 9.612928360307726461e-02
1.997460209460230063e-01 9.480763656485170776e-02
1.934688246772731102e-01 9.346649143647306479e-02
1.872812647978095990e-01 9.210730420071473745e-02
1.811840289816407656e-01 9.073258861359313754e-02
1.751777948643248317e-01 8.934453666412488226e-02
1.692632299676588570e-01 8.794329847957105262e-02
1.634409916254914164e-01 8.652996465673526427e-02
1.577117269106679265e-01 8.510950907758120521e-02
1.520760725631161714e-01 8.368403997045519016e-02
1.465346549190801317e-01 8.224731129846127309e-02
1.410880898415101115e-01 8.078957049357347875e-02
1.357369826516168221e-01 7.929665965884377665e-02
1.304819280615971966e-01 7.776261982193069522e-02
1.253235101085391490e-01 7.619574204775675375e-02
1.202623020895129402e-01 7.460201393585716434e-02
1.152988664978553679e-01 7.298246291397454677e-02
1.104337549606562163e-01 7.133968980498381351e-02
1.056675081774507419e-01 6.967850291514786354e-02
1.010006558601274085e-01 6.800264094251219638e-02
9.643371667405697956e-02 6.631470306183308294e-02
9.196719818044885031e-02 6.461786836843941284e-02
8.760159677994161509e-02 6.291580198934738910e-02
8.333739765743386485e-02 6.121171224948288025e-02
7.917507472816209813e-02 5.950849741981611291e-02
7.511509058502996439e-02 5.780925923272022676e-02
7.115789644719716645e-02 5.611718574957075961e-02
6.730393210993146358e-02 5.443515921957979564e-02
6.355362589573076981e-02 5.276594093459702206e-02
5.990739460672012129e-02 5.111249456861312324e-02
5.636564347832906385e-02 4.947777289710268700e-02
5.292876613425423482e-02 4.786421223519488066e-02
4.959714454271368922e-02 4.627419024083873761e-02
4.637114897399441382e-02 4.471061155733041526e-02
4.325113795930202176e-02 4.317659907287321047e-02
4.023745825091396000e-02 4.167552739110388232e-02
3.733044478364233587e-02 4.019724796752337931e-02
3.453042063760936031e-02 3.869021667141342435e-02
3.183769700234129196e-02 3.711729648506768842e-02
2.925257314218321358e-02 3.549764796844506048e-02
2.677533636303963682e-02 3.385184000236367979e-02
2.440626198044326678e-02 3.218502452741087844e-02
2.214561328895736647e-02 3.050714125603575314e-02
1.999364153291383062e-02 2.883980224386695906e-02
1.795058587848985532e-02 2.719432211908074173e-02
1.601667338712764455e-02 2.556556845406525447e-02
1.419211899029970692e-02 2.396782770354463285e-02
1.247712546562085301e-02 2.243947002433618193e-02
1.087188341431266636e-02 2.097392463974175753e-02
9.376571240020115106e-03 1.951444427268049162e-02
7.991355128984078959e-03 1.797983876045237267e-02
6.716389031571567969e-03 1.627792163646780282e-02
5.551814645166519568e-03 1.443996272749721067e-02
4.497761398421062928e-03 1.258173873270230711e-02
3.554346436871580472e-03 1.072577156840122566e-02
2.721674609919344512e-03 8.844855631703570087e-03
1.999838459177394334e-03 7.005053813263503217e-03
1.388918208186096237e-03 5.316193099758021595e-03
8.889817534969424173e-04 3.844527716087365113e-03
5.000846571264760954e-04 2.636806982072627866e-03
2.222701403818971855e-04 1.739349412579934253e-03
5.556907905679420168e-05 1.192304103744708070e-03
0.000000000000000000e+00 1.006436413905456009e-03
0.000000000000000000e+00 -3.851185779225195678e-04
5.556907905679420168e-05 -4.637653397418137723e-04
2.222701403818971855e-04 -6.972074988345728589e-04
5.000846571264760954e-04 -1.082941712081622859e-03
8.889817534969424173e-04 -1.611525072529329050e-03
1.388918208186096237e-03 -2.272034141760211241e-03
1.999838459177394334e-03 -3.053381511928826130e-03
2.721674609919344512e-03 -3.940272006518737678e-03
3.554346436871580472e-03 -4.907973350245851789e-03
4.497761398421062928e-03 -5.934114386467763055e-03
5.551814645166519568e-03 -7.003023075541972564e-03
6.716389031571567969e-03 -8.085129225348253873e-03
7.991355128984078959e-03 -9.128535499015325710e-03
9.376571240020115106e-03 -1.011824457301925377e-02
1.087188341431266636e-02 -1.109099084065166135e-02
1.247712546562085301e-02 -1.207879862226189649e-02
1.419211899029970692e-02 -1.310329492186828280e-02
1.601667338712764455e-02 -1.416424314877703233e-02
1.795058587848985532e-02 -1.524181066866868786e-02
1.999364153291383062e-02 -1.632664428074406815e-02
2.214561328895736647e-02 -1.741777827715215027e-02
2.440626198044326678e-02 -1.850630428296691152e-02
2.677533636303963682e-02 -1.957841955765817279e-02
2.925257314218321358e-02 -2.062654429746934789e-02
3.183769700234129196e-02 -2.164540139826991519e-02
3.453042063760936031e-02 -2.261956997947205464e-02
3.733044478364233587e-02 -2.353524086055481385e-02
4.023745825091396000e-02 -2.442001930461280140e-02
4.325113795930202176e-02 -2.531207147154543660e-02
4.637114897399441382e-02 -2.621892161142867078e-02
4.959714454271368922e-02 -2.713805132382646548e-02
5.292876613425423482e-02 -2.806698752946427608e-02
5.636564347832906385e-02 -2.900336551059123219e-02
5.990739460672012129e-02 -2.994515702084804207e-02
6.355362589573076981e-02 -3.089036554322964825e-02
6.730393210993146358e-02 -3.183686737716451276e-02
7.115789644719716645e-02 -3.278233859450802729e-02
7.511509058502996439e-02 -3.372402699127254044e-02
7.917507472816209813e-02 -3.465956881632692443e-02
8.333739765743386485e-02 -3.558754886364805248e-02
8.760159677994161509e-02 -3.650890664765552712e-02
9.196719818044885031e-02 -3.742832686443692269e-02
9.643371667405697956e-02 -3.834742793692592910e-02
1.010006558601274085e-01 -3.926295369349944858e-02
1.056675081774507419e-01 -4.017262235882724380e-02
1.104337549606562163e-01 -4.107573599399336195e-02
1.152988664978553679e-01 -4.197060146271176101e-02
1.202623020895129402e-01 -4.285448654554250419e-02
1.253235101085391490e-01 -4.372588269895340274e-02
1.304819280615971966e-01 -4.458420768653728605e-02
1.357369826516168221e-01 -4.542663456533538313e-02
1.410880898415101115e-01 -4.624924738724898315e-02
1.465346549190801317e-01 -4.705413211551184860e-02
1.520760725631161714e-01 -4.784682569570247734e-02
1.577117269106679265e-01 -4.863097602189896118e-02
1.634409916254914164e-01 -4.940875003298127177e-02
1.692632299676588570e-01 -5.017888718433383133e-02
1.751777948643248317e-01 -5.093895024164123153e-02
1.811840289816407656e-01 -5.168808860919231474e-02
1.872812647978095990e-01 -5.242583441891802976e-02
1.934688246772731102e-01 -5.315087834228628821e-02
1.997460209460230063e-01 -5.386177878615549391e-02
2.061121559680280102e-01 -5.455753135923598063e-02
2.125665222227673956e-01 -5.523715858290281777e-02
2.191084023838638650e-01 -5.589943506615879798e-02
2.257370693988056676e-01 -5.654313983144855504e-02
2.324517865697500740e-01 -5.716719190075800899e-02
2.392518076353984391e-01 -5.777048280324086765e-02
2.461363768539343022e-01 -5.835179507021739931e-02
2.531047290870154232e-01 -5.890995868420716847e-02
2.601560898848094272e-01 -5.944391480839338049e-02
2.672896755720651774e-01 -5.995251040854032015e-02
2.745046933352085494e-01 -6.043443534131346523e-02
2.818003413104546162e-01 -6.088858184969965504e-02
2.891758086729252497e-01 -6.131410171787547020e-02
2.966302757267624823e-01 -6.170964397971823168e-02
3.041629139962280792e-01 -6.207343320805699949e-02
3.117728863177794407e-01 -6.240649883366803513e-02
3.194593469331089564e-01 -6.271231368588010835e-02
3.272214415831418144e-01 -6.299203020206892156e-02
3.350583076029753915e-01 -6.324490169777875759e-02
3.429690740177547825e-01 -6.346982909129057771e-02
3.509528616394713696e-01 -6.366559533609418564e-02
3.590087831646743277e-01 -6.383173258021163088e-02
3.671359432730831873e-01 -6.396798718669177708e-02
3.753334387270930161e-01 -6.407260814398411941e-02
3.836003584721576765e-01 -6.414371279475258869e-02
3.919357837380436083e-01 -6.418284746128088969e-02
4.003387881409395943e-01 -6.418978271184604123e-02
4.088084377864137364e-01 -6.414869483052329513e-02
4.173437913732044313e-01 -6.404183284383853370e-02
4.259439002978354649e-01 -6.386388752644449329e-02
4.346078087600411255e-01 -6.361298361430386961e-02
4.433345538689928977e-01 -6.328792881749011057e-02
4.521231657503131940e-01 -6.288753765695884179e-02
4.609726676538650203e-01 -6.241023072274987787e-02
4.698820760623064752e-01 -6.185437709198594175e-02
4.788504008003974244e-01 -6.121838900676620371e-02
4.878766451450451402e-01 -6.050089589522070904e-02
4.969598059360780251e-01 -5.970094874942672575e-02
5.060988736877365390e-01 -5.881818475060638512e-02
5.152928327008634568e-01 -5.785311500749298202e-02
5.245406611757882365e-01 -5.680588671927086497e-02
5.338413313258880688e-01 -5.567599035478832531e-02
5.431938094918128401e-01 -5.446162653343263743e-02
5.525970562563653488e-01 -5.315969345572384847e-02
5.620500265600203438e-01 -5.177029947789718589e-02
5.715516698170692855e-01 -5.029632725189108616e-02
5.811009300323815019e-01 -4.873303025832417812e-02
5.906967459187653091e-01 -4.707147842704293567e-02
6.003380510149177729e-01 -4.533193486257035970e-02
6.100237738039482327e-01 -4.355319008617256765e-02
6.197528378324663745e-01 -4.175365013288993843e-02
6.295241618302156450e-01 -3.993874090736324045e-02
6.393366598302444581e-01 -3.810755810096040641e-02
6.491892412895989839e-01 -3.625692197142366124e-02
6.590808112105230876e-01 -3.438874769078267835e-02
6.690102702621547603e-01 -3.250580695201153031e-02
6.789765149027036095e-01 -3.060407173505400036e-02
6.889784375020977514e-01 -2.868252743657263501e-02
6.990149264650814542e-01 -2.676412437235167752e-02
7.090848663547572039e-01 -2.487344432353848570e-02
7.191871380165538730e-01 -2.301619051920554201e-02
7.293206187026060050e-01 -2.119344256047885067e-02
7.394841821965345563e-01 -1.940549306907463425e-02
7.496766989386134394e-01 -1.765246963423537305e-02
7.598970361513051053e-01 -1.593446427956903694e-02
7.701440579651563922e-01 -1.425214066326166429e-02
7.804166255450371015e-01 -1.260735989713381196e-02
7.907135972167069760e-01 -1.100049233185648387e-02
8.010338285937002034e-01 -9.429080994567214449e-03
8.113761727045106786e-01 -7.894108481367359542e-03
8.217394801200630372e-01 -6.401837062627666573e-03
8.321225990814590245e-01 -4.950173167668288528e-03
8.425243756279822138e-01 -3.527229943028831454e-03
8.529436537253458628e-01 -2.150278006832339640e-03
8.633792753941731402e-01 -8.672318826842738632e-04
8.738300808386934015e-01 2.867245614610443522e-04
8.842949085756387495e-01 1.290460264806758553e-03
8.947725955633289985e-01 2.143680081080815911e-03
9.052619773309316109e-01 2.859585526228036832e-03
9.157618881078770645e-01 3.431680367512251854e-03
9.262711609534211021e-01 3.844209028660257668e-03
9.367886278863364335e-01 4.111709606015022736e-03
9.473131200147204556e-01 4.255924802867833319e-03
9.578434676659028923e-01 4.233906752542204721e-03
9.683785005164411430e-01 3.957182471931528639e-03
9.789170477221889044e-01 3.237054646040848915e-03
9.894579380484205267e-01 1.903044928310630192e-03
9.999999999999998890e-01 5.188848162181571369e-05
