9.999999999999998890e-01 3.000000080687649767e-03
9.894579380484205267e-01 6.735253512366079325e-03
9.789170477221889044e-01 1.041449090407557503e-02
9.683785005164411430e-01 1.404069001292315537e-02
9.578434676659028923e-01 1.761686791275184419e-02
9.473131200147204556e-01 2.114604858897050493e-02
9.367886278863364335e-01 2.463125290055730512e-02
9.262711609534211021e-01 2.807551762144017138e-02
9.157618881078770645e-01 3.148191640775679229e-02
9.052619773309316109e-01 3.485348738740801783e-02
8.947725955633289985e-01 3.819317616973786494e-02
8.842949085756387495e-01 4.150291987778077785e-02
8.738300808386934015e-01 4.478307144022330988e-02
8.633792753941731402e-01 4.803392628786138513e-02
8.529436537253458628e-01 5.125588834403019267e-02
8.425243756279822138e-01 5.444929170034633337e-02
8.321225990814590245e-01 5.761438994788132401e-02
8.217394801200630372e-01 6.075157591352980946e-02
8.113761727045106786e-01 6.386135787916073780e-02
8.010338285937002034e-01 6.694391014320935640e-02
7.907135972167069760e-01 6.999861600348902813e-02
7.804166255450371015e-01 7.301842459474278124e-02
7.701440579651563922e-01 7.599200412682985406e-02
7.598970361513051053e-01 7.890854041090120119e-02
7.496766989386134394e-01 8.175755913446998424e-02
7.394841821965345563e-01 8.452858769888542401e-02
7.293206187026060050e-01 8.721123178244069574e-02
7.191871380165538730e-01 8.979560676381680151e-02
7.090848663547572039e-01 9.227200581652475475e-02
6.990149264650814542e-01 9.463059730540593351e-02
6.889784375020977514e-01 9.686403879587954235e-02
6.789765149027036095e-01 9.897592941431829217e-02
6.690102702621547603e-01 1.009728988922807963e-01
6.590808112105230876e-01 1.028618393407580711e-01
6.491892412895989839e-01 1.046496314809072514e-01
6.393366598302444581e-01 1.063429508896986120e-01
6.295241618302156450e-01 1.079483525681881328e-01
6.197528378324663745e-01 1.094721894368873988e-01
6.100237738039482327e-01 1.109208527304048619e-01
6.003380510149177729e-01 1.123008610058554291e-01
5.906967459187653091e-01 1.136178148933915805e-01
5.811009300323815019e-01 1.148757147625910080e-01
5.715516698170692855e-01 1.160779128745036831e-01
5.620500265600203438e-01 1.172270615509200115e-01
5.525970562563653488e-01 1.183259427181781870e-01
5.431938094918128401e-01 1.193775487880595343e-01
5.338413313258880688e-01 1.203846221772473662e-01
5.245406611757882365e-01 1.213496518002430136e-01
5.152928327008634568e-01 1.222753660620736205e-01
5.060988736877365390e-01 1.231646494651364998e-01
4.969598059360780251e-01 1.240195766711584685e-01
4.878766451450451402e-01 1.248413025522749770e-01
4.788504008003974244e-01 1.256274343517397862e-01
4.698820760623064752e-01 1.263735198184492980e-01
4.609726676538650203e-01 1.270758709934726727e-01
4.521231657503131940e-01 1.277311952808851125e-01
4.433345538689928977e-01 1.283361319179356919e-01
4.346078087600411255e-01 1.288873684710766243e-01
4.259439002978354649e-01 1.293820408686082446e-01
4.173437913732044313e-01 1.298174457290361961e-01
4.088084377864137364e-01 1.301908898601548126e-01
4.003387881409395943e-01 1.304998698895331044e-01
3.919357837380436083e-01 1.307426016233089461e-01
3.836003584721576765e-01 1.309178673361066636e-01
3.753334387270930161e-01 1.310256971026721173e-01
3.671359432730831873e-01 1.310663308233818991e-01
3.590087831646743277e-01 1.310399120429971975e-01
3.509528616394713696e-01 1.309466640145311167e-01
3.429690740177547825e-01 1.307870185159467624e-01
3.350583076029753915e-01 1.305614603618020508e-01
3.272214415831418144e-01 1.302705225812735568e-01
3.194593469331089564e-01 1.299148346811968835e-01
3.117728863177794407e-01 1.294951669996398103e-01
3.041629139962280792e-01 1.290123252672947529e-01
2.966302757267624823e-01 1.284671571155073244e-01
2.891758086729252497e-01 1.278608233462216193e-01
2.818003413104546162e-01 1.271948280015173238e-01
2.745046933352085494e-01 1.264707827571203425e-01
2.672896755720651774e-01 1.256903847309265576e-01
2.601560898848094272e-01 1.248553679374188458e-01
2.531047290870154232e-01 1.239674943026445875e-01
2.461363768539343022e-01 1.230285466179801279e-01
2.392518076353984391e-01 1.220403308327804165e-01
2.324517865697500740e-01 1.210047469627303224e-01
2.257370693988056676e-01 1.199237351853746775e-01
2.191084023838638650e-01 1.187991509173568078e-01
2.125665222227673956e-01 1.176328579384150474e-01
2.061121559680280102e-01 1.164270125420659024e-01
1.997460209460230063e-01 1.151837368721761734e-01
1.934688246772731102e-01 1.139044163956453720e-01
1.872812647978095990e-01 1.125899070376660815e-01
1.811840289816407656e-01 1.112398289404253615e-01
1.751777948643248317e-01 1.098536706769466104e-01
1.692632299676588570e-01 1.084315702272275334e-01
1.634409916254914164e-01 1.069738513919528122e-01
1.577117269106679265e-01 1.054809712489080120e-01
1.520760725631161714e-01 1.039535441882906835e-01
1.465346549190801317e-01 1.023924891338256760e-01
1.410880898415101115e-01 1.007975035695960614e-01
1.357369826516168221e-01 9.916580943957493954e-02
1.304819280615971966e-01 9.749478862953699088e-02
1.253235101085391490e-01 9.578256958369468776e-02
1.202623020895129402e-01 9.402781428401973951e-02
1.152988664978553679e-01 9.222984084431684604e-02
1.104337549606562163e-01 9.038843122784984141e-02
1.056675081774507419e-01 8.850387851338777090e-02
1.010006558601274085e-01 8.657707412244783352e-02
9.643371667405697956e-02 8.460939864092094365e-02
9.196719818044885031e-02 8.260104343251445380e-02
8.760159677994161509e-02 8.055125118854804256e-02
8.333739765743386485e-02 7.845998500302829581e-02
7.917507472816209813e-02 7.632780493439819680e-02
7.511509058502996439e-02 7.415602034457889624e-02
7.115789644719716645e-02 7.194692630065276095e-02
6.730393210993146358e-02 6.970737243040774078e-02
6.355362589573076981e-02 6.744647673506659613e-02
5.990739460672012129e-02 6.517356413353692091e-02
5.636564347832906385e-02 6.289772729319473288e-02
5.292876613425423482e-02 6.062635820020272071e-02
4.959714454271368922e-02 5.836666917140807820e-02
4.637114897399441382e-02 5.612766758288986052e-02
4.325113795930202176e-02 5.391892845341553914e-02
4.023745825091396000e-02 5.175026060860662275e-02
3.733044478364233587e-02 4.963138907478487072e-02
3.453042063760936031e-02 4.757161333235467027e-02
3.183769700234129196e-02 4.557821864364163672e-02
2.925257314218321358e-02 4.365362033289504201e-02
2.677533636303963682e-02 4.180279056792095965e-02
2.440626198044326678e-02 4.003733126551912297e-02
2.214561328895736647e-02 3.833874504003451783e-02
1.999364153291383062e-02 3.663415435328305075e-02
1.795058587848985532e-02 3.485612078902396160e-02
1.601667338712764455e-02 3.295405198097316884e-02
1.419211899029970692e-02 3.089896623245520085e-02
1.247712546562085301e-02 2.868763467417643348e-02
1.087188341431266636e-02 2.632964156444096010e-02
9.376571240020115106e-03 2.384692580515824362e-02
7.991355128984078959e-03 2.127221039995230711e-02
6.716389031571567969e-03 1.864759522201069053e-02
5.551814645166519568e-03 1.601977800436093016e-02
4.497761398421062928e-03 1.343877103209370830e-02
3.554346436871580472e-03 1.095587000954254507e-02
2.721674609919344512e-03 8.622771319550142852e-03
1.999838459177394334e-03 6.487950385370958375e-03
1.388918208186096237e-03 4.597345539496824028e-03
8.889817534969424173e-04 2.990865049753881240e-03
5.000846571264760954e-04 1.704241435362153449e-03
2.222701403818971855e-04 7.641906337876834543e-04
5.556907905679420168e-05 1.921542891715662669e-04
0.000000000000000000e+00 -3.842458415452167587e-09
0.000000000000000000e+00 2.728079720820525889e-09
5.556907905679420168e-05 -1.084254059829039174e-04
2.222701403818971855e-04 -4.309090873874394517e-04
5.000846571264760954e-04 -9.600529418535993197e-04
8.889817534969424173e-04 -1.682373965213176340e-03
1.388918208186096237e-03 -2.581078626883412473e-03
1.999838459177394334e-03 -3.633755990238642184e-03
2.721674609919344512e-03 -4.815277087714331210e-03
3.554346436871580472e-03 -6.096492334235907411e-03
4.497761398421062928e-03 -7.446647756031783867e-03
5.551814645166519568e-03 -8.832999752524252346e-03
6.716389031571567969e-03 -1.022262993476470878e-02
7.991355128984078959e-03 -1.158274789953254134e-02
9.376571240020115106e-03 -1.288280988661114068e-02
1.087188341431266636e-02 -1.409540867968323008e-02
1.247712546562085301e-02 -1.519754150852613457e-02
1.419211899029970692e-02 -1.617135690357386288e-02
1.601667338712764455e-02 -1.700822152291552730e-02
1.795058587848985532e-02 -1.770867466618437219e-02
1.999364153291383062e-02 -1.828395965518510649e-02
2.214561328895736647e-02 -1.875540726263253896e-02
2.440626198044326678e-02 -1.916655300823755237e-02
2.677533636303963682e-02 -1.957234127462463558e-02
2.925257314218321358e-02 -1.999424862748765477e-02
3.183769700234129196e-02 -2.043357367507471836e-02
3.453042063760936031e-02 -2.088330539770083885e-02
3.733044478364233587e-02 -2.133278731120854740e-02
4.023745825091396000e-02 -2.177260491582800467e-02
4.325113795930202176e-02 -2.219273272038081724e-02
4.637114897399441382e-02 -2.257729906709333989e-02
4.959714454271368922e-02 -2.290927330930343092e-02
5.292876613425423482e-02 -2.317489808389808226e-02
5.636564347832906385e-02 -2.336439528464849882e-02
5.990739460672012129e-02 -2.347900117976181242e-02
6.355362589573076981e-02 -2.352231653629684865e-02
6.730393210993146358e-02 -2.349769632580551645e-02
7.115789644719716645e-02 -2.340983190049893484e-02
7.511509058502996439e-02 -2.326677721041597521e-02
7.917507472816209813e-02 -2.307644658379150518e-02
8.333739765743386485e-02 -2.284545236114624359e-02
8.760159677994161509e-02 -2.258050339924232847e-02
9.196719818044885031e-02 -2.228878322524613029e-02
9.643371667405697956e-02 -2.197953044670531916e-02
1.010006558601274085e-01 -2.166469605816345387e-02
1.056675081774507419e-01 -2.135096938144628864e-02
1.104337549606562163e-01 -2.103836312881882109e-02
1.152988664978553679e-01 -2.072486745852661003e-02
1.202623020895129402e-01 -2.040681770906413103e-02
1.253235101085391490e-01 -2.008051335805424026e-02
1.304819280615971966e-01 -1.974224605975482758e-02
1.357369826516168221e-01 -1.938775136378407399e-02
1.410880898415101115e-01 -1.901227710711047084e-02
1.465346549190801317e-01 -1.861015380978392475e-02
1.520760725631161714e-01 -1.817544050966278524e-02
1.577117269106679265e-01 -1.770461225591552640e-02
1.634409916254914164e-01 -1.719551667585647939e-02
1.692632299676588570e-01 -1.664695722782536316e-02
1.751777948643248317e-01 -1.605809962515845901e-02
1.811840289816407656e-01 -1.542788001229196404e-02
1.872812647978095990e-01 -1.475513978904104476e-02
1.934688246772731102e-01 -1.403865920447542638e-02
1.997460209460230063e-01 -1.327742342753854797e-02
2.061121559680280102e-01 -1.247127477133860331e-02
2.125665222227673956e-01 -1.162074920839160745e-02
2.191084023838638650e-01 -1.072792869124587940e-02
2.257370693988056676e-01 -9.795197356645708037e-03
2.324517865697500740e-01 -8.824931323197353697e-03
2.392518076353984391e-01 -7.819727310979395288e-03
2.461363768539343022e-01 -6.782668271671085311e-03
2.531047290870154232e-01 -5.717039091198999022e-03
2.601560898848094272e-01 -4.626380444756740366e-03
2.672896755720651774e-01 -3.514492254355321664e-03
2.745046933352085494e-01 -2.385536570081511244e-03
2.818003413104546162e-01 -1.243934150664059929e-03
2.891758086729252497e-01 -9.441046236234810064e-05
2.966302757267624823e-01 1.058024715299704308e-03
3.041629139962280792e-01 2.208225945975143562e-03
3.117728863177794407e-01 3.354060056896787483e-03
3.194593469331089564e-01 4.496182695208708786e-03
3.272214415831418144e-01 5.635472318397339621e-03
3.350583076029753915e-01 6.772901947006000969e-03
3.429690740177547825e-01 7.909469654560720431e-03
3.509528616394713696e-01 9.046214779330841518e-03
3.590087831646743277e-01 1.018442585505766919e-02
3.671359432730831873e-01 1.132550266124932904e-02
3.753334387270930161e-01 1.247065576274711957e-02
3.836003584721576765e-01 1.362113208654382353e-02
3.919357837380436083e-01 1.477894136198465436e-02
4.003387881409395943e-01 1.594591502528661803e-02
4.088084377864137364e-01 1.712151225862369036e-02
4.173437913732044313e-01 1.830393834343813433e-02
4.259439002978354649e-01 1.948929591658456889e-02
4.346078087600411255e-01 2.067326217752544354e-02
4.433345538689928977e-01 2.185192856891922039e-02
4.521231657503131940e-01 2.302129122585978849e-02
4.609726676538650203e-01 2.417682601604650289e-02
4.698820760623064752e-01 2.531393001752108712e-02
4.788504008003974244e-01 2.642802813877839427e-02
4.878766451450451402e-01 2.751434066365099004e-02
4.969598059360780251e-01 2.856768402732764653e-02
5.060988736877365390e-01 2.958320899118845396e-02
5.152928327008634568e-01 3.055669710158369010e-02
5.245406611757882365e-01 3.148414795684924272e-02
5.338413313258880688e-01 3.236177550482294274e-02
5.431938094918128401e-01 3.318561403776956742e-02
5.525970562563653488e-01 3.395147317797461012e-02
5.620500265600203438e-01 3.465522610844676277e-02
5.715516698170692855e-01 3.529280197329080770e-02
5.811009300323815019e-01 3.585981095426651888e-02
5.906967459187653091e-01 3.635164197770981986e-02
6.003380510149177729e-01 3.676427450746795611e-02
6.100237738039482327e-01 3.709437270591361274e-02
6.197528378324663745e-01 3.734134360083295884e-02
6.295241618302156450e-01 3.750615761086283778e-02
6.393366598302444581e-01 3.758944246287645313e-02
6.491892412895989839e-01 3.759169293800448258e-02
6.590808112105230876e-01 3.751370984916503615e-02
6.690102702621547603e-01 3.735641487129195970e-02
6.789765149027036095e-01 3.712070124493818679e-02
6.889784375020977514e-01 3.680749056506880251e-02
6.990149264650814542e-01 3.641787601905897148e-02
7.090848663547572039e-01 3.595282588579860189e-02
7.191871380165538730e-01 3.541266785793713290e-02
7.293206187026060050e-01 3.479760888070733416e-02
7.394841821965345563e-01 3.410793950326035384e-02
7.496766989386134394e-01 3.334396960690472200e-02
7.598970361513051053e-01 3.250601818530102910e-02
7.701440579651563922e-01 3.159447312432041993e-02
7.804166255450371015e-01 3.060986360600123982e-02
7.907135972167069760e-01 2.955265843479362026e-02
8.010338285937002034e-01 2.842321350673606209e-02
8.113761727045106786e-01 2.722320796746788979e-02
8.217394801200630372e-01 2.595630536753706918e-02
8.321225990814590245e-01 2.462650869645298043e-02
8.425243756279822138e-01 2.323804739940337274e-02
8.529436537253458628e-01 2.179522688874407227e-02
8.633792753941731402e-01 2.030241562270202610e-02
8.738300808386934015e-01 1.876394608496939273e-02
8.842949085756387495e-01 1.718414160048373565e-02
8.947725955633289985e-01 1.556769117947937563e-02
9.052619773309316109e-01 1.391907256828663238e-02
9.157618881078770645e-01 1.223729346377841996e-02
9.262711609534211021e-01 1.051785584764778139e-02
9.367886278863364335e-01 8.755728976304087002e-03
9.473131200147204556e-01 6.945657863230358768e-03
9.578434676659028923e-01 5.082595373319171231e-03
9.683785005164411430e-01 3.161568975249490123e-03
9.789170477221889044e-01 1.177498518665941272e-03
9.894579380484205267e-01 -8.747071047126000944e-04
9.999999999999998890e-01 -2.999999513667201811e-03
