9.999999999999998890e-01 1.992603936389589908e-03
9.894579380484205267e-01 5.637005559241057596e-03
9.789170477221889044e-01 9.229382039729011264e-03
9.683785005164411430e-01 1.276935844591722824e-02
9.578434676659028923e-01 1.625658711211876856e-02
9.473131200147204556e-01 1.969073704390916779e-02
9.367886278863364335e-01 2.307150744829899319e-02
9.262711609534211021e-01 2.639861456901983552e-02
9.157618881078770645e-01 2.967180184350669270e-02
9.052619773309316109e-01 3.289083162604104077e-02
8.947725955633289985e-01 3.605549522896676212e-02
8.842949085756387495e-01 3.916560157230804945e-02
8.738300808386934015e-01 4.222098295976065702e-02
8.633792753941731402e-01 4.522149528155417625e-02
8.529436537253458628e-01 4.816702364206995601e-02
8.425243756279822138e-01 5.105746761978106202e-02
8.321225990814590245e-01 5.389274254342628356e-02
8.217394801200630372e-01 5.667280042018590924e-02
8.113761727045106786e-01 5.939762700809811391e-02
8.010338285937002034e-01 6.206720307768241740e-02
7.907135972167069760e-01 6.468151090250152946e-02
7.804166255450371015e-01 6.724061421432690755e-02
7.701440579651563922e-01 6.974462286434315872e-02
7.598970361513051053e-01 7.219355919928188703e-02
7.496766989386134394e-01 7.458742704894404107e-02
7.394841821965345563e-01 7.692648054012345138e-02
7.293206187026060050e-01 7.921102416887640385e-02
7.191871380165538730e-01 8.144092111669137823e-02
7.090848663547572039e-01 8.361609495501927392e-02
6.990149264650814542e-01 8.573770640046768365e-02
6.889784375020977514e-01 8.780725801085670357e-02
6.789765149027036095e-01 8.982597708348259713e-02
6.690102702621547603e-01 9.179478198320498161e-02
6.590808112105230876e-01 9.371375653728286625e-02
6.491892412895989839e-01 9.558292010280530770e-02
6.393366598302444581e-01 9.740264783616162103e-02
6.295241618302156450e-01 9.917334335724421746e-02
6.197528378324663745e-01 1.008953211468180122e-01
6.100237738039482327e-01 1.025688728217754170e-01
6.003380510149177729e-01 1.041942721566692237e-01
5.906967459187653091e-01 1.057719130754468662e-01
5.811009300323815019e-01 1.073023924770936666e-01
5.715516698170692855e-01 1.087860641573737824e-01
5.620500265600203438e-01 1.102229236844636112e-01
5.525970562563653488e-01 1.116135452518374760e-01
5.431938094918128401e-01 1.129591826897274054e-01
5.338413313258880688e-01 1.142598858267301482e-01
5.245406611757882365e-01 1.155146006014972776e-01
5.152928327008634568e-01 1.167251425320558478e-01
5.060988736877365390e-01 1.178950023539973857e-01
4.969598059360780251e-01 1.190163178630085777e-01
4.878766451450451402e-01 1.200738266233113832e-01
4.788504008003974244e-01 1.210615035291531388e-01
4.698820760623064752e-01 1.219792100102177063e-01
4.609726676538650203e-01 1.228281835222273244e-01
4.521231657503131940e-01 1.236102204184498787e-01
4.433345538689928977e-01 1.243264123100379370e-01
4.346078087600411255e-01 1.249776173761179554e-01
4.259439002978354649e-01 1.255650852831570741e-01
4.173437913732044313e-01 1.260901811260672634e-01
4.088084377864137364e-01 1.265541608882131686e-01
4.003387881409395943e-01 1.269582379474703815e-01
3.919357837380436083e-01 1.273035845679743594e-01
3.836003584721576765e-01 1.275914559550954674e-01
3.753334387270930161e-01 1.278234012174058465e-01
3.671359432730831873e-01 1.280008070853194402e-01
3.590087831646743277e-01 1.281244842109595106e-01
3.509528616394713696e-01 1.281956720375775349e-01
3.429690740177547825e-01 1.282167392748268797e-01
3.350583076029753915e-01 1.281890798653627095e-01
3.272214415831418144e-01 1.281120771394453073e-01
3.194593469331089564e-01 1.279874081298690291e-01
3.117728863177794407e-01 1.278204290948365685e-01
3.041629139962280792e-01 1.276103115222345652e-01
2.966302757267624823e-01 1.273478370643249535e-01
2.891758086729252497e-01 1.270235070084426432e-01
2.818003413104546162e-01 1.266285281207328861e-01
2.745046933352085494e-01 1.261621744974754933e-01
2.672896755720651774e-01 1.256308771804736935e-01
2.601560898848094272e-01 1.250376959781742403e-01
2.531047290870154232e-01 1.243830341237376624e-01
2.461363768539343022e-01 1.236692210632119593e-01
2.392518076353984391e-01 1.228997708914939119e-01
2.324517865697500740e-01 1.220770861017996534e-01
2.257370693988056676e-01 1.212030310811122447e-01
2.191084023838638650e-01 1.202800947324425967e-01
2.125665222227673956e-01 1.193110366756403584e-01
2.061121559680280102e-01 1.182985052236340401e-01
1.997460209460230063e-01 1.172436338692014746e-01
1.934688246772731102e-01 1.161401121908255119e-01
1.872812647978095990e-01 1.149814138704142730e-01
1.811840289816407656e-01 1.137698780802499227e-01
1.751777948643248317e-01 1.125097877571477473e-01
1.692632299676588570e-01 1.112041901217175610e-01
1.634409916254914164e-01 1.098559256640020548e-01
1.577117269106679265e-01 1.084679983174557383e-01
1.520760725631161714e-01 1.070436043363407197e-01
1.465346549190801317e-01 1.055863198179362722e-01
1.410880898415101115e-01 1.040991959210027518e-01
1.357369826516168221e-01 1.025841653496669253e-01
1.304819280615971966e-01 1.010443141916499282e-01
1.253235101085391490e-01 9.948477612903078304e-02
1.202623020895129402e-01 9.790802347669066985e-02
1.152988664978553679e-01 9.631278359122399935e-02
1.104337549606562163e-01 9.470375389858376458e-02
1.056675081774507419e-01 9.309210685145903608e-02
1.010006558601274085e-01 9.147121864207263808e-02
9.643371667405697956e-02 8.981704080675789736e-02
9.196719818044885031e-02 8.811278060257994593e-02
8.760159677994161509e-02 8.634932825261082412e-02
8.333739765743386485e-02 8.453124738960744733e-02
7.917507472816209813e-02 8.267184546870835760e-02
7.511509058502996439e-02 8.077765899039607289e-02
7.115789644719716645e-02 7.885159884626259663e-02
6.730393210993146358e-02 7.690038825577368009e-02
6.355362589573076981e-02 7.493220522601563849e-02
5.990739460672012129e-02 7.295224191440642658e-02
5.636564347832906385e-02 7.096495012615110232e-02
5.292876613425423482e-02 6.897746366676206498e-02
4.959714454271368922e-02 6.699615260983819709e-02
4.637114897399441382e-02 6.501984300052182641e-02
4.325113795930202176e-02 6.304828563447925638e-02
4.023745825091396000e-02 6.109249397182181518e-02
3.733044478364233587e-02 5.916146222394031567e-02
3.453042063760936031e-02 5.725009757380755682e-02
3.183769700234129196e-02 5.536069604300835473e-02
2.925257314218321358e-02 5.352084173246264565e-02
2.677533636303963682e-02 5.173346265668458954e-02
2.440626198044326678e-02 4.994120785884709202e-02
2.214561328895736647e-02 4.807687795655198743e-02
1.999364153291383062e-02 4.607064801294987605e-02
1.795058587848985532e-02 4.392115946227381773e-02
1.601667338712764455e-02 4.172675907823185371e-02
1.419211899029970692e-02 3.951506868273507722e-02
1.247712546562085301e-02 3.721330046531627633e-02
1.087188341431266636e-02 3.469295258431807916e-02
9.376571240020115106e-03 3.178397856105489444e-02
7.991355128984078959e-03 2.851200577944838430e-02
6.716389031571567969e-03 2.507307188444362830e-02
5.551814645166519568e-03 2.158927877297627321e-02
4.497761398421062928e-03 1.812502422813615927e-02
3.554346436871580472e-03 1.476869281807897602e-02
2.721674609919344512e-03 1.162124007586464412e-02
1.999838459177394334e-03 8.752724119819612486e-03
1.388918208186096237e-03 6.216712587371804079e-03
8.889817534969424173e-04 4.066489603325798563e-03
5.000846571264760954e-04 2.351990073591537361e-03
2.222701403818971855e-04 1.103644942508215550e-03
5.556907905679420168e-05 3.436812418939202366e-04
0.000000000000000000e+00 8.923739780779108878e-05
0.000000000000000000e+00 -3.474127556312223884e-06
5.556907905679420168e-05 -1.409077519857115587e-04
2.222701403818971855e-04 -5.514967132582025613e-04
5.000846571264760954e-04 -1.226957446705971566e-03
8.889817534969424173e-04 -2.156287093527640714e-03
1.388918208186096237e-03 -3.324505681734534444e-03
1.999838459177394334e-03 -4.707318748550994025e-03
2.721674609919344512e-03 -6.278657613639371943e-03
3.554346436871580472e-03 -8.011923729764794389e-03
4.497761398421062928e-03 -9.872743304721811816e-03
5.551814645166519568e-03 -1.181227019929304012e-02
6.716389031571567969e-03 -1.378712086459204546e-02
7.991355128984078959e-03 -1.576448213287123465e-02
9.376571240020115106e-03 -1.768492213985833547e-02
1.087188341431266636e-02 -1.945493294206323762e-02
1.247712546562085301e-02 -2.105879969230077878e-02
1.419211899029970692e-02 -2.257017905142135253e-02
1.601667338712764455e-02 -2.404418408056479758e-02
1.795058587848985532e-02 -2.551073587961260117e-02
1.999364153291383062e-02 -2.695142099522665133e-02
2.214561328895736647e-02 -2.831391820523617223e-02
2.440626198044326678e-02 -2.959624371303925736e-02
2.677533636303963682e-02 -3.083103538548436634e-02
2.925257314218321358e-02 -3.205048797901788316e-02
3.183769700234129196e-02 -3.328208875553549662e-02
3.453042063760936031e-02 -3.452102779168157720e-02
3.733044478364233587e-02 -3.574910848100055355e-02
4.023745825091396000e-02 -3.696057194740821200e-02
4.325113795930202176e-02 -3.815359264753931390e-02
4.637114897399441382e-02 -3.932097462138809535e-02
4.959714454271368922e-02 -4.045365950408899569e-02
5.292876613425423482e-02 -4.154216191387584411e-02
5.636564347832906385e-02 -4.257828142139156308e-02
5.990739460672012129e-02 -4.355879746887374865e-02
6.355362589573076981e-02 -4.447718051631810443e-02
6.730393210993146358e-02 -4.531396011511108768e-02
7.115789644719716645e-02 -4.605905614554312022e-02
7.511509058502996439e-02 -4.673109438678293981e-02
7.917507472816209813e-02 -4.736046211095682607e-02
8.333739765743386485e-02 -4.799248428296182256e-02
8.760159677994161509e-02 -4.865435722235655902e-02
9.196719818044885031e-02 -4.933932438138922266e-02
9.643371667405697956e-02 -5.003818690040617162e-02
1.010006558601274085e-01 -5.074263724085045779e-02
1.056675081774507419e-01 -5.143312941842988900e-02
1.104337549606562163e-01 -5.207724916665391196e-02
1.152988664978553679e-01 -5.266051041043848246e-02
1.202623020895129402e-01 -5.318714687534780577e-02
1.253235101085391490e-01 -5.365618638774787008e-02
1.304819280615971966e-01 -5.406138001119615427e-02
1.357369826516168221e-01 -5.439529466247615408e-02
1.410880898415101115e-01 -5.465066647338402694e-02
1.465346549190801317e-01 -5.482993976262639374e-02
1.520760725631161714e-01 -5.494387640285471747e-02
1.577117269106679265e-01 -5.502396166063320410e-02
1.634409916254914164e-01 -5.510721330234637921e-02
1.692632299676588570e-01 -5.519586213785056955e-02
1.751777948643248317e-01 -5.527930584420299998e-02
1.811840289816407656e-01 -5.535837327090905452e-02
1.872812647978095990e-01 -5.543722424176375507e-02
1.934688246772731102e-01 -5.551661131527676346e-02
1.997460209460230063e-01 -5.559257188176934539e-02
2.061121559680280102e-01 -5.564683796387932119e-02
2.125665222227673956e-01 -5.566184735214513984e-02
2.191084023838638650e-01 -5.563318255998000311e-02
2.257370693988056676e-01 -5.555914755538677446e-02
2.324517865697500740e-01 -5.543836569698905314e-02
2.392518076353984391e-01 -5.526913513081129631e-02
2.461363768539343022e-01 -5.504900967514250038e-02
2.531047290870154232e-01 -5.478317512919079341e-02
2.601560898848094272e-01 -5.449079058728357322e-02
2.672896755720651774e-01 -5.418354329962529053e-02
2.745046933352085494e-01 -5.385939741435424866e-02
2.818003413104546162e-01 -5.351625677234705253e-02
2.891758086729252497e-01 -5.315351285278281657e-02
2.966302757267624823e-01 -5.277234907610488246e-02
3.041629139962280792e-01 -5.237583317142997102e-02
3.117728863177794407e-01 -5.196785001653209113e-02
3.194593469331089564e-01 -5.155271737190111891e-02
3.272214415831418144e-01 -5.113126560180442093e-02
3.350583076029753915e-01 -5.070174206014612522e-02
3.429690740177547825e-01 -5.026396627779788906e-02
3.509528616394713696e-01 -4.981873674871430818e-02
3.590087831646743277e-01 -4.936599146151775946e-02
3.671359432730831873e-01 -4.890524688361487515e-02
3.753334387270930161e-01 -4.843646971415617453e-02
3.836003584721576765e-01 -4.795982545399402053e-02
3.919357837380436083e-01 -4.747542081352894988e-02
4.003387881409395943e-01 -4.698261464703152451e-02
4.088084377864137364e-01 -4.647709885596493229e-02
4.173437913732044313e-01 -4.595435386720852361e-02
4.259439002978354649e-01 -4.541379014396034614e-02
4.346078087600411255e-01 -4.485564482481185777e-02
4.433345538689928977e-01 -4.427948755491620952e-02
4.521231657503131940e-01 -4.368489677183063497e-02
4.609726676538650203e-01 -4.307187895344721795e-02
4.698820760623064752e-01 -4.244031556628137525e-02
4.788504008003974244e-01 -4.178962053822880829e-02
4.878766451450451402e-01 -4.111949080724862371e-02
4.969598059360780251e-01 -4.043034961196539240e-02
5.060988736877365390e-01 -3.972549071981629210e-02
5.152928327008634568e-01 -3.901270147994508747e-02
5.245406611757882365e-01 -3.829614282266727288e-02
5.338413313258880688e-01 -3.757441635341617764e-02
5.431938094918128401e-01 -3.684693953192194615e-02
5.525970562563653488e-01 -3.611452910951713086e-02
5.620500265600203438e-01 -3.537744602873612448e-02
5.715516698170692855e-01 -3.463534791513350058e-02
5.811009300323815019e-01 -3.388824085820133641e-02
5.906967459187653091e-01 -3.313642352111912520e-02
6.003380510149177729e-01 -3.237996396000204086e-02
6.100237738039482327e-01 -3.161878089074108417e-02
6.197528378324663745e-01 -3.085297984596515469e-02
6.295241618302156450e-01 -3.008275297786150784e-02
6.393366598302444581e-01 -2.930808576252202577e-02
6.491892412895989839e-01 -2.852890904420686546e-02
6.590808112105230876e-01 -2.774547312357600673e-02
6.690102702621547603e-01 -2.695805144948158760e-02
6.789765149027036095e-01 -2.616632525360410716e-02
6.889784375020977514e-01 -2.537007792062471317e-02
6.990149264650814542e-01 -2.457045904531137206e-02
7.090848663547572039e-01 -2.376912684544439311e-02
7.191871380165538730e-01 -2.296820081891385451e-02
7.293206187026060050e-01 -2.216928313082086599e-02
7.394841821965345563e-01 -2.137207224438884834e-02
7.496766989386134394e-01 -2.057621459134927402e-02
7.598970361513051053e-01 -1.978213889942741915e-02
7.701440579651563922e-01 -1.899017423434189861e-02
7.804166255450371015e-01 -1.820018559347067605e-02
7.907135972167069760e-01 -1.741219739073847361e-02
8.010338285937002034e-01 -1.662661300569178227e-02
8.113761727045106786e-01 -1.584356159548568760e-02
8.217394801200630372e-01 -1.506272410077685170e-02
8.321225990814590245e-01 -1.428429974136558728e-02
8.425243756279822138e-01 -1.350913753097326454e-02
8.529436537253458628e-01 -1.273704059951997689e-02
8.633792753941731402e-01 -1.196678443198205023e-02
8.738300808386934015e-01 -1.119931216474860658e-02
8.842949085756387495e-01 -1.043718414895347321e-02
8.947725955633289985e-01 -9.677910851753446925e-03
9.052619773309316109e-01 -8.915130661186595334e-03
9.157618881078770645e-01 -8.141958759527199302e-03
9.262711609534211021e-01 -7.351649209626247815e-03
9.367886278863364335e-01 -6.541141319548061939e-03
9.473131200147204556e-01 -5.711976121321811657e-03
9.578434676659028923e-01 -4.884978625422362226e-03
9.683785005164411430e-01 -4.086252890743175686e-03
9.789170477221889044e-01 -3.322786054093380698e-03
9.894579380484205267e-01 -2.594369745612464147e-03
9.999999999999998890e-01 -1.899987254141797133e-03
