9.999999999999998890e-01 -2.019286567342381535e-10
9.894579380484205267e-01 2.539292503917142240e-03
9.789170477221889044e-01 5.061961617667317705e-03
9.683785005164411430e-01 7.566368914135160328e-03
9.578434676659028923e-01 1.005083935476128350e-02
9.473131200147204556e-01 1.251371613926367636e-02
9.367886278863364335e-01 1.495341265643989996e-02
9.262711609534211021e-01 1.736832257566819568e-02
9.157618881078770645e-01 1.975676912948488503e-02
9.052619773309316109e-01 2.211718285406451268e-02
8.947725955633289985e-01 2.444823674733561866e-02
8.842949085756387495e-01 2.674996760907849547e-02
8.738300808386934015e-01 2.902453478272016413e-02
8.633792753941731402e-01 3.127421215488632861e-02
8.529436537253458628e-01 3.350117376640592698e-02
8.425243756279822138e-01 3.570755649168971119e-02
8.321225990814590245e-01 3.789546783692775145e-02
8.217394801200630372e-01 4.006711306503232817e-02
8.113761727045106786e-01 4.222476744233287504e-02
8.010338285937002034e-01 4.437031757055659442e-02
7.907135972167069760e-01 4.650503812270552484e-02
7.804166255450371015e-01 4.862651322819770000e-02
7.701440579651563922e-01 5.072988387723156856e-02
7.598970361513051053e-01 5.281067958017861275e-02
7.496766989386134394e-01 5.486466994099672284e-02
7.394841821965345563e-01 5.688757214434296550e-02
7.293206187026060050e-01 5.887510077939190484e-02
7.191871380165538730e-01 6.082312224767064818e-02
7.090848663547572039e-01 6.272759963399984762e-02
6.990149264650814542e-01 6.458468857438322275e-02
6.889784375020977514e-01 6.639202414309887390e-02
6.789765149027036095e-01 6.815336631527926792e-02
6.690102702621547603e-01 6.987400226032262907e-02
6.590808112105230876e-01 7.155876359959371935e-02
6.491892412895989839e-01 7.321246942297013338e-02
6.393366598302444581e-01 7.484019874513876680e-02
6.295241618302156450e-01 7.644676460181935862e-02
6.197528378324663745e-01 7.803621986643226316e-02
6.100237738039482327e-01 7.961306945870214036e-02
6.003380510149177729e-01 8.118291394224910751e-02
5.906967459187653091e-01 8.274724650368515955e-02
5.811009300323815019e-01 8.430031565667586713e-02
5.715516698170692855e-01 8.583465442937128487e-02
5.620500265600203438e-01 8.734136637232750577e-02
5.525970562563653488e-01 8.881205234893339850e-02
5.431938094918128401e-01 9.023905693632504332e-02
5.338413313258880688e-01 9.161500974905138761e-02
5.245406611757882365e-01 9.293277699738251851e-02
5.152928327008634568e-01 9.418507816438216607e-02
5.060988736877365390e-01 9.536464353707171937e-02
4.969598059360780251e-01 9.646619631592952271e-02
4.878766451450451402e-01 9.748640880661194053e-02
4.788504008003974244e-01 9.842740163504830331e-02
4.698820760623064752e-01 9.929443847336909268e-02
4.609726676538650203e-01 1.000915010605103739e-01
4.521231657503131940e-01 1.008219768242496761e-01
4.433345538689928977e-01 1.014898317847503229e-01
4.346078087600411255e-01 1.020991571060262254e-01
4.259439002978354649e-01 1.026533411301265436e-01
4.173437913732044313e-01 1.031556625187327464e-01
4.088084377864137364e-01 1.036100501069373570e-01
4.003387881409395943e-01 1.040200850307831104e-01
3.919357837380436083e-01 1.043872796651407475e-01
3.836003584721576765e-01 1.047117748250269986e-01
3.753334387270930161e-01 1.049909402913737910e-01
3.671359432730831873e-01 1.052219530565250971e-01
3.590087831646743277e-01 1.054029220850747073e-01
3.509528616394713696e-01 1.055320663065410502e-01
3.429690740177547825e-01 1.056075168781568929e-01
3.350583076029753915e-01 1.056275806353175889e-01
3.272214415831418144e-01 1.055909083779359298e-01
3.194593469331089564e-01 1.054962880206970904e-01
3.117728863177794407e-01 1.053426643953737918e-01
3.041629139962280792e-01 1.051290963022118718e-01
2.966302757267624823e-01 1.048548115395574742e-01
2.891758086729252497e-01 1.045200915906346339e-01
2.818003413104546162e-01 1.041263607039489697e-01
2.745046933352085494e-01 1.036752054163577880e-01
2.672896755720651774e-01 1.031683114514841543e-01
2.601560898848094272e-01 1.026074098174795529e-01
2.531047290870154232e-01 1.019942592489662819e-01
2.461363768539343022e-01 1.013305650369767108e-01
2.392518076353984391e-01 1.006180215409171325e-01
2.324517865697500740e-01 9.985855272394617010e-02
2.257370693988056676e-01 9.905415638404392598e-02
2.191084023838638650e-01 9.820643525185493439e-02
2.125665222227673956e-01 9.731696350743143653e-02
2.061121559680280102e-01 9.638825869062452034e-02
1.997460209460230063e-01 9.542259685226209265e-02
1.934688246772731102e-01 9.441921335809216886e-02
1.872812647978095990e-01 9.337562419397484048e-02
1.811840289816407656e-01 9.228618376891961628e-02
1.751777948643248317e-01 9.114507512550931723e-02
1.692632299676588570e-01 8.994870819549202756e-02
1.634409916254914164e-01 8.869388609680316227e-02
1.577117269106679265e-01 8.737718046821552065e-02
1.520760725631161714e-01 8.599609119131465529e-02
1.465346549190801317e-01 8.455043006755678936e-02
1.410880898415101115e-01 8.304474037853387669e-02
1.357369826516168221e-01 8.149218155185072865e-02
1.304819280615971966e-01 7.990580501674844627e-02
1.253235101085391490e-01 7.829682512543602313e-02
1.202623020895129402e-01 7.667570501445936104e-02
1.152988664978553679e-01 7.505208555707129636e-02
1.104337549606562163e-01 7.343497457026386399e-02
1.056675081774507419e-01 7.183265086035516001e-02
1.010006558601274085e-01 7.025201423499180531e-02
9.643371667405697956e-02 6.869767319297520602e-02
9.196719818044885031e-02 6.715784468597341128e-02
8.760159677994161509e-02 6.560752315057241657e-02
8.333739765743386485e-02 6.402561643607759811e-02
7.917507472816209813e-02 6.239441644133043863e-02
7.511509058502996439e-02 6.069998048055307710e-02
7.115789644719716645e-02 5.893300237332161490e-02
6.730393210993146358e-02 5.710448826035666170e-02
6.355362589573076981e-02 5.523482388658006864e-02
5.990739460672012129e-02 5.334039599426410733e-02
5.636564347832906385e-02 5.143594893225783560e-02
5.292876613425423482e-02 4.953637358935458757e-02
4.959714454271368922e-02 4.765478417272762945e-02
4.637114897399441382e-02 4.579607412288008716e-02
4.325113795930202176e-02 4.396141054950894467e-02
4.023745825091396000e-02 4.214671864649349731e-02
3.733044478364233587e-02 4.034802430797982536e-02
3.453042063760936031e-02 3.856536025081125363e-02
3.183769700234129196e-02 3.679947283620794291e-02
2.925257314218321358e-02 3.505099529216752080e-02
2.677533636303963682e-02 3.332189284087970493e-02
2.440626198044326678e-02 3.161682280597209044e-02
2.214561328895736647e-02 2.992755461135909387e-02
1.999364153291383062e-02 2.822266715113532290e-02
1.795058587848985532e-02 2.647632430897746761e-02
1.601667338712764455e-02 2.467469373466362609e-02
1.419211899029970692e-02 2.281274127813985933e-02
1.247712546562085301e-02 2.089543686138002968e-02
1.087188341431266636e-02 1.893390960277071405e-02
9.376571240020115106e-03 1.694533289762619604e-02
7.991355128984078959e-03 1.495110002981252587e-02
6.716389031571567969e-03 1.297622854714195612e-02
5.551814645166519568e-03 1.104762342823498514e-02
4.497761398421062928e-03 9.193506331054899366e-03
3.554346436871580472e-03 7.442064542802120930e-03
2.721674609919344512e-03 5.821225391370084962e-03
1.999838459177394334e-03 4.356953946688433589e-03
1.388918208186096237e-03 3.073710645213339684e-03
8.889817534969424173e-04 1.992550007901871048e-03
5.000846571264760954e-04 1.132224211975667739e-03
2.222701403818971855e-04 5.067241924704827573e-04
5.556907905679420168e-05 1.272593275261472176e-04
0.000000000000000000e+00 -2.127656931832191662e-09
0.000000000000000000e+00 1.871881077462847849e-09
5.556907905679420168e-05 -7.236649073591334958e-05
2.222701403818971855e-04 -2.875044900224252558e-04
5.000846571264760954e-04 -6.402039580087573890e-04
8.889817534969424173e-04 -1.120984095665000443e-03
1.388918208186096237e-03 -1.718030569098511536e-03
1.999838459177394334e-03 -2.415559118218965282e-03
2.721674609919344512e-03 -3.195872827223431890e-03
3.554346436871580472e-03 -4.038451729821961739e-03
4.497761398421062928e-03 -4.921617570756141660e-03
5.551814645166519568e-03 -5.822235156362555106e-03
6.716389031571567969e-03 -6.717054673923368580e-03
7.991355128984078959e-03 -7.582936991190819716e-03
9.376571240020115106e-03 -8.398212539757563683e-03
1.087188341431266636e-02 -9.143271003077843226e-03
1.247712546562085301e-02 -9.801693318942084759e-03
1.419211899029970692e-02 -1.036078170508031304e-02
1.601667338712764455e-02 -1.081393224149227415e-02
1.795058587848985532e-02 -1.116065193358782570e-02
1.999364153291383062e-02 -1.140852972817177693e-02
2.214561328895736647e-02 -1.157256126928481871e-02
2.440626198044326678e-02 -1.168158929902409285e-02
2.677533636303963682e-02 -1.177131204589713410e-02
2.925257314218321358e-02 -1.185421919218877275e-02
3.183769700234129196e-02 -1.192917773654811331e-02
3.453042063760936031e-02 -1.199212690767126506e-02
3.733044478364233587e-02 -1.203776458682075112e-02
4.023745825091396000e-02 -1.206127477063841796e-02
4.325113795930202176e-02 -1.205754979964527088e-02
4.637114897399441382e-02 -1.201891988220025846e-02
4.959714454271368922e-02 -1.193748693467208341e-02
5.292876613425423482e-02 -1.180799662347213966e-02
5.636564347832906385e-02 -1.162775510442353062e-02
5.990739460672012129e-02 -1.140063905497595495e-02
6.355362589573076981e-02 -1.113200627255924932e-02
6.730393210993146358e-02 -1.082727725472727547e-02
7.115789644719716645e-02 -1.049332508060254673e-02
7.511509058502996439e-02 -1.014051199569651444e-02
7.917507472816209813e-02 -9.776322439580027376e-03
8.333739765743386485e-02 -9.401321705111001514e-03
8.760159677994161509e-02 -9.014578912582954170e-03
9.196719818044885031e-02 -8.614041174598945777e-03
9.643371667405697956e-02 -8.197437548409045732e-03
1.010006558601274085e-01 -7.762381181389542764e-03
1.056675081774507419e-01 -7.307797683246780758e-03
1.104337549606562163e-01 -6.834229986409502515e-03
1.152988664978553679e-01 -6.342817447717819142e-03
1.202623020895129402e-01 -5.835216212860152955e-03
1.253235101085391490e-01 -5.313226352180597939e-03
1.304819280615971966e-01 -4.778771315658598452e-03
1.357369826516168221e-01 -4.234043555045531940e-03
1.410880898415101115e-01 -3.681471071375096334e-03
1.465346549190801317e-01 -3.123951864438844102e-03
1.520760725631161714e-01 -2.564553836330937028e-03
1.577117269106679265e-01 -2.005370571948281080e-03
1.634409916254914164e-01 -1.447966561907969556e-03
1.692632299676588570e-01 -8.936942736720828243e-04
1.751777948643248317e-01 -3.438416366220292935e-04
1.811840289816407656e-01 2.001667663011061143e-04
1.872812647978095990e-01 7.368072283006975960e-04
1.934688246772731102e-01 1.264318943988781193e-03
1.997460209460230063e-01 1.781011525581800616e-03
2.061121559680280102e-01 2.285731908788953860e-03
2.125665222227673956e-01 2.777733780509486147e-03
2.191084023838638650e-01 3.257150805034027177e-03
2.257370693988056676e-01 3.724240590987642693e-03
2.324517865697500740e-01 4.179129827844158852e-03
2.392518076353984391e-01 4.622012641329933599e-03
2.461363768539343022e-01 5.053277078965189538e-03
2.531047290870154232e-01 5.473359627327511676e-03
2.601560898848094272e-01 5.882739810199988373e-03
2.672896755720651774e-01 6.281975850713604134e-03
2.745046933352085494e-01 6.671741338060339400e-03
2.818003413104546162e-01 7.052780486588510617e-03
2.891758086729252497e-01 7.425918936001691187e-03
2.966302757267624823e-01 7.792061179562787682e-03
3.041629139962280792e-01 8.152136862303677178e-03
3.117728863177794407e-01 8.505988337853227083e-03
3.194593469331089564e-01 8.852451373579300203e-03
3.272214415831418144e-01 9.190265425036137775e-03
3.350583076029753915e-01 9.518121573886803577e-03
3.429690740177547825e-01 9.834679155840124476e-03
3.509528616394713696e-01 1.013856544153744071e-02
3.590087831646743277e-01 1.042829341420613461e-02
3.671359432730831873e-01 1.070232052621637210e-02
3.753334387270930161e-01 1.095915588641269145e-02
3.836003584721576765e-01 1.119728216957567579e-02
3.919357837380436083e-01 1.141487120325141227e-02
4.003387881409395943e-01 1.161014659149907195e-02
4.088084377864137364e-01 1.178219293470634220e-02
4.173437913732044313e-01 1.193055596138289931e-02
4.259439002978354649e-01 1.205556959560719586e-02
4.346078087600411255e-01 1.215772648602437590e-02
4.433345538689928977e-01 1.223736139062466671e-02
4.521231657503131940e-01 1.229482602210305031e-02
4.609726676538650203e-01 1.233061567659891888e-02
4.698820760623064752e-01 1.234527063503465527e-02
4.788504008003974244e-01 1.233937760522250786e-02
4.878766451450451402e-01 1.231352477999394894e-02
4.969598059360780251e-01 1.226829377524190495e-02
5.060988736877365390e-01 1.220451681136209415e-02
5.152928327008634568e-01 1.212344323372990286e-02
5.245406611757882365e-01 1.202652041926672959e-02
5.338413313258880688e-01 1.191541762491650849e-02
5.431938094918128401e-01 1.179186309712845424e-02
5.525970562563653488e-01 1.165763597898043964e-02
5.620500265600203438e-01 1.151454016645188025e-02
5.715516698170692855e-01 1.136441257154468393e-02
5.811009300323815019e-01 1.120928327602837421e-02
5.906967459187653091e-01 1.105131667870367339e-02
6.003380510149177729e-01 1.089235414782968939e-02
6.100237738039482327e-01 1.073379805836014757e-02
6.197528378324663745e-01 1.057489089769548737e-02
6.295241618302156450e-01 1.041364166507796618e-02
6.393366598302444581e-01 1.024831950943706944e-02
6.491892412895989839e-01 1.007729593313966103e-02
6.590808112105230876e-01 9.898717719450037325e-03
6.690102702621547603e-01 9.710655447188106318e-03
6.789765149027036095e-01 9.511269311550780980e-03
6.889784375020977514e-01 9.298698913118135997e-03
6.990149264650814542e-01 9.070853689327187594e-03
7.090848663547572039e-01 8.826287321564416088e-03
7.191871380165538730e-01 8.566176777485393773e-03
7.293206187026060050e-01 8.292366547792005133e-03
7.394841821965345563e-01 8.006886963659308118e-03
7.496766989386134394e-01 7.711814556714765428e-03
7.598970361513051053e-01 7.409253381453762867e-03
7.701440579651563922e-01 7.101313940873949654e-03
7.804166255450371015e-01 6.790112396231617886e-03
7.907135972167069760e-01 6.477860846233922561e-03
8.010338285937002034e-01 6.166923000108267064e-03
8.113761727045106786e-01 5.858808112732373855e-03
8.217394801200630372e-01 5.553730942056506366e-03
8.321225990814590245e-01 5.251642117396144831e-03
8.425243756279822138e-01 4.952296525603130592e-03
8.529436537253458628e-01 4.655531169478210191e-03
8.633792753941731402e-01 4.361276550932070666e-03
8.738300808386934015e-01 4.069354000350206696e-03
8.842949085756387495e-01 3.779498120362041573e-03
8.947725955633289985e-01 3.491647356437606927e-03
9.052619773309316109e-01 3.205653390284655003e-03
9.157618881078770645e-01 2.918644086976776228e-03
9.262711609534211021e-01 2.625995418892826568e-03
9.367886278863364335e-01 2.322764696899240304e-03
9.473131200147204556e-01 2.003868905607078272e-03
9.578434676659028923e-01 1.664325130909259480e-03
9.683785005164411430e-01 1.299183440308154499e-03
9.789170477221889044e-01 9.034238291350828436e-04
9.894579380484205267e-01 4.720154659729206763e-04
9.999999999999998890e-01 2.677897909955933010e-10
