9.999999999999998890e-01 2.877768505964560856e-08
9.894579380484205267e-01 9.469475672720440752e-04
9.789170477221889044e-01 1.914304265864642069e-03
9.683785005164411430e-01 2.920779169733080539e-03
9.578434676659028923e-01 3.993326581658552220e-03
9.473131200147204556e-01 5.153490066583302394e-03
9.367886278863364335e-01 6.403402863795301658e-03
9.262711609534211021e-01 7.735212415207017196e-03
9.157618881078770645e-01 9.125927504716352737e-03
9.052619773309316109e-01 1.055781065313190180e-02
8.947725955633289985e-01 1.202701692772064311e-02
8.842949085756387495e-01 1.353137762249394249e-02
8.738300808386934015e-01 1.506898163051912168e-02
8.633792753941731402e-01 1.663996115081099736e-02
8.529436537253458628e-01 1.824722020724217630e-02
8.425243756279822138e-01 1.989582421696530282e-02
8.321225990814590245e-01 2.159309036573444848e-02
8.217394801200630372e-01 2.334708506728861918e-02
8.113761727045106786e-01 2.516597823287042290e-02
8.010338285937002034e-01 2.705006447747843740e-02
7.907135972167069760e-01 2.899301653803340942e-02
7.804166255450371015e-01 3.098477395990285876e-02
7.701440579651563922e-01 3.301305030754308339e-02
7.598970361513051053e-01 3.506724079717254972e-02
7.496766989386134394e-01 3.713757827355474578e-02
7.394841821965345563e-01 3.921318038645500020e-02
7.293206187026060050e-01 4.128269933388220569e-02
7.191871380165538730e-01 4.333523113802192211e-02
7.090848663547572039e-01 4.536002680058855846e-02
6.990149264650814542e-01 4.734622277650882977e-02
6.889784375020977514e-01 4.928316260644226288e-02
6.789765149027036095e-01 5.116124829375753164e-02
6.690102702621547603e-01 5.297208859683026627e-02
6.590808112105230876e-01 5.471056952587576017e-02
6.491892412895989839e-01 5.637229322093591233e-02
6.393366598302444581e-01 5.795282443253410576e-02
6.295241618302156450e-01 5.944772395993404984e-02
6.197528378324663745e-01 6.085256348655887493e-02
6.100237738039482327e-01 6.216346840131454360e-02
6.003380510149177729e-01 6.337769544174642888e-02
5.906967459187653091e-01 6.449333403091847550e-02
5.811009300323815019e-01 6.550965952257963021e-02
5.715516698170692855e-01 6.642611153949873337e-02
5.620500265600203438e-01 6.724219148783777689e-02
5.525970562563653488e-01 6.795713396537080009e-02
5.431938094918128401e-01 6.856991381214085080e-02
5.338413313258880688e-01 6.908110567706872429e-02
5.245406611757882365e-01 6.949306031300432618e-02
5.152928327008634568e-01 6.981049174549815162e-02
5.060988736877365390e-01 7.004002310671149367e-02
4.969598059360780251e-01 7.018757196774569329e-02
4.878766451450451402e-01 7.025850392882768136e-02
4.788504008003974244e-01 7.025822481755916726e-02
4.698820760623064752e-01 7.019217955942183562e-02
4.609726676538650203e-01 7.006587419458923383e-02
4.521231657503131940e-01 6.988504400786317572e-02
4.433345538689928977e-01 6.965680738326136823e-02
4.346078087600411255e-01 6.938879437854210408e-02
4.259439002978354649e-01 6.908819747845482140e-02
4.173437913732044313e-01 6.876192616682183512e-02
4.088084377864137364e-01 6.841629342961755289e-02
4.003387881409395943e-01 6.805756996935674596e-02
3.919357837380436083e-01 6.769253307302004752e-02
3.836003584721576765e-01 6.732627010800348866e-02
3.753334387270930161e-01 6.695812260006570038e-02
3.671359432730831873e-01 6.658573232700862321e-02
3.590087831646743277e-01 6.620526365552986681e-02
3.509528616394713696e-01 6.581306428229645455e-02
3.429690740177547825e-01 6.540640421413541905e-02
3.350583076029753915e-01 6.498254940044133343e-02
3.272214415831418144e-01 6.453854442705270200e-02
3.194593469331089564e-01 6.407190235864917982e-02
3.117728863177794407e-01 6.358092898609460364e-02
3.041629139962280792e-01 6.306542780829808847e-02
2.966302757267624823e-01 6.252704422660380901e-02
2.891758086729252497e-01 6.196733298903243231e-02
2.818003413104546162e-01 6.138761929774061432e-02
2.745046933352085494e-01 6.078926229406577536e-02
2.672896755720651774e-01 6.017366008351804352e-02
2.601560898848094272e-01 5.954216765733311156e-02
2.531047290870154232e-01 5.889609303814376251e-02
2.461363768539343022e-01 5.823659755604972121e-02
2.392518076353984391e-01 5.756471742683813564e-02
2.324517865697500740e-01 5.688120567221525981e-02
2.257370693988056676e-01 5.618668188212275205e-02
2.191084023838638650e-01 5.548192197847862800e-02
2.125665222227673956e-01 5.476774430953632727e-02
2.061121559680280102e-01 5.404478301148516600e-02
1.997460209460230063e-01 5.331367245637280011e-02
1.934688246772731102e-01 5.257540384631649577e-02
1.872812647978095990e-01 5.183078265645715138e-02
1.811840289816407656e-01 5.107937371010756039e-02
1.751777948643248317e-01 5.032025177099185703e-02
1.692632299676588570e-01 4.955191797074802451e-02
1.634409916254914164e-01 4.877290619598401850e-02
1.577117269106679265e-01 4.798219062453695782e-02
1.520760725631161714e-01 4.717896100687220262e-02
1.465346549190801317e-01 4.636273138199502319e-02
1.410880898415101115e-01 4.553298532733927179e-02
1.357369826516168221e-01 4.468907015648991565e-02
1.304819280615971966e-01 4.383135384523370592e-02
1.253235101085391490e-01 4.296191732092337345e-02
1.202623020895129402e-01 4.208334356375664775e-02
1.152988664978553679e-01 4.119868694485872423e-02
1.104337549606562163e-01 4.031093692877388973e-02
1.056675081774507419e-01 3.942293824885848008e-02
1.010006558601274085e-01 3.853688977678963040e-02
9.643371667405697956e-02 3.765442858666055020e-02
9.196719818044885031e-02 3.677828694101456519e-02
8.760159677994161509e-02 3.591171765812747191e-02
8.333739765743386485e-02 3.505266809276305628e-02
7.917507472816209813e-02 3.419518429770634221e-02
7.511509058502996439e-02 3.333147490882673591e-02
7.115789644719716645e-02 3.245298959287961499e-02
6.730393210993146358e-02 3.155344301820613151e-02
6.355362589573076981e-02 3.062802003929289071e-02
5.990739460672012129e-02 2.967424565790700158e-02
5.636564347832906385e-02 2.869035634554207084e-02
5.292876613425423482e-02 2.767324583957435011e-02
4.959714454271368922e-02 2.662177115354605328e-02
4.637114897399441382e-02 2.554567628648370808e-02
4.325113795930202176e-02 2.445911671769310236e-02
4.023745825091396000e-02 2.338125290050143551e-02
3.733044478364233587e-02 2.233081487431139156e-02
3.453042063760936031e-02 2.132168125458971247e-02
3.183769700234129196e-02 2.036461028663469688e-02
2.925257314218321358e-02 1.946481251545022911e-02
2.677533636303963682e-02 1.862866918339322816e-02
2.440626198044326678e-02 1.786670459024581464e-02
2.214561328895736647e-02 1.717749170851575261e-02
1.999364153291383062e-02 1.653735513072691898e-02
1.795058587848985532e-02 1.590779975422468642e-02
1.601667338712764455e-02 1.523228393070401483e-02
1.419211899029970692e-02 1.447307402921758912e-02
1.247712546562085301e-02 1.361802064321948266e-02
1.087188341431266636e-02 1.266308332323283839e-02
9.376571240020115106e-03 1.161159358580733485e-02
7.991355128984078959e-03 1.047683046055103255e-02
6.716389031571567969e-03 9.280838499355301488e-03
5.551814645166519568e-03 8.049128716891906093e-03
4.497761398421062928e-03 6.809781176999526141e-03
3.554346436871580472e-03 5.593131178481875430e-03
2.721674609919344512e-03 4.430708686085736182e-03
1.999838459177394334e-03 3.352349135909289592e-03
1.388918208186096237e-03 2.386522707782041171e-03
8.889817534969424173e-04 1.558364651391701446e-03
5.000846571264760954e-04 8.905778828114302220e-04
2.222701403818971855e-04 4.001508392851271237e-04
5.556907905679420168e-05 1.007413910013104746e-04
0.000000000000000000e+00 -2.068659817330637078e-09
0.000000000000000000e+00 2.020887901366446320e-09
5.556907905679420168e-05 -9.174831463059157578e-05
2.222701403818971855e-04 -3.642598997005766503e-04
5.000846571264760954e-04 -8.101086020782713839e-04
8.889817534969424173e-04 -1.416031037856722635e-03
1.388918208186096237e-03 -2.165527216529258055e-03
1.999838459177394334e-03 -3.036543454550637636e-03
2.721674609919344512e-03 -4.004652612539801038e-03
3.554346436871580472e-03 -5.042164681444106025e-03
4.497761398421062928e-03 -6.120047209394612747e-03
5.551814645166519568e-03 -7.207596353522856963e-03
6.716389031571567969e-03 -8.275223486806558559e-03
7.991355128984078959e-03 -9.295462438306072855e-03
9.376571240020115106e-03 -1.024330364040526228e-02
1.087188341431266636e-02 -1.109705654459396638e-02
1.247712546562085301e-02 -1.184341953173106803e-02
1.419211899029970692e-02 -1.247861435480292040e-02
1.601667338712764455e-02 -1.300598845163728097e-02
1.795058587848985532e-02 -1.343671737882153570e-02
1.999364153291383062e-02 -1.380647380625550820e-02
2.214561328895736647e-02 -1.416896791917079609e-02
2.440626198044326678e-02 -1.456101049633201465e-02
2.677533636303963682e-02 -1.500552029054084448e-02
2.925257314218321358e-02 -1.550452034892049226e-02
3.183769700234129196e-02 -1.604888309798121332e-02
3.453042063760936031e-02 -1.663395994284095139e-02
3.733044478364233587e-02 -1.725651818354358158e-02
4.023745825091396000e-02 -1.790835534412990593e-02
4.325113795930202176e-02 -1.857863355588426982e-02
4.637114897399441382e-02 -1.925301487121916511e-02
4.959714454271368922e-02 -1.991690355022199266e-02
5.292876613425423482e-02 -2.055954140230055807e-02
5.636564347832906385e-02 -2.117366473930591686e-02
5.990739460672012129e-02 -2.176075618116467270e-02
6.355362589573076981e-02 -2.232388471330797389e-02
6.730393210993146358e-02 -2.286506739969105736e-02
7.115789644719716645e-02 -2.338689449923054067e-02
7.511509058502996439e-02 -2.389382861549079959e-02
7.917507472816209813e-02 -2.439155791201975260e-02
8.333739765743386485e-02 -2.488768134203663690e-02
8.760159677994161509e-02 -2.538907767647738054e-02
9.196719818044885031e-02 -2.590093711696677195e-02
9.643371667405697956e-02 -2.642503009631855249e-02
1.010006558601274085e-01 -2.695848408973458912e-02
1.056675081774507419e-01 -2.749877772592879480e-02
1.104337549606562163e-01 -2.804421924445183595e-02
1.152988664978553679e-01 -2.859255351090728148e-02
1.202623020895129402e-01 -2.914088614525658927e-02
1.253235101085391490e-01 -2.968603861783489575e-02
1.304819280615971966e-01 -3.022464383799497792e-02
1.357369826516168221e-01 -3.075375562136550833e-02
1.410880898415101115e-01 -3.127089642905675482e-02
1.465346549190801317e-01 -3.177530421921195142e-02
1.520760725631161714e-01 -3.226721761982167397e-02
1.577117269106679265e-01 -3.274654960319783176e-02
1.634409916254914164e-01 -3.321309064438759256e-02
1.692632299676588570e-01 -3.366698701755964362e-02
1.751777948643248317e-01 -3.410853754381977521e-02
1.811840289816407656e-01 -3.453804410969357058e-02
1.872812647978095990e-01 -3.495586312343741675e-02
1.934688246772731102e-01 -3.536260178425074119e-02
1.997460209460230063e-01 -3.575895491945513260e-02
2.061121559680280102e-01 -3.614567276269214924e-02
2.125665222227673956e-01 -3.652361913977945213e-02
2.191084023838638650e-01 -3.689397575365201826e-02
2.257370693988056676e-01 -3.725795119950685991e-02
2.324517865697500740e-01 -3.761666135244237652e-02
2.392518076353984391e-01 -3.797152921188780977e-02
2.461363768539343022e-01 -3.832467205559400569e-02
2.531047290870154232e-01 -3.867736606845562086e-02
2.601560898848094272e-01 -3.902916738706849187e-02
2.672896755720651774e-01 -3.937855199048304056e-02
2.745046933352085494e-01 -3.972262117623657357e-02
2.818003413104546162e-01 -4.005845055979974367e-02
2.891758086729252497e-01 -4.038322812542936152e-02
2.966302757267624823e-01 -4.069401661442664103e-02
3.041629139962280792e-01 -4.098770987882342787e-02
3.117728863177794407e-01 -4.126071580586671006e-02
3.194593469331089564e-01 -4.150921528898156299e-02
3.272214415831418144e-01 -4.173258984484633921e-02
3.350583076029753915e-01 -4.193280829179009406e-02
3.429690740177547825e-01 -4.211301353179149748e-02
3.509528616394713696e-01 -4.227704286857287413e-02
3.590087831646743277e-01 -4.242847007740897097e-02
3.671359432730831873e-01 -4.257083966604999908e-02
3.753334387270930161e-01 -4.270861869899418573e-02
3.836003584721576765e-01 -4.284651171171912493e-02
3.919357837380436083e-01 -4.298807852099910398e-02
4.003387881409395943e-01 -4.313553221060045795e-02
4.088084377864137364e-01 -4.328648442815791891e-02
4.173437913732044313e-01 -4.343723099589267417e-02
4.259439002978354649e-01 -4.358462946512442482e-02
4.346078087600411255e-01 -4.372552873244904548e-02
4.433345538689928977e-01 -4.385624758521453753e-02
4.521231657503131940e-01 -4.397300393173667749e-02
4.609726676538650203e-01 -4.407204986720588552e-02
4.698820760623064752e-01 -4.414932754922918506e-02
4.788504008003974244e-01 -4.420003519590540858e-02
4.878766451450451402e-01 -4.421907128309337381e-02
4.969598059360780251e-01 -4.420095569261821983e-02
5.060988736877365390e-01 -4.414017616082645951e-02
5.152928327008634568e-01 -4.403123131942653784e-02
5.245406611757882365e-01 -4.386823779163716991e-02
5.338413313258880688e-01 -4.364480658934406093e-02
5.431938094918128401e-01 -4.335527001564626337e-02
5.525970562563653488e-01 -4.299485282676831360e-02
5.620500265600203438e-01 -4.255898648352583052e-02
5.715516698170692855e-01 -4.204328220242237873e-02
5.811009300323815019e-01 -4.144378791576550786e-02
5.906967459187653091e-01 -4.075679192528341988e-02
6.003380510149177729e-01 -3.997707706537508010e-02
6.100237738039482327e-01 -3.909894897867618319e-02
6.197528378324663745e-01 -3.812268479945880167e-02
6.295241618302156450e-01 -3.705272052887647466e-02
6.393366598302444581e-01 -3.589877908572160214e-02
6.491892412895989839e-01 -3.467295070392566181e-02
6.590808112105230876e-01 -3.338591379117877150e-02
6.690102702621547603e-01 -3.204807037987164597e-02
6.789765149027036095e-01 -3.067152040804349902e-02
6.889784375020977514e-01 -2.926793561952786490e-02
6.990149264650814542e-01 -2.784446136491383617e-02
7.090848663547572039e-01 -2.640679042095019774e-02
7.191871380165538730e-01 -2.495994663786032380e-02
7.293206187026060050e-01 -2.350898664494411455e-02
7.394841821965345563e-01 -2.205953865126116312e-02
7.496766989386134394e-01 -2.061712277712048763e-02
7.598970361513051053e-01 -1.918671016721300651e-02
7.701440579651563922e-01 -1.777305717164936322e-02
7.804166255450371015e-01 -1.638064568945046123e-02
7.907135972167069760e-01 -1.501376428866442632e-02
8.010338285937002034e-01 -1.367643516174443796e-02
8.113761727045106786e-01 -1.237336820574683714e-02
8.217394801200630372e-01 -1.111036899727775237e-02
8.321225990814590245e-01 -9.894594773611367286e-03
8.425243756279822138e-01 -8.734803531114013198e-03
8.529436537253458628e-01 -7.640409562160722402e-03
8.633792753941731402e-01 -6.621263430948241997e-03
8.738300808386934015e-01 -5.684432644935915116e-03
8.842949085756387495e-01 -4.834395339369448354e-03
8.947725955633289985e-01 -4.074208154288797186e-03
9.052619773309316109e-01 -3.405720710471013719e-03
9.157618881078770645e-01 -2.828422944182272004e-03
9.262711609534211021e-01 -2.338812291584567698e-03
9.367886278863364335e-01 -1.919692891846976664e-03
9.473131200147204556e-01 -1.547684403765500543e-03
9.578434676659028923e-01 -1.206934505113506145e-03
9.683785005164411430e-01 -8.860562707138922500e-04
9.789170477221889044e-01 -5.802644525107747680e-04
9.894579380484205267e-01 -2.866860171645978944e-04
9.999999999999998890e-01 7.820670971675415475e-09
