9.999999999999998890e-01 6.045832244578596528e-09
9.894579380484205267e-01 1.007130312914383168e-03
9.789170477221889044e-01 2.013675367659244989e-03
9.683785005164411430e-01 3.020117714786248967e-03
9.578434676659028923e-01 4.026135656600407856e-03
9.473131200147204556e-01 5.031492607833008140e-03
9.367886278863364335e-01 6.036629373589874267e-03
9.262711609534211021e-01 7.041683633847520447e-03
9.157618881078770645e-01 8.045851165691021364e-03
9.052619773309316109e-01 9.048609168518913226e-03
8.947725955633289985e-01 1.005021000110829267e-02
8.842949085756387495e-01 1.105079957669054085e-02
8.738300808386934015e-01 1.205021810949328739e-02
8.633792753941731402e-01 1.304829646866954677e-02
8.529436537253458628e-01 1.404489090007464240e-02
8.425243756279822138e-01 1.503990473442956381e-02
8.321225990814590245e-01 1.603328843579469865e-02
8.217394801200630372e-01 1.702491072762488122e-02
8.113761727045106786e-01 1.801456960209616223e-02
8.010338285937002034e-01 1.900221200996385362e-02
7.907135972167069760e-01 1.998788140723620210e-02
7.804166255450371015e-01 2.097130872665439044e-02
7.701440579651563922e-01 2.195202561687624107e-02
7.598970361513051053e-01 2.292969907669506480e-02
7.496766989386134394e-01 2.390400147675330114e-02
7.394841821965345563e-01 2.487402329404800674e-02
7.293206187026060050e-01 2.583859817842239573e-02
7.191871380165538730e-01 2.679668651614500879e-02
7.090848663547572039e-01 2.774736234666455234e-02
6.990149264650814542e-01 2.869003053946365955e-02
6.889784375020977514e-01 2.962405136182177240e-02
6.789765149027036095e-01 3.054812366034202059e-02
6.690102702621547603e-01 3.146098870926891666e-02
6.590808112105230876e-01 3.236217491563271598e-02
6.491892412895989839e-01 3.325116148716447673e-02
6.393366598302444581e-01 3.412676941200006725e-02
6.295241618302156450e-01 3.498793064296032429e-02
6.197528378324663745e-01 3.583413948415124783e-02
6.100237738039482327e-01 3.666479114933273581e-02
6.003380510149177729e-01 3.747890898059250825e-02
5.906967459187653091e-01 3.827550267183844196e-02
5.811009300323815019e-01 3.905363897564802234e-02
5.715516698170692855e-01 3.981256030912246752e-02
5.620500265600203438e-01 4.055174829839601480e-02
5.525970562563653488e-01 4.127055368811061858e-02
5.431938094918128401e-01 4.196814853926689876e-02
5.338413313258880688e-01 4.264373306385244727e-02
5.245406611757882365e-01 4.329654569533115255e-02
5.152928327008634568e-01 4.392580306460942829e-02
5.060988736877365390e-01 4.453069337349838813e-02
4.969598059360780251e-01 4.511029227678892833e-02
4.878766451450451402e-01 4.566360129015307329e-02
4.788504008003974244e-01 4.618969375385562071e-02
4.698820760623064752e-01 4.668772744001008224e-02
4.609726676538650203e-01 4.715720175443795237e-02
4.521231657503131940e-01 4.759757826247348889e-02
4.433345538689928977e-01 4.800684243333148277e-02
4.346078087600411255e-01 4.838274964331443911e-02
4.259439002978354649e-01 4.872532601978025318e-02
4.173437913732044313e-01 4.903414981916645599e-02
4.088084377864137364e-01 4.930294867922926233e-02
4.003387881409395943e-01 4.952506955140543315e-02
3.919357837380436083e-01 4.969896957018275774e-02
3.836003584721576765e-01 4.982634221886724640e-02
3.753334387270930161e-01 4.991524193033333723e-02
3.671359432730831873e-01 4.997255521401750000e-02
3.590087831646743277e-01 4.999880606487019929e-02
3.509528616394713696e-01 4.999442596315301773e-02
3.429690740177547825e-01 4.996188897518386018e-02
3.350583076029753915e-01 4.990317573495602760e-02
3.272214415831418144e-01 4.981887445017842836e-02
3.194593469331089564e-01 4.970953824976990371e-02
3.117728863177794407e-01 4.957590069566465696e-02
3.041629139962280792e-01 4.941897091181057800e-02
2.966302757267624823e-01 4.924007113105532962e-02
2.891758086729252497e-01 4.903991441515424821e-02
2.818003413104546162e-01 4.881855012382749909e-02
2.745046933352085494e-01 4.857646039547843658e-02
2.672896755720651774e-01 4.831454248959238945e-02
2.601560898848094272e-01 4.803349299508030690e-02
2.531047290870154232e-01 4.773381960483983472e-02
2.461363768539343022e-01 4.741577764410252055e-02
2.392518076353984391e-01 4.707951023802243312e-02
2.324517865697500740e-01 4.672562424568396655e-02
2.257370693988056676e-01 4.635491494203158869e-02
2.191084023838638650e-01 4.596767100231719666e-02
2.125665222227673956e-01 4.556400122197151042e-02
2.061121559680280102e-01 4.514434263816815424e-02
1.997460209460230063e-01 4.470922449631156703e-02
1.934688246772731102e-01 4.425900764417942113e-02
1.872812647978095990e-01 4.379401044926052589e-02
1.811840289816407656e-01 4.331459580088694444e-02
1.751777948643248317e-01 4.282111927541371044e-02
1.692632299676588570e-01 4.231387175087674563e-02
1.634409916254914164e-01 4.179312266696930817e-02
1.577117269106679265e-01 4.125911993728106908e-02
1.520760725631161714e-01 4.071210229128453123e-02
1.465346549190801317e-01 4.015229659226825926e-02
1.410880898415101115e-01 3.958003209908134146e-02
1.357369826516168221e-01 3.899584004363022133e-02
1.304819280615971966e-01 3.840011702183501047e-02
1.253235101085391490e-01 3.779300140917165457e-02
1.202623020895129402e-01 3.717469188694954435e-02
1.152988664978553679e-01 3.654550115686225342e-02
1.104337549606562163e-01 3.590566708830287418e-02
1.056675081774507419e-01 3.525533712231502387e-02
1.010006558601274085e-01 3.459480261010032531e-02
9.643371667405697956e-02 3.392448692641148594e-02
9.196719818044885031e-02 3.324457013775514169e-02
8.760159677994161509e-02 3.255505100696280685e-02
8.333739765743386485e-02 3.185625652149105119e-02
7.917507472816209813e-02 3.114871895933564103e-02
7.511509058502996439e-02 3.043268118958651972e-02
7.115789644719716645e-02 2.970822863534607061e-02
6.730393210993146358e-02 2.897557246679693943e-02
6.355362589573076981e-02 2.823498020827261423e-02
5.990739460672012129e-02 2.748667531846159251e-02
5.636564347832906385e-02 2.673088885945506046e-02
5.292876613425423482e-02 2.596799344532922313e-02
4.959714454271368922e-02 2.519834592232005066e-02
4.637114897399441382e-02 2.442201553600961694e-02
4.325113795930202176e-02 2.363904924559426940e-02
4.023745825091396000e-02 2.284971055911025339e-02
3.733044478364233587e-02 2.205429823728523309e-02
3.453042063760936031e-02 2.125306580793302064e-02
3.183769700234129196e-02 2.044626446057706132e-02
2.925257314218321358e-02 1.963416113969919732e-02
2.677533636303963682e-02 1.881701248235133350e-02
2.440626198044326678e-02 1.799504815753751735e-02
2.214561328895736647e-02 1.716848751551048116e-02
1.999364153291383062e-02 1.633753497816177458e-02
1.795058587848985532e-02 1.550224800842240486e-02
1.601667338712764455e-02 1.466249059748038139e-02
1.419211899029970692e-02 1.381889812793318448e-02
1.247712546562085301e-02 1.297300541987070864e-02
1.087188341431266636e-02 1.212428491596328865e-02
9.376571240020115106e-03 1.127020277440310761e-02
7.991355128984078959e-03 1.041240396698826613e-02
6.716389031571567969e-03 9.555803721764611486e-03
5.551814645166519568e-03 8.697758445098404192e-03
4.497761398421062928e-03 7.830922303649781244e-03
3.554346436871580472e-03 6.959737491637043270e-03
2.721674609919344512e-03 6.095737424355414900e-03
1.999838459177394334e-03 5.246727330404561858e-03
1.388918208186096237e-03 4.403497804546320331e-03
8.889817534969424173e-04 3.447931343613879537e-03
5.000846571264760954e-04 2.272209788049946340e-03
2.222701403818971855e-04 1.114485836766411931e-03
5.556907905679420168e-05 3.044984641870845466e-04
0.000000000000000000e+00 -4.187779355066722081e-07
0.000000000000000000e+00 4.187779355066722081e-07
5.556907905679420168e-05 -3.044984641870845466e-04
2.222701403818971855e-04 -1.114485836766411931e-03
5.000846571264760954e-04 -2.272209788049946340e-03
8.889817534969424173e-04 -3.447931343613879537e-03
1.388918208186096237e-03 -4.403497804546320331e-03
1.999838459177394334e-03 -5.246727330404561858e-03
2.721674609919344512e-03 -6.095737424355414900e-03
3.554346436871580472e-03 -6.959737491637043270e-03
4.497761398421062928e-03 -7.830922303649781244e-03
5.551814645166519568e-03 -8.697758445098404192e-03
6.716389031571567969e-03 -9.555803721764611486e-03
7.991355128984078959e-03 -1.041240396698826613e-02
9.376571240020115106e-03 -1.127020277440310761e-02
1.087188341431266636e-02 -1.212428491596328865e-02
1.247712546562085301e-02 -1.297300541987070864e-02
1.419211899029970692e-02 -1.381889812793318448e-02
1.601667338712764455e-02 -1.466249059748038139e-02
1.795058587848985532e-02 -1.550224800842240486e-02
1.999364153291383062e-02 -1.633753497816177458e-02
2.214561328895736647e-02 -1.716848751551048116e-02
2.440626198044326678e-02 -1.799504815753751735e-02
2.677533636303963682e-02 -1.881701248235133350e-02
2.925257314218321358e-02 -1.963416113969919732e-02
3.183769700234129196e-02 -2.044626446057706132e-02
3.453042063760936031e-02 -2.125306580793302064e-02
3.733044478364233587e-02 -2.205429823728523309e-02
4.023745825091396000e-02 -2.284971055911025339e-02
4.325113795930202176e-02 -2.363904924559426940e-02
4.637114897399441382e-02 -2.442201553600961694e-02
4.959714454271368922e-02 -2.519834592232005066e-02
5.292876613425423482e-02 -2.596799344532922313e-02
5.636564347832906385e-02 -2.673088885945506046e-02
5.990739460672012129e-02 -2.748667531846159251e-02
6.355362589573076981e-02 -2.823498020827261423e-02
6.730393210993146358e-02 -2.897557246679693943e-02
7.115789644719716645e-02 -2.970822863534607061e-02
7.511509058502996439e-02 -3.043268118958651972e-02
7.917507472816209813e-02 -3.114871895933564103e-02
8.333739765743386485e-02 -3.185625652149105119e-02
8.760159677994161509e-02 -3.255505100696280685e-02
9.196719818044885031e-02 -3.324457013775514169e-02
9.643371667405697956e-02 -3.392448692641148594e-02
1.010006558601274085e-01 -3.459480261010032531e-02
1.056675081774507419e-01 -3.525533712231502387e-02
1.104337549606562163e-01 -3.590566708830287418e-02
1.152988664978553679e-01 -3.654550115686225342e-02
1.202623020895129402e-01 -3.717469188694954435e-02
1.253235101085391490e-01 -3.779300140917165457e-02
1.304819280615971966e-01 -3.840011702183501047e-02
1.357369826516168221e-01 -3.899584004363022133e-02
1.410880898415101115e-01 -3.958003209908134146e-02
1.465346549190801317e-01 -4.015229659226825926e-02
1.520760725631161714e-01 -4.071210229128453123e-02
1.577117269106679265e-01 -4.125911993728106908e-02
1.634409916254914164e-01 -4.179312266696930817e-02
1.692632299676588570e-01 -4.231387175087674563e-02
1.751777948643248317e-01 -4.282111927541371044e-02
1.811840289816407656e-01 -4.331459580088694444e-02
1.872812647978095990e-01 -4.379401044926052589e-02
1.934688246772731102e-01 -4.425900764417942113e-02
1.997460209460230063e-01 -4.470922449631156703e-02
2.061121559680280102e-01 -4.514434263816815424e-02
2.125665222227673956e-01 -4.556400122197151042e-02
2.191084023838638650e-01 -4.596767100231719666e-02
2.257370693988056676e-01 -4.635491494203158869e-02
2.324517865697500740e-01 -4.672562424568396655e-02
2.392518076353984391e-01 -4.707951023802243312e-02
2.461363768539343022e-01 -4.741577764410252055e-02
2.531047290870154232e-01 -4.773381960483983472e-02
2.601560898848094272e-01 -4.803349299508030690e-02
2.672896755720651774e-01 -4.831454248959238945e-02
2.745046933352085494e-01 -4.857646039547843658e-02
2.818003413104546162e-01 -4.881855012382749909e-02
2.891758086729252497e-01 -4.903991441515424821e-02
2.966302757267624823e-01 -4.924007113105532962e-02
3.041629139962280792e-01 -4.941897091181057800e-02
3.117728863177794407e-01 -4.957590069566465696e-02
3.194593469331089564e-01 -4.970953824976990371e-02
3.272214415831418144e-01 -4.981887445017842836e-02
3.350583076029753915e-01 -4.990317573495602760e-02
3.429690740177547825e-01 -4.996188897518386018e-02
3.509528616394713696e-01 -4.999442596315301773e-02
3.590087831646743277e-01 -4.999880606487019929e-02
3.671359432730831873e-01 -4.997255521401750000e-02
3.753334387270930161e-01 -4.991524193033333723e-02
3.836003584721576765e-01 -4.982634221886724640e-02
3.919357837380436083e-01 -4.969896957018275774e-02
4.003387881409395943e-01 -4.952506955140543315e-02
4.088084377864137364e-01 -4.930294867922926233e-02
4.173437913732044313e-01 -4.903414981916645599e-02
4.259439002978354649e-01 -4.872532601978025318e-02
4.346078087600411255e-01 -4.838274964331443911e-02
4.433345538689928977e-01 -4.800684243333148277e-02
4.521231657503131940e-01 -4.759757826247348889e-02
4.609726676538650203e-01 -4.715720175443795237e-02
4.698820760623064752e-01 -4.668772744001008224e-02
4.788504008003974244e-01 -4.618969375385562071e-02
4.878766451450451402e-01 -4.566360129015307329e-02
4.969598059360780251e-01 -4.511029227678892833e-02
5.060988736877365390e-01 -4.453069337349838813e-02
5.152928327008634568e-01 -4.392580306460942829e-02
5.245406611757882365e-01 -4.329654569533115255e-02
5.338413313258880688e-01 -4.264373306385244727e-02
5.431938094918128401e-01 -4.196814853926689876e-02
5.525970562563653488e-01 -4.127055368811061858e-02
5.620500265600203438e-01 -4.055174829839601480e-02
5.715516698170692855e-01 -3.981256030912246752e-02
5.811009300323815019e-01 -3.905363897564802234e-02
5.906967459187653091e-01 -3.827550267183844196e-02
6.003380510149177729e-01 -3.747890898059250825e-02
6.100237738039482327e-01 -3.666479114933273581e-02
6.197528378324663745e-01 -3.583413948415124783e-02
6.295241618302156450e-01 -3.498793064296032429e-02
6.393366598302444581e-01 -3.412676941200006725e-02
6.491892412895989839e-01 -3.325116148716447673e-02
6.590808112105230876e-01 -3.236217491563271598e-02
6.690102702621547603e-01 -3.146098870926891666e-02
6.789765149027036095e-01 -3.054812366034202059e-02
6.889784375020977514e-01 -2.962405136182177240e-02
6.990149264650814542e-01 -2.869003053946365955e-02
7.090848663547572039e-01 -2.774736234666455234e-02
7.191871380165538730e-01 -2.679668651614500879e-02
7.293206187026060050e-01 -2.583859817842239573e-02
7.394841821965345563e-01 -2.487402329404800674e-02
7.496766989386134394e-01 -2.390400147675330114e-02
7.598970361513051053e-01 -2.292969907669506480e-02
7.701440579651563922e-01 -2.195202561687624107e-02
7.804166255450371015e-01 -2.097130872665439044e-02
7.907135972167069760e-01 -1.998788140723620210e-02
8.010338285937002034e-01 -1.900221200996385362e-02
8.113761727045106786e-01 -1.801456960209616223e-02
8.217394801200630372e-01 -1.702491072762488122e-02
8.321225990814590245e-01 -1.603328843579469865e-02
8.425243756279822138e-01 -1.503990473442956381e-02
8.529436537253458628e-01 -1.404489090007464240e-02
8.633792753941731402e-01 -1.304829646866954677e-02
8.738300808386934015e-01 -1.205021810949328739e-02
8.842949085756387495e-01 -1.105079957669054085e-02
8.947725955633289985e-01 -1.005021000110829267e-02
9.052619773309316109e-01 -9.048609168518913226e-03
9.157618881078770645e-01 -8.045851165691021364e-03
9.262711609534211021e-01 -7.041683633847520447e-03
9.367886278863364335e-01 -6.036629373589874267e-03
9.473131200147204556e-01 -5.031492607833008140e-03
9.578434676659028923e-01 -4.026135656600407856e-03
9.683785005164411430e-01 -3.020117714786248967e-03
9.789170477221889044e-01 -2.013675367659244989e-03
9.894579380484205267e-01 -1.007130312914383168e-03
9.999999999999998890e-01 -6.045832244578596528e-09
