9.999999999999998890e-01 -2.760585049955519184e-03
9.894579380484205267e-01 1.198751827896588594e-03
9.789170477221889044e-01 5.729432768902613902e-03
9.683785005164411430e-01 1.038512789170577787e-02
9.578434676659028923e-01 1.491976513897171237e-02
9.473131200147204556e-01 1.918055730136962803e-02
9.367886278863364335e-01 2.315674224639601569e-02
9.262711609534211021e-01 2.687295261098804344e-02
9.157618881078770645e-01 3.037971881755636289e-02
9.052619773309316109e-01 3.372974327446991161e-02
8.947725955633289985e-01 3.697287136391398665e-02
8.842949085756387495e-01 4.014437607538044045e-02
8.738300808386934015e-01 4.325685201135488767e-02
8.633792753941731402e-01 4.631977917190196331e-02
8.529436537253458628e-01 4.934106775141995638e-02
8.425243756279822138e-01 5.232577413714367687e-02
8.321225990814590245e-01 5.527587210756505082e-02
8.217394801200630372e-01 5.819348861591034511e-02
8.113761727045106786e-01 6.108100905286652921e-02
8.010338285937002034e-01 6.394012663014427000e-02
7.907135972167069760e-01 6.677194165970155859e-02
7.804166255450371015e-01 6.957718960390943397e-02
7.701440579651563922e-01 7.235629882993803441e-02
7.598970361513051053e-01 7.510899248627045388e-02
7.496766989386134394e-01 7.783462737331717229e-02
7.394841821965345563e-01 8.053280399546466906e-02
7.293206187026060050e-01 8.320321740873287686e-02
7.191871380165538730e-01 8.584541322007070707e-02
7.090848663547572039e-01 8.845887601909041553e-02
6.990149264650814542e-01 9.104308172245385855e-02
6.889784375020977514e-01 9.359730313834442594e-02
6.789765149027036095e-01 9.611994685787129955e-02
6.690102702621547603e-01 9.860922369126871867e-02
6.590808112105230876e-01 1.010634808827564068e-01
6.491892412895989839e-01 1.034811918866195418e-01
6.393366598302444581e-01 1.058611121846984165e-01
6.295241618302156450e-01 1.082021628895632470e-01
6.197528378324663745e-01 1.105035425515655673e-01
6.100237738039482327e-01 1.127643897631615821e-01
6.003380510149177729e-01 1.149836322153813956e-01
5.906967459187653091e-01 1.171598028156126819e-01
5.811009300323815019e-01 1.192908077031193670e-01
5.715516698170692855e-01 1.213746012896246562e-01
5.620500265600203438e-01 1.234092978729671580e-01
5.525970562563653488e-01 1.253931340217946944e-01
5.431938094918128401e-01 1.273244846383615458e-01
5.338413313258880688e-01 1.292018626835627904e-01
5.245406611757882365e-01 1.310239173697811121e-01
5.152928327008634568e-01 1.327893726197952873e-01
5.060988736877365390e-01 1.344969725608853306e-01
4.969598059360780251e-01 1.361449326698698503e-01
4.878766451450451402e-01 1.377311002343277746e-01
4.788504008003974244e-01 1.392534842252204641e-01
4.698820760623064752e-01 1.407101939809378421e-01
4.609726676538650203e-01 1.420993120536819532e-01
4.521231657503131940e-01 1.434188149920939959e-01
4.433345538689928977e-01 1.446660405278218930e-01
4.346078087600411255e-01 1.458381914982682659e-01
4.259439002978354649e-01 1.469332505771539510e-01
4.173437913732044313e-01 1.479491561752729889e-01
4.088084377864137364e-01 1.488823493170793044e-01
4.003387881409395943e-01 1.497287072164327770e-01
3.919357837380436083e-01 1.504836206886307759e-01
3.836003584721576765e-01 1.511425480039489955e-01
3.753334387270930161e-01 1.517015336310066353e-01
3.671359432730831873e-01 1.521575042746140249e-01
3.590087831646743277e-01 1.525093988290474600e-01
3.509528616394713696e-01 1.527565867593644600e-01
3.429690740177547825e-01 1.528986690496299816e-01
3.350583076029753915e-01 1.529355863953427708e-01
3.272214415831418144e-01 1.528678590836599627e-01
3.194593469331089564e-01 1.526969152708751998e-01
3.117728863177794407e-01 1.524254812252510138e-01
3.041629139962280792e-01 1.520563631265795246e-01
2.966302757267624823e-01 1.515923175705254922e-01
2.891758086729252497e-01 1.510358082949297964e-01
2.818003413104546162e-01 1.503889684779023406e-01
2.745046933352085494e-01 1.496536256748871863e-01
2.672896755720651774e-01 1.488313488818152341e-01
2.601560898848094272e-01 1.479238121690054919e-01
2.531047290870154232e-01 1.469328564846047180e-01
2.461363768539343022e-01 1.458612435937154950e-01
2.392518076353984391e-01 1.447123680294549186e-01
2.324517865697500740e-01 1.434899475960487725e-01
2.257370693988056676e-01 1.421978535304382896e-01
2.191084023838638650e-01 1.408398220753675767e-01
2.125665222227673956e-01 1.394193842531377681e-01
2.061121559680280102e-01 1.379391908747633344e-01
1.997460209460230063e-01 1.364015644733733712e-01
1.934688246772731102e-01 1.348088625391136441e-01
1.872812647978095990e-01 1.331634664520748856e-01
1.811840289816407656e-01 1.314678102012000471e-01
1.751777948643248317e-01 1.297240758537284711e-01
1.692632299676588570e-01 1.279335361237345092e-01
1.634409916254914164e-01 1.260974000720972987e-01
1.577117269106679265e-01 1.242172470316104116e-01
1.520760725631161714e-01 1.222947517074098739e-01
1.465346549190801317e-01 1.203316581897745513e-01
1.410880898415101115e-01 1.183294756700627726e-01
1.357369826516168221e-01 1.162892376598707173e-01
1.304819280615971966e-01 1.142122508910985434e-01
1.253235101085391490e-01 1.121003597641039989e-01
1.202623020895129402e-01 1.099553358695837951e-01
1.152988664978553679e-01 1.077787635852778259e-01
1.104337549606562163e-01 1.055716849261126578e-01
1.056675081774507419e-01 1.033345465515145556e-01
1.010006558601274085e-01 1.010682496083184639e-01
9.643371667405697956e-02 9.877420325454355776e-02
9.196719818044885031e-02 9.645428934758407125e-02
8.760159677994161509e-02 9.411073325943934698e-02
8.333739765743386485e-02 9.174535713041119533e-02
7.917507472816209813e-02 8.935985146330362172e-02
7.511509058502996439e-02 8.695752763704890642e-02
7.115789644719716645e-02 8.454233279063665119e-02
6.730393210993146358e-02 8.211558184390131687e-02
6.355362589573076981e-02 7.967680652565135857e-02
5.990739460672012129e-02 7.722230897832967067e-02
5.636564347832906385e-02 7.474730383127099753e-02
5.292876613425423482e-02 7.224828449154035992e-02
4.959714454271368922e-02 6.972372812140381626e-02
4.637114897399441382e-02 6.717906859530570207e-02
4.325113795930202176e-02 6.462270696185107299e-02
4.023745825091396000e-02 6.206679314275663495e-02
3.733044478364233587e-02 5.952582408468756747e-02
3.453042063760936031e-02 5.701879390116461332e-02
3.183769700234129196e-02 5.455739881085060194e-02
2.925257314218321358e-02 5.213265800700599140e-02
2.677533636303963682e-02 4.972311994283353659e-02
2.440626198044326678e-02 4.728789833831838207e-02
2.214561328895736647e-02 4.478933339637759803e-02
1.999364153291383062e-02 4.220029089397321631e-02
1.795058587848985532e-02 3.952094577639448519e-02
1.601667338712764455e-02 3.679096823094860080e-02
1.419211899029970692e-02 3.407399017623029963e-02
1.247712546562085301e-02 3.145926390291002572e-02
1.087188341431266636e-02 2.902906076002826144e-02
9.376571240020115106e-03 2.685206631985825182e-02
7.991355128984078959e-03 2.491169649480907272e-02
6.716389031571567969e-03 2.310955426150077680e-02
5.551814645166519568e-03 2.125174614950533017e-02
4.497761398421062928e-03 1.909261636601565851e-02
3.554346436871580472e-03 1.658543981930241801e-02
2.721674609919344512e-03 1.381443320237807360e-02
1.999838459177394334e-03 1.090604912121517431e-02
1.388918208186096237e-03 8.012306687667511765e-03
8.889817534969424173e-04 5.316508500429683974e-03
5.000846571264760954e-04 3.008499829610788903e-03
2.222701403818971855e-04 1.235562046279318430e-03
5.556907905679420168e-05 1.201375004682762420e-04
0.000000000000000000e+00 -2.600516801289003773e-04
0.000000000000000000e+00 -2.207704567333829008e-04
5.556907905679420168e-05 -4.349868626338272704e-03
2.222701403818971855e-04 -6.691372610090205904e-03
5.000846571264760954e-04 -7.118024715641287255e-03
8.889817534969424173e-04 -7.554652972956382370e-03
1.388918208186096237e-03 -9.357262426701221103e-03
1.999838459177394334e-03 -1.118532389911702438e-02
2.721674609919344512e-03 -1.202576136195823882e-02
3.554346436871580472e-03 -1.263370664945995953e-02
4.497761398421062928e-03 -1.354251500411373516e-02
5.551814645166519568e-03 -1.440905681724514650e-02
6.716389031571567969e-03 -1.504811199033924754e-02
7.991355128984078959e-03 -1.567643324703367480e-02
9.376571240020115106e-03 -1.638782300231833577e-02
1.087188341431266636e-02 -1.706704040885385562e-02
1.247712546562085301e-02 -1.767583928538467644e-02
1.419211899029970692e-02 -1.827659434758720572e-02
1.601667338712764455e-02 -1.888022492173468611e-02
1.795058587848985532e-02 -1.944580579808122614e-02
1.999364153291383062e-02 -1.996690214188241719e-02
2.214561328895736647e-02 -2.046472952784229166e-02
2.440626198044326678e-02 -2.093989975839682591e-02
2.677533636303963682e-02 -2.137958375357312812e-02
2.925257314218321358e-02 -2.178088172262806349e-02
3.183769700234129196e-02 -2.214616990119297815e-02
3.453042063760936031e-02 -2.247382525213122151e-02
3.733044478364233587e-02 -2.276097707710922693e-02
4.023745825091396000e-02 -2.300913473950351451e-02
4.325113795930202176e-02 -2.322076296404985626e-02
4.637114897399441382e-02 -2.339421779135814755e-02
4.959714454271368922e-02 -2.352685767968726999e-02
5.292876613425423482e-02 -2.361755476190954828e-02
5.636564347832906385e-02 -2.366573629111304311e-02
5.990739460672012129e-02 -2.367134870075955633e-02
6.355362589573076981e-02 -2.363448434848367669e-02
6.730393210993146358e-02 -2.355532392322906565e-02
7.115789644719716645e-02 -2.343368143693177336e-02
7.511509058502996439e-02 -2.326844018696886188e-02
7.917507472816209813e-02 -2.305869494794891492e-02
8.333739765743386485e-02 -2.280425602069044086e-02
8.760159677994161509e-02 -2.250524430986340640e-02
9.196719818044885031e-02 -2.216215794518807541e-02
9.643371667405697956e-02 -2.177533033405033500e-02
1.010006558601274085e-01 -2.134480658431453862e-02
1.056675081774507419e-01 -2.087061980513061146e-02
1.104337549606562163e-01 -2.035283076429215965e-02
1.152988664978553679e-01 -1.979186548178540547e-02
1.202623020895129402e-01 -1.918853113240466188e-02
1.253235101085391490e-01 -1.854383605866521609e-02
1.304819280615971966e-01 -1.785893337295420616e-02
1.357369826516168221e-01 -1.713479469614030692e-02
1.410880898415101115e-01 -1.637228327980101011e-02
1.465346549190801317e-01 -1.557254673633009200e-02
1.520760725631161714e-01 -1.473694677951579816e-02
1.577117269106679265e-01 -1.386718464681624928e-02
1.634409916254914164e-01 -1.296516590111504441e-02
1.692632299676588570e-01 -1.203302291862310552e-02
1.751777948643248317e-01 -1.107304169234388930e-02
1.811840289816407656e-01 -1.008783672707434798e-02
1.872812647978095990e-01 -9.080185529262048416e-03
1.934688246772731102e-01 -8.053085439531334697e-03
1.997460209460230063e-01 -7.009795683558978606e-03
2.061121559680280102e-01 -5.954336025914099169e-03
2.125665222227673956e-01 -4.890497028654940993e-03
2.191084023838638650e-01 -3.820762088420094713e-03
2.257370693988056676e-01 -2.747074586169909877e-03
2.324517865697500740e-01 -1.670639643275956829e-03
2.392518076353984391e-01 -5.927037272906545470e-04
2.461363768539343022e-01 4.851351194447463939e-04
2.531047290870154232e-01 1.561245001531485392e-03
2.601560898848094272e-01 2.634017511997026155e-03
2.672896755720651774e-01 3.701880002376391459e-03
2.745046933352085494e-01 4.763311337238615613e-03
2.818003413104546162e-01 5.816812344825614441e-03
2.891758086729252497e-01 6.860903809543912601e-03
2.966302757267624823e-01 7.894032528323137454e-03
3.041629139962280792e-01 8.914562190395615079e-03
3.117728863177794407e-01 9.920833695742568153e-03
3.194593469331089564e-01 1.091115529427462080e-02
3.272214415831418144e-01 1.188360000961747633e-02
3.350583076029753915e-01 1.283605640661404299e-02
3.429690740177547825e-01 1.376637720898167376e-02
3.509528616394713696e-01 1.467237835028884461e-02
3.590087831646743277e-01 1.555172039444041934e-02
3.671359432730831873e-01 1.640199677430767902e-02
3.753334387270930161e-01 1.722093499783394766e-02
3.836003584721576765e-01 1.800649180140630537e-02
3.919357837380436083e-01 1.875765739308907568e-02
4.003387881409395943e-01 1.947380929897229301e-02
4.088084377864137364e-01 2.015429339790870966e-02
4.173437913732044313e-01 2.079843396269801317e-02
4.259439002978354649e-01 2.140550794983476016e-02
4.346078087600411255e-01 2.197491560319707327e-02
4.433345538689928977e-01 2.250652179130758004e-02
4.521231657503131940e-01 2.300057426752119896e-02
4.609726676538650203e-01 2.345812273691853106e-02
4.698820760623064752e-01 2.388030491592917776e-02
4.788504008003974244e-01 2.426813575551904634e-02
4.878766451450451402e-01 2.462277218103737023e-02
4.969598059360780251e-01 2.494567753047071887e-02
5.060988736877365390e-01 2.523788260629049318e-02
5.152928327008634568e-01 2.549964557528231271e-02
5.245406611757882365e-01 2.573104303951542771e-02
5.338413313258880688e-01 2.593200326738856823e-02
5.431938094918128401e-01 2.610255428952406101e-02
5.525970562563653488e-01 2.624284794238570043e-02
5.620500265600203438e-01 2.635292375529414005e-02
5.715516698170692855e-01 2.643268958803552532e-02
5.811009300323815019e-01 2.648181171407194487e-02
5.906967459187653091e-01 2.649976712110544211e-02
6.003380510149177729e-01 2.648611866622801667e-02
6.100237738039482327e-01 2.644048641229029481e-02
6.197528378324663745e-01 2.636241978809628073e-02
6.295241618302156450e-01 2.625134084988521924e-02
6.393366598302444581e-01 2.610596943731434416e-02
6.491892412895989839e-01 2.592468471692255597e-02
6.590808112105230876e-01 2.570589564581311770e-02
6.690102702621547603e-01 2.544801737941677217e-02
6.789765149027036095e-01 2.514942668341083737e-02
6.889784375020977514e-01 2.480872684234808334e-02
6.990149264650814542e-01 2.442559847302189224e-02
7.090848663547572039e-01 2.400001350778667442e-02
7.191871380165538730e-01 2.353190190785060462e-02
7.293206187026060050e-01 2.302124029157088386e-02
7.394841821965345563e-01 2.246817793580029379e-02
7.496766989386134394e-01 2.187314940592209253e-02
7.598970361513051053e-01 2.123722799559773361e-02
7.701440579651563922e-01 2.056161073546556792e-02
7.804166255450371015e-01 1.984754465544621982e-02
7.907135972167069760e-01 1.909617004771732920e-02
8.010338285937002034e-01 1.830842466991928000e-02
8.113761727045106786e-01 1.748506408469070392e-02
8.217394801200630372e-01 1.662660773636175787e-02
8.321225990814590245e-01 1.573367982584127425e-02
8.425243756279822138e-01 1.480706809241618890e-02
8.529436537253458628e-01 1.384779209636055608e-02
8.633792753941731402e-01 1.285710869029818917e-02
8.738300808386934015e-01 1.183635345434684051e-02
8.842949085756387495e-01 1.078709556674156342e-02
8.947725955633289985e-01 9.713399191232681765e-03
9.052619773309316109e-01 8.621097790925718457e-03
9.157618881078770645e-01 7.514966448363330498e-03
9.262711609534211021e-01 6.398976078473425470e-03
9.367886278863364335e-01 5.276110874043289656e-03
9.473131200147204556e-01 4.146940383957294779e-03
9.578434676659028923e-01 2.998229381136448182e-03
9.683785005164411430e-01 1.806101018925031741e-03
9.789170477221889044e-01 5.197033484404861483e-04
9.894579380484205267e-01 -9.422271492057430467e-04
9.999999999999998890e-01 -2.760745116358342011e-03
