9.999999999999998890e-01 1.216645103804218962e-08
9.894579380484205267e-01 2.095793135285667526e-03
9.789170477221889044e-01 4.158299501200817677e-03
9.683785005164411430e-01 6.185801432613882538e-03
9.578434676659028923e-01 8.179554879595986663e-03
9.473131200147204556e-01 1.014008800623471956e-02
9.367886278863364335e-01 1.206429388214178694e-02
9.262711609534211021e-01 1.395327673485163150e-02
9.157618881078770645e-01 1.581903693766157498e-02
9.052619773309316109e-01 1.767135254116321622e-02
8.947725955633289985e-01 1.951293699635121837e-02
8.842949085756387495e-01 2.134452370185202161e-02
8.738300808386934015e-01 2.316496476219459880e-02
8.633792753941731402e-01 2.497363670371596095e-02
8.529436537253458628e-01 2.677087246010922961e-02
8.425243756279822138e-01 2.855797165027862405e-02
8.321225990814590245e-01 3.033718203064703425e-02
8.217394801200630372e-01 3.210937978727140124e-02
8.113761727045106786e-01 3.387410525758170754e-02
8.010338285937002034e-01 3.563115195985632616e-02
7.907135972167069760e-01 3.738053575991074490e-02
7.804166255450371015e-01 3.912198535828501772e-02
7.701440579651563922e-01 4.085511026962339309e-02
7.598970361513051053e-01 4.258029739539695435e-02
7.496766989386134394e-01 4.429692804228617387e-02
7.394841821965345563e-01 4.599293548114303382e-02
7.293206187026060050e-01 4.765282385665377263e-02
7.191871380165538730e-01 4.927398547076172752e-02
7.090848663547572039e-01 5.085848591544681052e-02
6.990149264650814542e-01 5.240610111104356678e-02
6.889784375020977514e-01 5.391618015429665289e-02
6.789765149027036095e-01 5.538948846581775998e-02
6.690102702621547603e-01 5.682670136622337831e-02
6.590808112105230876e-01 5.822681219177515410e-02
6.491892412895989839e-01 5.959029097501443439e-02
6.393366598302444581e-01 6.092304009855871449e-02
6.295241618302156450e-01 6.223009578129449354e-02
6.197528378324663745e-01 6.351196583745258306e-02
6.100237738039482327e-01 6.476881176835716514e-02
6.003380510149177729e-01 6.600145498037660041e-02
5.906967459187653091e-01 6.720989977182230402e-02
5.811009300323815019e-01 6.839266672922685031e-02
5.715516698170692855e-01 6.955030481246361751e-02
5.620500265600203438e-01 7.068630229670631870e-02
5.525970562563653488e-01 7.179864467603142009e-02
5.431938094918128401e-01 7.287841123883685712e-02
5.338413313258880688e-01 7.391660237794178689e-02
5.245406611757882365e-01 7.490491665678583599e-02
5.152928327008634568e-01 7.584144102885713445e-02
5.060988736877365390e-01 7.672958524949073655e-02
4.969598059360780251e-01 7.757090965073525080e-02
4.878766451450451402e-01 7.836546245856045034e-02
4.788504008003974244e-01 7.911277575307026910e-02
4.698820760623064752e-01 7.981254268758500303e-02
4.609726676538650203e-01 8.046837313950590265e-02
4.521231657503131940e-01 8.108345782844829375e-02
4.433345538689928977e-01 8.164412607345451767e-02
4.346078087600411255e-01 8.213171623088245943e-02
4.259439002978354649e-01 8.254004896525481139e-02
4.173437913732044313e-01 8.286817228390726264e-02
4.088084377864137364e-01 8.311890348741124424e-02
4.003387881409395943e-01 8.329542826836175418e-02
3.919357837380436083e-01 8.339812101929723609e-02
3.836003584721576765e-01 8.342765610112680419e-02
3.753334387270930161e-01 8.338779893253867037e-02
3.671359432730831873e-01 8.328110416699825713e-02
3.590087831646743277e-01 8.310537157151259846e-02
3.509528616394713696e-01 8.286297093502914546e-02
3.429690740177547825e-01 8.256791125782594887e-02
3.350583076029753915e-01 8.223291367742423252e-02
3.272214415831418144e-01 8.186548491603294619e-02
3.194593469331089564e-01 8.146944976463456334e-02
3.117728863177794407e-01 8.104386769771589061e-02
3.041629139962280792e-01 8.058871740338861833e-02
2.966302757267624823e-01 8.010568361422540362e-02
2.891758086729252497e-01 7.959644820829707423e-02
2.818003413104546162e-01 7.906250343884269061e-02
2.745046933352085494e-01 7.850407775004858424e-02
2.672896755720651774e-01 7.792049533569252173e-02
2.601560898848094272e-01 7.731483282262141543e-02
2.531047290870154232e-01 7.669195199697308174e-02
2.461363768539343022e-01 7.604313336483130292e-02
2.392518076353984391e-01 7.535177315433236322e-02
2.324517865697500740e-01 7.461079110515292379e-02
2.257370693988056676e-01 7.381891006355006946e-02
2.191084023838638650e-01 7.297870477361804997e-02
2.125665222227673956e-01 7.209416700070160611e-02
2.061121559680280102e-01 7.116730671849717804e-02
1.997460209460230063e-01 7.019959591115741693e-02
1.934688246772731102e-01 6.919362130838949132e-02
1.872812647978095990e-01 6.815213677165730954e-02
1.811840289816407656e-01 6.707712721132447209e-02
1.751777948643248317e-01 6.597065831073090081e-02
1.692632299676588570e-01 6.483575667049860936e-02
1.634409916254914164e-01 6.367543977081820128e-02
1.577117269106679265e-01 6.249211751198197745e-02
1.520760725631161714e-01 6.128800643892030886e-02
1.465346549190801317e-01 6.006512009249187489e-02
1.410880898415101115e-01 5.882552762296931748e-02
1.357369826516168221e-01 5.757146294312092544e-02
1.304819280615971966e-01 5.630507780852780225e-02
1.253235101085391490e-01 5.502826576594531394e-02
1.202623020895129402e-01 5.373880005846327912e-02
1.152988664978553679e-01 5.242897584780882581e-02
1.104337549606562163e-01 5.109662446504521782e-02
1.056675081774507419e-01 4.974643926086617235e-02
1.010006558601274085e-01 4.838193176432251802e-02
9.643371667405697956e-02 4.700511401841745568e-02
9.196719818044885031e-02 4.561871955616870339e-02
8.760159677994161509e-02 4.422605319242785271e-02
8.333739765743386485e-02 4.282937992575541059e-02
7.917507472816209813e-02 4.143031345719903891e-02
7.511509058502996439e-02 4.003137403778247311e-02
7.115789644719716645e-02 3.863556269092451034e-02
6.730393210993146358e-02 3.724538333458653205e-02
6.355362589573076981e-02 3.586323610026356107e-02
5.990739460672012129e-02 3.449248582431544558e-02
5.636564347832906385e-02 3.313678942960066737e-02
5.292876613425423482e-02 3.179923252579062304e-02
4.959714454271368922e-02 3.048242382711742818e-02
4.637114897399441382e-02 2.918770387165187802e-02
4.325113795930202176e-02 2.791658804425638934e-02
4.023745825091396000e-02 2.667255593275566841e-02
3.733044478364233587e-02 2.545782065120794774e-02
3.453042063760936031e-02 2.426935000724142477e-02
3.183769700234129196e-02 2.310567482374894371e-02
2.925257314218321358e-02 2.197178074555589111e-02
2.677533636303963682e-02 2.087030164859773190e-02
2.440626198044326678e-02 1.979690067710732082e-02
2.214561328895736647e-02 1.875525086948611961e-02
1.999364153291383062e-02 1.776384940291728110e-02
1.795058587848985532e-02 1.679684355624365064e-02
1.601667338712764455e-02 1.576192635670419645e-02
1.419211899029970692e-02 1.461642390649353987e-02
1.247712546562085301e-02 1.338634744834539363e-02
1.087188341431266636e-02 1.210080151711397101e-02
9.376571240020115106e-03 1.078746318471935327e-02
7.991355128984078959e-03 9.471296009470341754e-03
6.716389031571567969e-03 8.174816783146996585e-03
5.551814645166519568e-03 6.919150980269611791e-03
4.497761398421062928e-03 5.724231400511573323e-03
3.554346436871580472e-03 4.607579873021019727e-03
2.721674609919344512e-03 3.584993458919364610e-03
1.999838459177394334e-03 2.670268706376387451e-03
1.388918208186096237e-03 1.875831012133858267e-03
8.889817534969424173e-04 1.211729067391325958e-03
5.000846571264760954e-04 6.865742681816105076e-04
2.222701403818971855e-04 3.066516210247662954e-04
5.556907905679420168e-05 7.691614234417391686e-05
0.000000000000000000e+00 -1.223618291804793524e-09
0.000000000000000000e+00 -2.923099077442687659e-05
5.556907905679420168e-05 -1.023733931068405810e-04
2.222701403818971855e-04 -3.208876507091835907e-04
5.000846571264760954e-04 -6.788835546214744233e-04
8.889817534969424173e-04 -1.169477067195410624e-03
1.388918208186096237e-03 -1.782999265929110936e-03
1.999838459177394334e-03 -2.502751612005829369e-03
2.721674609919344512e-03 -3.311335108685089026e-03
3.554346436871580472e-03 -4.192392486568232400e-03
4.497761398421062928e-03 -5.123342128838961548e-03
5.551814645166519568e-03 -6.069661184846826714e-03
6.716389031571567969e-03 -7.002832863479382247e-03
7.991355128984078959e-03 -7.905423114037368054e-03
9.376571240020115106e-03 -8.737388972403156706e-03
1.087188341431266636e-02 -9.429260491858930393e-03
1.247712546562085301e-02 -9.970889406993303783e-03
1.419211899029970692e-02 -1.042118639951192076e-02
1.601667338712764455e-02 -1.083834166649333235e-02
1.795058587848985532e-02 -1.127353187659213898e-02
1.999364153291383062e-02 -1.173290739353017274e-02
2.214561328895736647e-02 -1.218882477073806800e-02
2.440626198044326678e-02 -1.263967155399260342e-02
2.677533636303963682e-02 -1.310125160272230908e-02
2.925257314218321358e-02 -1.358131036479004808e-02
3.183769700234129196e-02 -1.408271011444720000e-02
3.453042063760936031e-02 -1.460735588598884721e-02
3.733044478364233587e-02 -1.515630582282901165e-02
4.023745825091396000e-02 -1.572792782541933276e-02
4.325113795930202176e-02 -1.632067502369771370e-02
4.637114897399441382e-02 -1.693903922957731498e-02
4.959714454271368922e-02 -1.758440366050753947e-02
5.292876613425423482e-02 -1.823614963470615233e-02
5.636564347832906385e-02 -1.887169232336471242e-02
5.990739460672012129e-02 -1.948261367188908189e-02
6.355362589573076981e-02 -2.006358258097889341e-02
6.730393210993146358e-02 -2.060908597199317613e-02
7.115789644719716645e-02 -2.111532389871680071e-02
7.511509058502996439e-02 -2.158279092763486923e-02
7.917507472816209813e-02 -2.201797394711175332e-02
8.333739765743386485e-02 -2.243812030439864408e-02
8.760159677994161509e-02 -2.285255739156329124e-02
9.196719818044885031e-02 -2.325497238870979574e-02
9.643371667405697956e-02 -2.364119640222415997e-02
1.010006558601274085e-01 -2.401224759436830503e-02
1.056675081774507419e-01 -2.436738929026134245e-02
1.104337549606562163e-01 -2.470334498859158220e-02
1.152988664978553679e-01 -2.501814992157112491e-02
1.202623020895129402e-01 -2.531125287210005126e-02
1.253235101085391490e-01 -2.558078394623105462e-02
1.304819280615971966e-01 -2.582381261149117174e-02
1.357369826516168221e-01 -2.603912908940135898e-02
1.410880898415101115e-01 -2.622651715855146837e-02
1.465346549190801317e-01 -2.638277861725359802e-02
1.520760725631161714e-01 -2.650217062371133109e-02
1.577117269106679265e-01 -2.657279495152211832e-02
1.634409916254914164e-01 -2.658085198024195961e-02
1.692632299676588570e-01 -2.652107101326386593e-02
1.751777948643248317e-01 -2.639187320899017211e-02
1.811840289816407656e-01 -2.619197336426076425e-02
1.872812647978095990e-01 -2.591882811993986499e-02
1.934688246772731102e-01 -2.556354833390782344e-02
1.997460209460230063e-01 -2.512432174745149113e-02
2.061121559680280102e-01 -2.463368850819061193e-02
2.125665222227673956e-01 -2.412436731370226281e-02
2.191084023838638650e-01 -2.360344994512659361e-02
2.257370693988056676e-01 -2.307196237022669794e-02
2.324517865697500740e-01 -2.252831359299356170e-02
2.392518076353984391e-01 -2.197140397434308237e-02
2.461363768539343022e-01 -2.140212549862229724e-02
2.531047290870154232e-01 -2.082081329088548635e-02
2.601560898848094272e-01 -2.022632186567853083e-02
2.672896755720651774e-01 -1.961835802338075807e-02
2.745046933352085494e-01 -1.899813367033531541e-02
2.818003413104546162e-01 -1.836526824230569691e-02
2.891758086729252497e-01 -1.771730670006806813e-02
2.966302757267624823e-01 -1.705567143613371389e-02
3.041629139962280792e-01 -1.638619811337449148e-02
3.117728863177794407e-01 -1.571559586672608214e-02
3.194593469331089564e-01 -1.505083489568515530e-02
3.272214415831418144e-01 -1.439378878997085894e-02
3.350583076029753915e-01 -1.374255490737139040e-02
3.429690740177547825e-01 -1.309738625307491425e-02
3.509528616394713696e-01 -1.245988116153748382e-02
3.590087831646743277e-01 -1.183044918083332557e-02
3.671359432730831873e-01 -1.120892235423693976e-02
3.753334387270930161e-01 -1.059579078435711821e-02
3.836003584721576765e-01 -9.991789290897537881e-03
3.919357837380436083e-01 -9.397284918672432069e-03
4.003387881409395943e-01 -8.812542316113775379e-03
4.088084377864137364e-01 -8.238019883095887286e-03
4.173437913732044313e-01 -7.674210732011059292e-03
4.259439002978354649e-01 -7.121497853553924659e-03
4.346078087600411255e-01 -6.580250331320432189e-03
4.433345538689928977e-01 -6.050887652143158504e-03
4.521231657503131940e-01 -5.533828116635771538e-03
4.609726676538650203e-01 -5.029456182780740921e-03
4.698820760623064752e-01 -4.538153817406942112e-03
4.788504008003974244e-01 -4.060311048782063933e-03
4.878766451450451402e-01 -3.596313201461986703e-03
4.969598059360780251e-01 -3.146534052254100228e-03
5.060988736877365390e-01 -2.711342357586960308e-03
5.152928327008634568e-01 -2.291100800522304602e-03
5.245406611757882365e-01 -1.886170597577130955e-03
5.338413313258880688e-01 -1.496911245093873223e-03
5.431938094918128401e-01 -1.123667630161023908e-03
5.525970562563653488e-01 -7.667683608238211540e-04
5.620500265600203438e-01 -4.265552005043870849e-04
5.715516698170692855e-01 -1.033809457197031138e-04
5.811009300323815019e-01 2.024487068718621883e-04
5.906967459187653091e-01 4.906619509003040105e-04
6.003380510149177729e-01 7.609143604483110772e-04
6.100237738039482327e-01 1.012826312242017706e-03
6.197528378324663745e-01 1.246185921516459408e-03
6.295241618302156450e-01 1.460843522545280564e-03
6.393366598302444581e-01 1.656345430202118326e-03
6.491892412895989839e-01 1.832181411160445101e-03
6.590808112105230876e-01 1.988467804999088494e-03
6.690102702621547603e-01 2.125351608185068429e-03
6.789765149027036095e-01 2.241738345408767624e-03
6.889784375020977514e-01 2.336771075490292910e-03
6.990149264650814542e-01 2.412561945045535016e-03
7.090848663547572039e-01 2.472303622939001945e-03
7.191871380165538730e-01 2.520099403643625505e-03
7.293206187026060050e-01 2.558964509955526968e-03
7.394841821965345563e-01 2.587952164126265230e-03
7.496766989386134394e-01 2.605971892670462184e-03
7.598970361513051053e-01 2.613472469512731575e-03
7.701440579651563922e-01 2.610794103810753011e-03
7.804166255450371015e-01 2.597545892859642706e-03
7.907135972167069760e-01 2.573458548432671494e-03
8.010338285937002034e-01 2.538638216572818452e-03
8.113761727045106786e-01 2.493105199701065814e-03
8.217394801200630372e-01 2.436698091645093153e-03
8.321225990814590245e-01 2.369321082576314897e-03
8.425243756279822138e-01 2.290977042086638459e-03
8.529436537253458628e-01 2.201633922100679815e-03
8.633792753941731402e-01 2.101217987684934115e-03
8.738300808386934015e-01 1.989684895138842634e-03
8.842949085756387495e-01 1.867017509780506115e-03
8.947725955633289985e-01 1.733189243867251910e-03
9.052619773309316109e-01 1.588166978590472124e-03
9.157618881078770645e-01 1.431931792684547995e-03
9.262711609534211021e-01 1.264473913637867734e-03
9.367886278863364335e-01 1.085784427703192102e-03
9.473131200147204556e-01 8.958560300854283938e-04
9.578434676659028923e-01 6.946903586849548706e-04
9.683785005164411430e-01 4.822937611389290229e-04
9.789170477221889044e-01 2.586771144711652029e-04
9.894579380484205267e-01 2.385452886775688900e-05
9.999999999999998890e-01 -2.221522153749808267e-04
