9.999999999999998890e-01 -3.389999906703592553e-02
9.894579380484205267e-01 -3.072596745667493037e-02
9.789170477221889044e-01 -2.765945210228396012e-02
9.683785005164411430e-01 -2.468884471542717382e-02
9.578434676659028923e-01 -2.180228919532686827e-02
9.473131200147204556e-01 -1.898796587299326002e-02
9.367886278863364335e-01 -1.623429249455245887e-02
9.262711609534211021e-01 -1.352956110573474285e-02
9.157618881078770645e-01 -1.086169290599441756e-02
9.052619773309316109e-01 -8.219071969381897338e-03
8.947725955633289985e-01 -5.591141968524124609e-03
8.842949085756387495e-01 -2.972991238468931582e-03
8.738300808386934015e-01 -3.684790910021381238e-04
8.633792753941731402e-01 2.218233512708866692e-03
8.529436537253458628e-01 4.783618549388610891e-03
8.425243756279822138e-01 7.324048643643716987e-03
8.321225990814590245e-01 9.835737881359610940e-03
8.217394801200630372e-01 1.231496183877102413e-02
8.113761727045106786e-01 1.475807950722509213e-02
8.010338285937002034e-01 1.716171952422178293e-02
7.907135972167069760e-01 1.952290359728359875e-02
7.804166255450371015e-01 2.184087594555888037e-02
7.701440579651563922e-01 2.411635194148577591e-02
7.598970361513051053e-01 2.634981610967369187e-02
7.496766989386134394e-01 2.854162237518780704e-02
7.394841821965345563e-01 3.069225276298865115e-02
7.293206187026060050e-01 3.280224537832882037e-02
7.191871380165538730e-01 3.487210294415283435e-02
7.090848663547572039e-01 3.690231124483520087e-02
6.990149264650814542e-01 3.889334132276692918e-02
6.889784375020977514e-01 4.084545290138866247e-02
6.789765149027036095e-01 4.275801273986466061e-02
6.690102702621547603e-01 4.463017644812249107e-02
6.590808112105230876e-01 4.646120701874589115e-02
6.491892412895989839e-01 4.825039714579753419e-02
6.393366598302444581e-01 4.999705669509010159e-02
6.295241618302156450e-01 5.170052316567366052e-02
6.197528378324663745e-01 5.336019389388391848e-02
6.100237738039482327e-01 5.497549296609027109e-02
6.003380510149177729e-01 5.654588113259135379e-02
5.906967459187653091e-01 5.807085899281932279e-02
5.811009300323815019e-01 5.954998807516949377e-02
5.715516698170692855e-01 6.098286563798985260e-02
5.620500265600203438e-01 6.236913260205239479e-02
5.525970562563653488e-01 6.370846498922923262e-02
5.431938094918128401e-01 6.500057876070594598e-02
5.338413313258880688e-01 6.624522997709594851e-02
5.245406611757882365e-01 6.744221518049051123e-02
5.152928327008634568e-01 6.859136843872681855e-02
5.060988736877365390e-01 6.969255832231917303e-02
4.969598059360780251e-01 7.074570587052851633e-02
4.878766451450451402e-01 7.175077391325559995e-02
4.788504008003974244e-01 7.270777491652180569e-02
4.698820760623064752e-01 7.361675766133604637e-02
4.609726676538650203e-01 7.447782819255435727e-02
4.521231657503131940e-01 7.529112457174563788e-02
4.433345538689928977e-01 7.605680607593656717e-02
4.346078087600411255e-01 7.677505869210461686e-02
4.259439002978354649e-01 7.744616967639579574e-02
4.173437913732044313e-01 7.807044773503291069e-02
4.088084377864137364e-01 7.864813456512506629e-02
4.003387881409395943e-01 7.917956092311687066e-02
3.919357837380436083e-01 7.966547557377817723e-02
3.836003584721576765e-01 8.010686517558562869e-02
3.753334387270930161e-01 8.050515190974991131e-02
3.671359432730831873e-01 8.086179137921120641e-02
3.590087831646743277e-01 8.117810096351936455e-02
3.509528616394713696e-01 8.145539386018943451e-02
3.429690740177547825e-01 8.169502281199865490e-02
3.350583076029753915e-01 8.189832108185808590e-02
3.272214415831418144e-01 8.206657676635067955e-02
3.194593469331089564e-01 8.220107149493141585e-02
3.117728863177794407e-01 8.230308387239693158e-02
3.041629139962280792e-01 8.237387406629707864e-02
2.966302757267624823e-01 8.241460424077204361e-02
2.891758086729252497e-01 8.242442914936681797e-02
2.818003413104546162e-01 8.240033356703478640e-02
2.745046933352085494e-01 8.233945464499517475e-02
2.672896755720651774e-01 8.223918720038118912e-02
2.601560898848094272e-01 8.209718540159714750e-02
2.531047290870154232e-01 8.191132356143604465e-02
2.461363768539343022e-01 8.167978889697297129e-02
2.392518076353984391e-01 8.140099269542692972e-02
2.324517865697500740e-01 8.107356730723708216e-02
2.257370693988056676e-01 8.069631793722933932e-02
2.191084023838638650e-01 8.026845739273369418e-02
2.125665222227673956e-01 7.978938489391051991e-02
2.061121559680280102e-01 7.925850220789315559e-02
1.997460209460230063e-01 7.867546763686970868e-02
1.934688246772731102e-01 7.804123387570327530e-02
1.872812647978095990e-01 7.735739338012947997e-02
1.811840289816407656e-01 7.662650157471483092e-02
1.751777948643248317e-01 7.585125538864061212e-02
1.692632299676588570e-01 7.503397943573518469e-02
1.634409916254914164e-01 7.417702481178563290e-02
1.577117269106679265e-01 7.328304202264440681e-02
1.520760725631161714e-01 7.235451645260494724e-02
1.465346549190801317e-01 7.139341649447814020e-02
1.410880898415101115e-01 7.040095401331586400e-02
1.357369826516168221e-01 6.937700629539084174e-02
1.304819280615971966e-01 6.832158781230722455e-02
1.253235101085391490e-01 6.723519717827404485e-02
1.202623020895129402e-01 6.611853099048776994e-02
1.152988664978553679e-01 6.497250143352098495e-02
1.104337549606562163e-01 6.379815295907423356e-02
1.056675081774507419e-01 6.259668339121314540e-02
1.010006558601274085e-01 6.136968556572864469e-02
9.643371667405697956e-02 6.011919297959628095e-02
9.196719818044885031e-02 5.884826006644736790e-02
8.760159677994161509e-02 5.756078240760299086e-02
8.333739765743386485e-02 5.626077615813606519e-02
7.917507472816209813e-02 5.495220883654976934e-02
7.511509058502996439e-02 5.363786433692461358e-02
7.115789644719716645e-02 5.231868293043177159e-02
6.730393210993146358e-02 5.098613577826974913e-02
6.355362589573076981e-02 4.962779178314258299e-02
5.990739460672012129e-02 4.823624531042935287e-02
5.636564347832906385e-02 4.680612913479396953e-02
5.292876613425423482e-02 4.533187594642980323e-02
4.959714454271368922e-02 4.381019520098658471e-02
4.637114897399441382e-02 4.224834953593594594e-02
4.325113795930202176e-02 4.065775033901991575e-02
4.023745825091396000e-02 3.905418920548207190e-02
3.733044478364233587e-02 3.745302642442556451e-02
3.453042063760936031e-02 3.586521435076535369e-02
3.183769700234129196e-02 3.430079432514180487e-02
2.925257314218321358e-02 3.276961343404234672e-02
2.677533636303963682e-02 3.127997144810838043e-02
2.440626198044326678e-02 2.983675209343192997e-02
2.214561328895736647e-02 2.842536091432595891e-02
1.999364153291383062e-02 2.699782626381468792e-02
1.795058587848985532e-02 2.551485061515407216e-02
1.601667338712764455e-02 2.395529401172307934e-02
1.419211899029970692e-02 2.230855587577569576e-02
1.247712546562085301e-02 2.057567652839811453e-02
1.087188341431266636e-02 1.876601487508183785e-02
9.376571240020115106e-03 1.689719360641453103e-02
7.991355128984078959e-03 1.499210077632562137e-02
6.716389031571567969e-03 1.307814654165947305e-02
5.551814645166519568e-03 1.118553324501943107e-02
4.497761398421062928e-03 9.346453549952459666e-03
3.554346436871580472e-03 7.593281575462740296e-03
2.721674609919344512e-03 5.958247117531362096e-03
1.999838459177394334e-03 4.471525935918702413e-03
1.388918208186096237e-03 3.161668984230875910e-03
8.889817534969424173e-04 2.053307725658701406e-03
5.000846571264760954e-04 1.168414533935105111e-03
2.222701403818971855e-04 5.234283616553658553e-04
5.556907905679420168e-05 1.315389929001165633e-04
0.000000000000000000e+00 -2.574874637540536659e-09
0.000000000000000000e+00 2.716627594023115097e-09
5.556907905679420168e-05 -1.116981787993593246e-04
2.222701403818971855e-04 -4.439148994393557371e-04
5.000846571264760954e-04 -9.889992363811481169e-04
8.889817534969424173e-04 -1.733047216361736399e-03
1.388918208186096237e-03 -2.658744407621725647e-03
1.999838459177394334e-03 -3.742980841222573723e-03
2.721674609919344512e-03 -4.959889068859977927e-03
3.554346436871580472e-03 -6.279559644141364909e-03
4.497761398421062928e-03 -7.670466410946047073e-03
5.551814645166519568e-03 -9.099078801979541831e-03
6.716389031571567969e-03 -1.053187959531788447e-02
7.991355128984078959e-03 -1.193578327083517389e-02
9.376571240020115106e-03 -1.328006648347383398e-02
1.087188341431266636e-02 -1.453728641496123547e-02
1.247712546562085301e-02 -1.568514575142053794e-02
1.419211899029970692e-02 -1.670732329890772111e-02
1.601667338712764455e-02 -1.759675364030920119e-02
1.795058587848985532e-02 -1.835567983226111047e-02
1.999364153291383062e-02 -1.899930851391685993e-02
2.214561328895736647e-02 -1.955457355674393785e-02
2.440626198044326678e-02 -2.006852732707902626e-02
2.677533636303963682e-02 -2.059780081594582424e-02
2.925257314218321358e-02 -2.116173565389183747e-02
3.183769700234129196e-02 -2.175787371104883489e-02
3.453042063760936031e-02 -2.237962642861495224e-02
3.733044478364233587e-02 -2.301848652936357154e-02
4.023745825091396000e-02 -2.366546597137463015e-02
4.325113795930202176e-02 -2.431031554696107266e-02
4.637114897399441382e-02 -2.493712778538217240e-02
4.959714454271368922e-02 -2.552931214596073847e-02
5.292876613425423482e-02 -2.607534076573277473e-02
5.636564347832906385e-02 -2.656859093009718981e-02
5.990739460672012129e-02 -2.701502864870162710e-02
6.355362589573076981e-02 -2.742317809130415118e-02
6.730393210993146358e-02 -2.780086061703953074e-02
7.115789644719716645e-02 -2.815804723717667962e-02
7.511509058502996439e-02 -2.851022393434183427e-02
7.917507472816209813e-02 -2.886825426588409543e-02
8.333739765743386485e-02 -2.923191678411556083e-02
8.760159677994161509e-02 -2.959871410407770298e-02
9.196719818044885031e-02 -2.996455502810230903e-02
9.643371667405697956e-02 -3.032489763960032059e-02
1.010006558601274085e-01 -3.067482934037835812e-02
1.056675081774507419e-01 -3.101115264437944233e-02
1.104337549606562163e-01 -3.133279803322625706e-02
1.152988664978553679e-01 -3.163933673028528765e-02
1.202623020895129402e-01 -3.193086185615937045e-02
1.253235101085391490e-01 -3.220745004802619271e-02
1.304819280615971966e-01 -3.246916002098306636e-02
1.357369826516168221e-01 -3.271627332822577006e-02
1.410880898415101115e-01 -3.294925453719617370e-02
1.465346549190801317e-01 -3.316879688474837912e-02
1.520760725631161714e-01 -3.337567977681760167e-02
1.577117269106679265e-01 -3.357024677333282636e-02
1.634409916254914164e-01 -3.375260726319164600e-02
1.692632299676588570e-01 -3.392279381656141540e-02
1.751777948643248317e-01 -3.408082867607468980e-02
1.811840289816407656e-01 -3.422685713043981115e-02
1.872812647978095990e-01 -3.436110250578215675e-02
1.934688246772731102e-01 -3.448394946656899163e-02
1.997460209460230063e-01 -3.459577936920055913e-02
2.061121559680280102e-01 -3.469677959895433456e-02
2.125665222227673956e-01 -3.478697722527416408e-02
2.191084023838638650e-01 -3.486603896728635021e-02
2.257370693988056676e-01 -3.493360900300115923e-02
2.324517865697500740e-01 -3.498945930656052056e-02
2.392518076353984391e-01 -3.503336969241872129e-02
2.461363768539343022e-01 -3.506509212871845860e-02
2.531047290870154232e-01 -3.508440102954143297e-02
2.601560898848094272e-01 -3.509111863450336405e-02
2.672896755720651774e-01 -3.508507740275007558e-02
2.745046933352085494e-01 -3.506611829738955771e-02
2.818003413104546162e-01 -3.503410705688748961e-02
2.891758086729252497e-01 -3.498894095303607676e-02
2.966302757267624823e-01 -3.493053085786684137e-02
3.041629139962280792e-01 -3.485878984450662549e-02
3.117728863177794407e-01 -3.477342603896392548e-02
3.194593469331089564e-01 -3.467395691985256795e-02
3.272214415831418144e-01 -3.455986623585664136e-02
3.350583076029753915e-01 -3.443062002961185669e-02
3.429690740177547825e-01 -3.428571923601175797e-02
3.509528616394713696e-01 -3.412467893715133427e-02
3.590087831646743277e-01 -3.394693024571796697e-02
3.671359432730831873e-01 -3.375187829981176474e-02
3.753334387270930161e-01 -3.353908123377959821e-02
3.836003584721576765e-01 -3.330811071048053740e-02
3.919357837380436083e-01 -3.305818839164106904e-02
4.003387881409395943e-01 -3.278865571292823022e-02
4.088084377864137364e-01 -3.250013490595665688e-02
4.173437913732044313e-01 -3.219395843987880867e-02
4.259439002978354649e-01 -3.187273235327837961e-02
4.346078087600411255e-01 -3.153932901285605439e-02
4.433345538689928977e-01 -3.119639949839610529e-02
4.521231657503131940e-01 -3.084669844514772649e-02
4.609726676538650203e-01 -3.049340718232078015e-02
4.698820760623064752e-01 -3.013972875460972645e-02
4.788504008003974244e-01 -2.978874368546568369e-02
4.878766451450451402e-01 -2.944382556200497367e-02
4.969598059360780251e-01 -2.910894313338213343e-02
5.060988736877365390e-01 -2.878713172393163391e-02
5.152928327008634568e-01 -2.847976438457229531e-02
5.245406611757882365e-01 -2.818748591308825255e-02
5.338413313258880688e-01 -2.791015317286417094e-02
5.431938094918128401e-01 -2.764776164690102567e-02
5.525970562563653488e-01 -2.740053127032909819e-02
5.620500265600203438e-01 -2.716858881035454087e-02
5.715516698170692855e-01 -2.695195698400757942e-02
5.811009300323815019e-01 -2.675065848490269099e-02
5.906967459187653091e-01 -2.656472655855562220e-02
6.003380510149177729e-01 -2.639428456479079449e-02
6.100237738039482327e-01 -2.623960147115682318e-02
6.197528378324663745e-01 -2.610179707480655628e-02
6.295241618302156450e-01 -2.598247713530666553e-02
6.393366598302444581e-01 -2.588314273273350022e-02
6.491892412895989839e-01 -2.580525750267256835e-02
6.590808112105230876e-01 -2.575040010415622846e-02
6.690102702621547603e-01 -2.572018480248378092e-02
6.789765149027036095e-01 -2.571616162115083343e-02
6.889784375020977514e-01 -2.573989796932078453e-02
6.990149264650814542e-01 -2.579313794977304911e-02
7.090848663547572039e-01 -2.587704831229162977e-02
7.191871380165538730e-01 -2.599047563392902285e-02
7.293206187026060050e-01 -2.613166526059855152e-02
7.394841821965345563e-01 -2.629866508385308652e-02
7.496766989386134394e-01 -2.648947287933953870e-02
7.598970361513051053e-01 -2.670205453228483017e-02
7.701440579651563922e-01 -2.693436093738078851e-02
7.804166255450371015e-01 -2.718432082276079492e-02
7.907135972167069760e-01 -2.744977019262162532e-02
8.010338285937002034e-01 -2.772839983367753752e-02
8.113761727045106786e-01 -2.801859852176742660e-02
8.217394801200630372e-01 -2.831981523407695045e-02
8.321225990814590245e-01 -2.863169803518048756e-02
8.425243756279822138e-01 -2.895403436371977654e-02
8.529436537253458628e-01 -2.928655820135232790e-02
8.633792753941731402e-01 -2.962893949582851710e-02
8.738300808386934015e-01 -2.998087470001270516e-02
8.842949085756387495e-01 -3.034208365744038224e-02
8.947725955633289985e-01 -3.071224517331259257e-02
9.052619773309316109e-01 -3.109103036555709368e-02
9.157618881078770645e-01 -3.147837703588801661e-02
9.262711609534211021e-01 -3.187439360954601175e-02
9.367886278863364335e-01 -3.227920939092329689e-02
9.473131200147204556e-01 -3.269296156407498766e-02
9.578434676659028923e-01 -3.311577455773742629e-02
9.683785005164411430e-01 -3.354776721226979813e-02
9.789170477221889044e-01 -3.398905884428617824e-02
9.894579380484205267e-01 -3.443976702889748470e-02
9.999999999999998890e-01 -3.489999997846229829e-02
