9.999999999999998890e-01 8.980951618741956147e-03
9.894579380484205267e-01 1.076556464246654354e-02
9.789170477221889044e-01 1.254866802232482668e-02
9.683785005164411430e-01 1.433006538710610012e-02
9.578434676659028923e-01 1.610955884733463253e-02
9.473131200147204556e-01 1.788695143242074667e-02
9.367886278863364335e-01 1.966204952043491827e-02
9.262711609534211021e-01 2.143465867546187273e-02
9.157618881078770645e-01 2.320458137497423759e-02
9.052619773309316109e-01 2.497162377674226261e-02
8.947725955633289985e-01 2.673559970017365048e-02
8.842949085756387495e-01 2.849631677009659830e-02
8.738300808386934015e-01 3.025357180984553779e-02
8.633792753941731402e-01 3.200717703391816465e-02
8.529436537253458628e-01 3.375696544202255733e-02
8.425243756279822138e-01 3.550274020231576622e-02
8.321225990814590245e-01 3.724427229059987937e-02
8.217394801200630372e-01 3.898139622791665926e-02
8.113761727045106786e-01 4.071400076116511724e-02
8.010338285937002034e-01 4.244185031377470385e-02
7.907135972167069760e-01 4.416462732632155802e-02
7.804166255450371015e-01 4.588225537396978249e-02
7.701440579651563922e-01 4.759478700180723443e-02
7.598970361513051053e-01 4.930192535638276696e-02
7.496766989386134394e-01 5.100254171910671014e-02
7.394841821965345563e-01 5.269051114897171928e-02
7.293206187026060050e-01 5.435833666482448728e-02
7.191871380165538730e-01 5.600493242869108990e-02
7.090848663547572039e-01 5.763149851283523584e-02
6.990149264650814542e-01 5.923789612862643411e-02
6.889784375020977514e-01 6.082365223151638134e-02
6.789765149027036095e-01 6.238875424418426768e-02
6.690102702621547603e-01 6.393332849031389820e-02
6.590808112105230876e-01 6.545755238312349344e-02
6.491892412895989839e-01 6.696143899568178515e-02
6.393366598302444581e-01 6.844448669178561373e-02
6.295241618302156450e-01 6.990660661127788555e-02
6.197528378324663745e-01 7.134893620275876980e-02
6.100237738039482327e-01 7.277149302309900147e-02
6.003380510149177729e-01 7.417162567113694260e-02
5.906967459187653091e-01 7.554482867198533680e-02
5.811009300323815019e-01 7.688406982217778352e-02
5.715516698170692855e-01 7.818599569812668959e-02
5.620500265600203438e-01 7.945282916940116236e-02
5.525970562563653488e-01 8.068567401149447094e-02
5.431938094918128401e-01 8.188380177399963433e-02
5.338413313258880688e-01 8.304726542642826281e-02
5.245406611757882365e-01 8.417699343623062658e-02
5.152928327008634568e-01 8.527337868100205720e-02
5.060988736877365390e-01 8.633635659550667474e-02
4.969598059360780251e-01 8.736635577378222550e-02
4.878766451450451402e-01 8.836411655539343213e-02
4.788504008003974244e-01 8.932977626055521592e-02
4.698820760623064752e-01 9.026324198971680257e-02
4.609726676538650203e-01 9.116563741739414084e-02
4.521231657503131940e-01 9.203772818852637427e-02
4.433345538689928977e-01 9.287343957171562137e-02
4.346078087600411255e-01 9.366495423889786842e-02
4.259439002978354649e-01 9.441112209638823083e-02
4.173437913732044313e-01 9.511309270874246380e-02
4.088084377864137364e-01 9.577173205171103654e-02
4.003387881409395943e-01 9.638781061855583587e-02
3.919357837380436083e-01 9.696205324533672953e-02
3.836003584721576765e-01 9.749524274843601734e-02
3.753334387270930161e-01 9.798838029748535572e-02
3.671359432730831873e-01 9.844235989828441225e-02
3.590087831646743277e-01 9.885768272082516572e-02
3.509528616394713696e-01 9.923513345692548671e-02
3.429690740177547825e-01 9.957624772559373061e-02
3.350583076029753915e-01 9.988191918152647397e-02
3.272214415831418144e-01 1.001517155749125504e-01
3.194593469331089564e-01 1.003867143979444709e-01
3.117728863177794407e-01 1.005904153797920197e-01
3.041629139962280792e-01 1.007622519822590629e-01
2.966302757267624823e-01 1.008961417718103881e-01
2.891758086729252497e-01 1.009858309694925127e-01
2.818003413104546162e-01 1.010255421335527898e-01
2.745046933352085494e-01 1.010147698126930976e-01
2.672896755720651774e-01 1.009576875085938102e-01
2.601560898848094272e-01 1.008563050344140483e-01
2.531047290870154232e-01 1.007109189283002249e-01
2.461363768539343022e-01 1.005229935278927345e-01
2.392518076353984391e-01 1.002947273962176838e-01
2.324517865697500740e-01 1.000277791688002488e-01
2.257370693988056676e-01 9.972351213412075643e-02
2.191084023838638650e-01 9.938334676498140896e-02
2.125665222227673956e-01 9.900880204094983372e-02
2.061121559680280102e-01 9.860183455849598488e-02
1.997460209460230063e-01 9.816433704282656603e-02
1.934688246772731102e-01 9.769703632851961528e-02
1.872812647978095990e-01 9.720086306704590895e-02
1.811840289816407656e-01 9.667912503568036608e-02
1.751777948643248317e-01 9.613437928343060435e-02
1.692632299676588570e-01 9.556449992818895345e-02
1.634409916254914164e-01 9.496972539770526245e-02
1.577117269106679265e-01 9.435977422152783123e-02
1.520760725631161714e-01 9.373443185265258049e-02
1.465346549190801317e-01 9.306629324025841865e-02
1.410880898415101115e-01 9.233170261746634355e-02
1.357369826516168221e-01 9.152209834629164431e-02
1.304819280615971966e-01 9.063700377662442520e-02
1.253235101085391490e-01 8.968626655340400378e-02
1.202623020895129402e-01 8.867651884038736665e-02
1.152988664978553679e-01 8.760873309876661408e-02
1.104337549606562163e-01 8.648718260426277449e-02
1.056675081774507419e-01 8.532019637123866573e-02
1.010006558601274085e-01 8.411005126117331032e-02
9.643371667405697956e-02 8.285304975210851242e-02
9.196719818044885031e-02 8.154887172021754727e-02
8.760159677994161509e-02 8.020028588015631899e-02
8.333739765743386485e-02 7.881105970051197063e-02
7.917507472816209813e-02 7.738590355811494903e-02
7.511509058502996439e-02 7.593270981811928166e-02
7.115789644719716645e-02 7.445818940409258679e-02
6.730393210993146358e-02 7.294396705699912609e-02
6.355362589573076981e-02 7.136361566664063683e-02
5.990739460672012129e-02 6.971948104014544234e-02
5.636564347832906385e-02 6.802439642129437525e-02
5.292876613425423482e-02 6.628379713207241397e-02
4.959714454271368922e-02 6.450306675331968220e-02
4.637114897399441382e-02 6.269873247140279882e-02
4.325113795930202176e-02 6.088352931670899110e-02
4.023745825091396000e-02 5.904457265275112055e-02
3.733044478364233587e-02 5.716243245112505311e-02
3.453042063760936031e-02 5.521581489623871020e-02
3.183769700234129196e-02 5.319549656066828447e-02
2.925257314218321358e-02 5.112365920711489653e-02
2.677533636303963682e-02 4.902392559662190757e-02
2.440626198044326678e-02 4.691259987190460334e-02
2.214561328895736647e-02 4.480015951130668361e-02
1.999364153291383062e-02 4.268817308044536157e-02
1.795058587848985532e-02 4.056340421750687097e-02
1.601667338712764455e-02 3.839316306651507915e-02
1.419211899029970692e-02 3.618417828426225696e-02
1.247712546562085301e-02 3.399258137341881064e-02
1.087188341431266636e-02 3.183168914647582781e-02
9.376571240020115106e-03 2.966497718886090124e-02
7.991355128984078959e-03 2.742718145413093611e-02
6.716389031571567969e-03 2.504115427424241647e-02
5.551814645166519568e-03 2.259548269470857546e-02
4.497761398421062928e-03 2.028183763534664036e-02
3.554346436871580472e-03 1.805078304334203562e-02
2.721674609919344512e-03 1.570016426743384153e-02
1.999838459177394334e-03 1.303598445383078591e-02
1.388918208186096237e-03 9.935794893152310320e-03
8.889817534969424173e-04 6.756639386251620145e-03
5.000846571264760954e-04 4.013102585446842209e-03
2.222701403818971855e-04 1.899188704000791912e-03
5.556907905679420168e-05 5.123202493259331912e-04
0.000000000000000000e+00 5.401418686333488611e-05
0.000000000000000000e+00 -7.432089799968067171e-05
5.556907905679420168e-05 -3.127068203333783721e-04
2.222701403818971855e-04 -1.032272190256873284e-03
5.000846571264760954e-04 -2.133499688489034520e-03
8.889817534969424173e-04 -3.563647302559804116e-03
1.388918208186096237e-03 -5.222093009614330733e-03
1.999838459177394334e-03 -6.851977314187442103e-03
2.721674609919344512e-03 -8.271110807433501924e-03
3.554346436871580472e-03 -9.526240599468516548e-03
4.497761398421062928e-03 -1.070156788857032533e-02
5.551814645166519568e-03 -1.189123532305252050e-02
6.716389031571567969e-03 -1.310512513185190485e-02
7.991355128984078959e-03 -1.421951770680723696e-02
9.376571240020115106e-03 -1.518349727459939250e-02
1.087188341431266636e-02 -1.605910754347669375e-02
1.247712546562085301e-02 -1.690728609287145759e-02
1.419211899029970692e-02 -1.777695125724250425e-02
1.601667338712764455e-02 -1.867664585058031318e-02
1.795058587848985532e-02 -1.957821391669631317e-02
1.999364153291383062e-02 -2.047051702435440795e-02
2.214561328895736647e-02 -2.135621554790849766e-02
2.440626198044326678e-02 -2.222536215957192363e-02
2.677533636303963682e-02 -2.306032421327412762e-02
2.925257314218321358e-02 -2.385425987311338980e-02
3.183769700234129196e-02 -2.460447141164069304e-02
3.453042063760936031e-02 -2.529193377785307964e-02
3.733044478364233587e-02 -2.589539844393165882e-02
4.023745825091396000e-02 -2.642933342880050829e-02
4.325113795930202176e-02 -2.692149341437158339e-02
4.637114897399441382e-02 -2.739514583366419592e-02
4.959714454271368922e-02 -2.786680081638053669e-02
5.292876613425423482e-02 -2.833015551623030773e-02
5.636564347832906385e-02 -2.877543046001801441e-02
5.990739460672012129e-02 -2.920241342732742690e-02
6.355362589573076981e-02 -2.961148650320758260e-02
6.730393210993146358e-02 -2.999852788433959860e-02
7.115789644719716645e-02 -3.035919033143819057e-02
7.511509058502996439e-02 -3.069058447437606613e-02
7.917507472816209813e-02 -3.099026478873490725e-02
8.333739765743386485e-02 -3.125622423777602021e-02
8.760159677994161509e-02 -3.148486349213154567e-02
9.196719818044885031e-02 -3.166987436288679070e-02
9.643371667405697956e-02 -3.180927845169725238e-02
1.010006558601274085e-01 -3.190779735013302837e-02
1.056675081774507419e-01 -3.197457592108674668e-02
1.104337549606562163e-01 -3.202305679661376914e-02
1.152988664978553679e-01 -3.205693200340115068e-02
1.202623020895129402e-01 -3.206996362129172634e-02
1.253235101085391490e-01 -3.206029941974813946e-02
1.304819280615971966e-01 -3.202995305959654287e-02
1.357369826516168221e-01 -3.197708948724625744e-02
1.410880898415101115e-01 -3.189746911348067399e-02
1.465346549190801317e-01 -3.179193865736070629e-02
1.520760725631161714e-01 -3.166512666516991398e-02
1.577117269106679265e-01 -3.152726890268064269e-02
1.634409916254914164e-01 -3.138989988119771091e-02
1.692632299676588570e-01 -3.125383667697083367e-02
1.751777948643248317e-01 -3.111597461185103275e-02
1.811840289816407656e-01 -3.097690506174751932e-02
1.872812647978095990e-01 -3.083814151437763718e-02
1.934688246772731102e-01 -3.069937292737409326e-02
1.997460209460230063e-01 -3.056000395486272586e-02
2.061121559680280102e-01 -3.042039691185467049e-02
2.125665222227673956e-01 -3.028098260346683696e-02
2.191084023838638650e-01 -3.014167903824174072e-02
2.257370693988056676e-01 -3.000241426963447949e-02
2.324517865697500740e-01 -2.986340841112498576e-02
2.392518076353984391e-01 -2.972483903985705112e-02
2.461363768539343022e-01 -2.958668842815629849e-02
2.531047290870154232e-01 -2.944901344121568162e-02
2.601560898848094272e-01 -2.931205167020056734e-02
2.672896755720651774e-01 -2.917590327980608758e-02
2.745046933352085494e-01 -2.904043596698348273e-02
2.818003413104546162e-01 -2.890580354047001671e-02
2.891758086729252497e-01 -2.877252645801291545e-02
2.966302757267624823e-01 -2.864037690566126684e-02
3.041629139962280792e-01 -2.850828286917270193e-02
3.117728863177794407e-01 -2.837510402325479214e-02
3.194593469331089564e-01 -2.823973384090463015e-02
3.272214415831418144e-01 -2.810193457972042994e-02
3.350583076029753915e-01 -2.796210895836291968e-02
3.429690740177547825e-01 -2.782028050746801484e-02
3.509528616394713696e-01 -2.767623660456625806e-02
3.590087831646743277e-01 -2.752997459073922362e-02
3.671359432730831873e-01 -2.738159378198499680e-02
3.753334387270930161e-01 -2.723107718989654924e-02
3.836003584721576765e-01 -2.707836447581135619e-02
3.919357837380436083e-01 -2.692345968537759870e-02
4.003387881409395943e-01 -2.676638495678329219e-02
4.088084377864137364e-01 -2.660712934657261802e-02
4.173437913732044313e-01 -2.644567466699018418e-02
4.259439002978354649e-01 -2.628201605674579389e-02
4.346078087600411255e-01 -2.611616088681515888e-02
4.433345538689928977e-01 -2.594814624759568880e-02
4.521231657503131940e-01 -2.577775226934977265e-02
4.609726676538650203e-01 -2.560401529025293360e-02
4.698820760623064752e-01 -2.542616737665758311e-02
4.788504008003974244e-01 -2.524420686319196749e-02
4.878766451450451402e-01 -2.505817827640608245e-02
4.969598059360780251e-01 -2.486800167051413449e-02
5.060988736877365390e-01 -2.467361527854735129e-02
5.152928327008634568e-01 -2.447501063408896033e-02
5.245406611757882365e-01 -2.427216663778328579e-02
5.338413313258880688e-01 -2.406503823996215818e-02
5.431938094918128401e-01 -2.385359092861989022e-02
5.525970562563653488e-01 -2.363780427020330949e-02
5.620500265600203438e-01 -2.341765255065059170e-02
5.715516698170692855e-01 -2.319310447689416910e-02
5.811009300323815019e-01 -2.296413536447335091e-02
5.906967459187653091e-01 -2.273072589838662574e-02
6.003380510149177729e-01 -2.249285272784189507e-02
6.100237738039482327e-01 -2.225049051294511818e-02
6.197528378324663745e-01 -2.200362365494900121e-02
6.295241618302156450e-01 -2.175224079879285038e-02
6.393366598302444581e-01 -2.149631813902455613e-02
6.491892412895989839e-01 -2.123582998224949822e-02
6.590808112105230876e-01 -2.097077923020195314e-02
6.690102702621547603e-01 -2.070117153451123126e-02
6.789765149027036095e-01 -2.042696329381469764e-02
6.889784375020977514e-01 -2.014811654230914961e-02
6.990149264650814542e-01 -1.986469408008467719e-02
7.090848663547572039e-01 -1.957673488579826995e-02
7.191871380165538730e-01 -1.928408510417464056e-02
7.293206187026060050e-01 -1.898668991562661376e-02
7.394841821965345563e-01 -1.868493099379113509e-02
7.496766989386134394e-01 -1.837851866160794198e-02
7.598970361513051053e-01 -1.806525965608044015e-02
7.701440579651563922e-01 -1.774337962947172484e-02
7.804166255450371015e-01 -1.741261159735412942e-02
7.907135972167069760e-01 -1.707290309433770470e-02
8.010338285937002034e-01 -1.672424403179607194e-02
8.113761727045106786e-01 -1.636664713169898658e-02
8.217394801200630372e-01 -1.600015262460768167e-02
8.321225990814590245e-01 -1.562480574721683210e-02
8.425243756279822138e-01 -1.524059205239278701e-02
8.529436537253458628e-01 -1.484590246908586327e-02
8.633792753941731402e-01 -1.443743722170335621e-02
8.738300808386934015e-01 -1.401157847013759054e-02
8.842949085756387495e-01 -1.356497581989756646e-02
8.947725955633289985e-01 -1.310115261545000652e-02
9.052619773309316109e-01 -1.262905876553821471e-02
9.157618881078770645e-01 -1.216083863486525432e-02
9.262711609534211021e-01 -1.170927913642405213e-02
9.367886278863364335e-01 -1.127557308445128678e-02
9.473131200147204556e-01 -1.085544041057912718e-02
9.578434676659028923e-01 -1.044944717062715883e-02
9.683785005164411430e-01 -1.005983530762244796e-02
9.789170477221889044e-01 -9.685955194333489837e-03
9.894579380484205267e-01 -9.326624091696494520e-03
9.999999999999998890e-01 -8.983243911688513009e-03
