9.999999999999998890e-01 -3.060000229819907682e-03
9.894579380484205267e-01 -1.530257470707536678e-03
9.789170477221889044e-01 -1.125929109739272696e-08
9.683785005164411430e-01 1.530413725725252245e-03
9.578434676659028923e-01 3.060638908569559072e-03
9.473131200147204556e-01 4.590296708096803201e-03
9.367886278863364335e-01 6.119079520591550261e-03
9.262711609534211021e-01 7.646647752892241946e-03
9.157618881078770645e-01 9.172567300355993075e-03
9.052619773309316109e-01 1.069648841564501719e-02
8.947725955633289985e-01 1.221824958437981411e-02
8.842949085756387495e-01 1.373795887863902589e-02
8.738300808386934015e-01 1.525612639314767593e-02
8.633792753941731402e-01 1.677358249628885939e-02
8.529436537253458628e-01 1.829148823648227978e-02
8.425243756279822138e-01 1.980959022393250987e-02
8.321225990814590245e-01 2.132596528296622912e-02
8.217394801200630372e-01 2.283760880014737080e-02
8.113761727045106786e-01 2.434060468648512748e-02
8.010338285937002034e-01 2.583154264646878029e-02
7.907135972167069760e-01 2.730753818533007693e-02
7.804166255450371015e-01 2.876683549572605497e-02
7.701440579651563922e-01 3.020842307157591000e-02
7.598970361513051053e-01 3.163120549955717592e-02
7.496766989386134394e-01 3.303408648112690638e-02
7.394841821965345563e-01 3.441640219969565456e-02
7.293206187026060050e-01 3.577775888696781148e-02
7.191871380165538730e-01 3.711817742441342327e-02
7.090848663547572039e-01 3.843777578562142944e-02
6.990149264650814542e-01 3.973632286881684933e-02
6.889784375020977514e-01 4.101296758020919753e-02
6.789765149027036095e-01 4.226467296347016095e-02
6.690102702621547603e-01 4.348776791210560988e-02
6.590808112105230876e-01 4.467842701606526690e-02
6.491892412895989839e-01 4.583324310237864990e-02
6.393366598302444581e-01 4.695014044715482837e-02
6.295241618302156450e-01 4.802785625048356516e-02
6.197528378324663745e-01 4.906651537217104897e-02
6.100237738039482327e-01 5.006630741446357891e-02
6.003380510149177729e-01 5.102713124021507340e-02
5.906967459187653091e-01 5.194878250372494954e-02
5.811009300323815019e-01 5.283094141867932664e-02
5.715516698170692855e-01 5.367329337639305947e-02
5.620500265600203438e-01 5.447554357815050791e-02
5.525970562563653488e-01 5.523727668491635462e-02
5.431938094918128401e-01 5.595789414532586353e-02
5.338413313258880688e-01 5.663594044596887561e-02
5.245406611757882365e-01 5.726909181553443973e-02
5.152928327008634568e-01 5.785488679868483475e-02
5.060988736877365390e-01 5.839086285203433369e-02
4.969598059360780251e-01 5.887570106793244690e-02
4.878766451450451402e-01 5.930914106854712209e-02
4.788504008003974244e-01 5.969340208960076388e-02
4.698820760623064752e-01 6.003211150284423064e-02
4.609726676538650203e-01 6.032814119892686289e-02
4.521231657503131940e-01 6.058401885084387789e-02
4.433345538689928977e-01 6.080263272513457273e-02
4.346078087600411255e-01 6.098690927973009213e-02
4.259439002978354649e-01 6.113911076867828420e-02
4.173437913732044313e-01 6.126143507725431703e-02
4.088084377864137364e-01 6.135687773454948091e-02
4.003387881409395943e-01 6.142799621341131500e-02
3.919357837380436083e-01 6.147476603109453680e-02
3.836003584721576765e-01 6.149589558767304398e-02
3.753334387270930161e-01 6.148804417135197986e-02
3.671359432730831873e-01 6.144755526279152558e-02
3.590087831646743277e-01 6.137101158227215025e-02
3.509528616394713696e-01 6.125593531531321745e-02
3.429690740177547825e-01 6.110184088896854215e-02
3.350583076029753915e-01 6.091088019806847192e-02
3.272214415831418144e-01 6.068953012680128323e-02
3.194593469331089564e-01 6.044387078867058394e-02
3.117728863177794407e-01 6.017867098061942255e-02
3.041629139962280792e-01 5.989875089442436851e-02
2.966302757267624823e-01 5.960900855371293466e-02
2.891758086729252497e-01 5.931079614614693379e-02
2.818003413104546162e-01 5.900161175561684929e-02
2.745046933352085494e-01 5.867916216810274699e-02
2.672896755720651774e-01 5.834151746610429651e-02
2.601560898848094272e-01 5.798664239390322744e-02
2.531047290870154232e-01 5.761249786138065293e-02
2.461363768539343022e-01 5.721808745883992520e-02
2.392518076353984391e-01 5.680323515468634066e-02
2.324517865697500740e-01 5.636907606812938815e-02
2.257370693988056676e-01 5.591738001337642067e-02
2.191084023838638650e-01 5.544933848194343040e-02
2.125665222227673956e-01 5.496596851432196396e-02
2.061121559680280102e-01 5.446886468706038653e-02
1.997460209460230063e-01 5.395948607099012445e-02
1.934688246772731102e-01 5.343749101351961267e-02
1.872812647978095990e-01 5.290171910782855841e-02
1.811840289816407656e-01 5.234996725164267617e-02
1.751777948643248317e-01 5.177998115842646215e-02
1.692632299676588570e-01 5.119025924307756686e-02
1.634409916254914164e-01 5.057951281777380709e-02
1.577117269106679265e-01 4.994660058782699613e-02
1.520760725631161714e-01 4.929054436239350273e-02
1.465346549190801317e-01 4.861068834985866893e-02
1.410880898415101115e-01 4.790641641608002488e-02
1.357369826516168221e-01 4.717710250422754020e-02
1.304819280615971966e-01 4.642232851170067370e-02
1.253235101085391490e-01 4.564202374214933883e-02
1.202623020895129402e-01 4.483630066501876482e-02
1.152988664978553679e-01 4.400548674753623074e-02
1.104337549606562163e-01 4.315011314700994971e-02
1.056675081774507419e-01 4.227093743549981825e-02
1.010006558601274085e-01 4.136888474150191702e-02
9.643371667405697956e-02 4.044503118870453051e-02
9.196719818044885031e-02 3.950043280347328989e-02
8.760159677994161509e-02 3.853614557439444949e-02
8.333739765743386485e-02 3.755351058073680415e-02
7.917507472816209813e-02 3.655406984083204441e-02
7.511509058502996439e-02 3.553938079202693251e-02
7.115789644719716645e-02 3.451093532911816281e-02
6.730393210993146358e-02 3.346962996459035972e-02
6.355362589573076981e-02 3.241612741839069306e-02
5.990739460672012129e-02 3.135148593976123943e-02
5.636564347832906385e-02 3.027703382877113686e-02
5.292876613425423482e-02 2.919468478504745612e-02
4.959714454271368922e-02 2.810638959487771205e-02
4.637114897399441382e-02 2.701337072365738931e-02
4.325113795930202176e-02 2.591662470695122594e-02
4.023745825091396000e-02 2.481706953304267660e-02
3.733044478364233587e-02 2.371588033505808366e-02
3.453042063760936031e-02 2.261507291715429344e-02
3.183769700234129196e-02 2.151699494939326301e-02
2.925257314218321358e-02 2.042442996053869461e-02
2.677533636303963682e-02 1.934033303063298695e-02
2.440626198044326678e-02 1.826786031670438182e-02
2.214561328895736647e-02 1.720866959954932968e-02
1.999364153291383062e-02 1.616175064661732816e-02
1.795058587848985532e-02 1.512691458521195353e-02
1.601667338712764455e-02 1.410563093391183596e-02
1.419211899029970692e-02 1.310083643162442656e-02
1.247712546562085301e-02 1.211694549482931517e-02
1.087188341431266636e-02 1.115371365888645321e-02
9.376571240020115106e-03 1.020595605368522681e-02
7.991355128984078959e-03 9.269588959911584727e-03
6.716389031571567969e-03 8.340782836399166650e-03
5.551814645166519568e-03 7.402312074265585302e-03
4.497761398421062928e-03 6.429349864690288123e-03
3.554346436871580472e-03 5.424585623653409294e-03
2.721674609919344512e-03 4.409384100071489856e-03
1.999838459177394334e-03 3.415957778480625297e-03
1.388918208186096237e-03 2.482395865622688633e-03
8.889817534969424173e-04 1.648909382703119247e-03
5.000846571264760954e-04 9.552831256795018752e-04
2.222701403818971855e-04 4.333562731849514155e-04
5.556907905679420168e-05 1.097610905456378362e-04
0.000000000000000000e+00 -3.396073685337554226e-09
0.000000000000000000e+00 5.319055876045025618e-09
5.556907905679420168e-05 -1.581074695214767611e-04
2.222701403818971855e-04 -6.197519802523062836e-04
5.000846571264760954e-04 -1.349793872301120181e-03
8.889817534969424173e-04 -2.288953965716064663e-03
1.388918208186096237e-03 -3.366808565581791250e-03
1.999838459177394334e-03 -4.496114316784362470e-03
2.721674609919344512e-03 -5.590896358025888163e-03
3.554346436871580472e-03 -6.574618629201143399e-03
4.497761398421062928e-03 -7.387080083559640839e-03
5.551814645166519568e-03 -7.997291085397591898e-03
6.716389031571567969e-03 -8.424872391594635107e-03
7.991355128984078959e-03 -8.763734506838734631e-03
9.376571240020115106e-03 -9.074264409642431375e-03
1.087188341431266636e-02 -9.362965014060080360e-03
1.247712546562085301e-02 -9.626564544853251706e-03
1.419211899029970692e-02 -9.855326813990874027e-03
1.601667338712764455e-02 -1.004618034552898914e-02
1.795058587848985532e-02 -1.020281926315297523e-02
1.999364153291383062e-02 -1.033057897748131809e-02
2.214561328895736647e-02 -1.043644191631993949e-02
2.440626198044326678e-02 -1.053414632011898111e-02
2.677533636303963682e-02 -1.064085936640724213e-02
2.925257314218321358e-02 -1.076288503898904965e-02
3.183769700234129196e-02 -1.090024131421975934e-02
3.453042063760936031e-02 -1.105230847637843350e-02
3.733044478364233587e-02 -1.121814295449318107e-02
4.023745825091396000e-02 -1.139644705989170496e-02
4.325113795930202176e-02 -1.158556409743605707e-02
4.637114897399441382e-02 -1.178268181208690611e-02
4.959714454271368922e-02 -1.198478402857941147e-02
5.292876613425423482e-02 -1.218960956518443106e-02
5.636564347832906385e-02 -1.239571339329017911e-02
5.990739460672012129e-02 -1.260382902772446551e-02
6.355362589573076981e-02 -1.281506015552529541e-02
6.730393210993146358e-02 -1.303017533711628255e-02
7.115789644719716645e-02 -1.325014885654131336e-02
7.511509058502996439e-02 -1.347660174014966329e-02
7.917507472816209813e-02 -1.371068173507525301e-02
8.333739765743386485e-02 -1.395237685127827428e-02
8.760159677994161509e-02 -1.420145164466925410e-02
9.196719818044885031e-02 -1.445752850452590096e-02
9.643371667405697956e-02 -1.472016593236943199e-02
1.010006558601274085e-01 -1.498885563908452720e-02
1.056675081774507419e-01 -1.526324659937257702e-02
1.104337549606562163e-01 -1.554318536607685909e-02
1.152988664978553679e-01 -1.582856345766084707e-02
1.202623020895129402e-01 -1.611930468171456771e-02
1.253235101085391490e-01 -1.641530659303398754e-02
1.304819280615971966e-01 -1.671644373825233176e-02
1.357369826516168221e-01 -1.702260124878449132e-02
1.410880898415101115e-01 -1.733366881154623992e-02
1.465346549190801317e-01 -1.764949686251794658e-02
1.520760725631161714e-01 -1.796994394362295272e-02
1.577117269106679265e-01 -1.829514475967556134e-02
1.634409916254914164e-01 -1.862540698184507112e-02
1.692632299676588570e-01 -1.896126160862344340e-02
1.751777948643248317e-01 -1.930331129878349802e-02
1.811840289816407656e-01 -1.965202827725032186e-02
1.872812647978095990e-01 -2.000793340315457775e-02
1.934688246772731102e-01 -2.037199106854377037e-02
1.997460209460230063e-01 -2.074499088118525458e-02
2.061121559680280102e-01 -2.112655142647500497e-02
2.125665222227673956e-01 -2.151536979442585443e-02
2.191084023838638650e-01 -2.190811432214460897e-02
2.257370693988056676e-01 -2.230123058410398915e-02
2.324517865697500740e-01 -2.269162938756971726e-02
2.392518076353984391e-01 -2.307572022944463438e-02
2.461363768539343022e-01 -2.344866676300904826e-02
2.531047290870154232e-01 -2.380684776271412700e-02
2.601560898848094272e-01 -2.414918630771143923e-02
2.672896755720651774e-01 -2.447621895052167623e-02
2.745046933352085494e-01 -2.479053545850409129e-02
2.818003413104546162e-01 -2.509460028824973821e-02
2.891758086729252497e-01 -2.539050764817113448e-02
2.966302757267624823e-01 -2.568077300533637766e-02
3.041629139962280792e-01 -2.596825061009010865e-02
3.117728863177794407e-01 -2.625289148979491338e-02
3.194593469331089564e-01 -2.653196465196410586e-02
3.272214415831418144e-01 -2.680275843001089092e-02
3.350583076029753915e-01 -2.706259881905540357e-02
3.429690740177547825e-01 -2.730816769040583791e-02
3.509528616394713696e-01 -2.753592441475557692e-02
3.590087831646743277e-01 -2.774419541130773714e-02
3.671359432730831873e-01 -2.793243875815840799e-02
3.753334387270930161e-01 -2.810091656860086440e-02
3.836003584721576765e-01 -2.825026877311934484e-02
3.919357837380436083e-01 -2.838122556290069431e-02
4.003387881409395943e-01 -2.849435621174766647e-02
4.088084377864137364e-01 -2.858924588726768912e-02
4.173437913732044313e-01 -2.866490465619028066e-02
4.259439002978354649e-01 -2.871924163784159156e-02
4.346078087600411255e-01 -2.874992511097271622e-02
4.433345538689928977e-01 -2.875477854764632579e-02
4.521231657503131940e-01 -2.873172225449240058e-02
4.609726676538650203e-01 -2.867885735841489356e-02
4.698820760623064752e-01 -2.859452103574979323e-02
4.788504008003974244e-01 -2.847752931051187805e-02
4.878766451450451402e-01 -2.832661449257520975e-02
4.969598059360780251e-01 -2.814021566104450353e-02
5.060988736877365390e-01 -2.791713937952140095e-02
5.152928327008634568e-01 -2.765685963786033638e-02
5.245406611757882365e-01 -2.735921616573182974e-02
5.338413313258880688e-01 -2.702446048854575955e-02
5.431938094918128401e-01 -2.665260790660849838e-02
5.525970562563653488e-01 -2.624350509206765242e-02
5.620500265600203438e-01 -2.580015855472947775e-02
5.715516698170692855e-01 -2.532876133840007357e-02
5.811009300323815019e-01 -2.483668849518472568e-02
5.906967459187653091e-01 -2.433211431143481041e-02
6.003380510149177729e-01 -2.382229986615216205e-02
6.100237738039482327e-01 -2.331336423115599327e-02
6.197528378324663745e-01 -2.280642945421810716e-02
6.295241618302156450e-01 -2.229973885351385285e-02
6.393366598302444581e-01 -2.179191897634120967e-02
6.491892412895989839e-01 -2.128186951803139743e-02
6.590808112105230876e-01 -2.076893344372466449e-02
6.690102702621547603e-01 -2.025279149989050315e-02
6.789765149027036095e-01 -1.973398121529956750e-02
6.889784375020977514e-01 -1.921327849846338198e-02
6.990149264650814542e-01 -1.869122081968725008e-02
7.090848663547572039e-01 -1.816819234497070099e-02
7.191871380165538730e-01 -1.764425808192852246e-02
7.293206187026060050e-01 -1.711940547354087044e-02
7.394841821965345563e-01 -1.659361026466169356e-02
7.496766989386134394e-01 -1.606675542378154312e-02
7.598970361513051053e-01 -1.553849368566535480e-02
7.701440579651563922e-01 -1.500824481638259739e-02
7.804166255450371015e-01 -1.447501309399312069e-02
7.907135972167069760e-01 -1.393774752072463909e-02
8.010338285937002034e-01 -1.339541451562715514e-02
8.113761727045106786e-01 -1.284815999660525454e-02
8.217394801200630372e-01 -1.229789463664227554e-02
8.321225990814590245e-01 -1.174731852514160346e-02
8.425243756279822138e-01 -1.119988745929378221e-02
8.529436537253458628e-01 -1.065777445965937487e-02
8.633792753941731402e-01 -1.012163742814499966e-02
8.738300808386934015e-01 -9.589967124811299773e-03
8.842949085756387495e-01 -9.059414607140860165e-03
8.947725955633289985e-01 -8.526935447716868163e-03
9.052619773309316109e-01 -7.989941667855857826e-03
9.157618881078770645e-01 -7.447877708798101258e-03
9.262711609534211021e-01 -6.901509605512039063e-03
9.367886278863364335e-01 -6.352024267262625611e-03
9.473131200147204556e-01 -5.800794831461148805e-03
9.578434676659028923e-01 -5.249009005208746421e-03
9.683785005164411430e-01 -4.697792150614213923e-03
9.789170477221889044e-01 -4.148390275100025289e-03
9.894579380484205267e-01 -3.602071952322326125e-03
9.999999999999998890e-01 -3.059999547281587549e-03
