9.999999999999998890e-01 -2.968672429261961086e-05
9.894579380484205267e-01 1.650032892564154375e-03
9.789170477221889044e-01 3.524620458192795781e-03
9.683785005164411430e-01 5.627775120821825426e-03
9.578434676659028923e-01 7.900271897756537889e-03
9.473131200147204556e-01 1.027726512016279882e-02
9.367886278863364335e-01 1.273069907182615423e-02
9.262711609534211021e-01 1.524603701507545352e-02
9.157618881078770645e-01 1.782522155834049410e-02
9.052619773309316109e-01 2.046272303189579714e-02
8.947725955633289985e-01 2.313474677154897866e-02
8.842949085756387495e-01 2.582664448678848035e-02
8.738300808386934015e-01 2.854139766823272917e-02
8.633792753941731402e-01 3.127809860154866922e-02
8.529436537253458628e-01 3.402842707254253446e-02
8.425243756279822138e-01 3.678023236153252912e-02
8.321225990814590245e-01 3.951806058216351947e-02
8.217394801200630372e-01 4.223546490647978741e-02
8.113761727045106786e-01 4.493470392285080217e-02
8.010338285937002034e-01 4.761766630308517795e-02
7.907135972167069760e-01 5.028520188759645626e-02
7.804166255450371015e-01 5.293239396255988716e-02
7.701440579651563922e-01 5.555037647297217385e-02
7.598970361513051053e-01 5.812957935906253037e-02
7.496766989386134394e-01 6.066116807085248502e-02
7.394841821965345563e-01 6.314494825699018543e-02
7.293206187026060050e-01 6.558427748157169557e-02
7.191871380165538730e-01 6.797897921371831575e-02
7.090848663547572039e-01 7.032775868422103116e-02
6.990149264650814542e-01 7.263084070996690678e-02
6.889784375020977514e-01 7.488700981514899435e-02
6.789765149027036095e-01 7.708666446530083871e-02
6.690102702621547603e-01 7.922072878588826139e-02
6.590808112105230876e-01 8.129006429010887658e-02
6.491892412895989839e-01 8.329683668471039859e-02
6.393366598302444581e-01 8.524055203889405186e-02
6.295241618302156450e-01 8.712091042240770189e-02
6.197528378324663745e-01 8.893926408504557179e-02
6.100237738039482327e-01 9.069646883065474174e-02
6.003380510149177729e-01 9.239184251535643988e-02
5.906967459187653091e-01 9.402242645506132812e-02
5.811009300323815019e-01 9.558177639140436055e-02
5.715516698170692855e-01 9.706676668867079971e-02
5.620500265600203438e-01 9.847948369176755257e-02
5.525970562563653488e-01 9.982146123802210225e-02
5.431938094918128401e-01 1.010930898452881560e-01
5.338413313258880688e-01 1.022948879585707793e-01
5.245406611757882365e-01 1.034276125099843624e-01
5.152928327008634568e-01 1.044927146717903876e-01
5.060988736877365390e-01 1.054919584911508390e-01
4.969598059360780251e-01 1.064233647188352616e-01
4.878766451450451402e-01 1.072825254061879202e-01
4.788504008003974244e-01 1.080681394220132790e-01
4.698820760623064752e-01 1.087809022005815085e-01
4.609726676538650203e-01 1.094221230739373107e-01
4.521231657503131940e-01 1.099933579695358821e-01
4.433345538689928977e-01 1.104957974355278427e-01
4.346078087600411255e-01 1.109305382781137356e-01
4.259439002978354649e-01 1.112990348285873565e-01
4.173437913732044313e-01 1.116028076975282002e-01
4.088084377864137364e-01 1.118430955911140501e-01
4.003387881409395943e-01 1.120201857996680900e-01
3.919357837380436083e-01 1.121310227268853821e-01
3.836003584721576765e-01 1.121731042462858485e-01
3.753334387270930161e-01 1.121482311923023417e-01
3.671359432730831873e-01 1.120587079711883594e-01
3.590087831646743277e-01 1.119059285030960249e-01
3.509528616394713696e-01 1.116913324269936669e-01
3.429690740177547825e-01 1.114167805401443251e-01
3.350583076029753915e-01 1.110840846436069729e-01
3.272214415831418144e-01 1.106948676061689091e-01
3.194593469331089564e-01 1.102508586524662548e-01
3.117728863177794407e-01 1.097539204985742145e-01
3.041629139962280792e-01 1.092036111347143845e-01
2.966302757267624823e-01 1.085966091860384730e-01
2.891758086729252497e-01 1.079325018197433012e-01
2.818003413104546162e-01 1.072142152032322659e-01
2.745046933352085494e-01 1.064440065303167843e-01
2.672896755720651774e-01 1.056234021058324452e-01
2.601560898848094272e-01 1.047545093118716492e-01
2.531047290870154232e-01 1.038398475924220271e-01
2.461363768539343022e-01 1.028812340310308049e-01
2.392518076353984391e-01 1.018801536483422698e-01
2.324517865697500740e-01 1.008393462948144192e-01
2.257370693988056676e-01 9.976168206656120530e-02
2.191084023838638650e-01 9.864578150066048712e-02
2.125665222227673956e-01 9.748887915180237673e-02
2.061121559680280102e-01 9.629167956221205971e-02
1.997460209460230063e-01 9.505625934425347701e-02
1.934688246772731102e-01 9.378492941463424659e-02
1.872812647978095990e-01 9.248014121340566995e-02
1.811840289816407656e-01 9.114462667994985279e-02
1.751777948643248317e-01 8.978089532600781741e-02
1.692632299676588570e-01 8.839044620178400369e-02
1.634409916254914164e-01 8.697531633901248171e-02
1.577117269106679265e-01 8.553966882150029760e-02
1.520760725631161714e-01 8.408601455807405978e-02
1.465346549190801317e-01 8.261209396256988247e-02
1.410880898415101115e-01 8.111357688833441271e-02
1.357369826516168221e-01 7.958348614451379865e-02
1.304819280615971966e-01 7.801967929033566673e-02
1.253235101085391490e-01 7.642842112457876036e-02
1.202623020895129402e-01 7.481438774634760480e-02
1.152988664978553679e-01 7.317902714586277391e-02
1.104337549606562163e-01 7.152519474514296149e-02
1.056675081774507419e-01 6.985758372389243298e-02
1.010006558601274085e-01 6.817917600849467130e-02
9.643371667405697956e-02 6.649133079096725130e-02
9.196719818044885031e-02 6.479812321348239756e-02
8.760159677994161509e-02 6.310532362871715262e-02
8.333739765743386485e-02 6.141069788885526737e-02
7.917507472816209813e-02 5.970710404690265233e-02
7.511509058502996439e-02 5.799487884469253784e-02
7.115789644719716645e-02 5.627832521624964723e-02
6.730393210993146358e-02 5.455769150658382194e-02
6.355362589573076981e-02 5.283130934500655795e-02
5.990739460672012129e-02 5.109821749950354403e-02
5.636564347832906385e-02 4.935870775185826481e-02
5.292876613425423482e-02 4.761831067587125182e-02
4.959714454271368922e-02 4.588374978598094844e-02
4.637114897399441382e-02 4.415909699721746323e-02
4.325113795930202176e-02 4.244817288456946558e-02
4.023745825091396000e-02 4.075662237914530472e-02
3.733044478364233587e-02 3.908415564166931033e-02
3.453042063760936031e-02 3.741110825653767152e-02
3.183769700234129196e-02 3.572470410830085735e-02
2.925257314218321358e-02 3.403886301069266457e-02
2.677533636303963682e-02 3.236479894638190358e-02
2.440626198044326678e-02 3.069937005789747514e-02
2.214561328895736647e-02 2.904641776291833760e-02
1.999364153291383062e-02 2.742499273304534885e-02
1.795058587848985532e-02 2.583890476899232402e-02
1.601667338712764455e-02 2.426737995262764555e-02
1.419211899029970692e-02 2.269876950472712179e-02
1.247712546562085301e-02 2.113550084058386791e-02
1.087188341431266636e-02 1.958571522894005795e-02
9.376571240020115106e-03 1.806150705500675011e-02
7.991355128984078959e-03 1.655381627659177277e-02
6.716389031571567969e-03 1.503822967674594419e-02
5.551814645166519568e-03 1.354209848354696530e-02
4.497761398421062928e-03 1.212170019711466748e-02
3.554346436871580472e-03 1.071774411075955037e-02
2.721674609919344512e-03 9.221222945807485555e-03
1.999838459177394334e-03 7.735418781053175243e-03
1.388918208186096237e-03 6.423679433699949065e-03
8.889817534969424173e-04 5.066550461143101529e-03
5.000846571264760954e-04 3.376975324438086148e-03
2.222701403818971855e-04 1.671457491089079232e-03
5.556907905679420168e-05 4.483604492761390477e-04
0.000000000000000000e+00 1.199174294774807572e-05
0.000000000000000000e+00 -1.251049210501977945e-05
5.556907905679420168e-05 -4.204037085326405650e-04
2.222701403818971855e-04 -1.558088862541058767e-03
5.000846571264760954e-04 -3.120665646717995026e-03
8.889817534969424173e-04 -4.609344537255834900e-03
1.388918208186096237e-03 -5.707737116126081027e-03
1.999838459177394334e-03 -6.704395423323213435e-03
2.721674609919344512e-03 -7.820377835839553704e-03
3.554346436871580472e-03 -8.893676003516330988e-03
4.497761398421062928e-03 -9.824229596549409124e-03
5.551814645166519568e-03 -1.072792952060545348e-02
6.716389031571567969e-03 -1.167321943361234772e-02
7.991355128984078959e-03 -1.261568924332723968e-02
9.376571240020115106e-03 -1.352999974918261440e-02
1.087188341431266636e-02 -1.442909881925299488e-02
1.247712546562085301e-02 -1.531052904728256829e-02
1.419211899029970692e-02 -1.615208313950297278e-02
1.601667338712764455e-02 -1.694406125048084077e-02
1.795058587848985532e-02 -1.769052171448391372e-02
1.999364153291383062e-02 -1.840935545155556602e-02
2.214561328895736647e-02 -1.912686572370092888e-02
2.440626198044326678e-02 -1.984152892779271482e-02
2.677533636303963682e-02 -2.053430042036407180e-02
2.925257314218321358e-02 -2.120034488405047116e-02
3.183769700234129196e-02 -2.184148213645296238e-02
3.453042063760936031e-02 -2.244687805453644130e-02
3.733044478364233587e-02 -2.300395299565562851e-02
4.023745825091396000e-02 -2.352778567907330698e-02
4.325113795930202176e-02 -2.404060035911169749e-02
4.637114897399441382e-02 -2.454460839529235688e-02
4.959714454271368922e-02 -2.503581077104946595e-02
5.292876613425423482e-02 -2.551174676959375165e-02
5.636564347832906385e-02 -2.596979832187166007e-02
5.990739460672012129e-02 -2.640530504289194738e-02
6.355362589573076981e-02 -2.681455871110980868e-02
6.730393210993146358e-02 -2.719798364862608536e-02
7.115789644719716645e-02 -2.755684576507878500e-02
7.511509058502996439e-02 -2.789261375296796241e-02
7.917507472816209813e-02 -2.820560506281456770e-02
8.333739765743386485e-02 -2.849379651862287907e-02
8.760159677994161509e-02 -2.875968803713545296e-02
9.196719818044885031e-02 -2.901383818620016652e-02
9.643371667405697956e-02 -2.926123551545731574e-02
1.010006558601274085e-01 -2.949783884897645703e-02
1.056675081774507419e-01 -2.972137055135932321e-02
1.104337549606562163e-01 -2.993245236903056133e-02
1.152988664978553679e-01 -3.013022784736978793e-02
1.202623020895129402e-01 -3.031224502631803611e-02
1.253235101085391490e-01 -3.047753244969273953e-02
1.304819280615971966e-01 -3.062628529106178540e-02
1.357369826516168221e-01 -3.075643216913516789e-02
1.410880898415101115e-01 -3.086475750707571783e-02
1.465346549190801317e-01 -3.095368488350046243e-02
1.520760725631161714e-01 -3.102888072061454894e-02
1.577117269106679265e-01 -3.109422618755978279e-02
1.634409916254914164e-01 -3.115222341507771844e-02
1.692632299676588570e-01 -3.120227770676410606e-02
1.751777948643248317e-01 -3.124272248765210327e-02
1.811840289816407656e-01 -3.127327437057996623e-02
1.872812647978095990e-01 -3.129400629854364041e-02
1.934688246772731102e-01 -3.130436341016340496e-02
1.997460209460230063e-01 -3.130364580415564979e-02
2.061121559680280102e-01 -3.129130156128284018e-02
2.125665222227673956e-01 -3.126688717371844950e-02
2.191084023838638650e-01 -3.123019200041352722e-02
2.257370693988056676e-01 -3.118204236193027751e-02
2.324517865697500740e-01 -3.112585822781889500e-02
2.392518076353984391e-01 -3.106402898478944838e-02
2.461363768539343022e-01 -3.099577900056801547e-02
2.531047290870154232e-01 -3.092039096587426150e-02
2.601560898848094272e-01 -3.083801306570354075e-02
2.672896755720651774e-01 -3.074863217428931705e-02
2.745046933352085494e-01 -3.065184991412606488e-02
2.818003413104546162e-01 -3.054737840334104462e-02
2.891758086729252497e-01 -3.043511223936980897e-02
2.966302757267624823e-01 -3.031488881933395996e-02
3.041629139962280792e-01 -3.018646775699730320e-02
3.117728863177794407e-01 -3.004956116303427946e-02
3.194593469331089564e-01 -2.990384477414346001e-02
3.272214415831418144e-01 -2.974904983202881006e-02
3.350583076029753915e-01 -2.958495325458899983e-02
3.429690740177547825e-01 -2.941135082580195390e-02
3.509528616394713696e-01 -2.922804897380641698e-02
3.590087831646743277e-01 -2.903484571942119633e-02
3.671359432730831873e-01 -2.883153556458939101e-02
3.753334387270930161e-01 -2.861792203026165132e-02
3.836003584721576765e-01 -2.839381247224176744e-02
3.919357837380436083e-01 -2.815901230089527807e-02
4.003387881409395943e-01 -2.791332771807776558e-02
4.088084377864137364e-01 -2.765657271841792317e-02
4.173437913732044313e-01 -2.738856303054719096e-02
4.259439002978354649e-01 -2.710911137216895361e-02
4.346078087600411255e-01 -2.681803394529287676e-02
4.433345538689928977e-01 -2.651516155811339467e-02
4.521231657503131940e-01 -2.620032264031127781e-02
4.609726676538650203e-01 -2.587333011535238383e-02
4.698820760623064752e-01 -2.553401083184323947e-02
4.788504008003974244e-01 -2.518223053257150068e-02
4.878766451450451402e-01 -2.481783254326134711e-02
4.969598059360780251e-01 -2.444060175404308421e-02
5.060988736877365390e-01 -2.405006865718020345e-02
5.152928327008634568e-01 -2.364536450234786327e-02
5.245406611757882365e-01 -2.322594766476396635e-02
5.338413313258880688e-01 -2.279177768257778514e-02
5.431938094918128401e-01 -2.234275470504486910e-02
5.525970562563653488e-01 -2.187866850536656846e-02
5.620500265600203438e-01 -2.139934282464893769e-02
5.715516698170692855e-01 -2.090464192650165476e-02
5.811009300323815019e-01 -2.039444695600446666e-02
5.906967459187653091e-01 -1.986864707642273242e-02
6.003380510149177729e-01 -1.932707197478790787e-02
6.100237738039482327e-01 -1.876952514910466135e-02
6.197528378324663745e-01 -1.819597029224105655e-02
6.295241618302156450e-01 -1.760642784850720982e-02
6.393366598302444581e-01 -1.700060663727192417e-02
6.491892412895989839e-01 -1.637815936808296319e-02
6.590808112105230876e-01 -1.573939310503180353e-02
6.690102702621547603e-01 -1.508462298170108393e-02
6.789765149027036095e-01 -1.441273658786784012e-02
6.889784375020977514e-01 -1.372343681034559650e-02
6.990149264650814542e-01 -1.302227825934438796e-02
7.090848663547572039e-01 -1.231511093713729028e-02
7.191871380165538730e-01 -1.160279432386346517e-02
7.293206187026060050e-01 -1.088532325689649249e-02
7.394841821965345563e-01 -1.016357387418681535e-02
7.496766989386134394e-01 -9.437742748850338342e-03
7.598970361513051053e-01 -8.705898758593112047e-03
7.701440579651563922e-01 -7.968229111212385071e-03
7.804166255450371015e-01 -7.230079015133906647e-03
7.907135972167069760e-01 -6.497103175334196547e-03
8.010338285937002034e-01 -5.774313542252104865e-03
8.113761727045106786e-01 -5.064668599852337541e-03
8.217394801200630372e-01 -4.368148873055713310e-03
8.321225990814590245e-01 -3.683438009954426422e-03
8.425243756279822138e-01 -3.008221400838389115e-03
8.529436537253458628e-01 -2.348233245577107178e-03
8.633792753941731402e-01 -1.717652896207929334e-03
8.738300808386934015e-01 -1.128994762546283630e-03
8.842949085756387495e-01 -5.921078747289980305e-04
8.947725955633289985e-01 -1.049223732414182098e-04
9.052619773309316109e-01 3.416773165675011915e-04
9.157618881078770645e-01 7.363584282082630099e-04
9.262711609534211021e-01 1.056450458929325108e-03
9.367886278863364335e-01 1.294259214084952751e-03
9.473131200147204556e-01 1.448483240509694601e-03
9.578434676659028923e-01 1.506010530430248020e-03
9.683785005164411430e-01 1.442328213040164819e-03
9.789170477221889044e-01 1.196432573972116241e-03
9.894579380484205267e-01 7.122117193082932963e-04
9.999999999999998890e-01 2.241623623825745497e-05
