9.999999999999998890e-01 -2.560703283195107233e-03
9.894579380484205267e-01 5.760327279399598058e-04
9.789170477221889044e-01 3.843083770001871034e-03
9.683785005164411430e-01 6.915358142097147338e-03
9.578434676659028923e-01 9.728530437697207461e-03
9.473131200147204556e-01 1.229279034042136953e-02
9.367886278863364335e-01 1.467518257985603661e-02
9.262711609534211021e-01 1.693775292059741464e-02
9.157618881078770645e-01 1.910943756060081225e-02
9.052619773309316109e-01 2.120856456947874807e-02
8.947725955633289985e-01 2.324200116339913275e-02
8.842949085756387495e-01 2.521530745701221557e-02
8.738300808386934015e-01 2.713395810413212622e-02
8.633792753941731402e-01 2.900203063411542145e-02
8.529436537253458628e-01 3.082173501913880453e-02
8.425243756279822138e-01 3.259490915675895828e-02
8.321225990814590245e-01 3.432311504675181896e-02
8.217394801200630372e-01 3.600784368569849569e-02
8.113761727045106786e-01 3.765053463947858753e-02
8.010338285937002034e-01 3.925266040869047901e-02
7.907135972167069760e-01 4.081566352097413392e-02
7.804166255450371015e-01 4.234026773625461371e-02
7.701440579651563922e-01 4.382669939647833995e-02
7.598970361513051053e-01 4.527506504800149489e-02
7.496766989386134394e-01 4.668544428709023308e-02
7.394841821965345563e-01 4.805819938516522200e-02
7.293206187026060050e-01 4.939384847786564697e-02
7.191871380165538730e-01 5.069304714444348298e-02
7.090848663547572039e-01 5.195646168781608426e-02
6.990149264650814542e-01 5.318453064231278699e-02
6.889784375020977514e-01 5.437757347291553855e-02
6.789765149027036095e-01 5.553571765976317298e-02
6.690102702621547603e-01 5.665905138077372005e-02
6.590808112105230876e-01 5.774770748378241919e-02
6.491892412895989839e-01 5.880174804556831392e-02
6.393366598302444581e-01 5.982099797638708305e-02
6.295241618302156450e-01 6.080522811921444670e-02
6.197528378324663745e-01 6.175418409972770195e-02
6.100237738039482327e-01 6.266774447681575100e-02
6.003380510149177729e-01 6.354606742838779521e-02
5.906967459187653091e-01 6.438947705983254222e-02
5.811009300323815019e-01 6.519852228526147597e-02
5.715516698170692855e-01 6.597376814753246055e-02
5.620500265600203438e-01 6.671576125487495290e-02
5.525970562563653488e-01 6.742471057100919707e-02
5.431938094918128401e-01 6.810041636254667019e-02
5.338413313258880688e-01 6.874259434242031841e-02
5.245406611757882365e-01 6.935090431746174233e-02
5.152928327008634568e-01 6.992510085831647737e-02
5.060988736877365390e-01 7.046503556600916540e-02
4.969598059360780251e-01 7.097074466916884761e-02
4.878766451450451402e-01 7.144240033171400661e-02
4.788504008003974244e-01 7.188022361383696046e-02
4.698820760623064752e-01 7.228445780543574228e-02
4.609726676538650203e-01 7.265529707678923532e-02
4.521231657503131940e-01 7.299288633762658629e-02
4.433345538689928977e-01 7.329720298112676891e-02
4.346078087600411255e-01 7.356816672019070302e-02
4.259439002978354649e-01 7.380577429363510689e-02
4.173437913732044313e-01 7.401006241275334685e-02
4.088084377864137364e-01 7.418112695990680683e-02
4.003387881409395943e-01 7.431909508717109147e-02
3.919357837380436083e-01 7.442414781673571678e-02
3.836003584721576765e-01 7.449650792523110354e-02
3.753334387270930161e-01 7.453648941965625163e-02
3.671359432730831873e-01 7.454437519746479057e-02
3.590087831646743277e-01 7.452031867130150256e-02
3.509528616394713696e-01 7.446436205600695524e-02
3.429690740177547825e-01 7.437635112412711857e-02
3.350583076029753915e-01 7.425617062509294597e-02
3.272214415831418144e-01 7.410382481529427523e-02
3.194593469331089564e-01 7.391938292044958336e-02
3.117728863177794407e-01 7.370299677132015337e-02
3.041629139962280792e-01 7.345491686128341469e-02
2.966302757267624823e-01 7.317551394671295562e-02
2.891758086729252497e-01 7.286521325922266923e-02
2.818003413104546162e-01 7.252448937931901818e-02
2.745046933352085494e-01 7.215379148794390241e-02
2.672896755720651774e-01 7.175352912626835333e-02
2.601560898848094272e-01 7.132389994209845097e-02
2.531047290870154232e-01 7.086495186047388206e-02
2.461363768539343022e-01 7.037689117859449728e-02
2.392518076353984391e-01 6.986003112617919508e-02
2.324517865697500740e-01 6.931469410768148487e-02
2.257370693988056676e-01 6.874118055999098309e-02
2.191084023838638650e-01 6.813959396367749721e-02
2.125665222227673956e-01 6.750997441870394689e-02
2.061121559680280102e-01 6.685252732257902786e-02
1.997460209460230063e-01 6.616754187778911556e-02
1.934688246772731102e-01 6.545541175876175288e-02
1.872812647978095990e-01 6.471655965094953722e-02
1.811840289816407656e-01 6.395139203430075248e-02
1.751777948643248317e-01 6.316033851970770385e-02
1.692632299676588570e-01 6.234392244999735488e-02
1.634409916254914164e-01 6.150276248657629563e-02
1.577117269106679265e-01 6.063768959455802937e-02
1.520760725631161714e-01 5.974939274527967664e-02
1.465346549190801317e-01 5.883813978211515500e-02
1.410880898415101115e-01 5.790415260000403297e-02
1.357369826516168221e-01 5.694768403405756074e-02
1.304819280615971966e-01 5.596917475176486217e-02
1.253235101085391490e-01 5.496936650037485134e-02
1.202623020895129402e-01 5.394893772079048522e-02
1.152988664978553679e-01 5.290843819366765344e-02
1.104337549606562163e-01 5.184833878416068159e-02
1.056675081774507419e-01 5.076904703081190628e-02
1.010006558601274085e-01 4.967136355179627150e-02
9.643371667405697956e-02 4.855646224554664714e-02
9.196719818044885031e-02 4.742523626224622729e-02
8.760159677994161509e-02 4.627827648164560548e-02
8.333739765743386485e-02 4.511544289066982821e-02
7.917507472816209813e-02 4.393616972725347680e-02
7.511509058502996439e-02 4.274070467813889662e-02
7.115789644719716645e-02 4.152979888248851253e-02
6.730393210993146358e-02 4.030436751560752262e-02
6.355362589573076981e-02 3.906546225647908321e-02
5.990739460672012129e-02 3.781452881364218144e-02
5.636564347832906385e-02 3.655316191167298778e-02
5.292876613425423482e-02 3.528288837966360447e-02
4.959714454271368922e-02 3.400554192017744837e-02
4.637114897399441382e-02 3.272444069540441508e-02
4.325113795930202176e-02 3.144175808646847148e-02
4.023745825091396000e-02 3.015388842267913844e-02
3.733044478364233587e-02 2.885643155182432765e-02
3.453042063760936031e-02 2.754664264946627902e-02
3.183769700234129196e-02 2.622261842037245522e-02
2.925257314218321358e-02 2.488380314081236125e-02
2.677533636303963682e-02 2.353230723916091907e-02
2.440626198044326678e-02 2.217542352628377317e-02
2.214561328895736647e-02 2.082159092842698900e-02
1.999364153291383062e-02 1.948012823148411940e-02
1.795058587848985532e-02 1.816121036128621330e-02
1.601667338712764455e-02 1.687598406481809199e-02
1.419211899029970692e-02 1.562982794194795952e-02
1.247712546562085301e-02 1.442015417044927028e-02
1.087188341431266636e-02 1.322726103462435951e-02
9.376571240020115106e-03 1.201504976681398544e-02
7.991355128984078959e-03 1.076770368189246957e-02
6.716389031571567969e-03 9.488695731985959808e-03
5.551814645166519568e-03 8.189857095340159418e-03
4.497761398421062928e-03 6.889426335809854460e-03
3.554346436871580472e-03 5.612937848554872336e-03
2.721674609919344512e-03 4.390458629506569996e-03
1.999838459177394334e-03 3.252317765149825238e-03
1.388918208186096237e-03 2.228641729537715350e-03
8.889817534969424173e-04 1.347349079387811935e-03
5.000846571264760954e-04 6.343318374316827234e-04
2.222701403818971855e-04 1.092482242708605987e-04
5.556907905679420168e-05 -2.119372007965877858e-04
0.000000000000000000e+00 -3.201043354605289672e-04
0.000000000000000000e+00 -3.581787969218102924e-04
5.556907905679420168e-05 -1.245766143817989132e-03
2.222701403818971855e-04 -3.555106535070037040e-03
5.000846571264760954e-04 -5.375555199868535527e-03
8.889817534969424173e-04 -6.514747523991414047e-03
1.388918208186096237e-03 -7.197132991089942068e-03
1.999838459177394334e-03 -7.819271067847830686e-03
2.721674609919344512e-03 -8.629468047425863098e-03
3.554346436871580472e-03 -9.475196985507750025e-03
4.497761398421062928e-03 -1.023936560641197993e-02
5.551814645166519568e-03 -1.097587036109588972e-02
6.716389031571567969e-03 -1.172498511218738118e-02
7.991355128984078959e-03 -1.247553123776515629e-02
9.376571240020115106e-03 -1.322871491342410104e-02
1.087188341431266636e-02 -1.400766008557621789e-02
1.247712546562085301e-02 -1.481514335430162040e-02
1.419211899029970692e-02 -1.562986686744943787e-02
1.601667338712764455e-02 -1.644212400876807895e-02
1.795058587848985532e-02 -1.725406262193420956e-02
1.999364153291383062e-02 -1.806172022384459203e-02
2.214561328895736647e-02 -1.885629103394470193e-02
2.440626198044326678e-02 -1.963435454498192040e-02
2.677533636303963682e-02 -2.039611069676747213e-02
2.925257314218321358e-02 -2.114066447901256224e-02
3.183769700234129196e-02 -2.186704169262706360e-02
3.453042063760936031e-02 -2.257886268323576473e-02
3.733044478364233587e-02 -2.328124847968366870e-02
4.023745825091396000e-02 -2.397493034532797648e-02
4.325113795930202176e-02 -2.465866947635083142e-02
4.637114897399441382e-02 -2.533002078010023611e-02
4.959714454271368922e-02 -2.598632924701589977e-02
5.292876613425423482e-02 -2.662573515491549817e-02
5.636564347832906385e-02 -2.724661977092730086e-02
5.990739460672012129e-02 -2.784745710794973850e-02
6.355362589573076981e-02 -2.842694752131864205e-02
6.730393210993146358e-02 -2.898439620724171245e-02
7.115789644719716645e-02 -2.951934804383934963e-02
7.511509058502996439e-02 -3.003166560549713759e-02
7.917507472816209813e-02 -3.052165949409937906e-02
8.333739765743386485e-02 -3.099044610612459658e-02
8.760159677994161509e-02 -3.143856842561004727e-02
9.196719818044885031e-02 -3.186542439995720261e-02
9.643371667405697956e-02 -3.227021823736440920e-02
1.010006558601274085e-01 -3.265204284108373656e-02
1.056675081774507419e-01 -3.301020154244433541e-02
1.104337549606562163e-01 -3.334426728033174081e-02
1.152988664978553679e-01 -3.365394914686612587e-02
1.202623020895129402e-01 -3.393909164349227098e-02
1.253235101085391490e-01 -3.419977437709665474e-02
1.304819280615971966e-01 -3.443628981986539273e-02
1.357369826516168221e-01 -3.464915195030832118e-02
1.410880898415101115e-01 -3.483905748075014769e-02
1.465346549190801317e-01 -3.500699751337463250e-02
1.520760725631161714e-01 -3.515401156059481252e-02
1.577117269106679265e-01 -3.528003350270889765e-02
1.634409916254914164e-01 -3.538443880255835727e-02
1.692632299676588570e-01 -3.546664784376033636e-02
1.751777948643248317e-01 -3.552611435229395542e-02
1.811840289816407656e-01 -3.556236211060543467e-02
1.872812647978095990e-01 -3.557495452156222288e-02
1.934688246772731102e-01 -3.556352459445561581e-02
1.997460209460230063e-01 -3.552774631941450767e-02
2.061121559680280102e-01 -3.546737318874447487e-02
2.125665222227673956e-01 -3.538220305176918018e-02
2.191084023838638650e-01 -3.527211386104506241e-02
2.257370693988056676e-01 -3.513703281457866701e-02
2.324517865697500740e-01 -3.497697500016992006e-02
2.392518076353984391e-01 -3.479200723029900882e-02
2.461363768539343022e-01 -3.458227874376376687e-02
2.531047290870154232e-01 -3.434800151161494092e-02
2.601560898848094272e-01 -3.408948307577645831e-02
2.672896755720651774e-01 -3.380708760998289014e-02
2.745046933352085494e-01 -3.350125278844326426e-02
2.818003413104546162e-01 -3.317250590081371325e-02
2.891758086729252497e-01 -3.282148327390077558e-02
2.966302757267624823e-01 -3.244886088480370551e-02
3.041629139962280792e-01 -3.205535887704099446e-02
3.117728863177794407e-01 -3.164187323992000145e-02
3.194593469331089564e-01 -3.120943881539620102e-02
3.272214415831418144e-01 -3.075877785731551475e-02
3.350583076029753915e-01 -3.029034864003240721e-02
3.429690740177547825e-01 -2.980440110144812541e-02
3.509528616394713696e-01 -2.930106649479313416e-02
3.590087831646743277e-01 -2.878059670889832750e-02
3.671359432730831873e-01 -2.824331051402555540e-02
3.753334387270930161e-01 -2.768952390520957457e-02
3.836003584721576765e-01 -2.711956180692579738e-02
3.919357837380436083e-01 -2.653381403698527874e-02
4.003387881409395943e-01 -2.593270106467608985e-02
4.088084377864137364e-01 -2.531667333741056264e-02
4.173437913732044313e-01 -2.468620273249086741e-02
4.259439002978354649e-01 -2.404181099824289486e-02
4.346078087600411255e-01 -2.338404417518620201e-02
4.433345538689928977e-01 -2.271348712071346448e-02
4.521231657503131940e-01 -2.203074861251455921e-02
4.609726676538650203e-01 -2.133648167658735301e-02
4.698820760623064752e-01 -2.063136306942200265e-02
4.788504008003974244e-01 -1.991610706318357182e-02
4.878766451450451402e-01 -1.919143442859281082e-02
4.969598059360780251e-01 -1.845806842717166371e-02
5.060988736877365390e-01 -1.771675339986406722e-02
5.152928327008634568e-01 -1.696826836787233492e-02
5.245406611757882365e-01 -1.621341683521199117e-02
5.338413313258880688e-01 -1.545303252553316756e-02
5.431938094918128401e-01 -1.468797554428023094e-02
5.525970562563653488e-01 -1.391913526228926931e-02
5.620500265600203438e-01 -1.314742593538156638e-02
5.715516698170692855e-01 -1.237378639281675255e-02
5.811009300323815019e-01 -1.159918449878705182e-02
5.906967459187653091e-01 -1.082461300354888890e-02
6.003380510149177729e-01 -1.005108610324632369e-02
6.100237738039482327e-01 -9.279635967740514080e-03
6.197528378324663745e-01 -8.511330715389097898e-03
6.295241618302156450e-01 -7.747260089963472172e-03
6.393366598302444581e-01 -6.988519603727323670e-03
6.491892412895989839e-01 -6.236216848161154312e-03
6.590808112105230876e-01 -5.491522157617555709e-03
6.690102702621547603e-01 -4.755620555636014095e-03
6.789765149027036095e-01 -4.029636626370543609e-03
6.889784375020977514e-01 -3.314736989215928339e-03
6.990149264650814542e-01 -2.612369884156966627e-03
7.090848663547572039e-01 -1.924180168970298418e-03
7.191871380165538730e-01 -1.252247461603293519e-03
7.293206187026060050e-01 -5.987231652333221488e-04
7.394841821965345563e-01 3.432896053522294159e-05
7.496766989386134394e-01 6.448167824471236816e-04
7.598970361513051053e-01 1.230534483788094796e-03
7.701440579651563922e-01 1.789294736410344897e-03
7.804166255450371015e-01 2.318985385994809870e-03
7.907135972167069760e-01 2.817410647080995350e-03
8.010338285937002034e-01 3.282213489868691155e-03
8.113761727045106786e-01 3.711184619965510970e-03
8.217394801200630372e-01 4.102346351090880097e-03
8.321225990814590245e-01 4.453320963001728035e-03
8.425243756279822138e-01 4.761125586066509291e-03
8.529436537253458628e-01 5.020678122436741941e-03
8.633792753941731402e-01 5.224698967302495757e-03
8.738300808386934015e-01 5.365366489294784262e-03
8.842949085756387495e-01 5.434556244160786316e-03
8.947725955633289985e-01 5.425376138699613410e-03
9.052619773309316109e-01 5.331515015794722513e-03
9.157618881078770645e-01 5.142715219952465056e-03
9.262711609534211021e-01 4.845020198031273900e-03
9.367886278863364335e-01 4.413671910068797319e-03
9.473131200147204556e-01 3.818439862772534266e-03
9.578434676659028923e-01 3.030633437995221714e-03
9.683785005164411430e-01 2.022590546132651580e-03
9.789170477221889044e-01 7.685817945663031125e-04
9.894579380484205267e-01 -7.551817785229971054e-04
9.999999999999998890e-01 -2.566496895839678188e-03
