9.999999999999998890e-01 2.481045866392934426e-09
9.894579380484205267e-01 4.025111119444776606e-03
9.789170477221889044e-01 7.683517951670363125e-03
9.683785005164411430e-01 1.101306097843412525e-02
9.578434676659028923e-01 1.405226364995882521e-02
9.473131200147204556e-01 1.683956457127261733e-02
9.367886278863364335e-01 1.941278895683481998e-02
9.262711609534211021e-01 2.181009541551795841e-02
9.157618881078770645e-01 2.407061982559243959e-02
9.052619773309316109e-01 2.623225930834097858e-02
8.947725955633289985e-01 2.833007944425914443e-02
8.842949085756387495e-01 3.038405426241803237e-02
8.738300808386934015e-01 3.239070736886302121e-02
8.633792753941731402e-01 3.434575087444335234e-02
8.529436537253458628e-01 3.624657846684522372e-02
8.425243756279822138e-01 3.809020297849430997e-02
8.321225990814590245e-01 3.987308784214762397e-02
8.217394801200630372e-01 4.159193159494408570e-02
8.113761727045106786e-01 4.324369962132832562e-02
8.010338285937002034e-01 4.482560456364256124e-02
7.907135972167069760e-01 4.633528369757058257e-02
7.804166255450371015e-01 4.777328243203277092e-02
7.701440579651563922e-01 4.914206918135605173e-02
7.598970361513051053e-01 5.044377404787837860e-02
7.496766989386134394e-01 5.168033484218901435e-02
7.394841821965345563e-01 5.285385035159497619e-02
7.293206187026060050e-01 5.396648758490484726e-02
7.191871380165538730e-01 5.502035362985299716e-02
7.090848663547572039e-01 5.601751705838459855e-02
6.990149264650814542e-01 5.695996942452473399e-02
6.889784375020977514e-01 5.784922038548551831e-02
6.789765149027036095e-01 5.868480478185394977e-02
6.690102702621547603e-01 5.946578973199663498e-02
6.590808112105230876e-01 6.019147709066005603e-02
6.491892412895989839e-01 6.086119563516953490e-02
6.393366598302444581e-01 6.147420016054214176e-02
6.295241618302156450e-01 6.202983354311774472e-02
6.197528378324663745e-01 6.252768532250699285e-02
6.100237738039482327e-01 6.296723956280048107e-02
6.003380510149177729e-01 6.334770901398026344e-02
5.906967459187653091e-01 6.366968287768348667e-02
5.811009300323815019e-01 6.393615630432128438e-02
5.715516698170692855e-01 6.415059679914951463e-02
5.620500265600203438e-01 6.431680812078634235e-02
5.525970562563653488e-01 6.443845176972951005e-02
5.431938094918128401e-01 6.451898455372342966e-02
5.338413313258880688e-01 6.456181297111295014e-02
5.245406611757882365e-01 6.457030241363471978e-02
5.152928327008634568e-01 6.454777690105018007e-02
5.060988736877365390e-01 6.449750392912861896e-02
4.969598059360780251e-01 6.442244248346511160e-02
4.878766451450451402e-01 6.432527894479174446e-02
4.788504008003974244e-01 6.420815568982740640e-02
4.698820760623064752e-01 6.407288786533124614e-02
4.609726676538650203e-01 6.392129409343080826e-02
4.521231657503131940e-01 6.375519450013411582e-02
4.433345538689928977e-01 6.357639080432056500e-02
4.346078087600411255e-01 6.338663245815362446e-02
4.259439002978354649e-01 6.318741591793060330e-02
4.173437913732044313e-01 6.298022663002959820e-02
4.088084377864137364e-01 6.276691661600687644e-02
4.003387881409395943e-01 6.254904555956838919e-02
3.919357837380436083e-01 6.232663632316472885e-02
3.836003584721576765e-01 6.209882965745292666e-02
3.753334387270930161e-01 6.186314146540158876e-02
3.671359432730831873e-01 6.161701361829369922e-02
3.590087831646743277e-01 6.135853684029755201e-02
3.509528616394713696e-01 6.108587554133022152e-02
3.429690740177547825e-01 6.079712686775292502e-02
3.350583076029753915e-01 6.049052144328926489e-02
3.272214415831418144e-01 6.016455096877043607e-02
3.194593469331089564e-01 5.981778805358773515e-02
3.117728863177794407e-01 5.944889004516616671e-02
3.041629139962280792e-01 5.905664342793304905e-02
2.966302757267624823e-01 5.864002727102209794e-02
2.891758086729252497e-01 5.819897032632732198e-02
2.818003413104546162e-01 5.773442390341704950e-02
2.745046933352085494e-01 5.724739602355584378e-02
2.672896755720651774e-01 5.673889912687517245e-02
2.601560898848094272e-01 5.620994064374297550e-02
2.531047290870154232e-01 5.566152370335483712e-02
2.461363768539343022e-01 5.509464800987241839e-02
2.392518076353984391e-01 5.451031087986559637e-02
2.324517865697500740e-01 5.390950751846573796e-02
2.257370693988056676e-01 5.329323029468727851e-02
2.191084023838638650e-01 5.266245868534333296e-02
2.125665222227673956e-01 5.201816744773359730e-02
2.061121559680280102e-01 5.136133859598934065e-02
1.997460209460230063e-01 5.069294910514775265e-02
1.934688246772731102e-01 5.001393642435347786e-02
1.872812647978095990e-01 4.932523416012095374e-02
1.811840289816407656e-01 4.862781178404512045e-02
1.751777948643248317e-01 4.792261849033689625e-02
1.692632299676588570e-01 4.721050217855043973e-02
1.634409916254914164e-01 4.649235078522302028e-02
1.577117269106679265e-01 4.576922607673383769e-02
1.520760725631161714e-01 4.504202012902997626e-02
1.465346549190801317e-01 4.431114862532250370e-02
1.410880898415101115e-01 4.357621729732161220e-02
1.357369826516168221e-01 4.283538156158895466e-02
1.304819280615971966e-01 4.208695517279546772e-02
1.253235101085391490e-01 4.132979310424696878e-02
1.202623020895129402e-01 4.056296072127607566e-02
1.152988664978553679e-01 3.978574960293188023e-02
1.104337549606562163e-01 3.899760870584323413e-02
1.056675081774507419e-01 3.819817059815387716e-02
1.010006558601274085e-01 3.738750523803860415e-02
9.643371667405697956e-02 3.656619683622145539e-02
9.196719818044885031e-02 3.573641492736457509e-02
8.760159677994161509e-02 3.490160813130262218e-02
8.333739765743386485e-02 3.406498307930198172e-02
7.917507472816209813e-02 3.322950117473732340e-02
7.511509058502996439e-02 3.239762171587418776e-02
7.115789644719716645e-02 3.157156269104273438e-02
6.730393210993146358e-02 3.075396307055876244e-02
6.355362589573076981e-02 2.994743066824552893e-02
5.990739460672012129e-02 2.915296646278000420e-02
5.636564347832906385e-02 2.837143761519368007e-02
5.292876613425423482e-02 2.760659011946765828e-02
4.959714454271368922e-02 2.686051564383392515e-02
4.637114897399441382e-02 2.612345873436358948e-02
4.325113795930202176e-02 2.538130959372700626e-02
4.023745825091396000e-02 2.461616405331688850e-02
3.733044478364233587e-02 2.381183040102107309e-02
3.453042063760936031e-02 2.296002382428270761e-02
3.183769700234129196e-02 2.205498120186576497e-02
2.925257314218321358e-02 2.109352713940668492e-02
2.677533636303963682e-02 2.007469176216180803e-02
2.440626198044326678e-02 1.900131699319329223e-02
2.214561328895736647e-02 1.787781374376091678e-02
1.999364153291383062e-02 1.671053245659735731e-02
1.795058587848985532e-02 1.550719169303157487e-02
1.601667338712764455e-02 1.427726506352467589e-02
1.419211899029970692e-02 1.303104057411248393e-02
1.247712546562085301e-02 1.177966462836660920e-02
1.087188341431266636e-02 1.053478274042802219e-02
9.376571240020115106e-03 9.308510237058800416e-03
7.991355128984078959e-03 8.112988855574109620e-03
6.716389031571567969e-03 6.960340233671673781e-03
5.551814645166519568e-03 5.862345426430230245e-03
4.497761398421062928e-03 4.830465416708452399e-03
3.554346436871580472e-03 3.875424076664228060e-03
2.721674609919344512e-03 3.007365543279116264e-03
1.999838459177394334e-03 2.235357073005407157e-03
1.388918208186096237e-03 1.567715092304851603e-03
8.889817534969424173e-04 1.011405048901379633e-03
5.000846571264760954e-04 5.725259368428163749e-04
2.222701403818971855e-04 2.555618563398575466e-04
5.556907905679420168e-05 6.407246921600308017e-05
0.000000000000000000e+00 -6.894732777673244758e-10
0.000000000000000000e+00 6.388252161681631142e-10
5.556907905679420168e-05 -4.834361053882187928e-05
2.222701403818971855e-04 -1.927000075057721759e-04
5.000846571264760954e-04 -4.312700798415049176e-04
8.889817534969424173e-04 -7.607569222637482458e-04
1.388918208186096237e-03 -1.177008303898584036e-03
1.999838459177394334e-03 -1.674378557923279645e-03
2.721674609919344512e-03 -2.246422208662328390e-03
3.554346436871580472e-03 -2.885447796914316406e-03
4.497761398421062928e-03 -3.583074182635976983e-03
5.551814645166519568e-03 -4.329932439869272828e-03
6.716389031571567969e-03 -5.116126424164882391e-03
7.991355128984078959e-03 -5.931091396829916464e-03
9.376571240020115106e-03 -6.763981977856721450e-03
1.087188341431266636e-02 -7.603657535521868814e-03
1.247712546562085301e-02 -8.438980892035589931e-03
1.419211899029970692e-02 -9.258864162277993456e-03
1.601667338712764455e-02 -1.005268753975942578e-02
1.795058587848985532e-02 -1.081032603118141193e-02
1.999364153291383062e-02 -1.152248932578120270e-02
2.214561328895736647e-02 -1.218067700808687405e-02
2.440626198044326678e-02 -1.277807417455996235e-02
2.677533636303963682e-02 -1.330917886851057386e-02
2.925257314218321358e-02 -1.377034378772164572e-02
3.183769700234129196e-02 -1.415942066638272573e-02
3.453042063760936031e-02 -1.447789642346906935e-02
3.733044478364233587e-02 -1.472935951101986794e-02
4.023745825091396000e-02 -1.491985475436632090e-02
4.325113795930202176e-02 -1.505782494349875572e-02
4.637114897399441382e-02 -1.515924100295489019e-02
4.959714454271368922e-02 -1.524169341045209479e-02
5.292876613425423482e-02 -1.531911301244904926e-02
5.636564347832906385e-02 -1.540125180110554597e-02
5.990739460672012129e-02 -1.548650956618587149e-02
6.355362589573076981e-02 -1.557167630401013608e-02
6.730393210993146358e-02 -1.565622831125609155e-02
7.115789644719716645e-02 -1.573948361066018764e-02
7.511509058502996439e-02 -1.581917910569861918e-02
7.917507472816209813e-02 -1.589296534717790990e-02
8.333739765743386485e-02 -1.595879384049405519e-02
8.760159677994161509e-02 -1.601436052299103074e-02
9.196719818044885031e-02 -1.605685705848369088e-02
9.643371667405697956e-02 -1.608309981117606730e-02
1.010006558601274085e-01 -1.608949789377871892e-02
1.056675081774507419e-01 -1.607441244214214554e-02
1.104337549606562163e-01 -1.603862659318306891e-02
1.152988664978553679e-01 -1.598368712180801496e-02
1.202623020895129402e-01 -1.591179031912075617e-02
1.253235101085391490e-01 -1.582547828403571555e-02
1.304819280615971966e-01 -1.572758877264805386e-02
1.357369826516168221e-01 -1.562128384824239269e-02
1.410880898415101115e-01 -1.551004217194838254e-02
1.465346549190801317e-01 -1.539829709305656075e-02
1.520760725631161714e-01 -1.529072244781644330e-02
1.577117269106679265e-01 -1.518909319534842046e-02
1.634409916254914164e-01 -1.509354540085558992e-02
1.692632299676588570e-01 -1.500311981365056758e-02
1.751777948643248317e-01 -1.491644794939992261e-02
1.811840289816407656e-01 -1.483245663324604148e-02
1.872812647978095990e-01 -1.475005456408864067e-02
1.934688246772731102e-01 -1.466757483952784748e-02
1.997460209460230063e-01 -1.458334795462024568e-02
2.061121559680280102e-01 -1.449634129053492537e-02
2.125665222227673956e-01 -1.440592875732255897e-02
2.191084023838638650e-01 -1.431228758117457887e-02
2.257370693988056676e-01 -1.421568407080825089e-02
2.324517865697500740e-01 -1.411620169571715759e-02
2.392518076353984391e-01 -1.401394520249211496e-02
2.461363768539343022e-01 -1.390913040971167476e-02
2.531047290870154232e-01 -1.380197352700437627e-02
2.601560898848094272e-01 -1.369266516532012708e-02
2.672896755720651774e-01 -1.358142064726487047e-02
2.745046933352085494e-01 -1.346849754547041651e-02
2.818003413104546162e-01 -1.335416220019226136e-02
2.891758086729252497e-01 -1.323868845114375796e-02
2.966302757267624823e-01 -1.312237181392704628e-02
3.041629139962280792e-01 -1.300552166519555568e-02
3.117728863177794407e-01 -1.288826506839327486e-02
3.194593469331089564e-01 -1.277056020680246949e-02
3.272214415831418144e-01 -1.265235436543858671e-02
3.350583076029753915e-01 -1.253359085798608046e-02
3.429690740177547825e-01 -1.241420845523130700e-02
3.509528616394713696e-01 -1.229414199158435951e-02
3.590087831646743277e-01 -1.217331654790584569e-02
3.671359432730831873e-01 -1.205165212861280047e-02
3.753334387270930161e-01 -1.192907050462981879e-02
3.836003584721576765e-01 -1.180549026980907447e-02
3.919357837380436083e-01 -1.168080526785958417e-02
4.003387881409395943e-01 -1.155491202136648202e-02
4.088084377864137364e-01 -1.142776829472396879e-02
4.173437913732044313e-01 -1.129936554065994608e-02
4.259439002978354649e-01 -1.116975496894414242e-02
4.346078087600411255e-01 -1.103899848958805538e-02
4.433345538689928977e-01 -1.090714147644251605e-02
4.521231657503131940e-01 -1.077423052010723949e-02
4.609726676538650203e-01 -1.064032564855095682e-02
4.698820760623064752e-01 -1.050548619725697082e-02
4.788504008003974244e-01 -1.036976439322888355e-02
4.878766451450451402e-01 -1.023321923692620782e-02
4.969598059360780251e-01 -1.009592463310811199e-02
5.060988736877365390e-01 -9.957929209522797462e-03
5.152928327008634568e-01 -9.819236829928357224e-03
5.245406611757882365e-01 -9.679832484755509364e-03
5.338413313258880688e-01 -9.539680879176498998e-03
5.431938094918128401e-01 -9.398747799325535279e-03
5.525970562563653488e-01 -9.257001980748863143e-03
5.620500265600203438e-01 -9.114411287097144015e-03
5.715516698170692855e-01 -8.970942156649805085e-03
5.811009300323815019e-01 -8.826554231960733951e-03
5.906967459187653091e-01 -8.681202917051334886e-03
6.003380510149177729e-01 -8.534861189284731475e-03
6.100237738039482327e-01 -8.387526461573239014e-03
6.197528378324663745e-01 -8.239320005562392191e-03
6.295241618302156450e-01 -8.090433748217632989e-03
6.393366598302444581e-01 -7.941043972734443401e-03
6.491892412895989839e-01 -7.791322090075780867e-03
6.590808112105230876e-01 -7.641461461419310312e-03
6.690102702621547603e-01 -7.491661189658716836e-03
6.789765149027036095e-01 -7.342102389734324330e-03
6.889784375020977514e-01 -7.192970800324915634e-03
6.990149264650814542e-01 -7.044500517072771299e-03
7.090848663547572039e-01 -6.896785938459245972e-03
7.191871380165538730e-01 -6.749354250376235313e-03
7.293206187026060050e-01 -6.601596479050888741e-03
7.394841821965345563e-01 -6.452888354619528560e-03
7.496766989386134394e-01 -6.302576381469055834e-03
7.598970361513051053e-01 -6.149940805198847275e-03
7.701440579651563922e-01 -5.994302509615943159e-03
7.804166255450371015e-01 -5.835088008541917601e-03
7.907135972167069760e-01 -5.671585781101917342e-03
8.010338285937002034e-01 -5.502841443166150114e-03
8.113761727045106786e-01 -5.329162992912190103e-03
8.217394801200630372e-01 -5.152770009840237225e-03
8.321225990814590245e-01 -4.976138455664521482e-03
8.425243756279822138e-01 -4.801878906343794162e-03
8.529436537253458628e-01 -4.632788281030088620e-03
8.633792753941731402e-01 -4.471827858132526243e-03
8.738300808386934015e-01 -4.321531570411398654e-03
8.842949085756387495e-01 -4.184131382508312139e-03
8.947725955633289985e-01 -4.063073813909341345e-03
9.052619773309316109e-01 -3.961194988361171898e-03
9.157618881078770645e-01 -3.864112048077638500e-03
9.262711609534211021e-01 -3.746358702538631850e-03
9.367886278863364335e-01 -3.580368359306691610e-03
9.473131200147204556e-01 -3.337649775447114331e-03
9.578434676659028923e-01 -2.990401108800301404e-03
9.683785005164411430e-01 -2.511048232937924691e-03
9.789170477221889044e-01 -1.871538807296416196e-03
9.894579380484205267e-01 -1.043742080254930153e-03
9.999999999999998890e-01 -1.806084797131269716e-09
