9.999999999999998890e-01 3.553135024430050817e-07
9.894579380484205267e-01 2.971573588561906600e-03
9.789170477221889044e-01 5.368589137479155664e-03
9.683785005164411430e-01 7.635921633595052667e-03
9.578434676659028923e-01 9.881603836734432697e-03
9.473131200147204556e-01 1.213348033386866393e-02
9.367886278863364335e-01 1.438950860068020400e-02
9.262711609534211021e-01 1.665577242190594692e-02
9.157618881078770645e-01 1.896800428188518892e-02
9.052619773309316109e-01 2.134573862302768799e-02
8.947725955633289985e-01 2.377030038024964195e-02
8.842949085756387495e-01 2.623037312033523263e-02
8.738300808386934015e-01 2.873293293317894306e-02
8.633792753941731402e-01 3.128026467279441947e-02
8.529436537253458628e-01 3.386618846932492460e-02
8.425243756279822138e-01 3.648347747032842925e-02
8.321225990814590245e-01 3.912463715488981308e-02
8.217394801200630372e-01 4.178737917963021298e-02
8.113761727045106786e-01 4.447413248401519553e-02
8.010338285937002034e-01 4.718342820898293460e-02
7.907135972167069760e-01 4.991111954820617869e-02
7.804166255450371015e-01 5.266047410596741418e-02
7.701440579651563922e-01 5.543922395915040074e-02
7.598970361513051053e-01 5.824922972337499838e-02
7.496766989386134394e-01 6.108837241479222330e-02
7.394841821965345563e-01 6.394980800016161759e-02
7.293206187026060050e-01 6.682219031244979179e-02
7.191871380165538730e-01 6.967953137502994054e-02
7.090848663547572039e-01 7.249139189208439471e-02
6.990149264650814542e-01 7.523434101730375190e-02
6.889784375020977514e-01 7.788723393733266998e-02
6.789765149027036095e-01 8.042886121819131651e-02
6.690102702621547603e-01 8.284108905587617144e-02
6.590808112105230876e-01 8.511679478304595703e-02
6.491892412895989839e-01 8.725127945879210256e-02
6.393366598302444581e-01 8.923977645684784410e-02
6.295241618302156450e-01 9.107953631886198109e-02
6.197528378324663745e-01 9.277275657318928559e-02
6.100237738039482327e-01 9.432233057079697502e-02
6.003380510149177729e-01 9.573111252714250341e-02
5.906967459187653091e-01 9.700576254000858878e-02
5.811009300323815019e-01 9.815933175972448022e-02
5.715516698170692855e-01 9.920058242085071087e-02
5.620500265600203438e-01 1.001312537274384046e-01
5.525970562563653488e-01 1.009529798446504173e-01
5.431938094918128401e-01 1.016680640239395056e-01
5.338413313258880688e-01 1.022822449101772335e-01
5.245406611757882365e-01 1.028045539780060719e-01
5.152928327008634568e-01 1.032411731909435582e-01
5.060988736877365390e-01 1.035959427772595726e-01
4.969598059360780251e-01 1.038758660700369596e-01
4.878766451450451402e-01 1.040899495646557399e-01
4.788504008003974244e-01 1.042435209376466471e-01
4.698820760623064752e-01 1.043394232837646096e-01
4.609726676538650203e-01 1.043786338284439091e-01
4.521231657503131940e-01 1.043613507291321352e-01
4.433345538689928977e-01 1.042888573732246998e-01
4.346078087600411255e-01 1.041627976454627402e-01
4.259439002978354649e-01 1.039842200661033472e-01
4.173437913732044313e-01 1.037540440058506291e-01
4.088084377864137364e-01 1.034735717156884532e-01
4.003387881409395943e-01 1.031443984364488892e-01
3.919357837380436083e-01 1.027688160552971408e-01
3.836003584721576765e-01 1.023489801154225803e-01
3.753334387270930161e-01 1.018860828541976737e-01
3.671359432730831873e-01 1.013812007439608559e-01
3.590087831646743277e-01 1.008356062226226785e-01
3.509528616394713696e-01 1.002505773205028400e-01
3.429690740177547825e-01 9.962733504628404346e-02
3.350583076029753915e-01 9.896710635353987706e-02
3.272214415831418144e-01 9.827114335405190415e-02
3.194593469331089564e-01 9.754073232092971835e-02
3.117728863177794407e-01 9.677719203717398411e-02
3.041629139962280792e-01 9.598123978901515474e-02
2.966302757267624823e-01 9.515284514824559614e-02
2.891758086729252497e-01 9.429283100149937757e-02
2.818003413104546162e-01 9.340292890533341552e-02
2.745046933352085494e-01 9.248340546602554224e-02
2.672896755720651774e-01 9.153325047584162655e-02
2.601560898848094272e-01 9.055313681727074349e-02
2.531047290870154232e-01 8.954502884289711195e-02
2.461363768539343022e-01 8.851029875105681510e-02
2.392518076353984391e-01 8.745000089335570881e-02
2.324517865697500740e-01 8.636604283450061148e-02
2.257370693988056676e-01 8.526048693259200006e-02
2.191084023838638650e-01 8.413300145637223060e-02
2.125665222227673956e-01 8.298255500064508072e-02
2.061121559680280102e-01 8.181057423096939341e-02
1.997460209460230063e-01 8.061895861427537113e-02
1.934688246772731102e-01 7.940725197247171241e-02
1.872812647978095990e-01 7.817462757061714729e-02
1.811840289816407656e-01 7.692180968731407442e-02
1.751777948643248317e-01 7.565003877528164722e-02
1.692632299676588570e-01 7.436094233877180160e-02
1.634409916254914164e-01 7.305647449953948935e-02
1.577117269106679265e-01 7.173927564319688976e-02
1.520760725631161714e-01 7.041112581649761060e-02
1.465346549190801317e-01 6.907149338744669742e-02
1.410880898415101115e-01 6.771864919188469445e-02
1.357369826516168221e-01 6.634920670109713259e-02
1.304819280615971966e-01 6.496252129866041114e-02
1.253235101085391490e-01 6.356274618823873346e-02
1.202623020895129402e-01 6.215313711457968321e-02
1.152988664978553679e-01 6.073512771146018230e-02
1.104337549606562163e-01 5.931118341875982886e-02
1.056675081774507419e-01 5.788488555288269499e-02
1.010006558601274085e-01 5.645443316078533474e-02
9.643371667405697956e-02 5.501304891103851735e-02
9.196719818044885031e-02 5.356029530690444018e-02
8.760159677994161509e-02 5.210094929129353153e-02
8.333739765743386485e-02 5.063691093067546750e-02
7.917507472816209813e-02 4.916831608001723253e-02
7.511509058502996439e-02 4.769898742276048459e-02
7.115789644719716645e-02 4.623406064576492114e-02
6.730393210993146358e-02 4.477144070436063494e-02
6.355362589573076981e-02 4.330575307432647791e-02
5.990739460672012129e-02 4.183356968208352955e-02
5.636564347832906385e-02 4.035346434133169069e-02
5.292876613425423482e-02 3.887054153860527300e-02
4.959714454271368922e-02 3.739139614143591195e-02
4.637114897399441382e-02 3.591933425966898491e-02
4.325113795930202176e-02 3.445733781915688576e-02
4.023745825091396000e-02 3.301060741378297747e-02
3.733044478364233587e-02 3.158040309625698844e-02
3.453042063760936031e-02 3.015441087768742229e-02
3.183769700234129196e-02 2.872523407763652101e-02
2.925257314218321358e-02 2.730439357821190516e-02
2.677533636303963682e-02 2.589877730367113814e-02
2.440626198044326678e-02 2.449940696841413149e-02
2.214561328895736647e-02 2.310409860825704195e-02
1.999364153291383062e-02 2.172602101158887383e-02
1.795058587848985532e-02 2.037052995962908980e-02
1.601667338712764455e-02 1.902928576623252530e-02
1.419211899029970692e-02 1.770022504796855620e-02
1.247712546562085301e-02 1.639042762353483743e-02
1.087188341431266636e-02 1.510547315170796684e-02
9.376571240020115106e-03 1.384797454747474336e-02
7.991355128984078959e-03 1.260583937671810872e-02
6.716389031571567969e-03 1.135696925060920848e-02
5.551814645166519568e-03 1.012135815235319994e-02
4.497761398421062928e-03 8.944129294786671083e-03
3.554346436871580472e-03 7.795273675290238791e-03
2.721674609919344512e-03 6.611606988879286523e-03
1.999838459177394334e-03 5.461144104895190865e-03
1.388918208186096237e-03 4.448833853406575570e-03
8.889817534969424173e-04 3.441532302197378851e-03
5.000846571264760954e-04 2.263655350463006539e-03
2.222701403818971855e-04 1.112674425625644449e-03
5.556907905679420168e-05 2.982339331522302532e-04
0.000000000000000000e+00 8.894652567990954999e-06
0.000000000000000000e+00 -1.343324766373518074e-05
5.556907905679420168e-05 -2.584636226553257998e-04
2.222701403818971855e-04 -9.398061130615095434e-04
5.000846571264760954e-04 -1.863944437417057627e-03
8.889817534969424173e-04 -2.716792678036883575e-03
1.388918208186096237e-03 -3.301627710181059914e-03
1.999838459177394334e-03 -3.808633339101980941e-03
2.721674609919344512e-03 -4.387304245530234889e-03
3.554346436871580472e-03 -4.947664701491529850e-03
4.497761398421062928e-03 -5.430872469777801512e-03
5.551814645166519568e-03 -5.898769289123724849e-03
6.716389031571567969e-03 -6.385757734287461282e-03
7.991355128984078959e-03 -6.861870229561370729e-03
9.376571240020115106e-03 -7.314503194300610300e-03
1.087188341431266636e-02 -7.761642217694773686e-03
1.247712546562085301e-02 -8.215178004128772041e-03
1.419211899029970692e-02 -8.677500019414767854e-03
1.601667338712764455e-02 -9.145913026797609577e-03
1.795058587848985532e-02 -9.613447118613119985e-03
1.999364153291383062e-02 -1.007435147409870176e-02
2.214561328895736647e-02 -1.052395546283194268e-02
2.440626198044326678e-02 -1.095717332864490530e-02
2.677533636303963682e-02 -1.136973140851439516e-02
2.925257314218321358e-02 -1.176829228906504932e-02
3.183769700234129196e-02 -1.216408176309084939e-02
3.453042063760936031e-02 -1.255537583333732679e-02
3.733044478364233587e-02 -1.293594324019912110e-02
4.023745825091396000e-02 -1.331029377749576997e-02
4.325113795930202176e-02 -1.368583576972121421e-02
4.637114897399441382e-02 -1.406280744090587786e-02
4.959714454271368922e-02 -1.443926345218971355e-02
5.292876613425423482e-02 -1.481399004592398420e-02
5.636564347832906385e-02 -1.518583332498352374e-02
5.990739460672012129e-02 -1.555314754914796996e-02
6.355362589573076981e-02 -1.591432592577701408e-02
6.730393210993146358e-02 -1.626819653115357464e-02
7.115789644719716645e-02 -1.661334808536631819e-02
7.511509058502996439e-02 -1.694759655982298538e-02
7.917507472816209813e-02 -1.726926931763344067e-02
8.333739765743386485e-02 -1.757800264619704955e-02
8.760159677994161509e-02 -1.787628389110771168e-02
9.196719818044885031e-02 -1.817110416194397948e-02
9.643371667405697956e-02 -1.846585072476966335e-02
1.010006558601274085e-01 -1.875816295097938735e-02
1.056675081774507419e-01 -1.904667631211468676e-02
1.104337549606562163e-01 -1.933172574990837944e-02
1.152988664978553679e-01 -1.961285393444919117e-02
1.202623020895129402e-01 -1.988873467781133650e-02
1.253235101085391490e-01 -2.015874830813894555e-02
1.304819280615971966e-01 -2.042284399278810475e-02
1.357369826516168221e-01 -2.067999818611069435e-02
1.410880898415101115e-01 -2.092868074742009268e-02
1.465346549190801317e-01 -2.116963156633990331e-02
1.520760725631161714e-01 -2.140489473001453563e-02
1.577117269106679265e-01 -2.163577994202041735e-02
1.634409916254914164e-01 -2.186303912872526733e-02
1.692632299676588570e-01 -2.208621508944085682e-02
1.751777948643248317e-01 -2.230443047089028866e-02
1.811840289816407656e-01 -2.251733821229267435e-02
1.872812647978095990e-01 -2.272472955649316312e-02
1.934688246772731102e-01 -2.292616291210263640e-02
1.997460209460230063e-01 -2.312113649244047775e-02
2.061121559680280102e-01 -2.330917876852814027e-02
2.125665222227673956e-01 -2.348986797262443346e-02
2.191084023838638650e-01 -2.366291802313897491e-02
2.257370693988056676e-01 -2.382856523476296201e-02
2.324517865697500740e-01 -2.398834299733458228e-02
2.392518076353984391e-01 -2.414326276754466191e-02
2.461363768539343022e-01 -2.429273901328255630e-02
2.531047290870154232e-01 -2.443622520845766324e-02
2.601560898848094272e-01 -2.457362860634711502e-02
2.672896755720651774e-01 -2.470475184076427119e-02
2.745046933352085494e-01 -2.482916619822514090e-02
2.818003413104546162e-01 -2.494655220566580067e-02
2.891758086729252497e-01 -2.505675047809882705e-02
2.966302757267624823e-01 -2.515943774082806880e-02
3.041629139962280792e-01 -2.525413531787417190e-02
3.117728863177794407e-01 -2.534104876192616249e-02
3.194593469331089564e-01 -2.542098098993742644e-02
3.272214415831418144e-01 -2.549415239131971878e-02
3.350583076029753915e-01 -2.556031540206720257e-02
3.429690740177547825e-01 -2.561923264173709622e-02
3.509528616394713696e-01 -2.567068115816174834e-02
3.590087831646743277e-01 -2.571443610930813223e-02
3.671359432730831873e-01 -2.575027213087907954e-02
3.753334387270930161e-01 -2.577796878204526368e-02
3.836003584721576765e-01 -2.579730753370656007e-02
3.919357837380436083e-01 -2.580806771386255638e-02
4.003387881409395943e-01 -2.581003010099667400e-02
4.088084377864137364e-01 -2.580298696073574441e-02
4.173437913732044313e-01 -2.578673099048194028e-02
4.259439002978354649e-01 -2.576104161574641060e-02
4.346078087600411255e-01 -2.572570481417289084e-02
4.433345538689928977e-01 -2.568054079334797582e-02
4.521231657503131940e-01 -2.562535818528584655e-02
4.609726676538650203e-01 -2.555991232762659313e-02
4.698820760623064752e-01 -2.548399490129528433e-02
4.788504008003974244e-01 -2.539750426881064171e-02
4.878766451450451402e-01 -2.530026611976064765e-02
4.969598059360780251e-01 -2.519192444518191312e-02
5.060988736877365390e-01 -2.507146008421577352e-02
5.152928327008634568e-01 -2.493681809730525015e-02
5.245406611757882365e-01 -2.478676698036124185e-02
5.338413313258880688e-01 -2.462134304514935687e-02
5.431938094918128401e-01 -2.444050517250147617e-02
5.525970562563653488e-01 -2.424400906518093396e-02
5.620500265600203438e-01 -2.403150103817818309e-02
5.715516698170692855e-01 -2.380256374688331442e-02
5.811009300323815019e-01 -2.355732789220535070e-02
5.906967459187653091e-01 -2.329615828631479563e-02
6.003380510149177729e-01 -2.301652074338420007e-02
6.100237738039482327e-01 -2.271395436742195892e-02
6.197528378324663745e-01 -2.238509037149406800e-02
6.295241618302156450e-01 -2.202768906546833869e-02
6.393366598302444581e-01 -2.164333386141032572e-02
6.491892412895989839e-01 -2.123429728813967104e-02
6.590808112105230876e-01 -2.079490603714395300e-02
6.690102702621547603e-01 -2.031631571419136376e-02
6.789765149027036095e-01 -1.979019607709447612e-02
6.889784375020977514e-01 -1.920795872911684049e-02
6.990149264650814542e-01 -1.855905245330608314e-02
7.090848663547572039e-01 -1.783291512736977572e-02
7.191871380165538730e-01 -1.702098724347210143e-02
7.293206187026060050e-01 -1.611914660972745342e-02
7.394841821965345563e-01 -1.513538110143028241e-02
7.496766989386134394e-01 -1.407217706675585600e-02
7.598970361513051053e-01 -1.291240380429950138e-02
7.701440579651563922e-01 -1.165571706476226273e-02
7.804166255450371015e-01 -1.034357681741349989e-02
7.907135972167069760e-01 -9.022304049427911504e-03
8.010338285937002034e-01 -7.737040520204379289e-03
8.113761727045106786e-01 -6.510284548232320515e-03
8.217394801200630372e-01 -5.331311628846403805e-03
8.321225990814590245e-01 -4.193027290677907304e-03
8.425243756279822138e-01 -3.096642362675676528e-03
8.529436537253458628e-01 -2.054385973816328943e-03
8.633792753941731402e-01 -1.089356628379816805e-03
8.738300808386934015e-01 -2.213875914139712354e-04
8.842949085756387495e-01 5.341322688770694686e-04
8.947725955633289985e-01 1.177398429750554877e-03
9.052619773309316109e-01 1.718559510292399194e-03
9.157618881078770645e-01 2.149653616165330631e-03
9.262711609534211021e-01 2.452861866737642352e-03
9.367886278863364335e-01 2.625797739965840798e-03
9.473131200147204556e-01 2.671900157926290591e-03
9.578434676659028923e-01 2.577009293071378694e-03
9.683785005164411430e-01 2.320376362447900982e-03
9.789170477221889044e-01 1.888437471070724067e-03
9.894579380484205267e-01 1.219050219315986981e-03
9.999999999999998890e-01 9.715434126974194717e-07
