9.999999999999998890e-01 5.011336946891327298e-10
9.894579380484205267e-01 2.193109820598859640e-03
9.789170477221889044e-01 4.317590948785793477e-03
9.683785005164411430e-01 6.379753189342934720e-03
9.578434676659028923e-01 8.386043954663453467e-03
9.473131200147204556e-01 1.034289440116757317e-02
9.367886278863364335e-01 1.225661439389872688e-02
9.262711609534211021e-01 1.413358402120510129e-02
9.157618881078770645e-01 1.598038635795828374e-02
9.052619773309316109e-01 1.780336133136716306e-02
8.947725955633289985e-01 1.960828221469669563e-02
8.842949085756387495e-01 2.139745090218338891e-02
8.738300808386934015e-01 2.316775981453237515e-02
8.633792753941731402e-01 2.491589621640586186e-02
8.529436537253458628e-01 2.663891270074339804e-02
8.425243756279822138e-01 2.833381434187985312e-02
8.321225990814590245e-01 2.999752734881369273e-02
8.217394801200630372e-01 3.162704661756757935e-02
8.113761727045106786e-01 3.321944373435813114e-02
8.010338285937002034e-01 3.477190821997550030e-02
7.907135972167069760e-01 3.628180802951296718e-02
7.804166255450371015e-01 3.774757973626740454e-02
7.701440579651563922e-01 3.916837188945201942e-02
7.598970361513051053e-01 4.054326548061721464e-02
7.496766989386134394e-01 4.187130950505774801e-02
7.394841821965345563e-01 4.315166340983883630e-02
7.293206187026060050e-01 4.438353735053411631e-02
7.191871380165538730e-01 4.556612892962674799e-02
7.090848663547572039e-01 4.669865886968389834e-02
6.990149264650814542e-01 4.778049630264719766e-02
6.889784375020977514e-01 4.881176749429531198e-02
6.789765149027036095e-01 4.979566247735738027e-02
6.690102702621547603e-01 5.073612795770676004e-02
6.590808112105230876e-01 5.163685695954908783e-02
6.491892412895989839e-01 5.250152469165023095e-02
6.393366598302444581e-01 5.333391929056998521e-02
6.295241618302156450e-01 5.413768346260747211e-02
6.197528378324663745e-01 5.491605702448897064e-02
6.100237738039482327e-01 5.567249260783116438e-02
6.003380510149177729e-01 5.641096914925760458e-02
5.906967459187653091e-01 5.713328507762722303e-02
5.811009300323815019e-01 5.783740481214354190e-02
5.715516698170692855e-01 5.852041148884530586e-02
5.620500265600203438e-01 5.917866921061469554e-02
5.525970562563653488e-01 5.980878786416350679e-02
5.431938094918128401e-01 6.040774434172316298e-02
5.338413313258880688e-01 6.097261564832828079e-02
5.245406611757882365e-01 6.150055672811575308e-02
5.152928327008634568e-01 6.198869309082791906e-02
5.060988736877365390e-01 6.243418044903253222e-02
4.969598059360780251e-01 6.283497330847472029e-02
4.878766451450451402e-01 6.318978986101697615e-02
4.788504008003974244e-01 6.349934985369538876e-02
4.698820760623064752e-01 6.376552793860543189e-02
4.609726676538650203e-01 6.398973546896535858e-02
4.521231657503131940e-01 6.417317406710257299e-02
4.433345538689928977e-01 6.431729068796855631e-02
4.346078087600411255e-01 6.442359616711969272e-02
4.259439002978354649e-01 6.449336576589462244e-02
4.173437913732044313e-01 6.452784771073788450e-02
4.088084377864137364e-01 6.452855377538871395e-02
4.003387881409395943e-01 6.449688009101151032e-02
3.919357837380436083e-01 6.443348158923260793e-02
3.836003584721576765e-01 6.433855081402962972e-02
3.753334387270930161e-01 6.421137951733851823e-02
3.671359432730831873e-01 6.405121295926315128e-02
3.590087831646743277e-01 6.385764186961680189e-02
3.509528616394713696e-01 6.363030721161369585e-02
3.429690740177547825e-01 6.336883816683205883e-02
3.350583076029753915e-01 6.307293782334143228e-02
3.272214415831418144e-01 6.274244796047104278e-02
3.194593469331089564e-01 6.237727039151424319e-02
3.117728863177794407e-01 6.197737765113538189e-02
3.041629139962280792e-01 6.154279508468388921e-02
2.966302757267624823e-01 6.107362901469941957e-02
2.891758086729252497e-01 6.057053997443403309e-02
2.818003413104546162e-01 6.003478867377478462e-02
2.745046933352085494e-01 5.946769226472186504e-02
2.672896755720651774e-01 5.887059183168850962e-02
2.601560898848094272e-01 5.824482645802536024e-02
2.531047290870154232e-01 5.759173105401719367e-02
2.461363768539343022e-01 5.691261770644434614e-02
2.392518076353984391e-01 5.620878848495593910e-02
2.324517865697500740e-01 5.548159068818404871e-02
2.257370693988056676e-01 5.473238148891348270e-02
2.191084023838638650e-01 5.396240428143819767e-02
2.125665222227673956e-01 5.317288763646337013e-02
2.061121559680280102e-01 5.236529074293970465e-02
1.997460209460230063e-01 5.154098919470149337e-02
1.934688246772731102e-01 5.070049095569861136e-02
1.872812647978095990e-01 4.984382519295859487e-02
1.811840289816407656e-01 4.897016803532757562e-02
1.751777948643248317e-01 4.807867708317318384e-02
1.692632299676588570e-01 4.716920556155890232e-02
1.634409916254914164e-01 4.624164464593726737e-02
1.577117269106679265e-01 4.529557379059949429e-02
1.520760725631161714e-01 4.433101306895490673e-02
1.465346549190801317e-01 4.334916318495291021e-02
1.410880898415101115e-01 4.235347454558265751e-02
1.357369826516168221e-01 4.135146923008734682e-02
1.304819280615971966e-01 4.035045980680605077e-02
1.253235101085391490e-01 3.935662579546369416e-02
1.202623020895129402e-01 3.837557998287643990e-02
1.152988664978553679e-01 3.741229087487033672e-02
1.104337549606562163e-01 3.647151181538670767e-02
1.056675081774507419e-01 3.555773777921333867e-02
1.010006558601274085e-01 3.467406461890665259e-02
9.643371667405697956e-02 3.382156893436717715e-02
9.196719818044885031e-02 3.299027610562642321e-02
8.760159677994161509e-02 3.216133695585255553e-02
8.333739765743386485e-02 3.131884620248534534e-02
7.917507472816209813e-02 3.044944428473833967e-02
7.511509058502996439e-02 2.954283798576001069e-02
7.115789644719716645e-02 2.859232917306640809e-02
6.730393210993146358e-02 2.760625023964951782e-02
6.355362589573076981e-02 2.659977211068953809e-02
5.990739460672012129e-02 2.558443008065397484e-02
5.636564347832906385e-02 2.457024239250535716e-02
5.292876613425423482e-02 2.356720317972395284e-02
4.959714454271368922e-02 2.258403466757382891e-02
4.637114897399441382e-02 2.162376987207104834e-02
4.325113795930202176e-02 2.068707212953000210e-02
4.023745825091396000e-02 1.977175075922623856e-02
3.733044478364233587e-02 1.887552965293986043e-02
3.453042063760936031e-02 1.799788626584450726e-02
3.183769700234129196e-02 1.713863800952229038e-02
2.925257314218321358e-02 1.629762143293055424e-02
2.677533636303963682e-02 1.547506123651785047e-02
2.440626198044326678e-02 1.467191877860826200e-02
2.214561328895736647e-02 1.388271854576091438e-02
1.999364153291383062e-02 1.309054444536850159e-02
1.795058587848985532e-02 1.228161594675118186e-02
1.601667338712764455e-02 1.144863228989049381e-02
1.419211899029970692e-02 1.058846418592264242e-02
1.247712546562085301e-02 9.702653880544002615e-03
1.087188341431266636e-02 8.795857682973681757e-03
9.376571240020115106e-03 7.875808262279094044e-03
7.991355128984078959e-03 6.952275670841385861e-03
6.716389031571567969e-03 6.036778939003786641e-03
5.551814645166519568e-03 5.141832337803783036e-03
4.497761398421062928e-03 4.280651653046078052e-03
3.554346436871580472e-03 3.466468453290390793e-03
2.721674609919344512e-03 2.712415037548077199e-03
1.999838459177394334e-03 2.030737687197057412e-03
1.388918208186096237e-03 1.432994400132714223e-03
8.889817534969424173e-04 9.291417244103523151e-04
5.000846571264760954e-04 5.280525673149381828e-04
2.222701403818971855e-04 2.363551315708742545e-04
5.556907905679420168e-05 5.936318518250888139e-05
0.000000000000000000e+00 -1.023685105946867877e-09
0.000000000000000000e+00 1.067908404643630858e-09
5.556907905679420168e-05 -4.921959811200999713e-05
2.222701403818971855e-04 -1.957579496626354388e-04
5.000846571264760954e-04 -4.366364565293503054e-04
8.889817534969424173e-04 -7.664271359170254363e-04
1.388918208186096237e-03 -1.178351380905409002e-03
1.999838459177394334e-03 -1.663320090846813828e-03
2.721674609919344512e-03 -2.211104126730952749e-03
3.554346436871580472e-03 -2.809769757007798616e-03
4.497761398421062928e-03 -3.446624409441923203e-03
5.551814645166519568e-03 -4.107980935745127009e-03
6.716389031571567969e-03 -4.779923674041606542e-03
7.991355128984078959e-03 -5.448363951394000378e-03
9.376571240020115106e-03 -6.099790539649242727e-03
1.087188341431266636e-02 -6.721534066666944897e-03
1.247712546562085301e-02 -7.302382073892940868e-03
1.419211899029970692e-02 -7.832836164539679763e-03
1.601667338712764455e-02 -8.306337100302098667e-03
1.795058587848985532e-02 -8.719281378591493825e-03
1.999364153291383062e-02 -9.072031259039095227e-03
2.214561328895736647e-02 -9.368591078937019145e-03
2.440626198044326678e-02 -9.619837808978780672e-03
2.677533636303963682e-02 -9.840309235049735093e-03
2.925257314218321358e-02 -1.003555518338074444e-02
3.183769700234129196e-02 -1.020608451366751546e-02
3.453042063760936031e-02 -1.035321222237741041e-02
3.733044478364233587e-02 -1.047886129641232428e-02
4.023745825091396000e-02 -1.058622333833790681e-02
4.325113795930202176e-02 -1.067961334242563051e-02
4.637114897399441382e-02 -1.076662293150875555e-02
4.959714454271368922e-02 -1.085538494828345094e-02
5.292876613425423482e-02 -1.095173176147550519e-02
5.636564347832906385e-02 -1.105867896391328140e-02
5.990739460672012129e-02 -1.117142960866703179e-02
6.355362589573076981e-02 -1.128380068554590485e-02
6.730393210993146358e-02 -1.139063787339975389e-02
7.115789644719716645e-02 -1.148568851555857237e-02
7.511509058502996439e-02 -1.155959070885037403e-02
7.917507472816209813e-02 -1.160626658399583136e-02
8.333739765743386485e-02 -1.162727115869297521e-02
8.760159677994161509e-02 -1.162599452710451862e-02
9.196719818044885031e-02 -1.160739634330495464e-02
9.643371667405697956e-02 -1.157755402892382546e-02
1.010006558601274085e-01 -1.154381741583396410e-02
1.056675081774507419e-01 -1.150999852187803776e-02
1.104337549606562163e-01 -1.147547591227786323e-02
1.152988664978553679e-01 -1.143837825787392612e-02
1.202623020895129402e-01 -1.139582742051687726e-02
1.253235101085391490e-01 -1.134487374781135982e-02
1.304819280615971966e-01 -1.128251826873434734e-02
1.357369826516168221e-01 -1.120539785556872933e-02
1.410880898415101115e-01 -1.110982377427498398e-02
1.465346549190801317e-01 -1.099142835113916736e-02
1.520760725631161714e-01 -1.084566499069967820e-02
1.577117269106679265e-01 -1.066996893808362656e-02
1.634409916254914164e-01 -1.046288261858471097e-02
1.692632299676588570e-01 -1.022360405247942951e-02
1.751777948643248317e-01 -9.951602397749151688e-03
1.811840289816407656e-01 -9.646321695299140547e-03
1.872812647978095990e-01 -9.307161678862403351e-03
1.934688246772731102e-01 -8.933358107668832801e-03
1.997460209460230063e-01 -8.524418116489435038e-03
2.061121559680280102e-01 -8.081077310107051895e-03
2.125665222227673956e-01 -7.604976219394359721e-03
2.191084023838638650e-01 -7.099688180392369277e-03
2.257370693988056676e-01 -6.569184673377754212e-03
2.324517865697500740e-01 -6.017480665728670505e-03
2.392518076353984391e-01 -5.448893544695791735e-03
2.461363768539343022e-01 -4.868388044611451221e-03
2.531047290870154232e-01 -4.281209578891909465e-03
2.601560898848094272e-01 -3.692965886390375905e-03
2.672896755720651774e-01 -3.109621087696130652e-03
2.745046933352085494e-01 -2.537635251595249299e-03
2.818003413104546162e-01 -1.983819535441026967e-03
2.891758086729252497e-01 -1.455398726953299748e-03
2.966302757267624823e-01 -9.599998830348449065e-04
3.041629139962280792e-01 -5.053909493582101932e-04
3.117728863177794407e-01 -9.404010782662837779e-05
3.194593469331089564e-01 2.764933538651350537e-04
3.272214415831418144e-01 6.091447369729128657e-04
3.350583076029753915e-01 9.071091674288316682e-04
3.429690740177547825e-01 1.173791072078521954e-03
3.509528616394713696e-01 1.412777411416308616e-03
3.590087831646743277e-01 1.628127883442628343e-03
3.671359432730831873e-01 1.824159583446948417e-03
3.753334387270930161e-01 2.005189419311649308e-03
3.836003584721576765e-01 2.175701240162268481e-03
3.919357837380436083e-01 2.341217126091291525e-03
4.003387881409395943e-01 2.507210713152116955e-03
4.088084377864137364e-01 2.676910305983238973e-03
4.173437913732044313e-01 2.852330084879305984e-03
4.259439002978354649e-01 3.033380817119808899e-03
4.346078087600411255e-01 3.219606555329634131e-03
4.433345538689928977e-01 3.411167494251517857e-03
4.521231657503131940e-01 3.608268467108972574e-03
4.609726676538650203e-01 3.810867809122485059e-03
4.698820760623064752e-01 4.018890683080495602e-03
4.788504008003974244e-01 4.232286742741085683e-03
4.878766451450451402e-01 4.451102092830234135e-03
4.969598059360780251e-01 4.675555948853552662e-03
5.060988736877365390e-01 4.905238566128123680e-03
5.152928327008634568e-01 5.138663200855866572e-03
5.245406611757882365e-01 5.373834986366762649e-03
5.338413313258880688e-01 5.608195204642043609e-03
5.431938094918128401e-01 5.839175497767059610e-03
5.525970562563653488e-01 6.064241839051038446e-03
5.620500265600203438e-01 6.280804091098140390e-03
5.715516698170692855e-01 6.486201304603797513e-03
5.811009300323815019e-01 6.677541752146514721e-03
5.906967459187653091e-01 6.851779789859364228e-03
6.003380510149177729e-01 7.006326602947685056e-03
6.100237738039482327e-01 7.139221256966932390e-03
6.197528378324663745e-01 7.251637690910718408e-03
6.295241618302156450e-01 7.346541158988420354e-03
6.393366598302444581e-01 7.426526849106197814e-03
6.491892412895989839e-01 7.494052987415745701e-03
6.590808112105230876e-01 7.551956825484975808e-03
6.690102702621547603e-01 7.603199028088211166e-03
6.789765149027036095e-01 7.650561654500504308e-03
6.889784375020977514e-01 7.696880128372752226e-03
6.990149264650814542e-01 7.745503843663056887e-03
7.090848663547572039e-01 7.798225022741802140e-03
7.191871380165538730e-01 7.850539313287918305e-03
7.293206187026060050e-01 7.896361545974901752e-03
7.394841821965345563e-01 7.929225679313754369e-03
7.496766989386134394e-01 7.942502577384656301e-03
7.598970361513051053e-01 7.929334511367342256e-03
7.701440579651563922e-01 7.882962607488648230e-03
7.804166255450371015e-01 7.796904495691284361e-03
7.907135972167069760e-01 7.664122137326236095e-03
8.010338285937002034e-01 7.476642995068887021e-03
8.113761727045106786e-01 7.232109540059082110e-03
8.217394801200630372e-01 6.936657305743089419e-03
8.321225990814590245e-01 6.598002726706982297e-03
8.425243756279822138e-01 6.224975145300261185e-03
8.529436537253458628e-01 5.826324065299108047e-03
8.633792753941731402e-01 5.410641599880524483e-03
8.738300808386934015e-01 4.986522136510099408e-03
8.842949085756387495e-01 4.562613767779660247e-03
8.947725955633289985e-01 4.148211490894353551e-03
9.052619773309316109e-01 3.752223801569236177e-03
9.157618881078770645e-01 3.373759184187130437e-03
9.262711609534211021e-01 3.005620541853455414e-03
9.367886278863364335e-01 2.639432027231298529e-03
9.473131200147204556e-01 2.266303825581233913e-03
9.578434676659028923e-01 1.877764054407397723e-03
9.683785005164411430e-01 1.465479326837658717e-03
9.789170477221889044e-01 1.020830118100242174e-03
9.894579380484205267e-01 5.351437377691907601e-04
9.999999999999998890e-01 1.047467044657505735e-09
