9.999999999999998890e-01 1.122669494931760412e-05
9.894579380484205267e-01 2.427926702602458266e-04
9.789170477221889044e-01 6.273992060654449282e-04
9.683785005164411430e-01 9.882366024473970660e-04
9.578434676659028923e-01 1.337558954275377011e-03
9.473131200147204556e-01 1.713115902022426451e-03
9.367886278863364335e-01 2.116196920232529376e-03
9.262711609534211021e-01 2.545368670788759283e-03
9.157618881078770645e-01 3.006938453213664746e-03
9.052619773309316109e-01 3.505529502059389572e-03
8.947725955633289985e-01 4.040573476278135415e-03
8.842949085756387495e-01 4.611769594436427103e-03
8.738300808386934015e-01 5.220147685390954563e-03
8.633792753941731402e-01 5.866361227845693325e-03
8.529436537253458628e-01 6.550393603284159448e-03
8.425243756279822138e-01 7.271935965567782184e-03
8.321225990814590245e-01 8.030384995400209960e-03
8.217394801200630372e-01 8.824759077980855876e-03
8.113761727045106786e-01 9.653742731611141339e-03
8.010338285937002034e-01 1.051619199601569292e-02
7.907135972167069760e-01 1.141110065757882687e-02
7.804166255450371015e-01 1.233733309365267483e-02
7.701440579651563922e-01 1.329358027044220091e-02
7.598970361513051053e-01 1.427771455542379934e-02
7.496766989386134394e-01 1.528713931283959097e-02
7.394841821965345563e-01 1.631921038338061611e-02
7.293206187026060050e-01 1.737128864557390545e-02
7.191871380165538730e-01 1.844089603879733516e-02
7.090848663547572039e-01 1.952557762055763188e-02
6.990149264650814542e-01 2.062266481451428823e-02
6.889784375020977514e-01 2.172966790116814470e-02
6.789765149027036095e-01 2.284517350952405129e-02
6.690102702621547603e-01 2.396822735525358516e-02
6.590808112105230876e-01 2.509847382048522452e-02
6.491892412895989839e-01 2.623563588885820946e-02
6.393366598302444581e-01 2.737927630302504703e-02
6.295241618302156450e-01 2.852893267039652292e-02
6.197528378324663745e-01 2.968415315391447623e-02
6.100237738039482327e-01 3.084455358057299618e-02
6.003380510149177729e-01 3.200987822260087379e-02
5.906967459187653091e-01 3.317942498048331856e-02
5.811009300323815019e-01 3.435170084641746280e-02
5.715516698170692855e-01 3.552494566450357938e-02
5.620500265600203438e-01 3.669713036153193081e-02
5.525970562563653488e-01 3.786632335182881642e-02
5.431938094918128401e-01 3.903073731942315050e-02
5.338413313258880688e-01 4.018862962437062120e-02
5.245406611757882365e-01 4.133829389547657995e-02
5.152928327008634568e-01 4.247801606344644987e-02
5.060988736877365390e-01 4.360610507492124893e-02
4.969598059360780251e-01 4.472129364406961932e-02
4.878766451450451402e-01 4.582276996643153827e-02
4.788504008003974244e-01 4.691132734898260243e-02
4.698820760623064752e-01 4.798854309776626192e-02
4.609726676538650203e-01 4.905438065126377367e-02
4.521231657503131940e-01 5.010780699235582031e-02
4.433345538689928977e-01 5.114662599414404598e-02
4.346078087600411255e-01 5.216820327443977279e-02
4.259439002978354649e-01 5.317021145044489860e-02
4.173437913732044313e-01 5.415051350235376704e-02
4.088084377864137364e-01 5.510735213505565250e-02
4.003387881409395943e-01 5.603868711278289783e-02
3.919357837380436083e-01 5.694096307869293133e-02
3.836003584721576765e-01 5.780991565982826486e-02
3.753334387270930161e-01 5.864018864047828433e-02
3.671359432730831873e-01 5.942680670186629294e-02
3.590087831646743277e-01 6.016636209583851869e-02
3.509528616394713696e-01 6.085589282280843421e-02
3.429690740177547825e-01 6.149285767947909598e-02
3.350583076029753915e-01 6.207495402069432289e-02
3.272214415831418144e-01 6.260021308336248536e-02
3.194593469331089564e-01 6.306666536250087052e-02
3.117728863177794407e-01 6.347231315405689467e-02
3.041629139962280792e-01 6.381620620073123751e-02
2.966302757267624823e-01 6.409878964461404594e-02
2.891758086729252497e-01 6.432161923564842787e-02
2.818003413104546162e-01 6.448730511542419275e-02
2.745046933352085494e-01 6.459738893675469329e-02
2.672896755720651774e-01 6.465234460285253226e-02
2.601560898848094272e-01 6.465208450090988157e-02
2.531047290870154232e-01 6.459614326477618185e-02
2.461363768539343022e-01 6.448437238200958876e-02
2.392518076353984391e-01 6.431685181773980076e-02
2.324517865697500740e-01 6.409380397330075030e-02
2.257370693988056676e-01 6.381552757278985410e-02
2.191084023838638650e-01 6.348232434183952166e-02
2.125665222227673956e-01 6.309440531976558131e-02
2.061121559680280102e-01 6.265141561530100656e-02
1.997460209460230063e-01 6.215294895359008143e-02
1.934688246772731102e-01 6.159942954751858324e-02
1.872812647978095990e-01 6.099194936908258063e-02
1.811840289816407656e-01 6.033328771229211351e-02
1.751777948643248317e-01 5.962658978296901668e-02
1.692632299676588570e-01 5.887475201106379119e-02
1.634409916254914164e-01 5.808061897890583192e-02
1.577117269106679265e-01 5.724703910284217878e-02
1.520760725631161714e-01 5.637685884615568216e-02
1.465346549190801317e-01 5.547291521899670036e-02
1.410880898415101115e-01 5.453763412247279035e-02
1.357369826516168221e-01 5.357263764437832781e-02
1.304819280615971966e-01 5.257945759552033749e-02
1.253235101085391490e-01 5.155963257302363656e-02
1.202623020895129402e-01 5.051477868106306335e-02
1.152988664978553679e-01 4.944662110963961299e-02
1.104337549606562163e-01 4.835697447186633469e-02
1.056675081774507419e-01 4.724774799332737835e-02
1.010006558601274085e-01 4.612084560437107461e-02
9.643371667405697956e-02 4.497817347261847537e-02
9.196719818044885031e-02 4.382185090518189718e-02
8.760159677994161509e-02 4.265413981467773563e-02
8.333739765743386485e-02 4.147685735220822678e-02
7.917507472816209813e-02 4.029139698235643940e-02
7.511509058502996439e-02 3.909802654868106686e-02
7.115789644719716645e-02 3.789645413302959037e-02
6.730393210993146358e-02 3.668718912861599485e-02
6.355362589573076981e-02 3.547116348924748280e-02
5.990739460672012129e-02 3.424947176213213873e-02
5.636564347832906385e-02 3.302337969430198250e-02
5.292876613425423482e-02 3.179473126907728792e-02
4.959714454271368922e-02 3.056555130421668293e-02
4.637114897399441382e-02 2.933779315693075401e-02
4.325113795930202176e-02 2.811363952301490152e-02
4.023745825091396000e-02 2.689619571640126938e-02
3.733044478364233587e-02 2.568794741892032468e-02
3.453042063760936031e-02 2.448883712586568534e-02
3.183769700234129196e-02 2.329797100700098725e-02
2.925257314218321358e-02 2.211357023409403488e-02
2.677533636303963682e-02 2.093498126445555649e-02
2.440626198044326678e-02 1.976420983195041267e-02
2.214561328895736647e-02 1.860339052290301692e-02
1.999364153291383062e-02 1.745432595816604621e-02
1.795058587848985532e-02 1.632060358278493439e-02
1.601667338712764455e-02 1.520844176161868962e-02
1.419211899029970692e-02 1.412193277493937506e-02
1.247712546562085301e-02 1.306247836604153799e-02
1.087188341431266636e-02 1.203715382678473798e-02
9.376571240020115106e-03 1.105786935754966664e-02
7.991355128984078959e-03 1.011194361253654229e-02
6.716389031571567969e-03 9.166526147375429062e-03
5.551814645166519568e-03 8.215742167686881578e-03
4.497761398421062928e-03 7.272921437997522699e-03
3.554346436871580472e-03 6.334135908646690294e-03
2.721674609919344512e-03 5.391391331174231853e-03
1.999838459177394334e-03 4.500631388445910583e-03
1.388918208186096237e-03 3.729551803889054069e-03
8.889817534969424173e-04 2.985137446761161172e-03
5.000846571264760954e-04 2.130698294538637717e-03
2.222701403818971855e-04 1.191953454798616238e-03
5.556907905679420168e-05 3.220485562217156221e-04
0.000000000000000000e+00 3.379854390986082686e-06
0.000000000000000000e+00 -1.403357664322595182e-06
5.556907905679420168e-05 -2.835394643445049824e-04
2.222701403818971855e-04 -1.048540037229859535e-03
5.000846571264760954e-04 -1.844174924963002532e-03
8.889817534969424173e-04 -2.518700927544711195e-03
1.388918208186096237e-03 -3.036442337559271207e-03
1.999838459177394334e-03 -3.509356780507148429e-03
2.721674609919344512e-03 -4.016413988939186545e-03
3.554346436871580472e-03 -4.505745481969513147e-03
4.497761398421062928e-03 -4.942809501479551726e-03
5.551814645166519568e-03 -5.359596647012147309e-03
6.716389031571567969e-03 -5.772895883446277181e-03
7.991355128984078959e-03 -6.164022083648927966e-03
9.376571240020115106e-03 -6.529284931612305311e-03
1.087188341431266636e-02 -6.888739232204742040e-03
1.247712546562085301e-02 -7.248897366532260945e-03
1.419211899029970692e-02 -7.599421749077179926e-03
1.601667338712764455e-02 -7.935394084361006156e-03
1.795058587848985532e-02 -8.257771205332718398e-03
1.999364153291383062e-02 -8.565435300126086893e-03
2.214561328895736647e-02 -8.855748811265683196e-03
2.440626198044326678e-02 -9.130175469207350847e-03
2.677533636303963682e-02 -9.392759208055701664e-03
2.925257314218321358e-02 -9.645376259931302820e-03
3.183769700234129196e-02 -9.888666148755468829e-03
3.453042063760936031e-02 -1.012344067593996637e-02
3.733044478364233587e-02 -1.035060073321918128e-02
4.023745825091396000e-02 -1.057105028091577179e-02
4.325113795930202176e-02 -1.078543894475812726e-02
4.637114897399441382e-02 -1.099307303124051616e-02
4.959714454271368922e-02 -1.119296087451752096e-02
5.292876613425423482e-02 -1.138472558167855087e-02
5.636564347832906385e-02 -1.156815303965014023e-02
5.990739460672012129e-02 -1.174301705374478783e-02
6.355362589573076981e-02 -1.190922694332239087e-02
6.730393210993146358e-02 -1.206709825970882569e-02
7.115789644719716645e-02 -1.221707361651191460e-02
7.511509058502996439e-02 -1.235972635201512161e-02
7.917507472816209813e-02 -1.249592194453974167e-02
8.333739765743386485e-02 -1.262707463255942179e-02
8.760159677994161509e-02 -1.275423688992271751e-02
9.196719818044885031e-02 -1.287772732763397751e-02
9.643371667405697956e-02 -1.299758947753316442e-02
1.010006558601274085e-01 -1.311357885280807142e-02
1.056675081774507419e-01 -1.322555409322558745e-02
1.104337549606562163e-01 -1.333352477298145253e-02
1.152988664978553679e-01 -1.343750007993103554e-02
1.202623020895129402e-01 -1.353748383822420305e-02
1.253235101085391490e-01 -1.363355379508309970e-02
1.304819280615971966e-01 -1.372585484728449691e-02
1.357369826516168221e-01 -1.381457933593374654e-02
1.410880898415101115e-01 -1.389995768656883922e-02
1.465346549190801317e-01 -1.398227748007302429e-02
1.520760725631161714e-01 -1.406184814764981604e-02
1.577117269106679265e-01 -1.413887197726307506e-02
1.634409916254914164e-01 -1.421350622177388993e-02
1.692632299676588570e-01 -1.428597667212790252e-02
1.751777948643248317e-01 -1.435654396819868901e-02
1.811840289816407656e-01 -1.442550004290686118e-02
1.872812647978095990e-01 -1.449316433470637482e-02
1.934688246772731102e-01 -1.455993335426028143e-02
1.997460209460230063e-01 -1.462623026567418279e-02
2.061121559680280102e-01 -1.469249421727118927e-02
2.125665222227673956e-01 -1.475921316275810580e-02
2.191084023838638650e-01 -1.482701738660845321e-02
2.257370693988056676e-01 -1.489644379649463640e-02
2.324517865697500740e-01 -1.496770990994794083e-02
2.392518076353984391e-01 -1.504090500451978063e-02
2.461363768539343022e-01 -1.511595151440863621e-02
2.531047290870154232e-01 -1.519277581941795574e-02
2.601560898848094272e-01 -1.527135142749458559e-02
2.672896755720651774e-01 -1.535163837823573692e-02
2.745046933352085494e-01 -1.543356836851915263e-02
2.818003413104546162e-01 -1.551707184125381001e-02
2.891758086729252497e-01 -1.560208069245157259e-02
2.966302757267624823e-01 -1.568852614197426693e-02
3.041629139962280792e-01 -1.577633676093212825e-02
3.117728863177794407e-01 -1.586540524545448222e-02
3.194593469331089564e-01 -1.595558698166046549e-02
3.272214415831418144e-01 -1.604666979057500775e-02
3.350583076029753915e-01 -1.613839008846882847e-02
3.429690740177547825e-01 -1.623048313672611348e-02
3.509528616394713696e-01 -1.632268176105301782e-02
3.590087831646743277e-01 -1.641469474817812760e-02
3.671359432730831873e-01 -1.650621608608949034e-02
3.753334387270930161e-01 -1.659692730266297891e-02
3.836003584721576765e-01 -1.668650099860393560e-02
3.919357837380436083e-01 -1.677458949605547395e-02
4.003387881409395943e-01 -1.686083442706015970e-02
4.088084377864137364e-01 -1.694486237129613077e-02
4.173437913732044313e-01 -1.702629024439029914e-02
4.259439002978354649e-01 -1.710471449234342647e-02
4.346078087600411255e-01 -1.717972266647128585e-02
4.433345538689928977e-01 -1.725089006750512785e-02
4.521231657503131940e-01 -1.731778055701545249e-02
4.609726676538650203e-01 -1.737993304542077497e-02
4.698820760623064752e-01 -1.743688225386600191e-02
4.788504008003974244e-01 -1.748816315889110268e-02
4.878766451450451402e-01 -1.753328649199025965e-02
4.969598059360780251e-01 -1.757171644169797098e-02
5.060988736877365390e-01 -1.760298875072101310e-02
5.152928327008634568e-01 -1.762676680194409304e-02
5.245406611757882365e-01 -1.764277154778054121e-02
5.338413313258880688e-01 -1.765078659774286379e-02
5.431938094918128401e-01 -1.765058109988763141e-02
5.525970562563653488e-01 -1.764190245594753417e-02
5.620500265600203438e-01 -1.762450786078714055e-02
5.715516698170692855e-01 -1.759816483954563734e-02
5.811009300323815019e-01 -1.756263244835331097e-02
5.906967459187653091e-01 -1.751766313194247013e-02
6.003380510149177729e-01 -1.746301946017047441e-02
6.100237738039482327e-01 -1.739846982213459625e-02
6.197528378324663745e-01 -1.732376817941648495e-02
6.295241618302156450e-01 -1.723866339939008480e-02
6.393366598302444581e-01 -1.714293289940502923e-02
6.491892412895989839e-01 -1.703636049661331683e-02
6.590808112105230876e-01 -1.691867849145632999e-02
6.690102702621547603e-01 -1.678961883026553609e-02
6.789765149027036095e-01 -1.664902741881207210e-02
6.889784375020977514e-01 -1.649671339475635226e-02
6.990149264650814542e-01 -1.633214607697136209e-02
7.090848663547572039e-01 -1.615453721796275902e-02
7.191871380165538730e-01 -1.596249880345080099e-02
7.293206187026060050e-01 -1.575454866700076728e-02
7.394841821965345563e-01 -1.552934047426162041e-02
7.496766989386134394e-01 -1.528550619742671639e-02
7.598970361513051053e-01 -1.502155789839197501e-02
7.701440579651563922e-01 -1.473603246924658043e-02
7.804166255450371015e-01 -1.442755330427701425e-02
7.907135972167069760e-01 -1.409430681471161330e-02
8.010338285937002034e-01 -1.373369138300971348e-02
8.113761727045106786e-01 -1.334314677313978501e-02
8.217394801200630372e-01 -1.292028423438597480e-02
8.321225990814590245e-01 -1.246241574845755561e-02
8.425243756279822138e-01 -1.196649438423560974e-02
8.529436537253458628e-01 -1.143026665272240186e-02
8.633792753941731402e-01 -1.085250000969680169e-02
8.738300808386934015e-01 -1.023500743137275779e-02
8.842949085756387495e-01 -9.582269123255854337e-03
8.947725955633289985e-01 -8.898840739706575381e-03
9.052619773309316109e-01 -8.189181760883127575e-03
9.157618881078770645e-01 -7.456813811086805861e-03
9.262711609534211021e-01 -6.703804081961795697e-03
9.367886278863364335e-01 -5.924446375562208815e-03
9.473131200147204556e-01 -5.108989617741939611e-03
9.578434676659028923e-01 -4.248088925013477832e-03
9.683785005164411430e-01 -3.331665375699711072e-03
9.789170477221889044e-01 -2.344128234654937852e-03
9.894579380484205267e-01 -1.258230380181509043e-03
9.999999999999998890e-01 1.184873045456918029e-07
