9.999999999999998890e-01 1.764423221594630872e-03
9.894579380484205267e-01 6.222728332828183703e-03
9.789170477221889044e-01 1.052234276562625387e-02
9.683785005164411430e-01 1.468141381358213822e-02
9.578434676659028923e-01 1.872152769172537659e-02
9.473131200147204556e-01 2.266171445228860534e-02
9.367886278863364335e-01 2.651210477208032490e-02
9.262711609534211021e-01 3.027978676780059691e-02
9.157618881078770645e-01 3.396836165739267749e-02
9.052619773309316109e-01 3.758151137382347018e-02
8.947725955633289985e-01 4.112397553106676706e-02
8.842949085756387495e-01 4.460039326053874542e-02
8.738300808386934015e-01 4.801505555870792807e-02
8.633792753941731402e-01 5.137215830265601246e-02
8.529436537253458628e-01 5.467582748536781168e-02
8.425243756279822138e-01 5.793064456254940625e-02
8.321225990814590245e-01 6.114157777365230445e-02
8.217394801200630372e-01 6.431083112797125745e-02
8.113761727045106786e-01 6.743786324394068776e-02
8.010338285937002034e-01 7.052056560067168633e-02
7.907135972167069760e-01 7.355570781501570565e-02
7.804166255450371015e-01 7.654065415970275066e-02
7.701440579651563922e-01 7.947316890048539140e-02
7.598970361513051053e-01 8.235078776245392806e-02
7.496766989386134394e-01 8.517094342007472396e-02
7.394841821965345563e-01 8.793131358821397459e-02
7.293206187026060050e-01 9.062968864680875924e-02
7.191871380165538730e-01 9.326383107437005715e-02
7.090848663547572039e-01 9.583152571967715194e-02
6.990149264650814542e-01 9.833073463217539834e-02
6.889784375020977514e-01 1.007594745747001364e-01
6.789765149027036095e-01 1.031157478040327646e-01
6.690102702621547603e-01 1.053976430594694980e-01
6.590808112105230876e-01 1.076035712679457718e-01
6.491892412895989839e-01 1.097324533260037177e-01
6.393366598302444581e-01 1.117844978928096422e-01
6.295241618302156450e-01 1.137601106767999054e-01
6.197528378324663745e-01 1.156596045511596865e-01
6.100237738039482327e-01 1.174833266640286089e-01
6.003380510149177729e-01 1.192317221273509337e-01
5.906967459187653091e-01 1.209052542172773248e-01
5.811009300323815019e-01 1.225043976428457498e-01
5.715516698170692855e-01 1.240296633610055987e-01
5.620500265600203438e-01 1.254816132995471289e-01
5.525970562563653488e-01 1.268608340244531396e-01
5.431938094918128401e-01 1.281679385734422749e-01
5.338413313258880688e-01 1.294035757389666030e-01
5.245406611757882365e-01 1.305684306190757205e-01
5.152928327008634568e-01 1.316632156847013235e-01
5.060988736877365390e-01 1.326886684843669728e-01
4.969598059360780251e-01 1.336455671703501991e-01
4.878766451450451402e-01 1.345347202557117539e-01
4.788504008003974244e-01 1.353569529604493338e-01
4.698820760623064752e-01 1.361130382386625259e-01
4.609726676538650203e-01 1.368032149693997890e-01
4.521231657503131940e-01 1.374274634059077516e-01
4.433345538689928977e-01 1.379858592137402362e-01
4.346078087600411255e-01 1.384785328334476873e-01
4.259439002978354649e-01 1.389056901285958823e-01
4.173437913732044313e-01 1.392675816644794173e-01
4.088084377864137364e-01 1.395645426279610024e-01
4.003387881409395943e-01 1.397969543829341299e-01
3.919357837380436083e-01 1.399652809189203817e-01
3.836003584721576765e-01 1.400700294159086534e-01
3.753334387270930161e-01 1.401117810763377880e-01
3.671359432730831873e-01 1.400911647162744744e-01
3.590087831646743277e-01 1.400088958396877581e-01
3.509528616394713696e-01 1.398657271731669760e-01
3.429690740177547825e-01 1.396624626610234177e-01
3.350583076029753915e-01 1.393999697984265596e-01
3.272214415831418144e-01 1.390792197739194047e-01
3.194593469331089564e-01 1.387011890275519077e-01
3.117728863177794407e-01 1.382668491034921565e-01
3.041629139962280792e-01 1.377773232563045680e-01
2.966302757267624823e-01 1.372339048034011966e-01
2.891758086729252497e-01 1.366371826967348324e-01
2.818003413104546162e-01 1.359869624959485213e-01
2.745046933352085494e-01 1.352829590657680103e-01
2.672896755720651774e-01 1.345248563327210711e-01
2.601560898848094272e-01 1.337125818352723483e-01
2.531047290870154232e-01 1.328462635903152889e-01
2.461363768539343022e-01 1.319261562434830004e-01
2.392518076353984391e-01 1.309526140934326732e-01
2.324517865697500740e-01 1.299261830783420557e-01
2.257370693988056676e-01 1.288475337624068184e-01
2.191084023838638650e-01 1.277174921682021902e-01
2.125665222227673956e-01 1.265369814552486094e-01
2.061121559680280102e-01 1.253070881534411873e-01
1.997460209460230063e-01 1.240289926883794969e-01
1.934688246772731102e-01 1.227040363168889342e-01
1.872812647978095990e-01 1.213336412647800094e-01
1.811840289816407656e-01 1.199193557205259497e-01
1.751777948643248317e-01 1.184628104755335032e-01
1.692632299676588570e-01 1.169658071009813116e-01
1.634409916254914164e-01 1.154301987455442768e-01
1.577117269106679265e-01 1.138578815845271153e-01
1.520760725631161714e-01 1.122508778792614681e-01
1.465346549190801317e-01 1.106114765525762905e-01
1.410880898415101115e-01 1.089405236599105681e-01
1.357369826516168221e-01 1.072359638161857753e-01
1.304819280615971966e-01 1.054957003231963703e-01
1.253235101085391490e-01 1.037181331786375948e-01
1.202623020895129402e-01 1.019021668825944443e-01
1.152988664978553679e-01 1.000473537788499345e-01
1.104337549606562163e-01 9.815370185771295219e-02
1.056675081774507419e-01 9.622171384729225063e-02
1.010006558601274085e-01 9.425232278687865894e-02
9.643371667405697956e-02 9.224688512339881963e-02
9.196719818044885031e-02 9.020722336576829370e-02
8.760159677994161509e-02 8.813555347774196247e-02
8.333739765743386485e-02 8.603437069105089596e-02
7.917507472816209813e-02 8.390641241253943283e-02
7.511509058502996439e-02 8.175498273500626800e-02
7.115789644719716645e-02 7.958370032399005034e-02
6.730393210993146358e-02 7.739605354323941810e-02
6.355362589573076981e-02 7.519562984800959304e-02
5.990739460672012129e-02 7.298712286984541942e-02
5.636564347832906385e-02 7.077540645602155289e-02
5.292876613425423482e-02 6.856385600914122191e-02
4.959714454271368922e-02 6.635619573019449491e-02
4.637114897399441382e-02 6.416001328135757797e-02
4.325113795930202176e-02 6.197921641235354384e-02
4.023745825091396000e-02 5.980007971942297856e-02
3.733044478364233587e-02 5.760611549919353314e-02
3.453042063760936031e-02 5.538485295305046324e-02
3.183769700234129196e-02 5.312547651526188658e-02
2.925257314218321358e-02 5.081949072957631097e-02
2.677533636303963682e-02 4.846942758271861884e-02
2.440626198044326678e-02 4.610026342444041580e-02
2.214561328895736647e-02 4.373684800679560059e-02
1.999364153291383062e-02 4.139891451676547263e-02
1.795058587848985532e-02 3.911186938729015877e-02
1.601667338712764455e-02 3.690912006630522185e-02
1.419211899029970692e-02 3.478274299428203709e-02
1.247712546562085301e-02 3.267290617026025884e-02
1.087188341431266636e-02 3.053042557834480947e-02
9.376571240020115106e-03 2.832143959918285644e-02
7.991355128984078959e-03 2.602503807976763034e-02
6.716389031571567969e-03 2.363555771781469805e-02
5.551814645166519568e-03 2.121039884517317287e-02
4.497761398421062928e-03 1.884783604889297970e-02
3.554346436871580472e-03 1.657879066312742053e-02
2.721674609919344512e-03 1.440639300297908744e-02
1.999838459177394334e-03 1.247143341565784200e-02
1.388918208186096237e-03 1.089629626329650935e-02
8.889817534969424173e-04 9.138507476928426146e-03
5.000846571264760954e-04 6.540429914313240951e-03
2.222701403818971855e-04 3.503115950693987297e-03
5.556907905679420168e-05 8.897214177065381965e-04
0.000000000000000000e+00 -8.108538145457840096e-05
0.000000000000000000e+00 -1.012204537520118992e-04
5.556907905679420168e-05 -3.831393504217090167e-04
2.222701403818971855e-04 -1.183817292803805493e-03
5.000846571264760954e-04 -2.381074616403940428e-03
8.889817534969424173e-04 -3.786389504124844981e-03
1.388918208186096237e-03 -5.204250331136768722e-03
1.999838459177394334e-03 -6.457682172557941205e-03
2.721674609919344512e-03 -7.464843126605000441e-03
3.554346436871580472e-03 -8.351834107578033975e-03
4.497761398421062928e-03 -9.217890561849285264e-03
5.551814645166519568e-03 -1.005718848086204972e-02
6.716389031571567969e-03 -1.085041260456539106e-02
7.991355128984078959e-03 -1.157577237160018965e-02
9.376571240020115106e-03 -1.222768603620066376e-02
1.087188341431266636e-02 -1.282273615585705073e-02
1.247712546562085301e-02 -1.338432659981604947e-02
1.419211899029970692e-02 -1.394087164380915234e-02
1.601667338712764455e-02 -1.450118790345131421e-02
1.795058587848985532e-02 -1.505545445595212264e-02
1.999364153291383062e-02 -1.559773611396954134e-02
2.214561328895736647e-02 -1.612568448390831397e-02
2.440626198044326678e-02 -1.663543644029015153e-02
2.677533636303963682e-02 -1.712221898314672183e-02
2.925257314218321358e-02 -1.758304841140635039e-02
3.183769700234129196e-02 -1.801604167743778989e-02
3.453042063760936031e-02 -1.841990756479467556e-02
3.733044478364233587e-02 -1.879382917967080402e-02
4.023745825091396000e-02 -1.913826897533941682e-02
4.325113795930202176e-02 -1.945465765685453971e-02
4.637114897399441382e-02 -1.974686233831996277e-02
4.959714454271368922e-02 -2.001888225279107800e-02
5.292876613425423482e-02 -2.027183766561165001e-02
5.636564347832906385e-02 -2.050560333784822581e-02
5.990739460672012129e-02 -2.071839070310984784e-02
6.355362589573076981e-02 -2.090833456922310332e-02
6.730393210993146358e-02 -2.107443136702613629e-02
7.115789644719716645e-02 -2.121578605677552562e-02
7.511509058502996439e-02 -2.133138591844000939e-02
7.917507472816209813e-02 -2.142041346312293856e-02
8.333739765743386485e-02 -2.148248494625394633e-02
8.760159677994161509e-02 -2.151735293290615858e-02
9.196719818044885031e-02 -2.152491851772806927e-02
9.643371667405697956e-02 -2.150538407350004524e-02
1.010006558601274085e-01 -2.145936495198602287e-02
1.056675081774507419e-01 -2.138757464268470701e-02
1.104337549606562163e-01 -2.129080213098062668e-02
1.152988664978553679e-01 -2.116973004467344668e-02
1.202623020895129402e-01 -2.102493869445883762e-02
1.253235101085391490e-01 -2.085719330314402681e-02
1.304819280615971966e-01 -2.066745674968237939e-02
1.357369826516168221e-01 -2.045716940982486923e-02
1.410880898415101115e-01 -2.022804517653635850e-02
1.465346549190801317e-01 -1.998107134960045925e-02
1.520760725631161714e-01 -1.971671759439310237e-02
1.577117269106679265e-01 -1.943483905845465320e-02
1.634409916254914164e-01 -1.913502031294211231e-02
1.692632299676588570e-01 -1.881712093859597493e-02
1.751777948643248317e-01 -1.848110777298114446e-02
1.811840289816407656e-01 -1.812688593766367470e-02
1.872812647978095990e-01 -1.775436380713048962e-02
1.934688246772731102e-01 -1.736356767963068842e-02
1.997460209460230063e-01 -1.695456597364076307e-02
2.061121559680280102e-01 -1.652745665013053561e-02
2.125665222227673956e-01 -1.608237014664321007e-02
2.191084023838638650e-01 -1.561951740236759527e-02
2.257370693988056676e-01 -1.513914752498529345e-02
2.324517865697500740e-01 -1.464156819819201032e-02
2.392518076353984391e-01 -1.412712839824644372e-02
2.461363768539343022e-01 -1.359624696200258456e-02
2.531047290870154232e-01 -1.304938905634141222e-02
2.601560898848094272e-01 -1.248708835088971868e-02
2.672896755720651774e-01 -1.190992518232024747e-02
2.745046933352085494e-01 -1.131854181538278527e-02
2.818003413104546162e-01 -1.071364247486108166e-02
2.891758086729252497e-01 -1.009600614162602800e-02
2.966302757267624823e-01 -9.466454864698010258e-03
3.041629139962280792e-01 -8.825857274975817610e-03
3.117728863177794407e-01 -8.175183012521996390e-03
3.194593469331089564e-01 -7.515489713137797276e-03
3.272214415831418144e-01 -6.847794821827660541e-03
3.350583076029753915e-01 -6.173050409955776162e-03
3.429690740177547825e-01 -5.491834406985236436e-03
3.509528616394713696e-01 -4.804491419716261889e-03
3.590087831646743277e-01 -4.111458548482635304e-03
3.671359432730831873e-01 -3.413224455390514219e-03
3.753334387270930161e-01 -2.710267651992428941e-03
3.836003584721576765e-01 -2.003068773230933918e-03
3.919357837380436083e-01 -1.292151761899154507e-03
4.003387881409395943e-01 -5.780600846252183234e-04
4.088084377864137364e-01 1.386475377145214983e-04
4.173437913732044313e-01 8.574002539402424475e-04
4.259439002978354649e-01 1.577596728012484401e-03
4.346078087600411255e-01 2.298621401549756811e-03
4.433345538689928977e-01 3.019837135915853701e-03
4.521231657503131940e-01 3.740593150713613854e-03
4.609726676538650203e-01 4.460213094512174327e-03
4.698820760623064752e-01 5.178007258217259302e-03
4.788504008003974244e-01 5.893264999657372993e-03
4.878766451450451402e-01 6.605260828322808732e-03
4.969598059360780251e-01 7.313243963579225612e-03
5.060988736877365390e-01 8.016316399192893044e-03
5.152928327008634568e-01 8.713342259976207885e-03
5.245406611757882365e-01 9.403142189142281449e-03
5.338413313258880688e-01 1.008450645861015509e-02
5.431938094918128401e-01 1.075619897002001724e-02
5.525970562563653488e-01 1.141695434347640703e-02
5.620500265600203438e-01 1.206548136608111971e-02
5.715516698170692855e-01 1.270046349140504724e-02
5.811009300323815019e-01 1.332055801239724960e-02
5.906967459187653091e-01 1.392439947639685996e-02
6.003380510149177729e-01 1.451059745340548858e-02
6.100237738039482327e-01 1.507774210691097995e-02
6.197528378324663745e-01 1.562439878160580553e-02
6.295241618302156450e-01 1.614911582158461145e-02
6.393366598302444581e-01 1.665041981513444222e-02
6.491892412895989839e-01 1.712682334701076323e-02
6.590808112105230876e-01 1.757681628923340664e-02
6.690102702621547603e-01 1.799887657367052474e-02
6.789765149027036095e-01 1.839146761018050150e-02
6.889784375020977514e-01 1.875304268706649499e-02
6.990149264650814542e-01 1.908203176167606874e-02
7.090848663547572039e-01 1.937686049743089778e-02
7.191871380165538730e-01 1.963596287998000192e-02
7.293206187026060050e-01 1.985770814003770882e-02
7.394841821965345563e-01 2.004026189526460916e-02
7.496766989386134394e-01 2.018170872829564907e-02
7.598970361513051053e-01 2.028002640601294856e-02
7.701440579651563922e-01 2.033321856800372057e-02
7.804166255450371015e-01 2.033937740958655094e-02
7.907135972167069760e-01 2.029651951424491993e-02
8.010338285937002034e-01 2.020251153070480241e-02
8.113761727045106786e-01 2.005537681334832248e-02
8.217394801200630372e-01 1.985338366654292724e-02
8.321225990814590245e-01 1.959446334153518848e-02
8.425243756279822138e-01 1.927613470097788717e-02
8.529436537253458628e-01 1.889673587365322746e-02
8.633792753941731402e-01 1.845532079765840189e-02
8.738300808386934015e-01 1.794769354376148096e-02
8.842949085756387495e-01 1.736640828478168766e-02
8.947725955633289985e-01 1.669923527922477849e-02
9.052619773309316109e-01 1.593065775173774234e-02
9.157618881078770645e-01 1.504755408539869103e-02
9.262711609534211021e-01 1.403800239882395905e-02
9.367886278863364335e-01 1.288683562829367676e-02
9.473131200147204556e-01 1.157805594714765227e-02
9.578434676659028923e-01 1.010217928111997905e-02
9.683785005164411430e-01 8.447192295975212289e-03
9.789170477221889044e-01 6.569003418665769062e-03
9.894579380484205267e-01 4.405459593850763293e-03
9.999999999999998890e-01 1.863847293436295734e-03
