9.999999999999998890e-01 3.330697976335410905e-05
9.894579380484205267e-01 1.540544844903028862e-03
9.789170477221889044e-01 2.278843023105130670e-03
9.683785005164411430e-01 3.273443022062397928e-03
9.578434676659028923e-01 4.565392775282377941e-03
9.473131200147204556e-01 6.036994003604649953e-03
9.367886278863364335e-01 7.689447314810852162e-03
9.262711609534211021e-01 9.531033849294006169e-03
9.157618881078770645e-01 1.154061502460408326e-02
9.052619773309316109e-01 1.369077183467025394e-02
8.947725955633289985e-01 1.595009566942879112e-02
8.842949085756387495e-01 1.830192341427288802e-02
8.738300808386934015e-01 2.075357023518105415e-02
8.633792753941731402e-01 2.330794124697203526e-02
8.529436537253458628e-01 2.595944362850167303e-02
8.425243756279822138e-01 2.870906168933951355e-02
8.321225990814590245e-01 3.156537334802528988e-02
8.217394801200630372e-01 3.452692228104847771e-02
8.113761727045106786e-01 3.758327445256087751e-02
8.010338285937002034e-01 4.073904382586086143e-02
7.907135972167069760e-01 4.400829325840534267e-02
7.804166255450371015e-01 4.736907441188704937e-02
7.701440579651563922e-01 5.077513780821282796e-02
7.598970361513051053e-01 5.418237130248865219e-02
7.496766989386134394e-01 5.755273132529000607e-02
7.394841821965345563e-01 6.088449703325320844e-02
7.293206187026060050e-01 6.419100344164495320e-02
7.191871380165538730e-01 6.747162891460119216e-02
7.090848663547572039e-01 7.072111820887487521e-02
6.990149264650814542e-01 7.393908573560104003e-02
6.889784375020977514e-01 7.711551301794397628e-02
6.789765149027036095e-01 8.019180798784777964e-02
6.690102702621547603e-01 8.311263041205693702e-02
6.590808112105230876e-01 8.588093621904649422e-02
6.491892412895989839e-01 8.850797066767092380e-02
6.393366598302444581e-01 9.099124797763982753e-02
6.295241618302156450e-01 9.332822416605596194e-02
6.197528378324663745e-01 9.552232050920861361e-02
6.100237738039482327e-01 9.757670319783817714e-02
6.003380510149177729e-01 9.949223708697042812e-02
5.906967459187653091e-01 1.012717885316748029e-01
5.811009300323815019e-01 1.029220550814276269e-01
5.715516698170692855e-01 1.044474785489427765e-01
5.620500265600203438e-01 1.058487483934885121e-01
5.525970562563653488e-01 1.071267212744295982e-01
5.431938094918128401e-01 1.082828428979207142e-01
5.338413313258880688e-01 1.093195043975536546e-01
5.245406611757882365e-01 1.102398540730596399e-01
5.152928327008634568e-01 1.110440479871440400e-01
5.060988736877365390e-01 1.117306109034857525e-01
4.969598059360780251e-01 1.123112768765146957e-01
4.878766451450451402e-01 1.128063888666146070e-01
4.788504008003974244e-01 1.132256078541431926e-01
4.698820760623064752e-01 1.135717813136407767e-01
4.609726676538650203e-01 1.138461167390206336e-01
4.521231657503131940e-01 1.140491696973156971e-01
4.433345538689928977e-01 1.141824447866515158e-01
4.346078087600411255e-01 1.142477678494110693e-01
4.259439002978354649e-01 1.142464787711451463e-01
4.173437913732044313e-01 1.141798092683529164e-01
4.088084377864137364e-01 1.140492908708855557e-01
4.003387881409395943e-01 1.138565102468405837e-01
3.919357837380436083e-01 1.136029291505765149e-01
3.836003584721576765e-01 1.132900094178915795e-01
3.753334387270930161e-01 1.129193083715274576e-01
3.671359432730831873e-01 1.124923941023038693e-01
3.590087831646743277e-01 1.120108134842231207e-01
3.509528616394713696e-01 1.114761248728860787e-01
3.429690740177547825e-01 1.108899192139451012e-01
3.350583076029753915e-01 1.102537910798065263e-01
3.272214415831418144e-01 1.095693347315105093e-01
3.194593469331089564e-01 1.088381978038933245e-01
3.117728863177794407e-01 1.080620614122962536e-01
3.041629139962280792e-01 1.072407568253641308e-01
2.966302757267624823e-01 1.063718129083907060e-01
2.891758086729252497e-01 1.054551097466693288e-01
2.818003413104546162e-01 1.044932247951529947e-01
2.745046933352085494e-01 1.034881945287096094e-01
2.672896755720651774e-01 1.024414652183067986e-01
2.601560898848094272e-01 1.013549638661261493e-01
2.531047290870154232e-01 1.002309565629941751e-01
2.461363768539343022e-01 9.907111182177476272e-02
2.392518076353984391e-01 9.787681763240849153e-02
2.324517865697500740e-01 9.665054656894409013e-02
2.257370693988056676e-01 9.539487855445549780e-02
2.191084023838638650e-01 9.410868136015101970e-02
2.125665222227673956e-01 9.278960921603282563e-02
2.061121559680280102e-01 9.143832985070914077e-02
1.997460209460230063e-01 9.005671494403090505e-02
1.934688246772731102e-01 8.864690217842911835e-02
1.872812647978095990e-01 8.721114399504802106e-02
1.811840289816407656e-01 8.575182416652558925e-02
1.751777948643248317e-01 8.427116397644644763e-02
1.692632299676588570e-01 8.277071200398850026e-02
1.634409916254914164e-01 8.125238837309317619e-02
1.577117269106679265e-01 7.971956627505413784e-02
1.520760725631161714e-01 7.817446836713277947e-02
1.465346549190801317e-01 7.661600619622145614e-02
1.410880898415101115e-01 7.504160291733509569e-02
1.357369826516168221e-01 7.344674550536470226e-02
1.304819280615971966e-01 7.183038032179384080e-02
1.253235101085391490e-01 7.019747453397828796e-02
1.202623020895129402e-01 6.855173186121031603e-02
1.152988664978553679e-01 6.689437959741713347e-02
1.104337549606562163e-01 6.522793010341468301e-02
1.056675081774507419e-01 6.355652063386049710e-02
1.010006558601274085e-01 6.188243753480964643e-02
9.643371667405697956e-02 6.020626031595494726e-02
9.196719818044885031e-02 5.853197996262587965e-02
8.760159677994161509e-02 5.686560035419101905e-02
8.333739765743386485e-02 5.520170774259269830e-02
7.917507472816209813e-02 5.352772840093229789e-02
7.511509058502996439e-02 5.184002899639644085e-02
7.115789644719716645e-02 5.014060901757308453e-02
6.730393210993146358e-02 4.843384467707494839e-02
6.355362589573076981e-02 4.672506211831759654e-02
5.990739460672012129e-02 4.501834649686690254e-02
5.636564347832906385e-02 4.331731360266348474e-02
5.292876613425423482e-02 4.162581451455094755e-02
4.959714454271368922e-02 3.994779707045867378e-02
4.637114897399441382e-02 3.828728171954012827e-02
4.325113795930202176e-02 3.664824409525083149e-02
4.023745825091396000e-02 3.503441432669857081e-02
3.733044478364233587e-02 3.344213298658643696e-02
3.453042063760936031e-02 3.184539043064473635e-02
3.183769700234129196e-02 3.022591360488388959e-02
2.925257314218321358e-02 2.859572196073919062e-02
2.677533636303963682e-02 2.696804750150320548e-02
2.440626198044326678e-02 2.534876903480605057e-02
2.214561328895736647e-02 2.374506448969047889e-02
1.999364153291383062e-02 2.216798381079685548e-02
1.795058587848985532e-02 2.062570815236975524e-02
1.601667338712764455e-02 1.912171390014994268e-02
1.419211899029970692e-02 1.766384554580103725e-02
1.247712546562085301e-02 1.626543988752236422e-02
1.087188341431266636e-02 1.492906141762686406e-02
9.376571240020115106e-03 1.364493727109678499e-02
7.991355128984078959e-03 1.239127550861690054e-02
6.716389031571567969e-03 1.113930198455756991e-02
5.551814645166519568e-03 9.905809098292667203e-03
4.497761398421062928e-03 8.735641436847739125e-03
3.554346436871580472e-03 7.603004204756486951e-03
2.721674609919344512e-03 6.450666889970352487e-03
1.999838459177394334e-03 5.343162691364321953e-03
1.388918208186096237e-03 4.377309954101561013e-03
8.889817534969424173e-04 3.414434708407964279e-03
5.000846571264760954e-04 2.274795245768648517e-03
2.222701403818971855e-04 1.152917819931035225e-03
5.556907905679420168e-05 3.563029427954801046e-04
0.000000000000000000e+00 7.310945474542055345e-05
0.000000000000000000e+00 -1.021566513119896477e-05
5.556907905679420168e-05 -1.909405203782294240e-04
2.222701403818971855e-04 -6.997574456954537038e-04
5.000846571264760954e-04 -1.421582107148632425e-03
8.889817534969424173e-04 -2.165448529638725611e-03
1.388918208186096237e-03 -2.807925680360963492e-03
1.999838459177394334e-03 -3.451846539439075174e-03
2.721674609919344512e-03 -4.172707422437849784e-03
3.554346436871580472e-03 -4.898012992234715597e-03
4.497761398421062928e-03 -5.580615909227527177e-03
5.551814645166519568e-03 -6.259378235755576857e-03
6.716389031571567969e-03 -6.948758748234440744e-03
7.991355128984078959e-03 -7.609946416318046254e-03
9.376571240020115106e-03 -8.228617757750699563e-03
1.087188341431266636e-02 -8.829254530891905012e-03
1.247712546562085301e-02 -9.430910377701115857e-03
1.419211899029970692e-02 -1.004292343069426545e-02
1.601667338712764455e-02 -1.066279837169239846e-02
1.795058587848985532e-02 -1.127756226183281550e-02
1.999364153291383062e-02 -1.187865985050242518e-02
2.214561328895736647e-02 -1.246121133549600753e-02
2.440626198044326678e-02 -1.301784590666323072e-02
2.677533636303963682e-02 -1.354093073420125845e-02
2.925257314218321358e-02 -1.403748561836013799e-02
3.183769700234129196e-02 -1.452064832943967057e-02
3.453042063760936031e-02 -1.498612449502296877e-02
3.733044478364233587e-02 -1.542419653992751702e-02
4.023745825091396000e-02 -1.584374447854230289e-02
4.325113795930202176e-02 -1.625855067876286197e-02
4.637114897399441382e-02 -1.666940099135984579e-02
4.959714454271368922e-02 -1.707320350966214095e-02
5.292876613425423482e-02 -1.746853780162752404e-02
5.636564347832906385e-02 -1.785383926138404964e-02
5.990739460672012129e-02 -1.822542105413699903e-02
6.355362589573076981e-02 -1.858052878961276300e-02
6.730393210993146358e-02 -1.892053560860547032e-02
7.115789644719716645e-02 -1.924788657539235406e-02
7.511509058502996439e-02 -1.956578929676685771e-02
7.917507472816209813e-02 -1.987581935731512484e-02
8.333739765743386485e-02 -2.017603594117624993e-02
8.760159677994161509e-02 -2.046667191689880566e-02
9.196719818044885031e-02 -2.075232738144078617e-02
9.643371667405697956e-02 -2.103499560573738464e-02
1.010006558601274085e-01 -2.131236451099827525e-02
1.056675081774507419e-01 -2.158306347011405835e-02
1.104337549606562163e-01 -2.184722031283227450e-02
1.152988664978553679e-01 -2.210413526911689935e-02
1.202623020895129402e-01 -2.235222629629267377e-02
1.253235101085391490e-01 -2.259080132364221088e-02
1.304819280615971966e-01 -2.281985986826614091e-02
1.357369826516168221e-01 -2.303794675739871331e-02
1.410880898415101115e-01 -2.324288361494010816e-02
1.465346549190801317e-01 -2.343621678636645736e-02
1.520760725631161714e-01 -2.362163507159510678e-02
1.577117269106679265e-01 -2.380165639462895888e-02
1.634409916254914164e-01 -2.397788732267401579e-02
1.692632299676588570e-01 -2.414985600019052200e-02
1.751777948643248317e-01 -2.431637176787772997e-02
1.811840289816407656e-01 -2.447717588369162714e-02
1.872812647978095990e-01 -2.463224786331788194e-02
1.934688246772731102e-01 -2.478113576055179096e-02
1.997460209460230063e-01 -2.492329189193047412e-02
2.061121559680280102e-01 -2.505828542875031262e-02
2.125665222227673956e-01 -2.518575199402123613e-02
2.191084023838638650e-01 -2.530545003463526704e-02
2.257370693988056676e-01 -2.541778139147395782e-02
2.324517865697500740e-01 -2.552476835738363287e-02
2.392518076353984391e-01 -2.562778634306119366e-02
2.461363768539343022e-01 -2.572622704309694350e-02
2.531047290870154232e-01 -2.581954353595136004e-02
2.601560898848094272e-01 -2.590777571134098706e-02
2.672896755720651774e-01 -2.599080751393254007e-02
2.745046933352085494e-01 -2.606819345250529010e-02
2.818003413104546162e-01 -2.613968172568472553e-02
2.891758086729252497e-01 -2.620529333472781941e-02
2.966302757267624823e-01 -2.626469884605258862e-02
3.041629139962280792e-01 -2.631724978551225683e-02
3.117728863177794407e-01 -2.636392420839455894e-02
3.194593469331089564e-01 -2.640711780567888897e-02
3.272214415831418144e-01 -2.644784045675256656e-02
3.350583076029753915e-01 -2.648598505205283088e-02
3.429690740177547825e-01 -2.652142330124294262e-02
3.509528616394713696e-01 -2.655403884949902871e-02
3.590087831646743277e-01 -2.658377844489208039e-02
3.671359432730831873e-01 -2.661060636878561508e-02
3.753334387270930161e-01 -2.663435848267047684e-02
3.836003584721576765e-01 -2.665485912661092957e-02
3.919357837380436083e-01 -2.667222527135428012e-02
4.003387881409395943e-01 -2.668642190700755423e-02
4.088084377864137364e-01 -2.669608098742129454e-02
4.173437913732044313e-01 -2.669966652637327867e-02
4.259439002978354649e-01 -2.669669280678454298e-02
4.346078087600411255e-01 -2.668697533413267806e-02
4.433345538689928977e-01 -2.667042608778490836e-02
4.521231657503131940e-01 -2.664694219634617181e-02
4.609726676538650203e-01 -2.661632058960127292e-02
4.698820760623064752e-01 -2.657839326260074547e-02
4.788504008003974244e-01 -2.653311524677695252e-02
4.878766451450451402e-01 -2.648037212427280240e-02
4.969598059360780251e-01 -2.641987193791098254e-02
5.060988736877365390e-01 -2.635083157278557062e-02
5.152928327008634568e-01 -2.627170856019637665e-02
5.245406611757882365e-01 -2.618155208304839832e-02
5.338413313258880688e-01 -2.608032719689325207e-02
5.431938094918128401e-01 -2.596803521466694784e-02
5.525970562563653488e-01 -2.584462887614209087e-02
5.620500265600203438e-01 -2.570977719278879844e-02
5.715516698170692855e-01 -2.556292300275444726e-02
5.811009300323815019e-01 -2.540435068186536194e-02
5.906967459187653091e-01 -2.523479662676327007e-02
6.003380510149177729e-01 -2.505169056817087639e-02
6.100237738039482327e-01 -2.485036654457952257e-02
6.197528378324663745e-01 -2.462849235486143373e-02
6.295241618302156450e-01 -2.438521801316136106e-02
6.393366598302444581e-01 -2.412038910694542723e-02
6.491892412895989839e-01 -2.383411606028935231e-02
6.590808112105230876e-01 -2.352605093960622937e-02
6.690102702621547603e-01 -2.319575338131105516e-02
6.789765149027036095e-01 -2.284331154397663960e-02
6.889784375020977514e-01 -2.246859431518971259e-02
6.990149264650814542e-01 -2.206967497236342335e-02
7.090848663547572039e-01 -2.164445399818456378e-02
7.191871380165538730e-01 -2.119205943962491207e-02
7.293206187026060050e-01 -2.071213641899619096e-02
7.394841821965345563e-01 -2.020504059008709427e-02
7.496766989386134394e-01 -1.967078638242344621e-02
7.598970361513051053e-01 -1.910819077962760612e-02
7.701440579651563922e-01 -1.851707609493181278e-02
7.804166255450371015e-01 -1.789977034340787393e-02
7.907135972167069760e-01 -1.725842880664923279e-02
8.010338285937002034e-01 -1.659434125543607016e-02
8.113761727045106786e-01 -1.590863376168521331e-02
8.217394801200630372e-01 -1.520226609920449085e-02
8.321225990814590245e-01 -1.447426403731387132e-02
8.425243756279822138e-01 -1.372153149168992177e-02
8.529436537253458628e-01 -1.294785067152049232e-02
8.633792753941731402e-01 -1.216409739056272497e-02
8.738300808386934015e-01 -1.137584054699152490e-02
8.842949085756387495e-01 -1.058377508787123819e-02
8.947725955633289985e-01 -9.790599163401579250e-03
9.052619773309316109e-01 -8.999892229633774457e-03
9.157618881078770645e-01 -8.206822892756071228e-03
9.262711609534211021e-01 -7.403380261688520016e-03
9.367886278863364335e-01 -6.600781477393090346e-03
9.473131200147204556e-01 -5.814275613987780582e-03
9.578434676659028923e-01 -5.014281407631951404e-03
9.683785005164411430e-01 -4.160638074392352011e-03
9.789170477221889044e-01 -3.268013047407407595e-03
9.894579380484205267e-01 -2.202382285037828100e-03
9.999999999999998890e-01 -8.698587335623467429e-06
