9.999999999999998890e-01 1.300059613217035637e-03
9.894579380484205267e-01 2.507757067456435184e-03
9.789170477221889044e-01 3.689792189988922062e-03
9.683785005164411430e-01 4.838041640547834782e-03
9.578434676659028923e-01 5.999208596426210301e-03
9.473131200147204556e-01 7.214338529170312431e-03
9.367886278863364335e-01 8.478321429366187170e-03
9.262711609534211021e-01 9.775040303183548177e-03
9.157618881078770645e-01 1.108117376488399440e-02
9.052619773309316109e-01 1.238264263312823660e-02
8.947725955633289985e-01 1.368468136855977881e-02
8.842949085756387495e-01 1.499073913721084457e-02
8.738300808386934015e-01 1.629793517123035926e-02
8.633792753941731402e-01 1.759952370693277507e-02
8.529436537253458628e-01 1.888453669335096383e-02
8.425243756279822138e-01 2.014737123258686022e-02
8.321225990814590245e-01 2.138877818584968352e-02
8.217394801200630372e-01 2.260914077336644706e-02
8.113761727045106786e-01 2.380817805481117572e-02
8.010338285937002034e-01 2.498572775566878720e-02
7.907135972167069760e-01 2.614176024167681398e-02
7.804166255450371015e-01 2.727644842556045668e-02
7.701440579651563922e-01 2.839003818294929746e-02
7.598970361513051053e-01 2.948217210838108976e-02
7.496766989386134394e-01 3.055233391778680585e-02
7.394841821965345563e-01 3.160146550055393383e-02
7.293206187026060050e-01 3.263053473314159181e-02
7.191871380165538730e-01 3.363621800755214192e-02
7.090848663547572039e-01 3.461389097719210634e-02
6.990149264650814542e-01 3.556102112632674589e-02
6.889784375020977514e-01 3.647621271388656883e-02
6.789765149027036095e-01 3.736001594598620940e-02
6.690102702621547603e-01 3.821326151267770421e-02
6.590808112105230876e-01 3.903590714286107183e-02
6.491892412895989839e-01 3.982787429204334012e-02
6.393366598302444581e-01 4.058954801795344042e-02
6.295241618302156450e-01 4.132130877730207791e-02
6.197528378324663745e-01 4.202331979841422011e-02
6.100237738039482327e-01 4.269577670818570231e-02
6.003380510149177729e-01 4.333900661410174104e-02
5.906967459187653091e-01 4.395332353610258147e-02
5.811009300323815019e-01 4.453899264789565327e-02
5.715516698170692855e-01 4.509630398294455639e-02
5.620500265600203438e-01 4.562558982046345524e-02
5.525970562563653488e-01 4.612717963580698771e-02
5.431938094918128401e-01 4.660139636578135292e-02
5.338413313258880688e-01 4.704858084616711511e-02
5.245406611757882365e-01 4.746909254074303808e-02
5.152928327008634568e-01 4.786329140325543130e-02
5.060988736877365390e-01 4.823153858522419291e-02
4.969598059360780251e-01 4.857421564536903991e-02
4.878766451450451402e-01 4.889171795800511394e-02
4.788504008003974244e-01 4.918443088123920781e-02
4.698820760623064752e-01 4.945273866151032871e-02
4.609726676538650203e-01 4.969707011608648362e-02
4.521231657503131940e-01 4.991786771908029302e-02
4.433345538689928977e-01 5.011551042627201968e-02
4.346078087600411255e-01 5.029038179614191834e-02
4.259439002978354649e-01 5.044304600652860238e-02
4.173437913732044313e-01 5.057392118831120775e-02
4.088084377864137364e-01 5.068244394035168604e-02
4.003387881409395943e-01 5.076800446734067856e-02
3.919357837380436083e-01 5.083091728590373448e-02
3.836003584721576765e-01 5.087172225306403617e-02
3.753334387270930161e-01 5.089096897604469122e-02
3.671359432730831873e-01 5.088919301157231873e-02
3.590087831646743277e-01 5.086688817540988006e-02
3.509528616394713696e-01 5.082458050235681007e-02
3.429690740177547825e-01 5.076288045654170356e-02
3.350583076029753915e-01 5.068233730648264573e-02
3.272214415831418144e-01 5.058337082746918595e-02
3.194593469331089564e-01 5.046654423457504896e-02
3.117728863177794407e-01 5.033265372669928905e-02
3.041629139962280792e-01 5.018219625450681676e-02
2.966302757267624823e-01 5.001528145875878961e-02
2.891758086729252497e-01 4.983266869690759771e-02
2.818003413104546162e-01 4.963577606558127603e-02
2.745046933352085494e-01 4.942450900156197119e-02
2.672896755720651774e-01 4.919727585766441730e-02
2.601560898848094272e-01 4.895132578211551511e-02
2.531047290870154232e-01 4.868334702026684557e-02
2.461363768539343022e-01 4.839350796494138601e-02
2.392518076353984391e-01 4.808409876428595270e-02
2.324517865697500740e-01 4.775590581790085942e-02
2.257370693988056676e-01 4.740901966143812318e-02
2.191084023838638650e-01 4.704465580355218779e-02
2.125665222227673956e-01 4.666433278961602815e-02
2.061121559680280102e-01 4.626823724257718429e-02
1.997460209460230063e-01 4.585582456262906476e-02
1.934688246772731102e-01 4.542542331739128636e-02
1.872812647978095990e-01 4.497565387478651838e-02
1.811840289816407656e-01 4.450782680932457991e-02
1.751777948643248317e-01 4.402371373279185401e-02
1.692632299676588570e-01 4.352427043592990707e-02
1.634409916254914164e-01 4.301035562646202126e-02
1.577117269106679265e-01 4.248304751741211610e-02
1.520760725631161714e-01 4.194360462220422109e-02
1.465346549190801317e-01 4.139360012715093823e-02
1.410880898415101115e-01 4.083235058248262800e-02
1.357369826516168221e-01 4.025469627391617400e-02
1.304819280615971966e-01 3.965772749153703008e-02
1.253235101085391490e-01 3.904309008517155288e-02
1.202623020895129402e-01 3.841278076120788199e-02
1.152988664978553679e-01 3.776867974688270790e-02
1.104337549606562163e-01 3.711216974911439592e-02
1.056675081774507419e-01 3.644411652008235775e-02
1.010006558601274085e-01 3.576655888152761864e-02
9.643371667405697956e-02 3.508254806620950128e-02
9.196719818044885031e-02 3.439228596395889348e-02
8.760159677994161509e-02 3.369338806154729277e-02
8.333739765743386485e-02 3.298104803221563880e-02
7.917507472816209813e-02 3.224950599963431058e-02
7.511509058502996439e-02 3.150005084003943551e-02
7.115789644719716645e-02 3.073781816743738696e-02
6.730393210993146358e-02 2.996538296014126385e-02
6.355362589573076981e-02 2.918419165564133458e-02
5.990739460672012129e-02 2.839674234252644730e-02
5.636564347832906385e-02 2.760589459168046045e-02
5.292876613425423482e-02 2.681410495957914017e-02
4.959714454271368922e-02 2.602370035802959933e-02
4.637114897399441382e-02 2.523704347726608496e-02
4.325113795930202176e-02 2.445328160976245960e-02
4.023745825091396000e-02 2.365962930747212908e-02
3.733044478364233587e-02 2.284534632066916038e-02
3.453042063760936031e-02 2.201435672891658563e-02
3.183769700234129196e-02 2.117350008908040412e-02
2.925257314218321358e-02 2.032991838933570841e-02
2.677533636303963682e-02 1.948723772046088293e-02
2.440626198044326678e-02 1.864158717623790734e-02
2.214561328895736647e-02 1.778915755294519646e-02
1.999364153291383062e-02 1.692802855822535951e-02
1.795058587848985532e-02 1.606212632055438808e-02
1.601667338712764455e-02 1.520362992656232315e-02
1.419211899029970692e-02 1.436071304110971697e-02
1.247712546562085301e-02 1.353483692133316749e-02
1.087188341431266636e-02 1.270502914512235126e-02
9.376571240020115106e-03 1.182869401796206484e-02
7.991355128984078959e-03 1.089201859352944939e-02
6.716389031571567969e-03 9.909839483329871065e-03
5.551814645166519568e-03 8.928170912211947502e-03
4.497761398421062928e-03 8.007242360818017310e-03
3.554346436871580472e-03 7.112663694316016978e-03
2.721674609919344512e-03 6.153545667646982686e-03
1.999838459177394334e-03 5.069479405712402909e-03
1.388918208186096237e-03 3.838629050342625120e-03
8.889817534969424173e-04 2.598911825845316367e-03
5.000846571264760954e-04 1.538502888957765224e-03
2.222701403818971855e-04 7.258995869638535086e-04
5.556907905679420168e-05 1.942485795237553739e-04
0.000000000000000000e+00 1.891648018746559229e-05
0.000000000000000000e+00 -1.780953718223238677e-05
5.556907905679420168e-05 -2.024968100607470308e-04
2.222701403818971855e-04 -7.640152006377410633e-04
5.000846571264760954e-04 -1.610028392134043662e-03
8.889817534969424173e-04 -2.701585979369005002e-03
1.388918208186096237e-03 -3.956459957874371679e-03
1.999838459177394334e-03 -5.144963996567383097e-03
2.721674609919344512e-03 -6.100489482085905656e-03
3.554346436871580472e-03 -6.855888540016947044e-03
4.497761398421062928e-03 -7.493125669397674229e-03
5.551814645166519568e-03 -8.134021957456863752e-03
6.716389031571567969e-03 -8.829933260272484000e-03
7.991355128984078959e-03 -9.513960289440957438e-03
9.376571240020115106e-03 -1.014017760366428024e-02
1.087188341431266636e-02 -1.070530034271879351e-02
1.247712546562085301e-02 -1.122440582586958432e-02
1.419211899029970692e-02 -1.172920489267766965e-02
1.601667338712764455e-02 -1.223674807505119311e-02
1.795058587848985532e-02 -1.274883003270587192e-02
1.999364153291383062e-02 -1.325963344755185826e-02
2.214561328895736647e-02 -1.375833430495394284e-02
2.440626198044326678e-02 -1.424172186414151414e-02
2.677533636303963682e-02 -1.471185532790307386e-02
2.925257314218321358e-02 -1.517107968212973862e-02
3.183769700234129196e-02 -1.562125803861788391e-02
3.453042063760936031e-02 -1.605960688542486595e-02
3.733044478364233587e-02 -1.648103138364323886e-02
4.023745825091396000e-02 -1.687975649364546055e-02
4.325113795930202176e-02 -1.725242818452086060e-02
4.637114897399441382e-02 -1.760981634747108351e-02
4.959714454271368922e-02 -1.796471035414877113e-02
5.292876613425423482e-02 -1.831861992947342657e-02
5.636564347832906385e-02 -1.867005050128996146e-02
5.990739460672012129e-02 -1.901766638112418681e-02
6.355362589573076981e-02 -1.936005255577025186e-02
6.730393210993146358e-02 -1.969545818383612937e-02
7.115789644719716645e-02 -2.002243305707950699e-02
7.511509058502996439e-02 -2.034040214260850188e-02
7.917507472816209813e-02 -2.064788903230350622e-02
8.333739765743386485e-02 -2.094136198663625395e-02
8.760159677994161509e-02 -2.122040464633254478e-02
9.196719818044885031e-02 -2.149030591805910217e-02
9.643371667405697956e-02 -2.175560475580057967e-02
1.010006558601274085e-01 -2.201891073124079626e-02
1.056675081774507419e-01 -2.228072676413616823e-02
1.104337549606562163e-01 -2.253923334291069169e-02
1.152988664978553679e-01 -2.279349230405640706e-02
1.202623020895129402e-01 -2.304357300108521994e-02
1.253235101085391490e-01 -2.328902166571235680e-02
1.304819280615971966e-01 -2.352891171696839048e-02
1.357369826516168221e-01 -2.376252292850668246e-02
1.410880898415101115e-01 -2.398941933974373109e-02
1.465346549190801317e-01 -2.421049617435973647e-02
1.520760725631161714e-01 -2.442731142761798632e-02
1.577117269106679265e-01 -2.464018193612036237e-02
1.634409916254914164e-01 -2.484873287061287184e-02
1.692632299676588570e-01 -2.505221864477938376e-02
1.751777948643248317e-01 -2.524990768774048114e-02
1.811840289816407656e-01 -2.544203453650592181e-02
1.872812647978095990e-01 -2.562872644758818624e-02
1.934688246772731102e-01 -2.580801151868922574e-02
1.997460209460230063e-01 -2.597887928223964818e-02
2.061121559680280102e-01 -2.614637644865598284e-02
2.125665222227673956e-01 -2.631592419428600144e-02
2.191084023838638650e-01 -2.648951255082477099e-02
2.257370693988056676e-01 -2.666827252372824461e-02
2.324517865697500740e-01 -2.685285688083119057e-02
2.392518076353984391e-01 -2.704304416873112848e-02
2.461363768539343022e-01 -2.723689855021775227e-02
2.531047290870154232e-01 -2.743482617771671184e-02
2.601560898848094272e-01 -2.764177536827908468e-02
2.672896755720651774e-01 -2.785438359008232667e-02
2.745046933352085494e-01 -2.805584342225533184e-02
2.818003413104546162e-01 -2.823028195971222579e-02
2.891758086729252497e-01 -2.836484527761086796e-02
2.966302757267624823e-01 -2.845597127674932142e-02
3.041629139962280792e-01 -2.851052896680468171e-02
3.117728863177794407e-01 -2.854601965516068846e-02
3.194593469331089564e-01 -2.858819624463726505e-02
3.272214415831418144e-01 -2.864716885421822110e-02
3.350583076029753915e-01 -2.872041414604272619e-02
3.429690740177547825e-01 -2.880223803260112056e-02
3.509528616394713696e-01 -2.888534406455122924e-02
3.590087831646743277e-01 -2.896480748248143194e-02
3.671359432730831873e-01 -2.903744479558985001e-02
3.753334387270930161e-01 -2.910330144579044778e-02
3.836003584721576765e-01 -2.916362396325750117e-02
3.919357837380436083e-01 -2.921798882975541051e-02
4.003387881409395943e-01 -2.926551394030009468e-02
4.088084377864137364e-01 -2.930623022618990270e-02
4.173437913732044313e-01 -2.934022849459525309e-02
4.259439002978354649e-01 -2.936664939730368462e-02
4.346078087600411255e-01 -2.938461061387528245e-02
4.433345538689928977e-01 -2.939399689742763430e-02
4.521231657503131940e-01 -2.939477423994288699e-02
4.609726676538650203e-01 -2.938667454284462147e-02
4.698820760623064752e-01 -2.936944822670717672e-02
4.788504008003974244e-01 -2.934298536987476475e-02
4.878766451450451402e-01 -2.930714183638299594e-02
4.969598059360780251e-01 -2.926166821748113489e-02
5.060988736877365390e-01 -2.920638283561973608e-02
5.152928327008634568e-01 -2.914123252333390354e-02
5.245406611757882365e-01 -2.906603999218703230e-02
5.338413313258880688e-01 -2.898044876715009238e-02
5.431938094918128401e-01 -2.888437187346711010e-02
5.525970562563653488e-01 -2.877802284232598359e-02
5.620500265600203438e-01 -2.866097578780684926e-02
5.715516698170692855e-01 -2.853214308944815314e-02
5.811009300323815019e-01 -2.839016188876523905e-02
5.906967459187653091e-01 -2.823354303492381714e-02
6.003380510149177729e-01 -2.806182430752744705e-02
6.100237738039482327e-01 -2.787523181262985955e-02
6.197528378324663745e-01 -2.767365512260330784e-02
6.295241618302156450e-01 -2.745678555469828822e-02
6.393366598302444581e-01 -2.722438026515038023e-02
6.491892412895989839e-01 -2.697626245911953838e-02
6.590808112105230876e-01 -2.671247198305190876e-02
6.690102702621547603e-01 -2.643303191564035440e-02
6.789765149027036095e-01 -2.613738763797693668e-02
6.889784375020977514e-01 -2.582506920795345912e-02
6.990149264650814542e-01 -2.549687188088392564e-02
7.090848663547572039e-01 -2.515319378287597663e-02
7.191871380165538730e-01 -2.479164749038204052e-02
7.293206187026060050e-01 -2.440821238764604231e-02
7.394841821965345563e-01 -2.399585546163315181e-02
7.496766989386134394e-01 -2.354944883681242551e-02
7.598970361513051053e-01 -2.307012569102562596e-02
7.701440579651563922e-01 -2.255901303226559226e-02
7.804166255450371015e-01 -2.201517717009346051e-02
7.907135972167069760e-01 -2.143790756486427945e-02
8.010338285937002034e-01 -2.082734535821923263e-02
8.113761727045106786e-01 -2.018361078576171377e-02
8.217394801200630372e-01 -1.950665649260538773e-02
8.321225990814590245e-01 -1.879613715495251011e-02
8.425243756279822138e-01 -1.805140085414179071e-02
8.529436537253458628e-01 -1.727300759416048812e-02
8.633792753941731402e-01 -1.646234713085180379e-02
8.738300808386934015e-01 -1.561208238675870948e-02
8.842949085756387495e-01 -1.470756868935164940e-02
8.947725955633289985e-01 -1.374103964641871026e-02
9.052619773309316109e-01 -1.271048798724110085e-02
9.157618881078770645e-01 -1.161858671648907659e-02
9.262711609534211021e-01 -1.046927839073562815e-02
9.367886278863364335e-01 -9.252169131905726984e-03
9.473131200147204556e-01 -7.949878538379343343e-03
9.578434676659028923e-01 -6.549454266918886859e-03
9.683785005164411430e-01 -5.050020503379064676e-03
9.789170477221889044e-01 -3.510524417492705881e-03
9.894579380484205267e-01 -1.996631367639897271e-03
9.999999999999998890e-01 -4.999379188922698858e-04
