9.999999999999998890e-01 -4.999997654947145077e-03
9.894579380484205267e-01 -1.929616226613147835e-03
9.789170477221889044e-01 8.160230886641340079e-04
9.683785005164411430e-01 3.275665328323277940e-03
9.578434676659028923e-01 5.488687120899790953e-03
9.473131200147204556e-01 7.494371031167013954e-03
9.367886278863364335e-01 9.331391133469328983e-03
9.262711609534211021e-01 1.103871915610571582e-02
9.157618881078770645e-01 1.265622166002183281e-02
9.052619773309316109e-01 1.422256007182878118e-02
8.947725955633289985e-01 1.577365690144436755e-02
8.842949085756387495e-01 1.733083141173728803e-02
8.738300808386934015e-01 1.889271167796407677e-02
8.633792753941731402e-01 2.045716733197826265e-02
8.529436537253458628e-01 2.202372521869235683e-02
8.425243756279822138e-01 2.359138076506355278e-02
8.321225990814590245e-01 2.515842260027086746e-02
8.217394801200630372e-01 2.672358895570278378e-02
8.113761727045106786e-01 2.828604615321702112e-02
8.010338285937002034e-01 2.984440160114615326e-02
7.907135972167069760e-01 3.139657862250249537e-02
7.804166255450371015e-01 3.293774876157153086e-02
7.701440579651563922e-01 3.446126867627738455e-02
7.598970361513051053e-01 3.596080884464755711e-02
7.496766989386134394e-01 3.743025022228690241e-02
7.394841821965345563e-01 3.886357560014103846e-02
7.293206187026060050e-01 4.025481859215183228e-02
7.191871380165538730e-01 4.159803580619654551e-02
7.090848663547572039e-01 4.288741288781920680e-02
6.990149264650814542e-01 4.411776711838400616e-02
6.889784375020977514e-01 4.528596553070501907e-02
6.789765149027036095e-01 4.639684395342299345e-02
6.690102702621547603e-01 4.745718820651218667e-02
6.590808112105230876e-01 4.847305989731823250e-02
6.491892412895989839e-01 4.945044929247018051e-02
6.393366598302444581e-01 5.039560947298346583e-02
6.295241618302156450e-01 5.131456658755631506e-02
6.197528378324663745e-01 5.221267922196435457e-02
6.100237738039482327e-01 5.309558673038502347e-02
6.003380510149177729e-01 5.396965503935519798e-02
5.906967459187653091e-01 5.483766648414763883e-02
5.811009300323815019e-01 5.569613590119037311e-02
5.715516698170692855e-01 5.654037530713439813e-02
5.620500265600203438e-01 5.736485777489673532e-02
5.525970562563653488e-01 5.816434272272247991e-02
5.431938094918128401e-01 5.893402241818895826e-02
5.338413313258880688e-01 5.966932817609746365e-02
5.245406611757882365e-01 6.036589566186807004e-02
5.152928327008634568e-01 6.101913767939622091e-02
5.060988736877365390e-01 6.162439355132256352e-02
4.969598059360780251e-01 6.217872015229816696e-02
4.878766451450451402e-01 6.268074893944577952e-02
4.788504008003974244e-01 6.313265415089419630e-02
4.698820760623064752e-01 6.353863076908500274e-02
4.609726676538650203e-01 6.390187785631018524e-02
4.521231657503131940e-01 6.422513406883623155e-02
4.433345538689928977e-01 6.451157542958806113e-02
4.346078087600411255e-01 6.476446206580697973e-02
4.259439002978354649e-01 6.498646284538180107e-02
4.173437913732044313e-01 6.518015686883703308e-02
4.088084377864137364e-01 6.534868177782980625e-02
4.003387881409395943e-01 6.549482442516492420e-02
3.919357837380436083e-01 6.561939410715804388e-02
3.836003584721576765e-01 6.572210186439246538e-02
3.753334387270930161e-01 6.580068463110770594e-02
3.671359432730831873e-01 6.585277268624106783e-02
3.590087831646743277e-01 6.587674072433587213e-02
3.509528616394713696e-01 6.587103791484438808e-02
3.429690740177547825e-01 6.583401419771732488e-02
3.350583076029753915e-01 6.576416264056142436e-02
3.272214415831418144e-01 6.566026269179613128e-02
3.194593469331089564e-01 6.552117497136757118e-02
3.117728863177794407e-01 6.534584128744970466e-02
3.041629139962280792e-01 6.513333916555295866e-02
2.966302757267624823e-01 6.488292527490902017e-02
2.891758086729252497e-01 6.459420506695540132e-02
2.818003413104546162e-01 6.426715627114838736e-02
2.745046933352085494e-01 6.390186744192684343e-02
2.672896755720651774e-01 6.349851753605165183e-02
2.601560898848094272e-01 6.305737339493990012e-02
2.531047290870154232e-01 6.257877497773917108e-02
2.461363768539343022e-01 6.206315183398544016e-02
2.392518076353984391e-01 6.151100116217246561e-02
2.324517865697500740e-01 6.092291789785434647e-02
2.257370693988056676e-01 6.029955945608458934e-02
2.191084023838638650e-01 5.964165555063435237e-02
2.125665222227673956e-01 5.894998897263864501e-02
2.061121559680280102e-01 5.822546738858271759e-02
1.997460209460230063e-01 5.746903064127649452e-02
1.934688246772731102e-01 5.668154104418292316e-02
1.872812647978095990e-01 5.586382020929624853e-02
1.811840289816407656e-01 5.501662229280795263e-02
1.751777948643248317e-01 5.414074768835049067e-02
1.692632299676588570e-01 5.323721514157533918e-02
1.634409916254914164e-01 5.230707457079537825e-02
1.577117269106679265e-01 5.135133258133099676e-02
1.520760725631161714e-01 5.037115480097807685e-02
1.465346549190801317e-01 4.936810200094032819e-02
1.410880898415101115e-01 4.834424161402712389e-02
1.357369826516168221e-01 4.730252226152188016e-02
1.304819280615971966e-01 4.624588031490558387e-02
1.253235101085391490e-01 4.517706025237791523e-02
1.202623020895129402e-01 4.409863851476299168e-02
1.152988664978553679e-01 4.301298803507914298e-02
1.104337549606562163e-01 4.192260333230224401e-02
1.056675081774507419e-01 4.083010555167974204e-02
1.010006558601274085e-01 3.973739433516004782e-02
9.643371667405697956e-02 3.864540033211546349e-02
9.196719818044885031e-02 3.755081170553398878e-02
8.760159677994161509e-02 3.644694272735324314e-02
8.333739765743386485e-02 3.532857858246107180e-02
7.917507472816209813e-02 3.419171931781419399e-02
7.511509058502996439e-02 3.303354094823759968e-02
7.115789644719716645e-02 3.185214161761094204e-02
6.730393210993146358e-02 3.064764144098834284e-02
6.355362589573076981e-02 2.942129204930592906e-02
5.990739460672012129e-02 2.817529059581189849e-02
5.636564347832906385e-02 2.691203675645271673e-02
5.292876613425423482e-02 2.563293119817521351e-02
4.959714454271368922e-02 2.434040089394979081e-02
4.637114897399441382e-02 2.304301810951350782e-02
4.325113795930202176e-02 2.175167684005717070e-02
4.023745825091396000e-02 2.047947279752958955e-02
3.733044478364233587e-02 1.923869693813414286e-02
3.453042063760936031e-02 1.803762921160474014e-02
3.183769700234129196e-02 1.688339080860758179e-02
2.925257314218321358e-02 1.578209349768221886e-02
2.677533636303963682e-02 1.473855288303594323e-02
2.440626198044326678e-02 1.375509831955883978e-02
2.214561328895736647e-02 1.282628589063484863e-02
1.999364153291383062e-02 1.193358848125023949e-02
1.795058587848985532e-02 1.106123063722284916e-02
1.601667338712764455e-02 1.019958011591395181e-02
1.419211899029970692e-02 9.342609900462886530e-03
1.247712546562085301e-02 8.488283136207214891e-03
1.087188341431266636e-02 7.637441231054448165e-03
9.376571240020115106e-03 6.793790669645992375e-03
7.991355128984078959e-03 5.962921425513074795e-03
6.716389031571567969e-03 5.152050302022361146e-03
5.551814645166519568e-03 4.369470054597067617e-03
4.497761398421062928e-03 3.624257110766457724e-03
3.554346436871580472e-03 2.925712177439149762e-03
2.721674609919344512e-03 2.283209375695006375e-03
1.999838459177394334e-03 1.705618513621439975e-03
1.388918208186096237e-03 1.201388608090240770e-03
8.889817534969424173e-04 7.778539796497196436e-04
5.000846571264760954e-04 4.415819008932341709e-04
2.222701403818971855e-04 1.975028647303502124e-04
5.556907905679420168e-05 4.958110350403499892e-05
0.000000000000000000e+00 -7.751905197645666426e-10
0.000000000000000000e+00 9.263588508244240741e-10
5.556907905679420168e-05 -3.443045779603369402e-05
2.222701403818971855e-04 -1.367405343285954165e-04
5.000846571264760954e-04 -3.043205077780089985e-04
8.889817534969424173e-04 -5.324243091466199619e-04
1.388918208186096237e-03 -8.151356929185564438e-04
1.999838459177394334e-03 -1.144544687903490841e-03
2.721674609919344512e-03 -1.511781292331514266e-03
3.554346436871580472e-03 -1.906558834065274566e-03
4.497761398421062928e-03 -2.317999223230441785e-03
5.551814645166519568e-03 -2.734473943262385586e-03
6.716389031571567969e-03 -3.144290883191356092e-03
7.991355128984078959e-03 -3.535806279344053810e-03
9.376571240020115106e-03 -3.898073953178822493e-03
1.087188341431266636e-02 -4.221128703033341818e-03
1.247712546562085301e-02 -4.496605823716846341e-03
1.419211899029970692e-02 -4.718005232047005684e-03
1.601667338712764455e-02 -4.881762067893180221e-03
1.795058587848985532e-02 -4.987266776565467928e-03
1.999364153291383062e-02 -5.038049879661495728e-03
2.214561328895736647e-02 -5.041390752255679383e-03
2.440626198044326678e-02 -5.011031826638138141e-03
2.677533636303963682e-02 -4.963854421101390919e-03
2.925257314218321358e-02 -4.905363906281738282e-03
3.183769700234129196e-02 -4.834462342025747442e-03
3.453042063760936031e-02 -4.749183022789897277e-03
3.733044478364233587e-02 -4.647213714878894661e-03
4.023745825091396000e-02 -4.526443314138238645e-03
4.325113795930202176e-02 -4.384660150084798182e-03
4.637114897399441382e-02 -4.218700371292424464e-03
4.959714454271368922e-02 -4.025436658769224359e-03
5.292876613425423482e-02 -3.803249103702216818e-03
5.636564347832906385e-02 -3.551873230989762136e-03
5.990739460672012129e-02 -3.274419099527868787e-03
6.355362589573076981e-02 -2.974815647786501534e-03
6.730393210993146358e-02 -2.657195502029785581e-03
7.115789644719716645e-02 -2.326629807608084338e-03
7.511509058502996439e-02 -1.990369017971789067e-03
7.917507472816209813e-02 -1.653452186841637131e-03
8.333739765743386485e-02 -1.315753631313989385e-03
8.760159677994161509e-02 -9.759942390327295842e-04
9.196719818044885031e-02 -6.319908357495998682e-04
9.643371667405697956e-02 -2.811890034724752853e-04
1.010006558601274085e-01 7.932813528621659289e-05
1.056675081774507419e-01 4.510743372043465697e-04
1.104337549606562163e-01 8.338177634006450423e-04
1.152988664978553679e-01 1.226820554566739746e-03
1.202623020895129402e-01 1.628933834549005583e-03
1.253235101085391490e-01 2.038972235820268267e-03
1.304819280615971966e-01 2.455721836964462265e-03
1.357369826516168221e-01 2.877790610739860023e-03
1.410880898415101115e-01 3.303633750836905067e-03
1.465346549190801317e-01 3.731442888026767317e-03
1.520760725631161714e-01 4.159329727601303664e-03
1.577117269106679265e-01 4.586082101600175327e-03
1.634409916254914164e-01 5.010866111483573346e-03
1.692632299676588570e-01 5.433074353609508404e-03
1.751777948643248317e-01 5.852172120989724419e-03
1.811840289816407656e-01 6.267496474905821270e-03
1.872812647978095990e-01 6.678351251167820822e-03
1.934688246772731102e-01 7.084097431410747540e-03
1.997460209460230063e-01 7.484077133000067127e-03
2.061121559680280102e-01 7.877495622496179586e-03
2.125665222227673956e-01 8.263481841298988412e-03
2.191084023838638650e-01 8.641027036264507799e-03
2.257370693988056676e-01 9.009086124230647821e-03
2.324517865697500740e-01 9.366589991584952854e-03
2.392518076353984391e-01 9.712440441115089904e-03
2.461363768539343022e-01 1.004548402277594642e-02
2.531047290870154232e-01 1.036453881128910487e-02
2.601560898848094272e-01 1.066838365873839720e-02
2.672896755720651774e-01 1.095576383876791481e-02
2.745046933352085494e-01 1.122537873658392867e-02
2.818003413104546162e-01 1.147589509046001433e-02
2.891758086729252497e-01 1.170594111085204551e-02
2.966302757267624823e-01 1.191410651727948557e-02
3.041629139962280792e-01 1.209897918435529768e-02
3.117728863177794407e-01 1.225988644208309344e-02
3.194593469331089564e-01 1.239684029923215913e-02
3.272214415831418144e-01 1.250993061461929366e-02
3.350583076029753915e-01 1.259929388969926317e-02
3.429690740177547825e-01 1.266513749858374366e-02
3.509528616394713696e-01 1.270771961414802857e-02
3.590087831646743277e-01 1.272734840554989172e-02
3.671359432730831873e-01 1.272437275991157579e-02
3.753334387270930161e-01 1.269924607043651163e-02
3.836003584721576765e-01 1.265246893737145308e-02
3.919357837380436083e-01 1.258453888254328426e-02
4.003387881409395943e-01 1.249602537339305347e-02
4.088084377864137364e-01 1.238786815416794557e-02
4.173437913732044313e-01 1.226122164896777111e-02
4.259439002978354649e-01 1.211764745710655448e-02
4.346078087600411255e-01 1.195880584861490001e-02
4.433345538689928977e-01 1.178633269964056950e-02
4.521231657503131940e-01 1.160195208031339527e-02
4.609726676538650203e-01 1.140765215045239783e-02
4.698820760623064752e-01 1.120541393308527658e-02
4.788504008003974244e-01 1.099709501700814329e-02
4.878766451450451402e-01 1.078482096500023302e-02
4.969598059360780251e-01 1.057126242690192841e-02
5.060988736877365390e-01 1.035807260254612006e-02
5.152928327008634568e-01 1.014511236759028240e-02
5.245406611757882365e-01 9.931440675584657374e-03
5.338413313258880688e-01 9.715242132436003805e-03
5.431938094918128401e-01 9.494798100193367965e-03
5.525970562563653488e-01 9.268572490634428146e-03
5.620500265600203438e-01 9.034924625791113106e-03
5.715516698170692855e-01 8.792094514868084229e-03
5.811009300323815019e-01 8.538215388075009668e-03
5.906967459187653091e-01 8.271355923791653617e-03
6.003380510149177729e-01 7.989843441384650996e-03
6.100237738039482327e-01 7.692382161255050324e-03
6.197528378324663745e-01 7.379676173845576767e-03
6.295241618302156450e-01 7.053574746358612022e-03
6.393366598302444581e-01 6.715708671011109444e-03
6.491892412895989839e-01 6.367623890923882618e-03
6.590808112105230876e-01 6.011067093323066435e-03
6.690102702621547603e-01 5.647861412986607266e-03
6.789765149027036095e-01 5.279795864071562018e-03
6.889784375020977514e-01 4.908678243753587279e-03
6.990149264650814542e-01 4.536453402756559193e-03
7.090848663547572039e-01 4.164870645096839866e-03
7.191871380165538730e-01 3.794813178169535728e-03
7.293206187026060050e-01 3.426946622483686283e-03
7.394841821965345563e-01 3.061883854172976326e-03
7.496766989386134394e-01 2.700249985974163044e-03
7.598970361513051053e-01 2.342726285331794053e-03
7.701440579651563922e-01 1.989977416656277601e-03
7.804166255450371015e-01 1.642615449550336891e-03
7.907135972167069760e-01 1.301316268190107553e-03
8.010338285937002034e-01 9.668679822915822192e-04
8.113761727045106786e-01 6.394277845202326607e-04
8.217394801200630372e-01 3.181973575136727355e-04
8.321225990814590245e-01 2.196504991108727751e-06
8.425243756279822138e-01 -3.096852109555454317e-04
8.529436537253458628e-01 -6.185498191475676238e-04
8.633792753941731402e-01 -9.254821406537162539e-04
8.738300808386934015e-01 -1.231571545059341509e-03
8.842949085756387495e-01 -1.537916893131496560e-03
8.947725955633289985e-01 -1.845684903760252829e-03
9.052619773309316109e-01 -2.156005475991072413e-03
9.157618881078770645e-01 -2.469023598796531334e-03
9.262711609534211021e-01 -2.784250213611024968e-03
9.367886278863364335e-01 -3.101075098470095371e-03
9.473131200147204556e-01 -3.418835248185841946e-03
9.578434676659028923e-01 -3.736911809144382018e-03
9.683785005164411430e-01 -4.054700584998794689e-03
9.789170477221889044e-01 -4.371567342231861587e-03
9.894579380484205267e-01 -4.686872034833373078e-03
9.999999999999998890e-01 -5.000000108731331334e-03
