9.999999999999998890e-01 1.243027248137207027e-03
9.894579380484205267e-01 1.305372362079414584e-03
9.789170477221889044e-01 1.452211365872220668e-03
9.683785005164411430e-01 1.683557505346340317e-03
9.578434676659028923e-01 1.999247103160010051e-03
9.473131200147204556e-01 2.399115629113240944e-03
9.367886278863364335e-01 2.883094834925388483e-03
9.262711609534211021e-01 3.451010342307084169e-03
9.157618881078770645e-01 4.102412295799671808e-03
9.052619773309316109e-01 4.837007141903640686e-03
8.947725955633289985e-01 5.654860739988979215e-03
8.842949085756387495e-01 6.555550766199386321e-03
8.738300808386934015e-01 7.537851855310043203e-03
8.633792753941731402e-01 8.601963029848684952e-03
8.529436537253458628e-01 9.749462052013962987e-03
8.425243756279822138e-01 1.096416176293545271e-02
8.321225990814590245e-01 1.221070053546176315e-02
8.217394801200630372e-01 1.347335575388905297e-02
8.113761727045106786e-01 1.475586207803634108e-02
8.010338285937002034e-01 1.605905967737285625e-02
7.907135972167069760e-01 1.738096415666515876e-02
7.804166255450371015e-01 1.872102086969458859e-02
7.701440579651563922e-01 2.007964205133103489e-02
7.598970361513051053e-01 2.145671741465892193e-02
7.496766989386134394e-01 2.285179529332965684e-02
7.394841821965345563e-01 2.426415263428075009e-02
7.293206187026060050e-01 2.569312676338633000e-02
7.191871380165538730e-01 2.713925979674685837e-02
7.090848663547572039e-01 2.860303856393719632e-02
6.990149264650814542e-01 3.008215147150022223e-02
6.889784375020977514e-01 3.157476329046401964e-02
6.789765149027036095e-01 3.308506509732395129e-02
6.690102702621547603e-01 3.461395224309962021e-02
6.590808112105230876e-01 3.614479406381634202e-02
6.491892412895989839e-01 3.766006070743204565e-02
6.393366598302444581e-01 3.915104145160435561e-02
6.295241618302156450e-01 4.061342670274420419e-02
6.197528378324663745e-01 4.204969619635404166e-02
6.100237738039482327e-01 4.346170853694528158e-02
6.003380510149177729e-01 4.484801247771242477e-02
5.906967459187653091e-01 4.620794341529037286e-02
5.811009300323815019e-01 4.754283625116092343e-02
5.715516698170692855e-01 4.885303637775114532e-02
5.620500265600203438e-01 5.013719074573654705e-02
5.525970562563653488e-01 5.139375323923095484e-02
5.431938094918128401e-01 5.262114145107088525e-02
5.338413313258880688e-01 5.381869680864966726e-02
5.245406611757882365e-01 5.498672269109659838e-02
5.152928327008634568e-01 5.612587986490350650e-02
5.060988736877365390e-01 5.723700441951123929e-02
4.969598059360780251e-01 5.831964132263064288e-02
4.878766451450451402e-01 5.937269377080894167e-02
4.788504008003974244e-01 6.039826119660122311e-02
4.698820760623064752e-01 6.139925540015541555e-02
4.609726676538650203e-01 6.236874614804192168e-02
4.521231657503131940e-01 6.329552694872407625e-02
4.433345538689928977e-01 6.417365468145855290e-02
4.346078087600411255e-01 6.500019600211419391e-02
4.259439002978354649e-01 6.577650467108575594e-02
4.173437913732044313e-01 6.650502174801417588e-02
4.088084377864137364e-01 6.718620107811111575e-02
4.003387881409395943e-01 6.782018239946839555e-02
3.919357837380436083e-01 6.840813148440873237e-02
3.836003584721576765e-01 6.895131157639833308e-02
3.753334387270930161e-01 6.945051280725307585e-02
3.671359432730831873e-01 6.990650453051140689e-02
3.590087831646743277e-01 7.032024724024593665e-02
3.509528616394713696e-01 7.069275602326303976e-02
3.429690740177547825e-01 7.102509616075347587e-02
3.350583076029753915e-01 7.131820187870532846e-02
3.272214415831418144e-01 7.157276211573623814e-02
3.194593469331089564e-01 7.178980736138348973e-02
3.117728863177794407e-01 7.197091133350061454e-02
3.041629139962280792e-01 7.211688687453686464e-02
2.966302757267624823e-01 7.222757437124208146e-02
2.891758086729252497e-01 7.230465354095730324e-02
2.818003413104546162e-01 7.235153500721762387e-02
2.745046933352085494e-01 7.236486638922637327e-02
2.672896755720651774e-01 7.233533778899932376e-02
2.601560898848094272e-01 7.225873090952142364e-02
2.531047290870154232e-01 7.213506731662257254e-02
2.461363768539343022e-01 7.196579712628611847e-02
2.392518076353984391e-01 7.175319247395171851e-02
2.324517865697500740e-01 7.149916477586107377e-02
2.257370693988056676e-01 7.120535794921796502e-02
2.191084023838638650e-01 7.087294592918470804e-02
2.125665222227673956e-01 7.050316016855809331e-02
2.061121559680280102e-01 7.009890863369784564e-02
1.997460209460230063e-01 6.966275223964886465e-02
1.934688246772731102e-01 6.919226447013315795e-02
1.872812647978095990e-01 6.868395654958107943e-02
1.811840289816407656e-01 6.813646516272216236e-02
1.751777948643248317e-01 6.754973703597992596e-02
1.692632299676588570e-01 6.692631236466067834e-02
1.634409916254914164e-01 6.626909216754435505e-02
1.577117269106679265e-01 6.558042772959468691e-02
1.520760725631161714e-01 6.486222452499551538e-02
1.465346549190801317e-01 6.411557686767234421e-02
1.410880898415101115e-01 6.334266191466719764e-02
1.357369826516168221e-01 6.254796367471253393e-02
1.304819280615971966e-01 6.173301895907454262e-02
1.253235101085391490e-01 6.089401221344267756e-02
1.202623020895129402e-01 6.002382667559064827e-02
1.152988664978553679e-01 5.911174707782998472e-02
1.104337549606562163e-01 5.815549370021300124e-02
1.056675081774507419e-01 5.716278559000591286e-02
1.010006558601274085e-01 5.613837750399833931e-02
9.643371667405697956e-02 5.508366347517405781e-02
9.196719818044885031e-02 5.400185469574257657e-02
8.760159677994161509e-02 5.289767365490117418e-02
8.333739765743386485e-02 5.177435531121677564e-02
7.917507472816209813e-02 5.063423782883275104e-02
7.511509058502996439e-02 4.948146628495127958e-02
7.115789644719716645e-02 4.831931211227354084e-02
6.730393210993146358e-02 4.713498652864836491e-02
6.355362589573076981e-02 4.591076684650890333e-02
5.990739460672012129e-02 4.464882450011138648e-02
5.636564347832906385e-02 4.335861123277012091e-02
5.292876613425423482e-02 4.204463298054360310e-02
4.959714454271368922e-02 4.071069653474543304e-02
4.637114897399441382e-02 3.936507182368189500e-02
4.325113795930202176e-02 3.801525858237096017e-02
4.023745825091396000e-02 3.666126789696303595e-02
3.733044478364233587e-02 3.530589730085875039e-02
3.453042063760936031e-02 3.396569482573033594e-02
3.183769700234129196e-02 3.264395961377555139e-02
2.925257314218321358e-02 3.130395150377588559e-02
2.677533636303963682e-02 2.991628536715684045e-02
2.440626198044326678e-02 2.848026781454247522e-02
2.214561328895736647e-02 2.700415516935315147e-02
1.999364153291383062e-02 2.550555848355035016e-02
1.795058587848985532e-02 2.400136212184804038e-02
1.601667338712764455e-02 2.250584651562300559e-02
1.419211899029970692e-02 2.102903488713908295e-02
1.247712546562085301e-02 1.957631440246810142e-02
1.087188341431266636e-02 1.816340141302793740e-02
9.376571240020115106e-03 1.681546342958564755e-02
7.991355128984078959e-03 1.552538354294435638e-02
6.716389031571567969e-03 1.425529118099592117e-02
5.551814645166519568e-03 1.294320457872508504e-02
4.497761398421062928e-03 1.152237842073053700e-02
3.554346436871580472e-03 1.006691101849529341e-02
2.721674609919344512e-03 8.720846768752715111e-03
1.999838459177394334e-03 7.457826106732776995e-03
1.388918208186096237e-03 6.156838855343508242e-03
8.889817534969424173e-04 4.668432012738955861e-03
5.000846571264760954e-04 2.912137650139519449e-03
2.222701403818971855e-04 1.288696297274427279e-03
5.556907905679420168e-05 2.791702859757339505e-04
0.000000000000000000e+00 -1.036030180812682981e-04
0.000000000000000000e+00 -1.524828409073732019e-04
5.556907905679420168e-05 -2.604500932395805682e-04
2.222701403818971855e-04 -5.759287991199818491e-04
5.000846571264760954e-04 -1.083986536847241899e-03
8.889817534969424173e-04 -1.748125376316143941e-03
1.388918208186096237e-03 -2.524200491753703177e-03
1.999838459177394334e-03 -3.359251046986642605e-03
2.721674609919344512e-03 -4.184407459484579088e-03
3.554346436871580472e-03 -4.898803893290795686e-03
4.497761398421062928e-03 -5.471607985929803804e-03
5.551814645166519568e-03 -6.012057424178238012e-03
6.716389031571567969e-03 -6.589978042802537364e-03
7.991355128984078959e-03 -7.188009405987222551e-03
9.376571240020115106e-03 -7.789065572223951781e-03
1.087188341431266636e-02 -8.386649339626137470e-03
1.247712546562085301e-02 -8.971223997852245668e-03
1.419211899029970692e-02 -9.529895127323696757e-03
1.601667338712764455e-02 -1.006856950654181140e-02
1.795058587848985532e-02 -1.061008203822513991e-02
1.999364153291383062e-02 -1.115954799772731799e-02
2.214561328895736647e-02 -1.170753557601045963e-02
2.440626198044326678e-02 -1.224714756072081516e-02
2.677533636303963682e-02 -1.277377873975453493e-02
2.925257314218321358e-02 -1.328579221228459381e-02
3.183769700234129196e-02 -1.378378430769773046e-02
3.453042063760936031e-02 -1.427287389635068307e-02
3.733044478364233587e-02 -1.475901577728718286e-02
4.023745825091396000e-02 -1.523980408914778206e-02
4.325113795930202176e-02 -1.570974748808274396e-02
4.637114897399441382e-02 -1.616453899156183871e-02
4.959714454271368922e-02 -1.660177979595825123e-02
5.292876613425423482e-02 -1.702563287828800023e-02
5.636564347832906385e-02 -1.744116003423788058e-02
5.990739460672012129e-02 -1.785030979635888679e-02
6.355362589573076981e-02 -1.825329554774437341e-02
6.730393210993146358e-02 -1.864726892197378361e-02
7.115789644719716645e-02 -1.902951823993879674e-02
7.511509058502996439e-02 -1.939903673840111600e-02
7.917507472816209813e-02 -1.975623823704089968e-02
8.333739765743386485e-02 -2.010388711610960541e-02
8.760159677994161509e-02 -2.044348845740526915e-02
9.196719818044885031e-02 -2.077390815571280441e-02
9.643371667405697956e-02 -2.109335444862867059e-02
1.010006558601274085e-01 -2.139952308096476630e-02
1.056675081774507419e-01 -2.169210881505545183e-02
1.104337549606562163e-01 -2.197327299337101941e-02
1.152988664978553679e-01 -2.224542360520629508e-02
1.202623020895129402e-01 -2.251093653700512662e-02
1.253235101085391490e-01 -2.276981832611700216e-02
1.304819280615971966e-01 -2.302011306263894441e-02
1.357369826516168221e-01 -2.326082972180996966e-02
1.410880898415101115e-01 -2.349175402042278857e-02
1.465346549190801317e-01 -2.371301617983430365e-02
1.520760725631161714e-01 -2.392489993871841844e-02
1.577117269106679265e-01 -2.412729505363411797e-02
1.634409916254914164e-01 -2.431979540534244880e-02
1.692632299676588570e-01 -2.450134206528037026e-02
1.751777948643248317e-01 -2.467084547248270254e-02
1.811840289816407656e-01 -2.482862001060005472e-02
1.872812647978095990e-01 -2.497554329926604533e-02
1.934688246772731102e-01 -2.511280462256841595e-02
1.997460209460230063e-01 -2.524125098813469886e-02
2.061121559680280102e-01 -2.536006319282213886e-02
2.125665222227673956e-01 -2.546826256427453875e-02
2.191084023838638650e-01 -2.556563472673922116e-02
2.257370693988056676e-01 -2.565190848227960618e-02
2.324517865697500740e-01 -2.572626817121503526e-02
2.392518076353984391e-01 -2.578807807555056134e-02
2.461363768539343022e-01 -2.583728331076516962e-02
2.531047290870154232e-01 -2.587341145863229427e-02
2.601560898848094272e-01 -2.589511044724825128e-02
2.672896755720651774e-01 -2.590229892498127282e-02
2.745046933352085494e-01 -2.589697899398150926e-02
2.818003413104546162e-01 -2.588091657568460102e-02
2.891758086729252497e-01 -2.585530706048598526e-02
2.966302757267624823e-01 -2.582031383338263472e-02
3.041629139962280792e-01 -2.577504179846822063e-02
3.117728863177794407e-01 -2.571906414939462149e-02
3.194593469331089564e-01 -2.565241302087211198e-02
3.272214415831418144e-01 -2.557481264788729822e-02
3.350583076029753915e-01 -2.548575690542544472e-02
3.429690740177547825e-01 -2.538499427576321188e-02
3.509528616394713696e-01 -2.527240700068333554e-02
3.590087831646743277e-01 -2.514753524608106736e-02
3.671359432730831873e-01 -2.501001493352554561e-02
3.753334387270930161e-01 -2.486163828366530493e-02
3.836003584721576765e-01 -2.470484749205250838e-02
3.919357837380436083e-01 -2.453999980454910426e-02
4.003387881409395943e-01 -2.436670941056634163e-02
4.088084377864137364e-01 -2.418485934051986877e-02
4.173437913732044313e-01 -2.399438308030298755e-02
4.259439002978354649e-01 -2.379506929063287396e-02
4.346078087600411255e-01 -2.358671885277506541e-02
4.433345538689928977e-01 -2.336930331922963677e-02
4.521231657503131940e-01 -2.314273080640959213e-02
4.609726676538650203e-01 -2.290662791892956324e-02
4.698820760623064752e-01 -2.266090754640730925e-02
4.788504008003974244e-01 -2.240627035811419698e-02
4.878766451450451402e-01 -2.214339630324648617e-02
4.969598059360780251e-01 -2.187269867893707267e-02
5.060988736877365390e-01 -2.159425023094879714e-02
5.152928327008634568e-01 -2.130762521413121294e-02
5.245406611757882365e-01 -2.101283699561107277e-02
5.338413313258880688e-01 -2.071056338860700896e-02
5.431938094918128401e-01 -2.040129540113349779e-02
5.525970562563653488e-01 -2.008524160682841758e-02
5.620500265600203438e-01 -1.976242729537734319e-02
5.715516698170692855e-01 -1.943271704135788452e-02
5.811009300323815019e-01 -1.909603982344631676e-02
5.906967459187653091e-01 -1.875238380019457821e-02
6.003380510149177729e-01 -1.840173850574244180e-02
6.100237738039482327e-01 -1.804408462978376870e-02
6.197528378324663745e-01 -1.767931495771311173e-02
6.295241618302156450e-01 -1.730736338171670954e-02
6.393366598302444581e-01 -1.692892837635519981e-02
6.491892412895989839e-01 -1.654497537885824335e-02
6.590808112105230876e-01 -1.615573738121133668e-02
6.690102702621547603e-01 -1.576115651223224806e-02
6.789765149027036095e-01 -1.536123341119488735e-02
6.889784375020977514e-01 -1.495598405140969277e-02
6.990149264650814542e-01 -1.454540240722845476e-02
7.090848663547572039e-01 -1.412948477427425006e-02
7.191871380165538730e-01 -1.370825891348544621e-02
7.293206187026060050e-01 -1.328173996141854274e-02
7.394841821965345563e-01 -1.284988239430292188e-02
7.496766989386134394e-01 -1.241266057824507406e-02
7.598970361513051053e-01 -1.197012808164732087e-02
7.701440579651563922e-01 -1.152230635274638544e-02
7.804166255450371015e-01 -1.106912434607098573e-02
7.907135972167069760e-01 -1.061060112631512058e-02
8.010338285937002034e-01 -1.014693137171375839e-02
8.113761727045106786e-01 -9.678114235082099434e-03
8.217394801200630372e-01 -9.203845523419709046e-03
8.321225990814590245e-01 -8.724261401695554072e-03
8.425243756279822138e-01 -8.240034344947853515e-03
8.529436537253458628e-01 -7.750746399320542976e-03
8.633792753941731402e-01 -7.254712759123951166e-03
8.738300808386934015e-01 -6.748670231922378020e-03
8.842949085756387495e-01 -6.228281141201628089e-03
8.947725955633289985e-01 -5.693143011245551700e-03
9.052619773309316109e-01 -5.145570691901891168e-03
9.157618881078770645e-01 -4.584960509893276810e-03
9.262711609534211021e-01 -4.007129723742304701e-03
9.367886278863364335e-01 -3.392634780279038705e-03
9.473131200147204556e-01 -2.716659145059239968e-03
9.578434676659028923e-01 -1.973805670303447647e-03
9.683785005164411430e-01 -1.168877539895198884e-03
9.789170477221889044e-01 -3.161423994780727421e-04
9.894579380484205267e-01 5.427882587465161779e-04
9.999999999999998890e-01 1.250161939854249398e-03
