9.999999999999998890e-01 1.000000214132236052e-03
9.894579380484205267e-01 4.632278713096237531e-03
9.789170477221889044e-01 8.070057050992996556e-03
9.683785005164411430e-01 1.131987292082483644e-02
9.578434676659028923e-01 1.438839479181069740e-02
9.473131200147204556e-01 1.728232943775750291e-02
9.367886278863364335e-01 2.000841498227334120e-02
9.262711609534211021e-01 2.257345310782894396e-02
9.157618881078770645e-01 2.498437684359473138e-02
9.052619773309316109e-01 2.724806364021226807e-02
8.947725955633289985e-01 2.937123531393966147e-02
8.842949085756387495e-01 3.135956325145532186e-02
8.738300808386934015e-01 3.321707967427879604e-02
8.633792753941731402e-01 3.494777617027651495e-02
8.529436537253458628e-01 3.655578408506229837e-02
8.425243756279822138e-01 3.804522950640715218e-02
8.321225990814590245e-01 3.942022187295236152e-02
8.217394801200630372e-01 4.068487534034569142e-02
8.113761727045106786e-01 4.184331338003484391e-02
8.010338285937002034e-01 4.289972298212461899e-02
7.907135972167069760e-01 4.385838711098716258e-02
7.804166255450371015e-01 4.472415009283180892e-02
7.701440579651563922e-01 4.550222406051777913e-02
7.598970361513051053e-01 4.619772511444097951e-02
7.496766989386134394e-01 4.681570816823348025e-02
7.394841821965345563e-01 4.736120659807572381e-02
7.293206187026060050e-01 4.783923365257453791e-02
7.191871380165538730e-01 4.825473686266033846e-02
7.090848663547572039e-01 4.861261967302302200e-02
6.990149264650814542e-01 4.891769015818089178e-02
6.889784375020977514e-01 4.917463508959347973e-02
6.789765149027036095e-01 4.938775172276354403e-02
6.690102702621547603e-01 4.956120560119234991e-02
6.590808112105230876e-01 4.969906809727536734e-02
6.491892412895989839e-01 4.980537708588242407e-02
6.393366598302444581e-01 4.988413328954661302e-02
6.295241618302156450e-01 4.993924393030658299e-02
6.197528378324663745e-01 4.997440539522800262e-02
6.100237738039482327e-01 4.999335977940607550e-02
6.003380510149177729e-01 4.999999176504960757e-02
5.906967459187653091e-01 4.999708046905099179e-02
5.811009300323815019e-01 4.998548717388722612e-02
5.715516698170692855e-01 4.996564957008516744e-02
5.620500265600203438e-01 4.993766898966242596e-02
5.525970562563653488e-01 4.990172574116940457e-02
5.431938094918128401e-01 4.985812397338351687e-02
5.338413313258880688e-01 4.980710876349839222e-02
5.245406611757882365e-01 4.974886058523634441e-02
5.152928327008634568e-01 4.968361266943223387e-02
5.060988736877365390e-01 4.961163910218654993e-02
4.969598059360780251e-01 4.953311933329773709e-02
4.878766451450451402e-01 4.944814931282244530e-02
4.788504008003974244e-01 4.935667415104893346e-02
4.698820760623064752e-01 4.925855412916493870e-02
4.609726676538650203e-01 4.915370040220064934e-02
4.521231657503131940e-01 4.904204960567682542e-02
4.433345538689928977e-01 4.892353064439035337e-02
4.346078087600411255e-01 4.879807535434996235e-02
4.259439002978354649e-01 4.866565152146045542e-02
4.173437913732044313e-01 4.852623628273751433e-02
4.088084377864137364e-01 4.837979106659450607e-02
4.003387881409395943e-01 4.822629937004361406e-02
3.919357837380436083e-01 4.806584726885537728e-02
3.836003584721576765e-01 4.789857797205988865e-02
3.753334387270930161e-01 4.772473762135619885e-02
3.671359432730831873e-01 4.754458253612259960e-02
3.590087831646743277e-01 4.735834235818196791e-02
3.509528616394713696e-01 4.716624842117248667e-02
3.429690740177547825e-01 4.696854516465168161e-02
3.350583076029753915e-01 4.676547532812014296e-02
3.272214415831418144e-01 4.655727542317645434e-02
3.194593469331089564e-01 4.634418360307990259e-02
3.117728863177794407e-01 4.612644151133872550e-02
3.041629139962280792e-01 4.590428928839430933e-02
2.966302757267624823e-01 4.567794693887019392e-02
2.891758086729252497e-01 4.544715475297462365e-02
2.818003413104546162e-01 4.521113432920649544e-02
2.745046933352085494e-01 4.496914582812011618e-02
2.672896755720651774e-01 4.472051349267810311e-02
2.601560898848094272e-01 4.446463151860072238e-02
2.531047290870154232e-01 4.420095258263689181e-02
2.461363768539343022e-01 4.392900132680555014e-02
2.392518076353984391e-01 4.364835601786468122e-02
2.324517865697500740e-01 4.335866666691254312e-02
2.257370693988056676e-01 4.305963174044592084e-02
2.191084023838638650e-01 4.275102270286062350e-02
2.125665222227673956e-01 4.243265526560649481e-02
2.061121559680280102e-01 4.210441313715974909e-02
1.997460209460230063e-01 4.176622277017729562e-02
1.934688246772731102e-01 4.141809612396107204e-02
1.872812647978095990e-01 4.106009529388366525e-02
1.811840289816407656e-01 4.069237880366171484e-02
1.751777948643248317e-01 4.031513564938832284e-02
1.692632299676588570e-01 3.992857340015358580e-02
1.634409916254914164e-01 3.953294327975833550e-02
1.577117269106679265e-01 3.912860861915033739e-02
1.520760725631161714e-01 3.871590747559720824e-02
1.465346549190801317e-01 3.829507037014591442e-02
1.410880898415101115e-01 3.786607550254564303e-02
1.357369826516168221e-01 3.742843842856963255e-02
1.304819280615971966e-01 3.698176961407731445e-02
1.253235101085391490e-01 3.652592511850633050e-02
1.202623020895129402e-01 3.606083025816444326e-02
1.152988664978553679e-01 3.558647914839823539e-02
1.104337549606562163e-01 3.510300987113815219e-02
1.056675081774507419e-01 3.461072196541983143e-02
1.010006558601274085e-01 3.410990707587913118e-02
9.643371667405697956e-02 3.360079406331837465e-02
9.196719818044885031e-02 3.308283795201951566e-02
8.760159677994161509e-02 3.255489358845664594e-02
8.333739765743386485e-02 3.201633394565276541e-02
7.917507472816209813e-02 3.146690144690544866e-02
7.511509058502996439e-02 3.090627974367704880e-02
7.115789644719716645e-02 3.033378415989440927e-02
6.730393210993146358e-02 2.974601397419155205e-02
6.355362589573076981e-02 2.913853486715584779e-02
5.990739460672012129e-02 2.850893434702846466e-02
5.636564347832906385e-02 2.785560781337047959e-02
5.292876613425423482e-02 2.717681184975189596e-02
4.959714454271368922e-02 2.647184792489709268e-02
4.637114897399441382e-02 2.574493207597812125e-02
4.325113795930202176e-02 2.500223089196466214e-02
4.023745825091396000e-02 2.425201917125611312e-02
3.733044478364233587e-02 2.350226816779528438e-02
3.453042063760936031e-02 2.275853487727276178e-02
3.183769700234129196e-02 2.202594540847665691e-02
2.925257314218321358e-02 2.130969053550642311e-02
2.677533636303963682e-02 2.061395164883189635e-02
2.440626198044326678e-02 1.994057042273819289e-02
2.214561328895736647e-02 1.927444735873764040e-02
1.999364153291383062e-02 1.857131971265709239e-02
1.795058587848985532e-02 1.779485575194192024e-02
1.601667338712764455e-02 1.692511798160252143e-02
1.419211899029970692e-02 1.595167122771161058e-02
1.247712546562085301e-02 1.487457453818961765e-02
1.087188341431266636e-02 1.370141523471378117e-02
9.376571240020115106e-03 1.244726271402358392e-02
7.991355128984078959e-03 1.113196469481344750e-02
6.716389031571567969e-03 9.779475751969071359e-03
5.551814645166519568e-03 8.416317583695232321e-03
4.497761398421062928e-03 7.070847922854685795e-03
3.554346436871580472e-03 5.771645647645794359e-03
2.721674609919344512e-03 4.547203045542466161e-03
1.999838459177394334e-03 3.424231287267541154e-03
1.388918208186096237e-03 2.428024365124585929e-03
8.889817534969424173e-04 1.580419844358538391e-03
5.000846571264760954e-04 9.009066124223724008e-04
2.222701403818971855e-04 4.040720580359258947e-04
5.556907905679420168e-05 1.016234439608158769e-04
0.000000000000000000e+00 -2.287245235386933488e-09
0.000000000000000000e+00 2.287245235386933488e-09
5.556907905679420168e-05 -1.016234439608158769e-04
2.222701403818971855e-04 -4.040720580359258947e-04
5.000846571264760954e-04 -9.009066124223724008e-04
8.889817534969424173e-04 -1.580419844358538391e-03
1.388918208186096237e-03 -2.428024365124585929e-03
1.999838459177394334e-03 -3.424231287267541154e-03
2.721674609919344512e-03 -4.547203045542466161e-03
3.554346436871580472e-03 -5.771645647645794359e-03
4.497761398421062928e-03 -7.070847922854685795e-03
5.551814645166519568e-03 -8.416317583695232321e-03
6.716389031571567969e-03 -9.779475751969071359e-03
7.991355128984078959e-03 -1.113196469481344750e-02
9.376571240020115106e-03 -1.244726271402358392e-02
1.087188341431266636e-02 -1.370141523471378117e-02
1.247712546562085301e-02 -1.487457453818961765e-02
1.419211899029970692e-02 -1.595167122771161058e-02
1.601667338712764455e-02 -1.692511798160252143e-02
1.795058587848985532e-02 -1.779485575194192024e-02
1.999364153291383062e-02 -1.857131971265709239e-02
2.214561328895736647e-02 -1.927444735873764040e-02
2.440626198044326678e-02 -1.994057042273819289e-02
2.677533636303963682e-02 -2.061395164883189635e-02
2.925257314218321358e-02 -2.130969053550642311e-02
3.183769700234129196e-02 -2.202594540847665691e-02
3.453042063760936031e-02 -2.275853487727276178e-02
3.733044478364233587e-02 -2.350226816779528438e-02
4.023745825091396000e-02 -2.425201917125611312e-02
4.325113795930202176e-02 -2.500223089196466214e-02
4.637114897399441382e-02 -2.574493207597812125e-02
4.959714454271368922e-02 -2.647184792489709268e-02
5.292876613425423482e-02 -2.717681184975189596e-02
5.636564347832906385e-02 -2.785560781337047959e-02
5.990739460672012129e-02 -2.850893434702846466e-02
6.355362589573076981e-02 -2.913853486715584779e-02
6.730393210993146358e-02 -2.974601397419155205e-02
7.115789644719716645e-02 -3.033378415989440927e-02
7.511509058502996439e-02 -3.090627974367704880e-02
7.917507472816209813e-02 -3.146690144690544866e-02
8.333739765743386485e-02 -3.201633394565276541e-02
8.760159677994161509e-02 -3.255489358845664594e-02
9.196719818044885031e-02 -3.308283795201951566e-02
9.643371667405697956e-02 -3.360079406331837465e-02
1.010006558601274085e-01 -3.410990707587913118e-02
1.056675081774507419e-01 -3.461072196541983143e-02
1.104337549606562163e-01 -3.510300987113815219e-02
1.152988664978553679e-01 -3.558647914839823539e-02
1.202623020895129402e-01 -3.606083025816444326e-02
1.253235101085391490e-01 -3.652592511850633050e-02
1.304819280615971966e-01 -3.698176961407731445e-02
1.357369826516168221e-01 -3.742843842856963255e-02
1.410880898415101115e-01 -3.786607550254564303e-02
1.465346549190801317e-01 -3.829507037014591442e-02
1.520760725631161714e-01 -3.871590747559720824e-02
1.577117269106679265e-01 -3.912860861915033739e-02
1.634409916254914164e-01 -3.953294327975833550e-02
1.692632299676588570e-01 -3.992857340015358580e-02
1.751777948643248317e-01 -4.031513564938832284e-02
1.811840289816407656e-01 -4.069237880366171484e-02
1.872812647978095990e-01 -4.106009529388366525e-02
1.934688246772731102e-01 -4.141809612396107204e-02
1.997460209460230063e-01 -4.176622277017729562e-02
2.061121559680280102e-01 -4.210441313715974909e-02
2.125665222227673956e-01 -4.243265526560649481e-02
2.191084023838638650e-01 -4.275102270286062350e-02
2.257370693988056676e-01 -4.305963174044592084e-02
2.324517865697500740e-01 -4.335866666691254312e-02
2.392518076353984391e-01 -4.364835601786468122e-02
2.461363768539343022e-01 -4.392900132680555014e-02
2.531047290870154232e-01 -4.420095258263689181e-02
2.601560898848094272e-01 -4.446463151860072238e-02
2.672896755720651774e-01 -4.472051349267810311e-02
2.745046933352085494e-01 -4.496914582812011618e-02
2.818003413104546162e-01 -4.521113432920649544e-02
2.891758086729252497e-01 -4.544715475297462365e-02
2.966302757267624823e-01 -4.567794693887019392e-02
3.041629139962280792e-01 -4.590428928839430933e-02
3.117728863177794407e-01 -4.612644151133872550e-02
3.194593469331089564e-01 -4.634418360307990259e-02
3.272214415831418144e-01 -4.655727542317645434e-02
3.350583076029753915e-01 -4.676547532812014296e-02
3.429690740177547825e-01 -4.696854516465168161e-02
3.509528616394713696e-01 -4.716624842117248667e-02
3.590087831646743277e-01 -4.735834235818196791e-02
3.671359432730831873e-01 -4.754458253612259960e-02
3.753334387270930161e-01 -4.772473762135619885e-02
3.836003584721576765e-01 -4.789857797205988865e-02
3.919357837380436083e-01 -4.806584726885537728e-02
4.003387881409395943e-01 -4.822629937004361406e-02
4.088084377864137364e-01 -4.837979106659450607e-02
4.173437913732044313e-01 -4.852623628273751433e-02
4.259439002978354649e-01 -4.866565152146045542e-02
4.346078087600411255e-01 -4.879807535434996235e-02
4.433345538689928977e-01 -4.892353064439035337e-02
4.521231657503131940e-01 -4.904204960567682542e-02
4.609726676538650203e-01 -4.915370040220064934e-02
4.698820760623064752e-01 -4.925855412916493870e-02
4.788504008003974244e-01 -4.935667415104893346e-02
4.878766451450451402e-01 -4.944814931282244530e-02
4.969598059360780251e-01 -4.953311933329773709e-02
5.060988736877365390e-01 -4.961163910218654993e-02
5.152928327008634568e-01 -4.968361266943223387e-02
5.245406611757882365e-01 -4.974886058523634441e-02
5.338413313258880688e-01 -4.980710876349839222e-02
5.431938094918128401e-01 -4.985812397338351687e-02
5.525970562563653488e-01 -4.990172574116940457e-02
5.620500265600203438e-01 -4.993766898966242596e-02
5.715516698170692855e-01 -4.996564957008516744e-02
5.811009300323815019e-01 -4.998548717388722612e-02
5.906967459187653091e-01 -4.999708046905099179e-02
6.003380510149177729e-01 -4.999999176504960757e-02
6.100237738039482327e-01 -4.999335977940607550e-02
6.197528378324663745e-01 -4.997440539522800262e-02
6.295241618302156450e-01 -4.993924393030658299e-02
6.393366598302444581e-01 -4.988413328954661302e-02
6.491892412895989839e-01 -4.980537708588242407e-02
6.590808112105230876e-01 -4.969906809727536734e-02
6.690102702621547603e-01 -4.956120560119234991e-02
6.789765149027036095e-01 -4.938775172276354403e-02
6.889784375020977514e-01 -4.917463508959347973e-02
6.990149264650814542e-01 -4.891769015818089178e-02
7.090848663547572039e-01 -4.861261967302302200e-02
7.191871380165538730e-01 -4.825473686266033846e-02
7.293206187026060050e-01 -4.783923365257453791e-02
7.394841821965345563e-01 -4.736120659807572381e-02
7.496766989386134394e-01 -4.681570816823348025e-02
7.598970361513051053e-01 -4.619772511444097951e-02
7.701440579651563922e-01 -4.550222406051777913e-02
7.804166255450371015e-01 -4.472415009283180892e-02
7.907135972167069760e-01 -4.385838711098716258e-02
8.010338285937002034e-01 -4.289972298212461899e-02
8.113761727045106786e-01 -4.184331338003484391e-02
8.217394801200630372e-01 -4.068487534034569142e-02
8.321225990814590245e-01 -3.942022187295236152e-02
8.425243756279822138e-01 -3.804522950640715218e-02
8.529436537253458628e-01 -3.655578408506229837e-02
8.633792753941731402e-01 -3.494777617027651495e-02
8.738300808386934015e-01 -3.321707967427879604e-02
8.842949085756387495e-01 -3.135956325145532186e-02
8.947725955633289985e-01 -2.937123531393966147e-02
9.052619773309316109e-01 -2.724806364021226807e-02
9.157618881078770645e-01 -2.498437684359473138e-02
9.262711609534211021e-01 -2.257345310782894396e-02
9.367886278863364335e-01 -2.000841498227334120e-02
9.473131200147204556e-01 -1.728232943775750291e-02
9.578434676659028923e-01 -1.438839479181069740e-02
9.683785005164411430e-01 -1.131987292082483644e-02
9.789170477221889044e-01 -8.070057050992996556e-03
9.894579380484205267e-01 -4.632278713096237531e-03
9.999999999999998890e-01 -1.000000214132236052e-03
