9.999999999999998890e-01 -8.316992978207781101e-04
9.894579380484205267e-01 2.945989463160120160e-04
9.789170477221889044e-01 1.886784248938975410e-03
9.683785005164411430e-01 3.461649979223483352e-03
9.578434676659028923e-01 4.967940039032817459e-03
9.473131200147204556e-01 6.432214244086230728e-03
9.367886278863364335e-01 7.851051824164161780e-03
9.262711609534211021e-01 9.223992051670581310e-03
9.157618881078770645e-01 1.056871097633864214e-02
9.052619773309316109e-01 1.190235985160413221e-02
8.947725955633289985e-01 1.323637613867359106e-02
8.842949085756387495e-01 1.458182669184144957e-02
8.738300808386934015e-01 1.595004590185113841e-02
8.633792753941731402e-01 1.734606562851478961e-02
8.529436537253458628e-01 1.876651807890456977e-02
8.425243756279822138e-01 2.020930271376891393e-02
8.321225990814590245e-01 2.167436206856080891e-02
8.217394801200630372e-01 2.316075556823870424e-02
8.113761727045106786e-01 2.466663143895193519e-02
8.010338285937002034e-01 2.619064418519253395e-02
7.907135972167069760e-01 2.773184984075202295e-02
7.804166255450371015e-01 2.928888905967415301e-02
7.701440579651563922e-01 3.086013580797642916e-02
7.598970361513051053e-01 3.244417718358651170e-02
7.496766989386134394e-01 3.403971162473883039e-02
7.394841821965345563e-01 3.564533847507615760e-02
7.293206187026060050e-01 3.725962155984349766e-02
7.191871380165538730e-01 3.888120297059548952e-02
7.090848663547572039e-01 4.050875375756558816e-02
6.990149264650814542e-01 4.214093392744673594e-02
6.889784375020977514e-01 4.377640805823578007e-02
6.789765149027036095e-01 4.541387625201856459e-02
6.690102702621547603e-01 4.705205578850078091e-02
6.590808112105230876e-01 4.868969092087063744e-02
6.491892412895989839e-01 5.032553587409797219e-02
6.393366598302444581e-01 5.195835663120647319e-02
6.295241618302156450e-01 5.358694904098471046e-02
6.197528378324663745e-01 5.521017628077814349e-02
6.100237738039482327e-01 5.682687770210407413e-02
6.003380510149177729e-01 5.843582060623581792e-02
5.906967459187653091e-01 6.003551695661214077e-02
5.811009300323815019e-01 6.162406020326327560e-02
5.715516698170692855e-01 6.319958154460350586e-02
5.620500265600203438e-01 6.476032557017537272e-02
5.525970562563653488e-01 6.630457708610386358e-02
5.431938094918128401e-01 6.783066104454404943e-02
5.338413313258880688e-01 6.933695446006267471e-02
5.245406611757882365e-01 7.082188968035704746e-02
5.152928327008634568e-01 7.228398440756342302e-02
5.060988736877365390e-01 7.372182479976407965e-02
4.969598059360780251e-01 7.513396013213610725e-02
4.878766451450451402e-01 7.651890999145430361e-02
4.788504008003974244e-01 7.787517916586023103e-02
4.698820760623064752e-01 7.920127462695646103e-02
4.609726676538650203e-01 8.049579627959271844e-02
4.521231657503131940e-01 8.175741028191921278e-02
4.433345538689928977e-01 8.298491403951141487e-02
4.346078087600411255e-01 8.417715930005825742e-02
4.259439002978354649e-01 8.533299011584651039e-02
4.173437913732044313e-01 8.645132032321782567e-02
4.088084377864137364e-01 8.753140310604941299e-02
4.003387881409395943e-01 8.857234665571103727e-02
3.919357837380436083e-01 8.957232005887350024e-02
3.836003584721576765e-01 9.052915145761607218e-02
3.753334387270930161e-01 9.144030419700029111e-02
3.671359432730831873e-01 9.230331545992330466e-02
3.590087831646743277e-01 9.311610598825750817e-02
3.509528616394713696e-01 9.387673355241088480e-02
3.429690740177547825e-01 9.458342033008164396e-02
3.350583076029753915e-01 9.523448955029818752e-02
3.272214415831418144e-01 9.582841347650503105e-02
3.194593469331089564e-01 9.636391265018230678e-02
3.117728863177794407e-01 9.684004949459973366e-02
3.041629139962280792e-01 9.725534700552854184e-02
2.966302757267624823e-01 9.760759052322479090e-02
2.891758086729252497e-01 9.789444364662008846e-02
2.818003413104546162e-01 9.811351046070343473e-02
2.745046933352085494e-01 9.826278940129216932e-02
2.672896755720651774e-01 9.834065688226360791e-02
2.601560898848094272e-01 9.834568396145974833e-02
2.531047290870154232e-01 9.827661378770891076e-02
2.461363768539343022e-01 9.813256826778478381e-02
2.392518076353984391e-01 9.791292792332602357e-02
2.324517865697500740e-01 9.761720722166740416e-02
2.257370693988056676e-01 9.724517727681929180e-02
2.191084023838638650e-01 9.679801619129206613e-02
2.125665222227673956e-01 9.627759934038528089e-02
2.061121559680280102e-01 9.568613306240811300e-02
1.997460209460230063e-01 9.502594617728861437e-02
1.934688246772731102e-01 9.429935576085404780e-02
1.872812647978095990e-01 9.350871056959922378e-02
1.811840289816407656e-01 9.265650684404780346e-02
1.751777948643248317e-01 9.174527979439787984e-02
1.692632299676588570e-01 9.077756687303997762e-02
1.634409916254914164e-01 8.975596855131563745e-02
1.577117269106679265e-01 8.868326031245271635e-02
1.520760725631161714e-01 8.756172628169593686e-02
1.465346549190801317e-01 8.639242455304921298e-02
1.410880898415101115e-01 8.517633238256594463e-02
1.357369826516168221e-01 8.391461552440436511e-02
1.304819280615971966e-01 8.260861634352498206e-02
1.253235101085391490e-01 8.125993569992748244e-02
1.202623020895129402e-01 7.987037494911909674e-02
1.152988664978553679e-01 7.844198208629245272e-02
1.104337549606562163e-01 7.697689453678276117e-02
1.056675081774507419e-01 7.547734840881313578e-02
1.010006558601274085e-01 7.394592684532426408e-02
9.643371667405697956e-02 7.238544473330836559e-02
9.196719818044885031e-02 7.079697015199741539e-02
8.760159677994161509e-02 6.918014074986043871e-02
8.333739765743386485e-02 6.753495029730341437e-02
7.917507472816209813e-02 6.586173262852798582e-02
7.511509058502996439e-02 6.416144482721082565e-02
7.115789644719716645e-02 6.243549587233797327e-02
6.730393210993146358e-02 6.068603241731389958e-02
6.355362589573076981e-02 5.891556732188507617e-02
5.990739460672012129e-02 5.712665132970817794e-02
5.636564347832906385e-02 5.532212134705876555e-02
5.292876613425423482e-02 5.350630119843035465e-02
4.959714454271368922e-02 5.168295913047756679e-02
4.637114897399441382e-02 4.985108991539219381e-02
4.325113795930202176e-02 4.800853057649249328e-02
4.023745825091396000e-02 4.615379719935370356e-02
3.733044478364233587e-02 4.428613813720568004e-02
3.453042063760936031e-02 4.240656013940447694e-02
3.183769700234129196e-02 4.051754096180577858e-02
2.925257314218321358e-02 3.862442828067459699e-02
2.677533636303963682e-02 3.673213243278451723e-02
2.440626198044326678e-02 3.484374553788330969e-02
2.214561328895736647e-02 3.296600989096271778e-02
1.999364153291383062e-02 3.111230250397833616e-02
1.795058587848985532e-02 2.928545607641784218e-02
1.601667338712764455e-02 2.747167245108950509e-02
1.419211899029970692e-02 2.565606872090826079e-02
1.247712546562085301e-02 2.382435151035770804e-02
1.087188341431266636e-02 2.196899633194305049e-02
9.376571240020115106e-03 2.009050733987607223e-02
7.991355128984078959e-03 1.820712444550090514e-02
6.716389031571567969e-03 1.635103687776113049e-02
5.551814645166519568e-03 1.453339251716553003e-02
4.497761398421062928e-03 1.275410184354283313e-02
3.554346436871580472e-03 1.106817980499347903e-02
2.721674609919344512e-03 9.550715336527558844e-03
1.999838459177394334e-03 8.143268886660694900e-03
1.388918208186096237e-03 6.723061691237977242e-03
8.889817534969424173e-04 5.214379980532365261e-03
5.000846571264760954e-04 3.591155108209826904e-03
2.222701403818971855e-04 1.996782622194324171e-03
5.556907905679420168e-05 6.690882316268428973e-04
0.000000000000000000e+00 2.836179658720571093e-06
0.000000000000000000e+00 -3.822596825269538868e-05
5.556907905679420168e-05 -3.409798082558397961e-03
2.222701403818971855e-04 -3.329169808738833593e-03
5.000846571264760954e-04 -4.036788786633729864e-03
8.889817534969424173e-04 -5.150118771727896401e-03
1.388918208186096237e-03 -5.785204324481965123e-03
1.999838459177394334e-03 -6.281445641552248042e-03
2.721674609919344512e-03 -6.963720984423404405e-03
3.554346436871580472e-03 -7.657584752132995908e-03
4.497761398421062928e-03 -8.243101479220287658e-03
5.551814645166519568e-03 -8.832395089686542744e-03
6.716389031571567969e-03 -9.486038344097433295e-03
7.991355128984078959e-03 -1.014275897297186278e-02
9.376571240020115106e-03 -1.077510672612198329e-02
1.087188341431266636e-02 -1.141443821437772461e-02
1.247712546562085301e-02 -1.206998188777429551e-02
1.419211899029970692e-02 -1.272206156980099263e-02
1.601667338712764455e-02 -1.336398096000766117e-02
1.795058587848985532e-02 -1.400234433403424981e-02
1.999364153291383062e-02 -1.463575519748565833e-02
2.214561328895736647e-02 -1.525655768461412452e-02
2.440626198044326678e-02 -1.586429341123200137e-02
2.677533636303963682e-02 -1.646335674629312990e-02
2.925257314218321358e-02 -1.705685596712218366e-02
3.183769700234129196e-02 -1.764684765975196162e-02
3.453042063760936031e-02 -1.823325791244065699e-02
3.733044478364233587e-02 -1.881497077832225764e-02
4.023745825091396000e-02 -1.939064318039259577e-02
4.325113795930202176e-02 -1.995904510749512903e-02
4.637114897399441382e-02 -2.052000111955481695e-02
4.959714454271368922e-02 -2.107368640912116869e-02
5.292876613425423482e-02 -2.162029791777409296e-02
5.636564347832906385e-02 -2.215990957480163184e-02
5.990739460672012129e-02 -2.269213683333115225e-02
6.355362589573076981e-02 -2.321663010425361121e-02
6.730393210993146358e-02 -2.373344283915370181e-02
7.115789644719716645e-02 -2.424294062388349796e-02
7.511509058502996439e-02 -2.474606966761148941e-02
7.917507472816209813e-02 -2.524375509329317840e-02
8.333739765743386485e-02 -2.573670015829199534e-02
8.760159677994161509e-02 -2.622537571953860794e-02
9.196719818044885031e-02 -2.670990708913345904e-02
9.643371667405697956e-02 -2.719060768738311429e-02
1.010006558601274085e-01 -2.766811558622914169e-02
1.056675081774507419e-01 -2.814332299419059283e-02
1.104337549606562163e-01 -2.861737884010978963e-02
1.152988664978553679e-01 -2.909097162072923556e-02
1.202623020895129402e-01 -2.956429480703945400e-02
1.253235101085391490e-01 -3.003734341215853407e-02
1.304819280615971966e-01 -3.050997341924593237e-02
1.357369826516168221e-01 -3.098220907467549509e-02
1.410880898415101115e-01 -3.145419939101235657e-02
1.465346549190801317e-01 -3.192608988028099171e-02
1.520760725631161714e-01 -3.239799469455480196e-02
1.577117269106679265e-01 -3.286979092560243093e-02
1.634409916254914164e-01 -3.334123746921474618e-02
1.692632299676588570e-01 -3.381211145172290100e-02
1.751777948643248317e-01 -3.428220665991837252e-02
1.811840289816407656e-01 -3.475136523834844449e-02
1.872812647978095990e-01 -3.521943545277868987e-02
1.934688246772731102e-01 -3.568621432347075795e-02
1.997460209460230063e-01 -3.615146621538244814e-02
2.061121559680280102e-01 -3.661488745999765676e-02
2.125665222227673956e-01 -3.707616594419577832e-02
2.191084023838638650e-01 -3.753501465836978773e-02
2.257370693988056676e-01 -3.799115737405281412e-02
2.324517865697500740e-01 -3.844433261547514080e-02
2.392518076353984391e-01 -3.889418161456639073e-02
2.461363768539343022e-01 -3.934012769459747927e-02
2.531047290870154232e-01 -3.978155399721683416e-02
2.601560898848094272e-01 -4.021782233514670929e-02
2.672896755720651774e-01 -4.064826647171984608e-02
2.745046933352085494e-01 -4.107218193653845717e-02
2.818003413104546162e-01 -4.148891212636181963e-02
2.891758086729252497e-01 -4.189786924035249910e-02
2.966302757267624823e-01 -4.229854312919603676e-02
3.041629139962280792e-01 -4.269050202577723968e-02
3.117728863177794407e-01 -4.307329085454971590e-02
3.194593469331089564e-01 -4.344643099691902766e-02
3.272214415831418144e-01 -4.380946657114337395e-02
3.350583076029753915e-01 -4.416196647354213300e-02
3.429690740177547825e-01 -4.450357604360230535e-02
3.509528616394713696e-01 -4.483399030059912610e-02
3.590087831646743277e-01 -4.515290606651493899e-02
3.671359432730831873e-01 -4.546002395202421859e-02
3.753334387270930161e-01 -4.575506933885632732e-02
3.836003584721576765e-01 -4.603775988776954292e-02
3.919357837380436083e-01 -4.630769565802702464e-02
4.003387881409395943e-01 -4.656442919701362509e-02
4.088084377864137364e-01 -4.680749944995515888e-02
4.173437913732044313e-01 -4.703644306893516730e-02
4.259439002978354649e-01 -4.725080489361691699e-02
4.346078087600411255e-01 -4.745012854570568317e-02
4.433345538689928977e-01 -4.763394618401032427e-02
4.521231657503131940e-01 -4.780178501163347138e-02
4.609726676538650203e-01 -4.795316516958195163e-02
4.698820760623064752e-01 -4.808761172515586824e-02
4.788504008003974244e-01 -4.820466401217218810e-02
4.878766451450451402e-01 -4.830383559732250032e-02
4.969598059360780251e-01 -4.838458522323130923e-02
5.060988736877365390e-01 -4.844634690740538124e-02
5.152928327008634568e-01 -4.848852472075367709e-02
5.245406611757882365e-01 -4.851053142627013981e-02
5.338413313258880688e-01 -4.851179420042855961e-02
5.431938094918128401e-01 -4.849169595839613461e-02
5.525970562563653488e-01 -4.844956584603304917e-02
5.620500265600203438e-01 -4.838471092613072511e-02
5.715516698170692855e-01 -4.829642012072320190e-02
5.811009300323815019e-01 -4.818399227249120509e-02
5.906967459187653091e-01 -4.804672224557533788e-02
6.003380510149177729e-01 -4.788373785991855563e-02
6.100237738039482327e-01 -4.769404826826269261e-02
6.197528378324663745e-01 -4.747664315807259561e-02
6.295241618302156450e-01 -4.723049794789642430e-02
6.393366598302444581e-01 -4.695455298113881265e-02
6.491892412895989839e-01 -4.664767530539243312e-02
6.590808112105230876e-01 -4.630835641961206922e-02
6.690102702621547603e-01 -4.593497992859296719e-02
6.789765149027036095e-01 -4.552618186679029816e-02
6.889784375020977514e-01 -4.508048482630912235e-02
6.990149264650814542e-01 -4.459551430235423469e-02
7.090848663547572039e-01 -4.406866894868270712e-02
7.191871380165538730e-01 -4.349744053535287147e-02
7.293206187026060050e-01 -4.287906453358156927e-02
7.394841821965345563e-01 -4.220992795847928331e-02
7.496766989386134394e-01 -4.148605724740248718e-02
7.598970361513051053e-01 -4.070297081899020702e-02
7.701440579651563922e-01 -3.985546326274036488e-02
7.804166255450371015e-01 -3.893691145686179605e-02
7.907135972167069760e-01 -3.793538796130106056e-02
8.010338285937002034e-01 -3.682994381570563885e-02
8.113761727045106786e-01 -3.559982327559049753e-02
8.217394801200630372e-01 -3.422617152893468045e-02
8.321225990814590245e-01 -3.269923934871948185e-02
8.425243756279822138e-01 -3.102040645480352160e-02
8.529436537253458628e-01 -2.919026633250369762e-02
8.633792753941731402e-01 -2.720916696220904152e-02
8.738300808386934015e-01 -2.510214063285776814e-02
8.842949085756387495e-01 -2.291444738371591766e-02
8.947725955633289985e-01 -2.066681553371002567e-02
9.052619773309316109e-01 -1.836545308301926541e-02
9.157618881078770645e-01 -1.606599031889141202e-02
9.262711609534211021e-01 -1.383964205178205183e-02
9.367886278863364335e-01 -1.161549757444944875e-02
9.473131200147204556e-01 -9.293779108038876732e-03
9.578434676659028923e-01 -7.112397683678197725e-03
9.683785005164411430e-01 -5.341213232390333576e-03
9.789170477221889044e-01 -3.554104629453402366e-03
9.894579380484205267e-01 -1.480295245344129306e-03
9.999999999999998890e-01 -8.475207827386769784e-04
