9.999999999999998890e-01 -3.291488621982205289e-03
9.894579380484205267e-01 -2.114205378109911514e-03
9.789170477221889044e-01 -7.445427065591982488e-04
9.683785005164411430e-01 7.671709666658776223e-04
9.578434676659028923e-01 2.388018568442641047e-03
9.473131200147204556e-01 4.092543037790877768e-03
9.367886278863364335e-01 5.865860954088308009e-03
9.262711609534211021e-01 7.695458544478134960e-03
9.157618881078770645e-01 9.570169775895779815e-03
9.052619773309316109e-01 1.148123004812246460e-02
8.947725955633289985e-01 1.342405632557606282e-02
8.842949085756387495e-01 1.539363043590755674e-02
8.738300808386934015e-01 1.738350275382535837e-02
8.633792753941731402e-01 1.938705304652062894e-02
8.529436537253458628e-01 2.139765492397741053e-02
8.425243756279822138e-01 2.341017748125301737e-02
8.321225990814590245e-01 2.542118607141192685e-02
8.217394801200630372e-01 2.742750039233280909e-02
8.113761727045106786e-01 2.942608234721634519e-02
8.010338285937002034e-01 3.141367821632327917e-02
7.907135972167069760e-01 3.338686012639006245e-02
7.804166255450371015e-01 3.534224142140397068e-02
7.701440579651563922e-01 3.727653831662669504e-02
7.598970361513051053e-01 3.918717140881420452e-02
7.496766989386134394e-01 4.107196991574844219e-02
7.394841821965345563e-01 4.292884000472026174e-02
7.293206187026060050e-01 4.475576677589215152e-02
7.191871380165538730e-01 4.655102190268496642e-02
7.090848663547572039e-01 4.831303561326490831e-02
6.990149264650814542e-01 5.004047665454747218e-02
6.889784375020977514e-01 5.173205605375359034e-02
6.789765149027036095e-01 5.338633011901611214e-02
6.690102702621547603e-01 5.500177044270963822e-02
6.590808112105230876e-01 5.657669596856634148e-02
6.491892412895989839e-01 5.810942186872598836e-02
6.393366598302444581e-01 5.959835295504508496e-02
6.295241618302156450e-01 6.104222871510291137e-02
6.197528378324663745e-01 6.244056510132519472e-02
6.100237738039482327e-01 6.379307471847786570e-02
6.003380510149177729e-01 6.509963292635660703e-02
5.906967459187653091e-01 6.636004016764564251e-02
5.811009300323815019e-01 6.757393313220705355e-02
5.715516698170692855e-01 6.874081093076087057e-02
5.620500265600203438e-01 6.986000016000507018e-02
5.525970562563653488e-01 7.093087280889708024e-02
5.431938094918128401e-01 7.195288010644732002e-02
5.338413313258880688e-01 7.292567627258979279e-02
5.245406611757882365e-01 7.384912428884880808e-02
5.152928327008634568e-01 7.472321312406730864e-02
5.060988736877365390e-01 7.554803167563302335e-02
4.969598059360780251e-01 7.632366596022940874e-02
4.878766451450451402e-01 7.705019241266763963e-02
4.788504008003974244e-01 7.772763210107727638e-02
4.698820760623064752e-01 7.835597473638032662e-02
4.609726676538650203e-01 7.893522927169251135e-02
4.521231657503131940e-01 7.946543536725053647e-02
4.433345538689928977e-01 7.994677673369980642e-02
4.346078087600411255e-01 8.037953869817264507e-02
4.259439002978354649e-01 8.076423639213521632e-02
4.173437913732044313e-01 8.110147494085925834e-02
4.088084377864137364e-01 8.139190085253029949e-02
4.003387881409395943e-01 8.163614839129820777e-02
3.919357837380436083e-01 8.183475830864561651e-02
3.836003584721576765e-01 8.198819495157193271e-02
3.753334387270930161e-01 8.209675180304740194e-02
3.671359432730831873e-01 8.216074257295821748e-02
3.590087831646743277e-01 8.218062263747825946e-02
3.509528616394713696e-01 8.215684831991476589e-02
3.429690740177547825e-01 8.208982800782793632e-02
3.350583076029753915e-01 8.197997833837232518e-02
3.272214415831418144e-01 8.182774303832424101e-02
3.194593469331089564e-01 8.163359500488902298e-02
3.117728863177794407e-01 8.139805035174534076e-02
3.041629139962280792e-01 8.112173830355731696e-02
2.966302757267624823e-01 8.080543329434199118e-02
2.891758086729252497e-01 8.045001829226039458e-02
2.818003413104546162e-01 8.005648426445553800e-02
2.745046933352085494e-01 7.962582876579317459e-02
2.672896755720651774e-01 7.915905231282212295e-02
2.601560898848094272e-01 7.865718430470942935e-02
2.531047290870154232e-01 7.812127058521819989e-02
2.461363768539343022e-01 7.755228777099525128e-02
2.392518076353984391e-01 7.695118674263957959e-02
2.324517865697500740e-01 7.631910389994422950e-02
2.257370693988056676e-01 7.565722099145948121e-02
2.191084023838638650e-01 7.496629090192336031e-02
2.125665222227673956e-01 7.424680446801866507e-02
2.061121559680280102e-01 7.349884966943973086e-02
1.997460209460230063e-01 7.272242773308629227e-02
1.934688246772731102e-01 7.191787532378977887e-02
1.872812647978095990e-01 7.108562420444346219e-02
1.811840289816407656e-01 7.022606128172899365e-02
1.751777948643248317e-01 6.933954226476900240e-02
1.692632299676588570e-01 6.842635610993566542e-02
1.634409916254914164e-01 6.748687971650488282e-02
1.577117269106679265e-01 6.652177905163475513e-02
1.520760725631161714e-01 6.553173280129970246e-02
1.465346549190801317e-01 6.451732825317309239e-02
1.410880898415101115e-01 6.347888647144669938e-02
1.357369826516168221e-01 6.241623543233407873e-02
1.304819280615971966e-01 6.132939088777995124e-02
1.253235101085391490e-01 6.021877358669350949e-02
1.202623020895129402e-01 5.908492406365598026e-02
1.152988664978553679e-01 5.792849460064742467e-02
1.104337549606562163e-01 5.675008511307339659e-02
1.056675081774507419e-01 5.555023308347927652e-02
1.010006558601274085e-01 5.432965641096230980e-02
9.643371667405697956e-02 5.308927448573473595e-02
9.196719818044885031e-02 5.183035339535305847e-02
8.760159677994161509e-02 5.055434282007567615e-02
8.333739765743386485e-02 4.926143002216874095e-02
7.917507472816209813e-02 4.795096706304880635e-02
7.511509058502996439e-02 4.662283858423047628e-02
7.115789644719716645e-02 4.527730351519396179e-02
6.730393210993146358e-02 4.391504121256154664e-02
6.355362589573076981e-02 4.253707164046364314e-02
5.990739460672012129e-02 4.114532409756632009e-02
5.636564347832906385e-02 3.974204761314865941e-02
5.292876613425423482e-02 3.832920265759675454e-02
4.959714454271368922e-02 3.690906609427486995e-02
4.637114897399441382e-02 3.548578072202952793e-02
4.325113795930202176e-02 3.406272405495088668e-02
4.023745825091396000e-02 3.263850157710451727e-02
3.733044478364233587e-02 3.121008649285190659e-02
3.453042063760936031e-02 2.977284128497146090e-02
3.183769700234129196e-02 2.832302741099250454e-02
2.925257314218321358e-02 2.685996484082243604e-02
2.677533636303963682e-02 2.538515101562874646e-02
2.440626198044326678e-02 2.390369411547895589e-02
2.214561328895736647e-02 2.242332816880867122e-02
1.999364153291383062e-02 2.095560247256801276e-02
1.795058587848985532e-02 1.951182892291476040e-02
1.601667338712764455e-02 1.810232091054699705e-02
1.419211899029970692e-02 1.673481143287080045e-02
1.247712546562085301e-02 1.541305244680935688e-02
1.087188341431266636e-02 1.411896304003714894e-02
9.376571240020115106e-03 1.281280838873301818e-02
7.991355128984078959e-03 1.147459520516498285e-02
6.716389031571567969e-03 1.010357265016205430e-02
5.551814645166519568e-03 8.710376916847692094e-03
4.497761398421062928e-03 7.314355668699781127e-03
3.554346436871580472e-03 5.942530791507353270e-03
2.721674609919344512e-03 4.626753080587442911e-03
1.999838459177394334e-03 3.399969901230548604e-03
1.388918208186096237e-03 2.295318517795191457e-03
8.889817534969424173e-04 1.343389940152894509e-03
5.000846571264760954e-04 5.725310588175509113e-04
2.222701403818971855e-04 4.460837431592605074e-06
5.556907905679420168e-05 -3.431180970092420602e-04
0.000000000000000000e+00 -4.602145031333680528e-04
0.000000000000000000e+00 -4.920526170457234201e-04
5.556907905679420168e-05 -2.966497246402637240e-03
2.222701403818971855e-04 -5.923636527716659786e-03
5.000846571264760954e-04 -6.914881008638767111e-03
8.889817534969424173e-04 -7.070252572626440149e-03
1.388918208186096237e-03 -7.677773218279757700e-03
1.999838459177394334e-03 -8.451516978868081273e-03
2.721674609919344512e-03 -9.050372487219890405e-03
3.554346436871580472e-03 -9.608829087131893001e-03
4.497761398421062928e-03 -1.022720957995221919e-02
5.551814645166519568e-03 -1.081840118463994402e-02
6.716389031571567969e-03 -1.134714257322274808e-02
7.991355128984078959e-03 -1.189231010488111563e-02
9.376571240020115106e-03 -1.248593273648981525e-02
1.087188341431266636e-02 -1.308483652728951833e-02
1.247712546562085301e-02 -1.367016159492182546e-02
1.419211899029970692e-02 -1.425561255241554644e-02
1.601667338712764455e-02 -1.484010178866593949e-02
1.795058587848985532e-02 -1.540746860932634167e-02
1.999364153291383062e-02 -1.595171428929309868e-02
2.214561328895736647e-02 -1.647513476309988428e-02
2.440626198044326678e-02 -1.697586775088108166e-02
2.677533636303963682e-02 -1.744960575104772399e-02
2.925257314218321358e-02 -1.789717939814395101e-02
3.183769700234129196e-02 -1.832242077367570235e-02
3.453042063760936031e-02 -1.872961737990875078e-02
3.733044478364233587e-02 -1.912262482428186278e-02
4.023745825091396000e-02 -1.950123773859082157e-02
4.325113795930202176e-02 -1.986362187561270531e-02
4.637114897399441382e-02 -2.020782278715899799e-02
4.959714454271368922e-02 -2.053196456741289075e-02
5.292876613425423482e-02 -2.083467562517376387e-02
5.636564347832906385e-02 -2.111478340693262803e-02
5.990739460672012129e-02 -2.137133884591954983e-02
6.355362589573076981e-02 -2.160361804618477974e-02
6.730393210993146358e-02 -2.181141314429202796e-02
7.115789644719716645e-02 -2.199476254089226951e-02
7.511509058502996439e-02 -2.215407755471091034e-02
7.917507472816209813e-02 -2.229017230982330289e-02
8.333739765743386485e-02 -2.240455834155302001e-02
8.760159677994161509e-02 -2.249818653789799339e-02
9.196719818044885031e-02 -2.257090834506391211e-02
9.643371667405697956e-02 -2.262245691600266867e-02
1.010006558601274085e-01 -2.265255529917412081e-02
1.056675081774507419e-01 -2.266112688582859469e-02
1.104337549606562163e-01 -2.264834287999042614e-02
1.152988664978553679e-01 -2.261450436005148223e-02
1.202623020895129402e-01 -2.256004461792854646e-02
1.253235101085391490e-01 -2.248566522289320579e-02
1.304819280615971966e-01 -2.239230285593126965e-02
1.357369826516168221e-01 -2.228102885212340095e-02
1.410880898415101115e-01 -2.215305268664458788e-02
1.465346549190801317e-01 -2.201008057253912159e-02
1.520760725631161714e-01 -2.185400275750691915e-02
1.577117269106679265e-01 -2.168570523520830032e-02
1.634409916254914164e-01 -2.150550630988070852e-02
1.692632299676588570e-01 -2.131335041266214231e-02
1.751777948643248317e-01 -2.110905972069865993e-02
1.811840289816407656e-01 -2.089265634367703378e-02
1.872812647978095990e-01 -2.066422619227353819e-02
1.934688246772731102e-01 -2.042382212053120774e-02
1.997460209460230063e-01 -2.017151076657217740e-02
2.061121559680280102e-01 -1.990744903163137874e-02
2.125665222227673956e-01 -1.963182502451521830e-02
2.191084023838638650e-01 -1.934485703667579090e-02
2.257370693988056676e-01 -1.904679332501884106e-02
2.324517865697500740e-01 -1.873794525820563980e-02
2.392518076353984391e-01 -1.841865695137992129e-02
2.461363768539343022e-01 -1.808932201835342438e-02
2.531047290870154232e-01 -1.775036949991442431e-02
2.601560898848094272e-01 -1.740228187343292182e-02
2.672896755720651774e-01 -1.704558375587439389e-02
2.745046933352085494e-01 -1.668085655170261847e-02
2.818003413104546162e-01 -1.630871827834627988e-02
2.891758086729252497e-01 -1.592983026240321620e-02
2.966302757267624823e-01 -1.554491537303050348e-02
3.041629139962280792e-01 -1.515476132965244173e-02
3.117728863177794407e-01 -1.476017548795773016e-02
3.194593469331089564e-01 -1.436198872876884129e-02
3.272214415831418144e-01 -1.396116022351990074e-02
3.350583076029753915e-01 -1.355871782413490233e-02
3.429690740177547825e-01 -1.315533389097420756e-02
3.509528616394713696e-01 -1.275143211171018455e-02
3.590087831646743277e-01 -1.234729149216293349e-02
3.671359432730831873e-01 -1.194312256626171506e-02
3.753334387270930161e-01 -1.153920025008902533e-02
3.836003584721576765e-01 -1.113582585458344938e-02
3.919357837380436083e-01 -1.073327949793654972e-02
4.003387881409395943e-01 -1.033183781168220232e-02
4.088084377864137364e-01 -9.931800923517093704e-03
4.173437913732044313e-01 -9.533476237266417380e-03
4.259439002978354649e-01 -9.137170579215397881e-03
4.346078087600411255e-01 -8.743194098082756466e-03
4.433345538689928977e-01 -8.351868838372902490e-03
4.521231657503131940e-01 -7.963521022830188575e-03
4.609726676538650203e-01 -7.578481510005135972e-03
4.698820760623064752e-01 -7.197085361181166339e-03
4.788504008003974244e-01 -6.819675620086596522e-03
4.878766451450451402e-01 -6.446598901661140281e-03
4.969598059360780251e-01 -6.078206665879037733e-03
5.060988736877365390e-01 -5.714856886433771800e-03
5.152928327008634568e-01 -5.356917414847092544e-03
5.245406611757882365e-01 -5.004760909021929369e-03
5.338413313258880688e-01 -4.658765521583446180e-03
5.431938094918128401e-01 -4.319313236454758523e-03
5.525970562563653488e-01 -3.986790201238612184e-03
5.620500265600203438e-01 -3.661586354044797046e-03
5.715516698170692855e-01 -3.344095335675814889e-03
5.811009300323815019e-01 -3.034714257813332303e-03
5.906967459187653091e-01 -2.733843220323453616e-03
6.003380510149177729e-01 -2.441885407407413337e-03
6.100237738039482327e-01 -2.159246370141277519e-03
6.197528378324663745e-01 -1.886334459774097411e-03
6.295241618302156450e-01 -1.623559876071933644e-03
6.393366598302444581e-01 -1.371334717239042558e-03
6.491892412895989839e-01 -1.130072306191408794e-03
6.590808112105230876e-01 -9.001879815632240307e-04
6.690102702621547603e-01 -6.820978809215308154e-04
6.789765149027036095e-01 -4.762180032099950274e-04
6.889784375020977514e-01 -2.829647219725887788e-04
6.990149264650814542e-01 -1.027563110788375653e-04
7.090848663547572039e-01 6.398956098569486852e-05
7.191871380165538730e-01 2.168594405264662628e-04
7.293206187026060050e-01 3.554392198960392942e-04
7.394841821965345563e-01 4.793098347701126006e-04
7.496766989386134394e-01 5.880569245389149309e-04
7.598970361513051053e-01 6.812803550323539214e-04
7.701440579651563922e-01 7.585733266394144260e-04
7.804166255450371015e-01 8.195106057426883956e-04
7.907135972167069760e-01 8.636888322144386804e-04
8.010338285937002034e-01 8.907465154451640757e-04
8.113761727045106786e-01 9.002819299532816531e-04
8.217394801200630372e-01 8.918304855144843337e-04
8.321225990814590245e-01 8.650331451431482292e-04
8.425243756279822138e-01 8.196559455788147638e-04
8.529436537253458628e-01 7.551407270197537085e-04
8.633792753941731402e-01 6.705371179414208651e-04
8.738300808386934015e-01 5.640911787693192979e-04
8.842949085756387495e-01 4.333628925500673996e-04
8.947725955633289985e-01 2.760717213761805446e-04
9.052619773309316109e-01 9.006625787019600948e-05
9.157618881078770645e-01 -1.268975673542924816e-04
9.262711609534211021e-01 -3.771180424793890555e-04
9.367886278863364335e-01 -6.628378194701924379e-04
9.473131200147204556e-01 -9.862723775065143899e-04
9.578434676659028923e-01 -1.349656911175097906e-03
9.683785005164411430e-01 -1.755229403682977097e-03
9.789170477221889044e-01 -2.205192071528462756e-03
9.894579380484205267e-01 -2.701733123033784548e-03
9.999999999999998890e-01 -3.247036544420162183e-03
