9.999999999999998890e-01 -6.985899412468802546e-06
9.894579380484205267e-01 2.840938236586376675e-03
9.789170477221889044e-01 5.616816491664466254e-03
9.683785005164411430e-01 8.327549616286329323e-03
9.578434676659028923e-01 1.095671746363960711e-02
9.473131200147204556e-01 1.350111741797092174e-02
9.367886278863364335e-01 1.600658298835027499e-02
9.262711609534211021e-01 1.851591784531200768e-02
9.157618881078770645e-01 2.104628509114593246e-02
9.052619773309316109e-01 2.360741481568198047e-02
8.947725955633289985e-01 2.620152571179090728e-02
8.842949085756387495e-01 2.882253012916519141e-02
8.738300808386934015e-01 3.145262544371223851e-02
8.633792753941731402e-01 3.407945239696830858e-02
8.529436537253458628e-01 3.669880402205391579e-02
8.425243756279822138e-01 3.929206816219976695e-02
8.321225990814590245e-01 4.182579647154964497e-02
8.217394801200630372e-01 4.430902678695958913e-02
8.113761727045106786e-01 4.678996676161419760e-02
8.010338285937002034e-01 4.928552248668587044e-02
7.907135972167069760e-01 5.178644894059492021e-02
7.804166255450371015e-01 5.428600363332610618e-02
7.701440579651563922e-01 5.677908841923129390e-02
7.598970361513051053e-01 5.925525472584720899e-02
7.496766989386134394e-01 6.170248705539664591e-02
7.394841821965345563e-01 6.412053877978721173e-02
7.293206187026060050e-01 6.651399082811286501e-02
7.191871380165538730e-01 6.888245261549266751e-02
7.090848663547572039e-01 7.122393512256734727e-02
6.990149264650814542e-01 7.353845133985492666e-02
6.889784375020977514e-01 7.582325896148785216e-02
6.789765149027036095e-01 7.806085775525815895e-02
6.690102702621547603e-01 8.023472531841292776e-02
6.590808112105230876e-01 8.234601491080198454e-02
6.491892412895989839e-01 8.439820450999693802e-02
6.393366598302444581e-01 8.639005587357469207e-02
6.295241618302156450e-01 8.832066430694671122e-02
6.197528378324663745e-01 9.019202919072176472e-02
6.100237738039482327e-01 9.200524370646444294e-02
6.003380510149177729e-01 9.375865940365497864e-02
5.906967459187653091e-01 9.544895865681252145e-02
5.811009300323815019e-01 9.707058406203743217e-02
5.715516698170692855e-01 9.861959030220021627e-02
5.620500265600203438e-01 1.000946165777590324e-01
5.525970562563653488e-01 1.014932628068907633e-01
5.431938094918128401e-01 1.028117622152115718e-01
5.338413313258880688e-01 1.040493144122606184e-01
5.245406611757882365e-01 1.052082043220063517e-01
5.152928327008634568e-01 1.062904605963517490e-01
5.060988736877365390e-01 1.072974584647724272e-01
4.969598059360780251e-01 1.082262745725224851e-01
4.878766451450451402e-01 1.090711635577158584e-01
4.788504008003974244e-01 1.098293363322667970e-01
4.698820760623064752e-01 1.105007933562916767e-01
4.609726676538650203e-01 1.110937200881854936e-01
4.521231657503131940e-01 1.116193491509986091e-01
4.433345538689928977e-01 1.120811602569180970e-01
4.346078087600411255e-01 1.124795032944281015e-01
4.259439002978354649e-01 1.128157747598864113e-01
4.173437913732044313e-01 1.130916241862759547e-01
4.088084377864137364e-01 1.133081343494163618e-01
4.003387881409395943e-01 1.134650198533129900e-01
3.919357837380436083e-01 1.135573696209837974e-01
3.836003584721576765e-01 1.135810488600056123e-01
3.753334387270930161e-01 1.135379100052598955e-01
3.671359432730831873e-01 1.134305071508368290e-01
3.590087831646743277e-01 1.132601300551610152e-01
3.509528616394713696e-01 1.130281253763440324e-01
3.429690740177547825e-01 1.127364102665595058e-01
3.350583076029753915e-01 1.123868367860332840e-01
3.272214415831418144e-01 1.119810027390073515e-01
3.194593469331089564e-01 1.115206114926926562e-01
3.117728863177794407e-01 1.110075168719143884e-01
3.041629139962280792e-01 1.104415563742312673e-01
2.966302757267624823e-01 1.098200437177918182e-01
2.891758086729252497e-01 1.091428091492029628e-01
2.818003413104546162e-01 1.084125787570467681e-01
2.745046933352085494e-01 1.076315897572045488e-01
2.672896755720651774e-01 1.068015159678307457e-01
2.601560898848094272e-01 1.059243323326085201e-01
2.531047290870154232e-01 1.050022488284687722e-01
2.461363768539343022e-01 1.040373025179226335e-01
2.392518076353984391e-01 1.030314163906336650e-01
2.324517865697500740e-01 1.019865400559100133e-01
2.257370693988056676e-01 1.009048161192159093e-01
2.191084023838638650e-01 9.978973105252318676e-02
2.125665222227673956e-01 9.864549623956984925e-02
2.061121559680280102e-01 9.747700128668168595e-02
1.997460209460230063e-01 9.628767870431087506e-02
1.934688246772731102e-01 9.507229115201304426e-02
1.872812647978095990e-01 9.382409353947912534e-02
1.811840289816407656e-01 9.254144239330699961e-02
1.751777948643248317e-01 9.122474017375357958e-02
1.692632299676588570e-01 8.987685337528585061e-02
1.634409916254914164e-01 8.850103421673058413e-02
1.577117269106679265e-01 8.710013300227606448e-02
1.520760725631161714e-01 8.567632186783544213e-02
1.465346549190801317e-01 8.423034189803507710e-02
1.410880898415101115e-01 8.276231574062298257e-02
1.357369826516168221e-01 8.127157526657854958e-02
1.304819280615971966e-01 7.975876272754346685e-02
1.253235101085391490e-01 7.822672465470617564e-02
1.202623020895129402e-01 7.667391583222898932e-02
1.152988664978553679e-01 7.509265289457921211e-02
1.104337549606562163e-01 7.348174435889530398e-02
1.056675081774507419e-01 7.184796613902061369e-02
1.010006558601274085e-01 7.019548401878718258e-02
9.643371667405697956e-02 6.852562271397324989e-02
9.196719818044885031e-02 6.684251198001538163e-02
8.760159677994161509e-02 6.515224031047933684e-02
8.333739765743386485e-02 6.345480257429092497e-02
7.917507472816209813e-02 6.174651335991630102e-02
7.511509058502996439e-02 6.003010051750817810e-02
7.115789644719716645e-02 5.831124567052085178e-02
6.730393210993146358e-02 5.658851606679903695e-02
6.355362589573076981e-02 5.485722138038867657e-02
5.990739460672012129e-02 5.311444989022989782e-02
5.636564347832906385e-02 5.135932115508805296e-02
5.292876613425423482e-02 4.959802390806127698e-02
4.959714454271368922e-02 4.783838401010561542e-02
4.637114897399441382e-02 4.608477400683349406e-02
4.325113795930202176e-02 4.434125415102693757e-02
4.023745825091396000e-02 4.261431604559829528e-02
3.733044478364233587e-02 4.090216426204046352e-02
3.453042063760936031e-02 3.917603147876578401e-02
3.183769700234129196e-02 3.741674579556413666e-02
2.925257314218321358e-02 3.564231924876303664e-02
2.677533636303963682e-02 3.386774928333424056e-02
2.440626198044326678e-02 3.208962144850328879e-02
2.214561328895736647e-02 3.031395619901915833e-02
1.999364153291383062e-02 2.856705194061515476e-02
1.795058587848985532e-02 2.685187068266403979e-02
1.601667338712764455e-02 2.513409276222815930e-02
1.419211899029970692e-02 2.339006355078775481e-02
1.247712546562085301e-02 2.161398811259596792e-02
1.087188341431266636e-02 1.982057797877616670e-02
9.376571240020115106e-03 1.804384567076551885e-02
7.991355128984078959e-03 1.629730006304518086e-02
6.716389031571567969e-03 1.457760346591604333e-02
5.551814645166519568e-03 1.291274173797100563e-02
4.497761398421062928e-03 1.134720364913544867e-02
3.554346436871580472e-03 9.842051425244099580e-03
2.721674609919344512e-03 8.322769619593666998e-03
1.999838459177394334e-03 6.870294177839580615e-03
1.388918208186096237e-03 5.606437725265573865e-03
8.889817534969424173e-04 4.350166508864246676e-03
5.000846571264760954e-04 2.868135732887902231e-03
2.222701403818971855e-04 1.411278747630642476e-03
5.556907905679420168e-05 3.769753069619856032e-04
0.000000000000000000e+00 9.480668373133093512e-06
0.000000000000000000e+00 -1.688338600511919612e-05
5.556907905679420168e-05 -3.330439587577383375e-04
2.222701403818971855e-04 -1.216631738727796735e-03
5.000846571264760954e-04 -2.435249735110935673e-03
8.889817534969424173e-04 -3.610695119688145382e-03
1.388918208186096237e-03 -4.504671995921700166e-03
1.999838459177394334e-03 -5.341268905738894186e-03
2.721674609919344512e-03 -6.294772620328636242e-03
3.554346436871580472e-03 -7.250654306635709485e-03
4.497761398421062928e-03 -8.134821872989594221e-03
5.551814645166519568e-03 -9.024182208477503006e-03
6.716389031571567969e-03 -9.961823095713563669e-03
7.991355128984078959e-03 -1.091096385534562861e-02
9.376571240020115106e-03 -1.185068469666220731e-02
1.087188341431266636e-02 -1.279021389872920383e-02
1.247712546562085301e-02 -1.372489396639966358e-02
1.419211899029970692e-02 -1.463274913788465206e-02
1.601667338712764455e-02 -1.550605585432820316e-02
1.795058587848985532e-02 -1.635243036721821183e-02
1.999364153291383062e-02 -1.719406289663459597e-02
2.214561328895736647e-02 -1.806198799202961627e-02
2.440626198044326678e-02 -1.895802018253291144e-02
2.677533636303963682e-02 -1.986495890597763520e-02
2.925257314218321358e-02 -2.077446632719658764e-02
3.183769700234129196e-02 -2.168275728280971010e-02
3.453042063760936031e-02 -2.258064620172647516e-02
3.733044478364233587e-02 -2.345923727534401232e-02
4.023745825091396000e-02 -2.432814788602064709e-02
4.325113795930202176e-02 -2.520176072560427472e-02
4.637114897399441382e-02 -2.608098875483076673e-02
4.959714454271368922e-02 -2.696246189785083888e-02
5.292876613425423482e-02 -2.784339934329922370e-02
5.636564347832906385e-02 -2.872101599924770446e-02
5.990739460672012129e-02 -2.959194246155578967e-02
6.355362589573076981e-02 -3.045294259796446287e-02
6.730393210993146358e-02 -3.130155152203290686e-02
7.115789644719716645e-02 -3.213473449943812094e-02
7.511509058502996439e-02 -3.294773475459023687e-02
7.917507472816209813e-02 -3.373704173439352749e-02
8.333739765743386485e-02 -3.450228351848334124e-02
8.760159677994161509e-02 -3.524985916963168514e-02
9.196719818044885031e-02 -3.599685938737465229e-02
9.643371667405697956e-02 -3.675190565712887353e-02
1.010006558601274085e-01 -3.751008832580776664e-02
1.056675081774507419e-01 -3.826856328790419204e-02
1.104337549606562163e-01 -3.902817839176213333e-02
1.152988664978553679e-01 -3.978857701903916466e-02
1.202623020895129402e-01 -4.054796934582720336e-02
1.253235101085391490e-01 -4.130483810011786883e-02
1.304819280615971966e-01 -4.205801383063170057e-02
1.357369826516168221e-01 -4.280712842994539163e-02
1.410880898415101115e-01 -4.355204084815534477e-02
1.465346549190801317e-01 -4.428889945573010606e-02
1.520760725631161714e-01 -4.501167212917834420e-02
1.577117269106679265e-01 -4.571503790291361891e-02
1.634409916254914164e-01 -4.639452130970407595e-02
1.692632299676588570e-01 -4.704890101849328043e-02
1.751777948643248317e-01 -4.767788041077860445e-02
1.811840289816407656e-01 -4.827854937527634172e-02
1.872812647978095990e-01 -4.884784337867984633e-02
1.934688246772731102e-01 -4.938630339231892680e-02
1.997460209460230063e-01 -4.989651405707958010e-02
2.061121559680280102e-01 -5.038486968932280596e-02
2.125665222227673956e-01 -5.085643187576521090e-02
2.191084023838638650e-01 -5.130913469748694944e-02
2.257370693988056676e-01 -5.174095359150355372e-02
2.324517865697500740e-01 -5.215366530340131285e-02
2.392518076353984391e-01 -5.254837938129619523e-02
2.461363768539343022e-01 -5.292340726644749471e-02
2.531047290870154232e-01 -5.327721816949494010e-02
2.601560898848094272e-01 -5.360924037409840748e-02
2.672896755720651774e-01 -5.391876914830554673e-02
2.745046933352085494e-01 -5.420473874368469946e-02
2.818003413104546162e-01 -5.446604656332641042e-02
2.891758086729252497e-01 -5.470159688173304585e-02
2.966302757267624823e-01 -5.491069705982286331e-02
3.041629139962280792e-01 -5.509294751707971560e-02
3.117728863177794407e-01 -5.524506927640377568e-02
3.194593469331089564e-01 -5.536127326581907759e-02
3.272214415831418144e-01 -5.543802590720681850e-02
3.350583076029753915e-01 -5.547369489999689346e-02
3.429690740177547825e-01 -5.546759730082075762e-02
3.509528616394713696e-01 -5.541940531003855530e-02
3.590087831646743277e-01 -5.532660854332383665e-02
3.671359432730831873e-01 -5.518687686780535812e-02
3.753334387270930161e-01 -5.500833856257743987e-02
3.836003584721576765e-01 -5.480288280486217412e-02
3.919357837380436083e-01 -5.457603286740578263e-02
4.003387881409395943e-01 -5.432835696086531219e-02
4.088084377864137364e-01 -5.404767581434795354e-02
4.173437913732044313e-01 -5.372023812664643294e-02
4.259439002978354649e-01 -5.334246810639985820e-02
4.346078087600411255e-01 -5.291336481659935503e-02
4.433345538689928977e-01 -5.243168655613424101e-02
4.521231657503131940e-01 -5.189660291921310148e-02
4.609726676538650203e-01 -5.130856756228328180e-02
4.698820760623064752e-01 -5.066141637849606860e-02
4.788504008003974244e-01 -4.993297389996337321e-02
4.878766451450451402e-01 -4.910735310044145319e-02
4.969598059360780251e-01 -4.818556967569111865e-02
5.060988736877365390e-01 -4.717496356518779271e-02
5.152928327008634568e-01 -4.608988146171417305e-02
5.245406611757882365e-01 -4.493778745353570886e-02
5.338413313258880688e-01 -4.371575680073153114e-02
5.431938094918128401e-01 -4.242139300862651091e-02
5.525970562563653488e-01 -4.105384529224664902e-02
5.620500265600203438e-01 -3.961326087654690881e-02
5.715516698170692855e-01 -3.810044795748931956e-02
5.811009300323815019e-01 -3.651227429643692096e-02
5.906967459187653091e-01 -3.484364633243115100e-02
6.003380510149177729e-01 -3.310679102664786794e-02
6.100237738039482327e-01 -3.132501080039170466e-02
6.197528378324663745e-01 -2.951048022262223874e-02
6.295241618302156450e-01 -2.766784429300497491e-02
6.393366598302444581e-01 -2.579472813649423546e-02
6.491892412895989839e-01 -2.388685454044596132e-02
6.590808112105230876e-01 -2.195004239594963713e-02
6.690102702621547603e-01 -1.999306757027911191e-02
6.789765149027036095e-01 -1.801816750001148174e-02
6.889784375020977514e-01 -1.603125009700989700e-02
6.990149264650814542e-01 -1.406475234173619471e-02
7.090848663547572039e-01 -1.215318824522936512e-02
7.191871380165538730e-01 -1.031117350789650423e-02
7.293206187026060050e-01 -8.543361878426710895e-03
7.394841821965345563e-01 -6.838096948659903342e-03
7.496766989386134394e-01 -5.200716588655310453e-03
7.598970361513051053e-01 -3.687247130681586479e-03
7.701440579651563922e-01 -2.338982728988399894e-03
7.804166255450371015e-01 -1.149545103152179804e-03
7.907135972167069760e-01 -1.062730293121229909e-04
8.010338285937002034e-01 8.038174277101009166e-04
8.113761727045106786e-01 1.587291944298136869e-03
8.217394801200630372e-01 2.241137925573139216e-03
8.321225990814590245e-01 2.761156809555388291e-03
8.425243756279822138e-01 3.143084875340951614e-03
8.529436537253458628e-01 3.394004086999915463e-03
8.633792753941731402e-01 3.532476795465044200e-03
8.738300808386934015e-01 3.568432379131716761e-03
8.842949085756387495e-01 3.504076151371989661e-03
8.947725955633289985e-01 3.347774996346801479e-03
9.052619773309316109e-01 3.113783089589542124e-03
9.157618881078770645e-01 2.828407045242147064e-03
9.262711609534211021e-01 2.523423394301699697e-03
9.367886278863364335e-01 2.212253111817631072e-03
9.473131200147204556e-01 1.897681638096728038e-03
9.578434676659028923e-01 1.576108436549776039e-03
9.683785005164411430e-01 1.239465678416076496e-03
9.789170477221889044e-01 8.696803741842016981e-04
9.894579380484205267e-01 4.503409080584216701e-04
9.999999999999998890e-01 -9.053718980260489792e-06
