9.999999999999998890e-01 2.390203129132682010e-03
9.894579380484205267e-01 5.994984517298821043e-03
9.789170477221889044e-01 1.033124029018035565e-02
9.683785005164411430e-01 1.494865167142948349e-02
9.578434676659028923e-01 1.964787620764829948e-02
9.473131200147204556e-01 2.430045966929311740e-02
9.367886278863364335e-01 2.883049330095568963e-02
9.262711609534211021e-01 3.317611488520743473e-02
9.157618881078770645e-01 3.728749202620931791e-02
9.052619773309316109e-01 4.114812626282127878e-02
8.947725955633289985e-01 4.480133740180141516e-02
8.842949085756387495e-01 4.828684164195331391e-02
8.738300808386934015e-01 5.162808946461448778e-02
8.633792753941731402e-01 5.484838003207299917e-02
8.529436537253458628e-01 5.797255985220375191e-02
8.425243756279822138e-01 6.102036870258942952e-02
8.321225990814590245e-01 6.400522360930860355e-02
8.217394801200630372e-01 6.693103595293466157e-02
8.113761727045106786e-01 6.979316981334245107e-02
8.010338285937002034e-01 7.258965159798284883e-02
7.907135972167069760e-01 7.532109015062149471e-02
7.804166255450371015e-01 7.799026562642613625e-02
7.701440579651563922e-01 8.060109583902250185e-02
7.598970361513051053e-01 8.315474070297726450e-02
7.496766989386134394e-01 8.565083449864621667e-02
7.394841821965345563e-01 8.808942729309127140e-02
7.293206187026060050e-01 9.047079977277017182e-02
7.191871380165538730e-01 9.279539143727477679e-02
7.090848663547572039e-01 9.506353771138080500e-02
6.990149264650814542e-01 9.727469874894816015e-02
6.889784375020977514e-01 9.942784688196576459e-02
6.789765149027036095e-01 1.015210853653099599e-01
6.690102702621547603e-01 1.035533136247720060e-01
6.590808112105230876e-01 1.055271000243905438e-01
6.491892412895989839e-01 1.074447970710268041e-01
6.393366598302444581e-01 1.093057240687467235e-01
6.295241618302156450e-01 1.111081757277889576e-01
6.197528378324663745e-01 1.128493093722042345e-01
6.100237738039482327e-01 1.145274505783797220e-01
6.003380510149177729e-01 1.161436612753419806e-01
5.906967459187653091e-01 1.177005597668515369e-01
5.811009300323815019e-01 1.192027858432471721e-01
5.715516698170692855e-01 1.206520226063822199e-01
5.620500265600203438e-01 1.220455426935943277e-01
5.525970562563653488e-01 1.233838304938784658e-01
5.431938094918128401e-01 1.246715836674165689e-01
5.338413313258880688e-01 1.259119490565163701e-01
5.245406611757882365e-01 1.271059736735223045e-01
5.152928327008634568e-01 1.282499619999952489e-01
5.060988736877365390e-01 1.293368219543225006e-01
4.969598059360780251e-01 1.303675835084710521e-01
4.878766451450451402e-01 1.313483762427107016e-01
4.788504008003974244e-01 1.322760717596528912e-01
4.698820760623064752e-01 1.331423225511048636e-01
4.609726676538650203e-01 1.339429908331647989e-01
4.521231657503131940e-01 1.346766103146596338e-01
4.433345538689928977e-01 1.353450923942478845e-01
4.346078087600411255e-01 1.359512434130887848e-01
4.259439002978354649e-01 1.364948222860385696e-01
4.173437913732044313e-01 1.369746199214354476e-01
4.088084377864137364e-01 1.373899460470563993e-01
4.003387881409395943e-01 1.377396994371175298e-01
3.919357837380436083e-01 1.380206134942527918e-01
3.836003584721576765e-01 1.382286724609768647e-01
3.753334387270930161e-01 1.383591361868594105e-01
3.671359432730831873e-01 1.384071966981407498e-01
3.590087831646743277e-01 1.383682506676248980e-01
3.509528616394713696e-01 1.382390158035725625e-01
3.429690740177547825e-01 1.380190282433206017e-01
3.350583076029753915e-01 1.377086468873066905e-01
3.272214415831418144e-01 1.373090517121054732e-01
3.194593469331089564e-01 1.368213412924208228e-01
3.117728863177794407e-01 1.362464082513703545e-01
3.041629139962280792e-01 1.355871573710218936e-01
2.966302757267624823e-01 1.348490892553545206e-01
2.891758086729252497e-01 1.340371093830428906e-01
2.818003413104546162e-01 1.331552581053283280e-01
2.745046933352085494e-01 1.322069693266143819e-01
2.672896755720651774e-01 1.311952782091959091e-01
2.601560898848094272e-01 1.301250101854034558e-01
2.531047290870154232e-01 1.290022806236494068e-01
2.461363768539343022e-01 1.278319118934842236e-01
2.392518076353984391e-01 1.266177332988021598e-01
2.324517865697500740e-01 1.253623821489750767e-01
2.257370693988056676e-01 1.240680021460005417e-01
2.191084023838638650e-01 1.227378771908935184e-01
2.125665222227673956e-01 1.213757051339194315e-01
2.061121559680280102e-01 1.199844991710565384e-01
1.997460209460230063e-01 1.185667847978871675e-01
1.934688246772731102e-01 1.171239452999204289e-01
1.872812647978095990e-01 1.156568598990641433e-01
1.811840289816407656e-01 1.141658088778505775e-01
1.751777948643248317e-01 1.126506347428267996e-01
1.692632299676588570e-01 1.111102142901208706e-01
1.634409916254914164e-01 1.095435749287615723e-01
1.577117269106679265e-01 1.079507548960525476e-01
1.520760725631161714e-01 1.063320633265397025e-01
1.465346549190801317e-01 1.046880310241985884e-01
1.410880898415101115e-01 1.030194881264791529e-01
1.357369826516168221e-01 1.013277926548802194e-01
1.304819280615971966e-01 9.961457564607903437e-02
1.253235101085391490e-01 9.788178496507198012e-02
1.202623020895129402e-01 9.612998943817153974e-02
1.152988664978553679e-01 9.435781692069973581e-02
1.104337549606562163e-01 9.256403234135260338e-02
1.056675081774507419e-01 9.074775769260293168e-02
1.010006558601274085e-01 8.890882745051240099e-02
9.643371667405697956e-02 8.704777757907129765e-02
9.196719818044885031e-02 8.516549269139087053e-02
8.760159677994161509e-02 8.326306572993801003e-02
8.333739765743386485e-02 8.134085530896496830e-02
7.917507472816209813e-02 7.939875093114406868e-02
7.511509058502996439e-02 7.743714572768488347e-02
7.115789644719716645e-02 7.545667673245898266e-02
6.730393210993146358e-02 7.345750288747439349e-02
6.355362589573076981e-02 7.143963051439999878e-02
5.990739460672012129e-02 6.940363109016398080e-02
5.636564347832906385e-02 6.735039803146954107e-02
5.292876613425423482e-02 6.528131416742673221e-02
4.959714454271368922e-02 6.319780326934607007e-02
4.637114897399441382e-02 6.110072532765191411e-02
4.325113795930202176e-02 5.899015044162698312e-02
4.023745825091396000e-02 5.686381255973714521e-02
3.733044478364233587e-02 5.471978753024508285e-02
3.453042063760936031e-02 5.255884537729098305e-02
3.183769700234129196e-02 5.038302023650360895e-02
2.925257314218321358e-02 4.819624473916766377e-02
2.677533636303963682e-02 4.600215602739281262e-02
2.440626198044326678e-02 4.380314394265936995e-02
2.214561328895736647e-02 4.160126744600906035e-02
1.999364153291383062e-02 3.939815625081621170e-02
1.795058587848985532e-02 3.718882587764186370e-02
1.601667338712764455e-02 3.495947579498728114e-02
1.419211899029970692e-02 3.272846913199848468e-02
1.247712546562085301e-02 3.055166553537574936e-02
1.087188341431266636e-02 2.839687473978939891e-02
9.376571240020115106e-03 2.614688029561411040e-02
7.991355128984078959e-03 2.387354423679033388e-02
6.716389031571567969e-03 2.179726153509785325e-02
5.551814645166519568e-03 1.980800390830938368e-02
4.497761398421062928e-03 1.758662228739809458e-02
3.554346436871580472e-03 1.529068900439348525e-02
2.721674609919344512e-03 1.333636377357926006e-02
1.999838459177394334e-03 1.173294167142134754e-02
1.388918208186096237e-03 1.024622307139224676e-02
8.889817534969424173e-04 8.452389526253507174e-03
5.000846571264760954e-04 5.985684445508817134e-03
2.222701403818971855e-04 3.315518385727050932e-03
5.556907905679420168e-05 1.162004670136564848e-03
0.000000000000000000e+00 -2.665826003360092538e-05
0.000000000000000000e+00 -3.120917841142214328e-05
5.556907905679420168e-05 7.218177200765150481e-04
2.222701403818971855e-04 -2.175493036493179703e-03
5.000846571264760954e-04 -4.549367444257353468e-03
8.889817534969424173e-04 -5.885956716349174771e-03
1.388918208186096237e-03 -6.543070031443284397e-03
1.999838459177394334e-03 -7.201417963685337147e-03
2.721674609919344512e-03 -8.292248117338266167e-03
3.554346436871580472e-03 -9.559524493738846482e-03
4.497761398421062928e-03 -1.079584571930166520e-02
5.551814645166519568e-03 -1.206375383362649593e-02
6.716389031571567969e-03 -1.338151873354983742e-02
7.991355128984078959e-03 -1.465129009957255590e-02
9.376571240020115106e-03 -1.584474205225784235e-02
1.087188341431266636e-02 -1.703831987252788296e-02
1.247712546562085301e-02 -1.825729373953494106e-02
1.419211899029970692e-02 -1.946250599302291884e-02
1.601667338712764455e-02 -2.064421275206147072e-02
1.795058587848985532e-02 -2.182245816849195594e-02
1.999364153291383062e-02 -2.299440837477305377e-02
2.214561328895736647e-02 -2.413917147097233498e-02
2.440626198044326678e-02 -2.525121624773627241e-02
2.677533636303963682e-02 -2.633519047908661898e-02
2.925257314218321358e-02 -2.739037357522649402e-02
3.183769700234129196e-02 -2.841406643501252771e-02
3.453042063760936031e-02 -2.941288676029665816e-02
3.733044478364233587e-02 -3.039668135162488377e-02
4.023745825091396000e-02 -3.136752712261993425e-02
4.325113795930202176e-02 -3.232437387868263706e-02
4.637114897399441382e-02 -3.326593701435564404e-02
4.959714454271368922e-02 -3.419117734296016342e-02
5.292876613425423482e-02 -3.510043825828749325e-02
5.636564347832906385e-02 -3.599463169704811283e-02
5.990739460672012129e-02 -3.687536398615184896e-02
6.355362589573076981e-02 -3.774516509190147667e-02
6.730393210993146358e-02 -3.860882151261179479e-02
7.115789644719716645e-02 -3.947035424443956497e-02
7.511509058502996439e-02 -4.033090858693337555e-02
7.917507472816209813e-02 -4.119052614925478029e-02
8.333739765743386485e-02 -4.204788304515409691e-02
8.760159677994161509e-02 -4.290187603538793415e-02
9.196719818044885031e-02 -4.375205849765870930e-02
9.643371667405697956e-02 -4.459798230464556007e-02
1.010006558601274085e-01 -4.543911251213147984e-02
1.056675081774507419e-01 -4.627513444576272089e-02
1.104337549606562163e-01 -4.710601206770606564e-02
1.152988664978553679e-01 -4.793183219918004112e-02
1.202623020895129402e-01 -4.875280192272652552e-02
1.253235101085391490e-01 -4.956934426985271785e-02
1.304819280615971966e-01 -5.038208037458309640e-02
1.357369826516168221e-01 -5.119186793167687655e-02
1.410880898415101115e-01 -5.199974928666314944e-02
1.465346549190801317e-01 -5.280696081557326171e-02
1.520760725631161714e-01 -5.361478690790897478e-02
1.577117269106679265e-01 -5.442392942754685492e-02
1.634409916254914164e-01 -5.523481684052111707e-02
1.692632299676588570e-01 -5.604804758738990422e-02
1.751777948643248317e-01 -5.686432609928757098e-02
1.811840289816407656e-01 -5.768454271116339738e-02
1.872812647978095990e-01 -5.850966706479560075e-02
1.934688246772731102e-01 -5.934073284011150834e-02
1.997460209460230063e-01 -6.017889299283669252e-02
2.061121559680280102e-01 -6.102568746702082686e-02
2.125665222227673956e-01 -6.188267480042978358e-02
2.191084023838638650e-01 -6.275117821125314466e-02
2.257370693988056676e-01 -6.363286443818383376e-02
2.324517865697500740e-01 -6.453041910914676660e-02
2.392518076353984391e-01 -6.544573111213161654e-02
2.461363768539343022e-01 -6.637855324623241626e-02
2.531047290870154232e-01 -6.732498149126722731e-02
2.601560898848094272e-01 -6.827494787760113315e-02
2.672896755720651774e-01 -6.921796422787987457e-02
2.745046933352085494e-01 -7.014387897303983599e-02
2.818003413104546162e-01 -7.104160222544257663e-02
2.891758086729252497e-01 -7.189878398038961060e-02
2.966302757267624823e-01 -7.270272311370946927e-02
3.041629139962280792e-01 -7.344037078730158985e-02
3.117728863177794407e-01 -7.409756128121365581e-02
3.194593469331089564e-01 -7.465912731625523602e-02
3.272214415831418144e-01 -7.511003127040852267e-02
3.350583076029753915e-01 -7.543609354114255705e-02
3.429690740177547825e-01 -7.563173970395327406e-02
3.509528616394713696e-01 -7.569695658461347842e-02
3.590087831646743277e-01 -7.563133143993301666e-02
3.671359432730831873e-01 -7.543425116219588944e-02
3.753334387270930161e-01 -7.510564127230913434e-02
3.836003584721576765e-01 -7.464570250370582138e-02
3.919357837380436083e-01 -7.405480473713062228e-02
4.003387881409395943e-01 -7.333352149050853530e-02
4.088084377864137364e-01 -7.248313277992445014e-02
4.173437913732044313e-01 -7.150521032952897316e-02
4.259439002978354649e-01 -7.040161257757006352e-02
4.346078087600411255e-01 -6.917433009476312011e-02
4.433345538689928977e-01 -6.782555102348784837e-02
4.521231657503131940e-01 -6.635770377464705883e-02
4.609726676538650203e-01 -6.477377658357098833e-02
4.698820760623064752e-01 -6.307674396366198810e-02
4.788504008003974244e-01 -6.126931811252286225e-02
4.878766451450451402e-01 -5.935428450813685919e-02
4.969598059360780251e-01 -5.733463410742138666e-02
5.060988736877365390e-01 -5.521253156903264958e-02
5.152928327008634568e-01 -5.298886954631681218e-02
5.245406611757882365e-01 -5.067009256215734836e-02
5.338413313258880688e-01 -4.827063420367588842e-02
5.431938094918128401e-01 -4.580977674816209821e-02
5.525970562563653488e-01 -4.331167553065012887e-02
5.620500265600203438e-01 -4.079841004195590426e-02
5.715516698170692855e-01 -3.828920721294371693e-02
5.811009300323815019e-01 -3.579420059471882798e-02
5.906967459187653091e-01 -3.331615579611752614e-02
6.003380510149177729e-01 -3.085886576512836613e-02
6.100237738039482327e-01 -2.842695733822729956e-02
6.197528378324663745e-01 -2.602463792635421880e-02
6.295241618302156450e-01 -2.365590273203426949e-02
6.393366598302444581e-01 -2.132511430483035111e-02
6.491892412895989839e-01 -1.903680644928600410e-02
6.590808112105230876e-01 -1.679543904288333112e-02
6.690102702621547603e-01 -1.460547202522834674e-02
6.789765149027036095e-01 -1.247153453773686312e-02
6.889784375020977514e-01 -1.039831372401879214e-02
6.990149264650814542e-01 -8.390498455894403532e-03
7.090848663547572039e-01 -6.452817071905269514e-03
7.191871380165538730e-01 -4.590142049744737156e-03
7.293206187026060050e-01 -2.807109494311563376e-03
7.394841821965345563e-01 -1.107532000984855691e-03
7.496766989386134394e-01 5.050797289988518107e-04
7.598970361513051053e-01 2.027581391629753454e-03
7.701440579651563922e-01 3.456675508369331205e-03
7.804166255450371015e-01 4.788626801456383718e-03
7.907135972167069760e-01 6.020093404845211840e-03
8.010338285937002034e-01 7.148498572643164316e-03
8.113761727045106786e-01 8.169925008432920785e-03
8.217394801200630372e-01 9.078278631599621951e-03
8.321225990814590245e-01 9.864690840387130288e-03
8.425243756279822138e-01 1.051706606063585944e-02
8.529436537253458628e-01 1.102363157794288874e-02
8.633792753941731402e-01 1.137316997796130984e-02
8.738300808386934015e-01 1.155450998222628915e-02
8.842949085756387495e-01 1.155665801752884213e-02
8.947725955633289985e-01 1.137092144027449306e-02
9.052619773309316109e-01 1.099029526629880307e-02
9.157618881078770645e-01 1.040741804189721474e-02
9.262711609534211021e-01 9.614710014664467827e-03
9.367886278863364335e-01 8.604881302942948493e-03
9.473131200147204556e-01 7.370792135279313935e-03
9.578434676659028923e-01 5.905265934900393032e-03
9.683785005164411430e-01 4.201141771454824751e-03
9.789170477221889044e-01 2.251451463206267847e-03
9.894579380484205267e-01 4.930830573520686867e-05
9.999999999999998890e-01 -2.412122300468940144e-03
