1.000019999999999909e+00 0.000000000000000000e+00
9.903899999999999926e-01 3.259999999999999877e-03
9.745000000000000329e-01 9.870000000000000301e-03
9.565700000000000314e-01 1.782999999999999863e-02
9.375000000000000000e-01 2.614999999999999963e-02
9.180000000000000382e-01 3.404999999999999694e-02
8.980099999999999749e-01 4.130999999999999950e-02
8.772699999999999942e-01 4.816000000000000142e-02
8.557700000000000307e-01 5.475000000000000006e-02
8.337400000000000366e-01 6.115999999999999909e-02
8.114099999999999646e-01 6.740000000000000158e-02
7.889000000000000457e-01 7.341000000000000303e-02
7.662600000000000522e-01 7.918999999999999651e-02
7.435399999999999787e-01 8.473999999999999588e-02
7.207700000000000218e-01 9.005000000000000504e-02
6.979499999999999593e-01 9.511999999999999622e-02
6.751099999999999879e-01 9.993000000000000493e-02
6.522499999999999964e-01 1.044699999999999934e-01
6.293699999999999850e-01 1.087499999999999994e-01
6.064699999999999536e-01 1.127400000000000069e-01
5.835299999999999931e-01 1.164400000000000018e-01
5.605099999999999527e-01 1.198800000000000004e-01
5.374499999999999833e-01 1.230500000000000066e-01
5.143999999999999684e-01 1.259699999999999986e-01
4.914499999999999980e-01 1.285799999999999998e-01
4.686400000000000010e-01 1.308699999999999863e-01
4.460000000000000075e-01 1.327599999999999891e-01
4.234700000000000131e-01 1.342500000000000082e-01
4.011399999999999966e-01 1.353199999999999958e-01
3.790899999999999825e-01 1.359200000000000130e-01
3.574300000000000255e-01 1.359599999999999975e-01
3.360099999999999754e-01 1.353600000000000081e-01
3.147699999999999942e-01 1.340899999999999870e-01
2.935400000000000231e-01 1.321299999999999975e-01
2.722800000000000220e-01 1.295099999999999862e-01
2.509299999999999864e-01 1.262500000000000011e-01
2.295200000000000018e-01 1.224100000000000049e-01
2.081300000000000094e-01 1.180299999999999960e-01
1.869000000000000106e-01 1.131700000000000067e-01
1.660999999999999976e-01 1.078699999999999937e-01
1.458000000000000129e-01 1.020699999999999941e-01
1.262500000000000011e-01 9.579999999999999627e-02
1.075900000000000051e-01 8.909000000000000252e-02
9.019000000000000627e-02 8.200000000000000344e-02
7.428999999999999493e-02 7.463000000000000189e-02
6.015000000000000208e-02 6.714000000000000523e-02
4.798999999999999794e-02 5.976000000000000062e-02
3.783000000000000251e-02 5.269000000000000072e-02
2.952000000000000110e-02 4.601999999999999841e-02
2.282000000000000001e-02 3.985999999999999960e-02
1.745999999999999983e-02 3.422000000000000042e-02
1.319999999999999993e-02 2.906999999999999862e-02
9.790000000000000091e-03 2.436999999999999930e-02
7.130000000000000053e-03 2.004999999999999838e-02
4.939999999999999947e-03 1.612999999999999851e-02
3.360000000000000139e-03 1.244999999999999926e-02
1.959999999999999937e-03 9.119999999999999635e-03
8.999999999999999754e-04 6.020000000000000177e-03
4.699999999999999859e-04 3.020000000000000115e-03
1.700000000000000122e-04 2.200000000000000078e-04
2.000000000000000164e-05 -2.409999999999999816e-03
2.799999999999999755e-04 -5.000000000000000104e-03
6.300000000000000261e-04 -7.640000000000000090e-03
2.109999999999999896e-03 -9.830000000000000196e-03
3.769999999999999914e-03 -1.213999999999999975e-02
5.649999999999999641e-03 -1.460000000000000013e-02
8.040000000000000271e-03 -1.700000000000000122e-02
1.089000000000000037e-02 -1.943999999999999895e-02
1.429000000000000062e-02 -2.189999999999999933e-02
1.831999999999999948e-02 -2.441000000000000114e-02
2.312000000000000166e-02 -2.698000000000000051e-02
2.888999999999999901e-02 -2.959000000000000172e-02
3.590999999999999748e-02 -3.228000000000000314e-02
4.454999999999999932e-02 -3.506999999999999701e-02
5.530999999999999805e-02 -3.805999999999999661e-02
6.864000000000000656e-02 -4.130000000000000338e-02
8.479000000000000425e-02 -4.472000000000000280e-02
1.035800000000000054e-01 -4.823000000000000204e-02
1.244399999999999951e-01 -5.174000000000000127e-02
1.466200000000000003e-01 -5.516000000000000070e-02
1.695299999999999863e-01 -5.845999999999999808e-02
1.929099999999999981e-01 -6.162999999999999728e-02
2.165300000000000002e-01 -6.474000000000000588e-02
2.400799999999999879e-01 -6.790000000000000202e-02
2.632200000000000095e-01 -7.101000000000000367e-02
2.855900000000000105e-01 -7.381999999999999673e-02
3.070399999999999796e-01 -7.603999999999999648e-02
3.278599999999999848e-01 -7.743999999999999495e-02
3.483700000000000130e-01 -7.799000000000000377e-02
3.687799999999999967e-01 -7.767000000000000293e-02
3.893199999999999994e-01 -7.650999999999999468e-02
4.100500000000000256e-01 -7.456999999999999740e-02
4.310200000000000142e-01 -7.190000000000000557e-02
4.521700000000000164e-01 -6.855999999999999595e-02
4.734900000000000220e-01 -6.457000000000000239e-02
4.950100000000000056e-01 -5.994000000000000022e-02
5.168899999999999606e-01 -5.471999999999999781e-02
5.392599999999999616e-01 -4.900000000000000189e-02
5.620300000000000296e-01 -4.297999999999999737e-02
5.849600000000000355e-01 -3.695999999999999980e-02
6.078000000000000069e-01 -3.113000000000000142e-02
6.305500000000000549e-01 -2.555999999999999939e-02
6.531500000000000083e-01 -2.027999999999999942e-02
6.756600000000000383e-01 -1.535000000000000080e-02
6.981000000000000538e-01 -1.077999999999999965e-02
7.204199999999999493e-01 -6.599999999999999964e-03
7.426899999999999613e-01 -2.850000000000000103e-03
7.648599999999999843e-01 4.699999999999999859e-04
7.869300000000000184e-01 3.299999999999999982e-03
8.088400000000000034e-01 5.649999999999999641e-03
8.305000000000000160e-01 7.440000000000000432e-03
8.518999999999999906e-01 8.619999999999999191e-03
8.729900000000000437e-01 9.140000000000000555e-03
8.937599999999999989e-01 8.959999999999999215e-03
9.141799999999999926e-01 8.030000000000000679e-03
9.341699999999999449e-01 6.349999999999999742e-03
9.535400000000000542e-01 3.950000000000000386e-03
9.719200000000000061e-01 9.499999999999999981e-04
9.887000000000000233e-01 -2.429999999999999868e-03
9.987000000000000322e-01 -4.819999999999999632e-03
