9.999999999999998890e-01 3.501770052302957381e-10
9.894579380484205267e-01 2.715793611112034007e-03
9.789170477221889044e-01 5.358353196871574325e-03
9.683785005164411430e-01 7.935201054113164704e-03
9.578434676659028923e-01 1.045396140718427708e-02
9.473131200147204556e-01 1.292224812910211518e-02
9.367886278863364335e-01 1.534758982731635087e-02
9.262711609534211021e-01 1.773755890615076602e-02
9.157618881078770645e-01 2.009985781441124553e-02
9.052619773309316109e-01 2.244201251935817876e-02
8.947725955633289985e-01 2.477112520127875556e-02
8.842949085756387495e-01 2.709069228518764735e-02
8.738300808386934015e-01 2.939855999307903339e-02
8.633792753941731402e-01 3.169226753556146636e-02
8.529436537253458628e-01 3.396961257037400816e-02
8.425243756279822138e-01 3.622836102748835246e-02
8.321225990814590245e-01 3.846622479966202435e-02
8.217394801200630372e-01 4.068095656583081005e-02
8.113761727045106786e-01 4.287035659072050559e-02
8.010338285937002034e-01 4.503232195602547422e-02
7.907135972167069760e-01 4.716495907449776842e-02
7.804166255450371015e-01 4.926802407546403140e-02
7.701440579651563922e-01 5.134237647874842492e-02
7.598970361513051053e-01 5.338880092807564426e-02
7.496766989386134394e-01 5.540803151328601434e-02
7.394841821965345563e-01 5.740083199373837569e-02
7.293206187026060050e-01 5.936797955249211584e-02
7.191871380165538730e-01 6.131024526009217629e-02
7.090848663547572039e-01 6.322838883463612059e-02
6.990149264650814542e-01 6.512312316431169423e-02
6.889784375020977514e-01 6.699528205741739351e-02
6.789765149027036095e-01 6.884628855599968233e-02
6.690102702621547603e-01 7.067768911482122385e-02
6.590808112105230876e-01 7.249090271655847517e-02
6.491892412895989839e-01 7.428737812208133229e-02
6.393366598302444581e-01 7.606873431747805669e-02
6.295241618302156450e-01 7.783643439269266606e-02
6.197528378324663745e-01 7.959148848266328624e-02
6.100237738039482327e-01 8.133524981892235883e-02
6.003380510149177729e-01 8.306987760093410833e-02
5.906967459187653091e-01 8.479535150820345646e-02
5.811009300323815019e-01 8.650775137649882596e-02
5.715516698170692855e-01 8.820179512008619049e-02
5.620500265600203438e-01 8.987081015004053097e-02
5.525970562563653488e-01 9.150858213026878685e-02
5.431938094918128401e-01 9.310958064114392696e-02
5.338413313258880688e-01 9.466834398381274163e-02
5.245406611757882365e-01 9.617944829064156709e-02
5.152928327008634568e-01 9.763763549554584087e-02
5.060988736877365390e-01 9.903783591060558167e-02
4.969598059360780251e-01 1.003756284168112051e-01
4.878766451450451402e-01 1.016473577314546684e-01
4.788504008003974244e-01 1.028526032365218723e-01
4.698820760623064752e-01 1.039928562131550438e-01
4.609726676538650203e-01 1.050691960661221530e-01
4.521231657503131940e-01 1.060825139540770012e-01
4.433345538689928977e-01 1.070339513177470947e-01
4.346078087600411255e-01 1.079247318403532552e-01
4.259439002978354649e-01 1.087559366203168093e-01
4.173437913732044313e-01 1.095286343078937658e-01
4.088084377864137364e-01 1.102440716415441224e-01
4.003387881409395943e-01 1.109034694896047918e-01
3.919357837380436083e-01 1.115077489519302745e-01
3.836003584721576765e-01 1.120574937191434473e-01
3.753334387270930161e-01 1.125524463742523240e-01
3.671359432730831873e-01 1.129922915034330677e-01
3.590087831646743277e-01 1.133769979701474140e-01
3.509528616394713696e-01 1.137065724425383589e-01
3.429690740177547825e-01 1.139810047683018357e-01
3.350583076029753915e-01 1.142004020911759343e-01
3.272214415831418144e-01 1.143650888424685569e-01
3.194593469331089564e-01 1.144753465478279136e-01
3.117728863177794407e-01 1.145313641252533460e-01
3.041629139962280792e-01 1.145336568427627183e-01
2.966302757267624823e-01 1.144831182561217575e-01
2.891758086729252497e-01 1.143792208276177697e-01
2.818003413104546162e-01 1.142198470768893970e-01
2.745046933352085494e-01 1.140025601250218013e-01
2.672896755720651774e-01 1.137247342253534660e-01
2.601560898848094272e-01 1.133842118748622785e-01
2.531047290870154232e-01 1.129792300370399682e-01
2.461363768539343022e-01 1.125083328799381943e-01
2.392518076353984391e-01 1.119702796360592806e-01
2.324517865697500740e-01 1.113640288820084145e-01
2.257370693988056676e-01 1.106887337781933128e-01
2.191084023838638650e-01 1.099442093451143687e-01
2.125665222227673956e-01 1.091305005133999945e-01
2.061121559680280102e-01 1.082472046785681180e-01
1.997460209460230063e-01 1.072942292046360074e-01
1.934688246772731102e-01 1.062739144089746846e-01
1.872812647978095990e-01 1.051906060540204607e-01
1.811840289816407656e-01 1.040537988232216049e-01
1.751777948643248317e-01 1.028738458828053481e-01
1.692632299676588570e-01 1.016594570901756950e-01
1.634409916254914164e-01 1.004187522453434123e-01
1.577117269106679265e-01 9.915917628454905264e-02
1.520760725631161714e-01 9.788811159154645058e-02
1.465346549190801317e-01 9.661301680552544791e-02
1.410880898415101115e-01 9.533447251032955982e-02
1.357369826516168221e-01 9.403955492108209691e-02
1.304819280615971966e-01 9.271451074314675245e-02
1.253235101085391490e-01 9.134682895466586516e-02
1.202623020895129402e-01 8.992530158772928106e-02
1.152988664978553679e-01 8.844042843366572981e-02
1.104337549606562163e-01 8.688478727469381435e-02
1.056675081774507419e-01 8.525321270102441396e-02
1.010006558601274085e-01 8.354014193728316606e-02
9.643371667405697956e-02 8.174036333396245135e-02
9.196719818044885031e-02 7.986322724665263773e-02
8.760159677994161509e-02 7.793014914190778131e-02
8.333739765743386485e-02 7.596244190561535214e-02
7.917507472816209813e-02 7.398095232481037564e-02
7.511509058502996439e-02 7.200510015499352046e-02
7.115789644719716645e-02 7.005129778374089011e-02
6.730393210993146358e-02 6.811802926854075568e-02
6.355362589573076981e-02 6.619497995082783415e-02
5.990739460672012129e-02 6.427193022127235256e-02
5.636564347832906385e-02 6.233912453617281718e-02
5.292876613425423482e-02 6.038899548426771707e-02
4.959714454271368922e-02 5.841638046495742365e-02
4.637114897399441382e-02 5.642358173702233248e-02
4.325113795930202176e-02 5.441758503383019308e-02
4.023745825091396000e-02 5.241494658485366248e-02
3.733044478364233587e-02 5.043357162437717839e-02
3.453042063760936031e-02 4.848872112506952270e-02
3.183769700234129196e-02 4.659240934025325742e-02
2.925257314218321358e-02 4.474973837100104657e-02
2.677533636303963682e-02 4.296945093135866311e-02
2.440626198044326678e-02 4.126984688666653772e-02
2.214561328895736647e-02 3.963721189475051532e-02
1.999364153291383062e-02 3.799931540635739097e-02
1.795058587848985532e-02 3.628343054650656069e-02
1.601667338712764455e-02 3.442565603677306268e-02
1.419211899029970692e-02 3.238862273619025345e-02
1.247712546562085301e-02 3.016768889495442113e-02
1.087188341431266636e-02 2.777183578252361007e-02
9.376571240020115106e-03 2.522291912296618921e-02
7.991355128984078959e-03 2.255598663822835220e-02
6.716389031571567969e-03 1.981760745023893044e-02
5.551814645166519568e-03 1.705934695612324262e-02
4.497761398421062928e-03 1.433638222084545992e-02
3.554346436871580472e-03 1.170578737264685136e-02
2.721674609919344512e-03 9.225373753193030768e-03
1.999838459177394334e-03 6.949318710077529229e-03
1.388918208186096237e-03 4.928961658401105270e-03
8.889817534969424173e-04 3.209033915436966707e-03
5.000846571264760954e-04 1.829646235965503740e-03
2.222701403818971855e-04 8.207631135240797465e-04
5.556907905679420168e-05 2.064303068376408673e-04
0.000000000000000000e+00 -4.100400766853560814e-09
0.000000000000000000e+00 2.423565788273358698e-09
5.556907905679420168e-05 -9.763898613285694819e-05
2.222701403818971855e-04 -3.880940618757847300e-04
5.000846571264760954e-04 -8.648474511730728283e-04
8.889817534969424173e-04 -1.516009168941334900e-03
1.388918208186096237e-03 -2.326762841250022782e-03
1.999838459177394334e-03 -3.277322698379561694e-03
2.721674609919344512e-03 -4.345477511262965491e-03
3.554346436871580472e-03 -5.505411379782779863e-03
4.497761398421062928e-03 -6.729844662316465144e-03
5.551814645166519568e-03 -7.989664375435917218e-03
6.716389031571567969e-03 -9.255494123015592031e-03
7.991355128984078959e-03 -1.049790801734382106e-02
9.376571240020115106e-03 -1.168933829751107531e-02
1.087188341431266636e-02 -1.280482835371595657e-02
1.247712546562085301e-02 -1.382302447034892620e-02
1.419211899029970692e-02 -1.472680226394306076e-02
1.601667338712764455e-02 -1.550697865963850813e-02
1.795058587848985532e-02 -1.616225511377489613e-02
1.999364153291383062e-02 -1.670010594582963664e-02
2.214561328895736647e-02 -1.713637557315028301e-02
2.440626198044326678e-02 -1.750652195365078739e-02
2.677533636303963682e-02 -1.785652840553638918e-02
2.925257314218321358e-02 -1.820711486085588651e-02
3.183769700234129196e-02 -1.856375796639117906e-02
3.453042063760936031e-02 -1.892572986324906822e-02
3.733044478364233587e-02 -1.928984346138971212e-02
4.023745825091396000e-02 -1.965552101858001124e-02
4.325113795930202176e-02 -2.002303210408962544e-02
4.637114897399441382e-02 -2.039164042200728583e-02
4.959714454271368922e-02 -2.076028507743064855e-02
5.292876613425423482e-02 -2.112793026825031048e-02
5.636564347832906385e-02 -2.149247447466686584e-02
5.990739460672012129e-02 -2.184799857870319689e-02
6.355362589573076981e-02 -2.218791213649340746e-02
6.730393210993146358e-02 -2.250614274365119252e-02
7.115789644719716645e-02 -2.279536789629097934e-02
7.511509058502996439e-02 -2.304501938118281440e-02
7.917507472816209813e-02 -2.324865909281513890e-02
8.333739765743386485e-02 -2.340925589192954792e-02
8.760159677994161509e-02 -2.353280199039822426e-02
9.196719818044885031e-02 -2.362853484975450946e-02
9.643371667405697956e-02 -2.370783465759572495e-02
1.010006558601274085e-01 -2.378453188990180961e-02
1.056675081774507419e-01 -2.386712898709497307e-02
1.104337549606562163e-01 -2.395737201960017673e-02
1.152988664978553679e-01 -2.405441328002970447e-02
1.202623020895129402e-01 -2.415519752163325373e-02
1.253235101085391490e-01 -2.425704902968112142e-02
1.304819280615971966e-01 -2.435766061461452567e-02
1.357369826516168221e-01 -2.445414747656427315e-02
1.410880898415101115e-01 -2.454314024300055866e-02
1.465346549190801317e-01 -2.462064866907206356e-02
1.520760725631161714e-01 -2.468256277770954771e-02
1.577117269106679265e-01 -2.472694095097940220e-02
1.634409916254914164e-01 -2.475314149361349664e-02
1.692632299676588570e-01 -2.476186132748295354e-02
1.751777948643248317e-01 -2.475430326251847057e-02
1.811840289816407656e-01 -2.473132831362803360e-02
1.872812647978095990e-01 -2.469381533279304056e-02
1.934688246772731102e-01 -2.464329488416636474e-02
1.997460209460230063e-01 -2.458133693896149413e-02
2.061121559680280102e-01 -2.450893062625883814e-02
2.125665222227673956e-01 -2.442661752048506593e-02
2.191084023838638650e-01 -2.433396309292698220e-02
2.257370693988056676e-01 -2.423042309704363795e-02
2.324517865697500740e-01 -2.411567166419376421e-02
2.392518076353984391e-01 -2.398937214599126955e-02
2.461363768539343022e-01 -2.385108728395927274e-02
2.531047290870154232e-01 -2.370039140626497079e-02
2.601560898848094272e-01 -2.353690400166065858e-02
2.672896755720651774e-01 -2.336023323037902943e-02
2.745046933352085494e-01 -2.316996264140028239e-02
2.818003413104546162e-01 -2.296567963640234328e-02
2.891758086729252497e-01 -2.274697934458067006e-02
2.966302757267624823e-01 -2.251345877766793013e-02
3.041629139962280792e-01 -2.226470014677789377e-02
3.117728863177794407e-01 -2.199996241776465064e-02
3.194593469331089564e-01 -2.171820201143331505e-02
3.272214415831418144e-01 -2.141828133437330070e-02
3.350583076029753915e-01 -2.109899913574679597e-02
3.429690740177547825e-01 -2.075916028228957932e-02
3.509528616394713696e-01 -2.039756008319751346e-02
3.590087831646743277e-01 -2.001285630780554048e-02
3.671359432730831873e-01 -1.960364801995745365e-02
3.753334387270930161e-01 -1.916866008558095261e-02
3.836003584721576765e-01 -1.870660670796577343e-02
3.919357837380436083e-01 -1.821577876668529702e-02
4.003387881409395943e-01 -1.769455511387579144e-02
4.088084377864137364e-01 -1.714257570478586526e-02
4.173437913732044313e-01 -1.656021294490839929e-02
4.259439002978354649e-01 -1.594923094692065821e-02
4.346078087600411255e-01 -1.531168430898730004e-02
4.433345538689928977e-01 -1.464938386998124349e-02
4.521231657503131940e-01 -1.396420469221234389e-02
4.609726676538650203e-01 -1.325835104682577918e-02
4.698820760623064752e-01 -1.253408549376680906e-02
4.788504008003974244e-01 -1.179367276751734639e-02
4.878766451450451402e-01 -1.103950599192428904e-02
4.969598059360780251e-01 -1.027422734279734989e-02
5.060988736877365390e-01 -9.500352209878640611e-03
5.152928327008634568e-01 -8.720138320502786311e-03
5.245406611757882365e-01 -7.935753384196332985e-03
5.338413313258880688e-01 -7.149277232504136492e-03
5.431938094918128401e-01 -6.362893536418408498e-03
5.525970562563653488e-01 -5.578915635079876104e-03
5.620500265600203438e-01 -4.799684421814881877e-03
5.715516698170692855e-01 -4.027567693061862367e-03
5.811009300323815019e-01 -3.265050831242276644e-03
5.906967459187653091e-01 -2.514711795505854969e-03
6.003380510149177729e-01 -1.779075639873553419e-03
6.100237738039482327e-01 -1.060570660673818433e-03
6.197528378324663745e-01 -3.610312845452059126e-04
6.295241618302156450e-01 3.180429140137179989e-04
6.393366598302444581e-01 9.750429791370617601e-04
6.491892412895989839e-01 1.608306332397708852e-03
6.590808112105230876e-01 2.216186263038825294e-03
6.690102702621547603e-01 2.797034280055005120e-03
6.789765149027036095e-01 3.349155638741795060e-03
6.889784375020977514e-01 3.870839430030279232e-03
6.990149264650814542e-01 4.360372876310183651e-03
7.090848663547572039e-01 4.816027796093536213e-03
7.191871380165538730e-01 5.236020937821339767e-03
7.293206187026060050e-01 5.618558773683799377e-03
7.394841821965345563e-01 5.961855236985346557e-03
7.496766989386134394e-01 6.264108212396527452e-03
7.598970361513051053e-01 6.523471582248949012e-03
7.701440579651563922e-01 6.738121583710429512e-03
7.804166255450371015e-01 6.906295060759399043e-03
7.907135972167069760e-01 7.026155257740831356e-03
8.010338285937002034e-01 7.095739390815708134e-03
8.113761727045106786e-01 7.113992713453140722e-03
8.217394801200630372e-01 7.081230826402194062e-03
8.321225990814590245e-01 6.998048497701393755e-03
8.425243756279822138e-01 6.865249027949646421e-03
8.529436537253458628e-01 6.683595916746859489e-03
8.633792753941731402e-01 6.453802920922708554e-03
8.738300808386934015e-01 6.176694511566748966e-03
8.842949085756387495e-01 5.853187534629171809e-03
8.947725955633289985e-01 5.484082978510058069e-03
9.052619773309316109e-01 5.070273085067657920e-03
9.157618881078770645e-01 4.614683409305042616e-03
9.262711609534211021e-01 4.121547612563491829e-03
9.367886278863364335e-01 3.595343821490131972e-03
9.473131200147204556e-01 3.040663055714694449e-03
9.578434676659028923e-01 2.462055468526547306e-03
9.683785005164411430e-01 1.864064774530161707e-03
9.789170477221889044e-01 1.251306269256925556e-03
9.894579380484205267e-01 6.284156374147277773e-04
9.999999999999998890e-01 -1.716445884671068500e-10
