9.999999999999998890e-01 -3.102026095885010242e-04
9.894579380484205267e-01 2.614748971680982709e-03
9.789170477221889044e-01 5.928276277996546474e-03
9.683785005164411430e-01 9.210191787750473744e-03
9.578434676659028923e-01 1.240189526197472969e-02
9.473131200147204556e-01 1.551660438248798207e-02
9.367886278863364335e-01 1.856065346403380778e-02
9.262711609534211021e-01 2.154963314099863844e-02
9.157618881078770645e-01 2.452259944211690121e-02
9.052619773309316109e-01 2.750685536120568708e-02
8.947725955633289985e-01 3.050138490040995437e-02
8.842949085756387495e-01 3.350494960153479335e-02
8.738300808386934015e-01 3.652087683433815485e-02
8.633792753941731402e-01 3.954939076509948054e-02
8.529436537253458628e-01 4.258608709773308021e-02
8.425243756279822138e-01 4.562812247948734579e-02
8.321225990814590245e-01 4.867472798095531100e-02
8.217394801200630372e-01 5.172417336082221068e-02
8.113761727045106786e-01 5.477367058640664199e-02
8.010338285937002034e-01 5.781981229362166685e-02
7.907135972167069760e-01 6.085871300145071633e-02
7.804166255450371015e-01 6.388630237882306218e-02
7.701440579651563922e-01 6.689839868959926439e-02
7.598970361513051053e-01 6.989086374173435201e-02
7.496766989386134394e-01 7.285964386257150205e-02
7.394841821965345563e-01 7.580114859756280354e-02
7.293206187026060050e-01 7.871155057642938158e-02
7.191871380165538730e-01 8.158408837227584809e-02
7.090848663547572039e-01 8.441084146728518312e-02
6.990149264650814542e-01 8.718389695954537055e-02
6.889784375020977514e-01 8.989494341078750617e-02
6.789765149027036095e-01 9.253393109820978735e-02
6.690102702621547603e-01 9.508964763077634719e-02
6.590808112105230876e-01 9.754841515858254930e-02
6.491892412895989839e-01 9.989715079991699775e-02
6.393366598302444581e-01 1.021261374819557866e-01
6.295241618302156450e-01 1.042284218133137375e-01
6.197528378324663745e-01 1.062022853608151768e-01
6.100237738039482327e-01 1.080463701506690910e-01
6.003380510149177729e-01 1.097585053904106128e-01
5.906967459187653091e-01 1.113398903123773709e-01
5.811009300323815019e-01 1.127976387658376212e-01
5.715516698170692855e-01 1.141396998362042697e-01
5.620500265600203438e-01 1.153743523736547871e-01
5.525970562563653488e-01 1.165085048270313312e-01
5.431938094918128401e-01 1.175473227712051510e-01
5.338413313258880688e-01 1.184945234214988818e-01
5.245406611757882365e-01 1.193524760282406866e-01
5.152928327008634568e-01 1.201238970870475709e-01
5.060988736877365390e-01 1.208118363634404918e-01
4.969598059360780251e-01 1.214191149224610050e-01
4.878766451450451402e-01 1.219483863584764488e-01
4.788504008003974244e-01 1.224023682082466258e-01
4.698820760623064752e-01 1.227838126834643745e-01
4.609726676538650203e-01 1.230954156378442216e-01
4.521231657503131940e-01 1.233398289312553631e-01
4.433345538689928977e-01 1.235196000387427384e-01
4.346078087600411255e-01 1.236372595434116761e-01
4.259439002978354649e-01 1.236954942723117318e-01
4.173437913732044313e-01 1.236968446709658109e-01
4.088084377864137364e-01 1.236429082655652739e-01
4.003387881409395943e-01 1.235348653098551491e-01
3.919357837380436083e-01 1.233733501695487567e-01
3.836003584721576765e-01 1.231589445212262213e-01
3.753334387270930161e-01 1.228924791136085520e-01
3.671359432730831873e-01 1.225748194110477113e-01
3.590087831646743277e-01 1.222067929335357017e-01
3.509528616394713696e-01 1.217892600554667387e-01
3.429690740177547825e-01 1.213231665949106863e-01
3.350583076029753915e-01 1.208094919097304071e-01
3.272214415831418144e-01 1.202492535707132409e-01
3.194593469331089564e-01 1.196433293028717620e-01
3.117728863177794407e-01 1.189923766851820053e-01
3.041629139962280792e-01 1.182970636736041525e-01
2.966302757267624823e-01 1.175580980504487699e-01
2.891758086729252497e-01 1.167762521233649403e-01
2.818003413104546162e-01 1.159523683853450893e-01
2.745046933352085494e-01 1.150873454327659556e-01
2.672896755720651774e-01 1.141821338106432798e-01
2.601560898848094272e-01 1.132377392292301110e-01
2.531047290870154232e-01 1.122552148061625177e-01
2.461363768539343022e-01 1.112356861123015572e-01
2.392518076353984391e-01 1.101802630397113320e-01
2.324517865697500740e-01 1.090894712470496519e-01
2.257370693988056676e-01 1.079635345286427128e-01
2.191084023838638650e-01 1.068028149774626206e-01
2.125665222227673956e-01 1.056077621471552264e-01
2.061121559680280102e-01 1.043789654256726818e-01
1.997460209460230063e-01 1.031171014737274766e-01
1.934688246772731102e-01 1.018230195745517402e-01
1.872812647978095990e-01 1.004976401277097586e-01
1.811840289816407656e-01 9.914195303381316549e-02
1.751777948643248317e-01 9.775704678537272541e-02
1.692632299676588570e-01 9.634428523294311097e-02
1.634409916254914164e-01 9.490473078919806071e-02
1.577117269106679265e-01 9.343842658254572497e-02
1.520760725631161714e-01 9.194528865627785152e-02
1.465346549190801317e-01 9.042535623031593139e-02
1.410880898415101115e-01 8.887884671391317604e-02
1.357369826516168221e-01 8.730629490339986143e-02
1.304819280615971966e-01 8.570844598436436201e-02
1.253235101085391490e-01 8.408633204779375481e-02
1.202623020895129402e-01 8.244107489847367354e-02
1.152988664978553679e-01 8.077389595423813129e-02
1.104337549606562163e-01 7.908640275364003935e-02
1.056675081774507419e-01 7.738060875289169693e-02
1.010006558601274085e-01 7.565773971852249313e-02
9.643371667405697956e-02 7.391819903455063012e-02
9.196719818044885031e-02 7.216196335332418499e-02
8.760159677994161509e-02 7.038874971840373973e-02
8.333739765743386485e-02 6.859913032877928973e-02
7.917507472816209813e-02 6.679427403344666281e-02
7.511509058502996439e-02 6.497527692813111211e-02
7.115789644719716645e-02 6.314315438752410303e-02
6.730393210993146358e-02 6.129866832138160249e-02
6.355362589573076981e-02 5.944263973977854942e-02
5.990739460672012129e-02 5.757711758960009502e-02
5.636564347832906385e-02 5.570451769804569270e-02
5.292876613425423482e-02 5.382650484295849885e-02
4.959714454271368922e-02 5.194384798480700116e-02
4.637114897399441382e-02 5.005443981887763155e-02
4.325113795930202176e-02 4.815613366885357349e-02
4.023745825091396000e-02 4.624962716321825984e-02
3.733044478364233587e-02 4.433646748210726823e-02
3.453042063760936031e-02 4.241878935497096770e-02
3.183769700234129196e-02 4.049972690024897931e-02
2.925257314218321358e-02 3.858465656415688283e-02
2.677533636303963682e-02 3.667881171344385821e-02
2.440626198044326678e-02 3.478641578038058763e-02
2.214561328895736647e-02 3.291390851921840305e-02
1.999364153291383062e-02 3.107160415856044522e-02
1.795058587848985532e-02 2.925634290374971164e-02
1.601667338712764455e-02 2.744466804305616472e-02
1.419211899029970692e-02 2.562102302154558101e-02
1.247712546562085301e-02 2.378184347778624849e-02
1.087188341431266636e-02 2.192611113503284068e-02
9.376571240020115106e-03 2.005561502870634519e-02
7.991355128984078959e-03 1.818940455275025458e-02
6.716389031571567969e-03 1.636020658789282683e-02
5.551814645166519568e-03 1.457869903722418953e-02
4.497761398421062928e-03 1.284356458186164396e-02
3.554346436871580472e-03 1.120847820822483756e-02
2.721674609919344512e-03 9.743987860644544308e-03
1.999838459177394334e-03 8.358860227391511077e-03
1.388918208186096237e-03 6.892779403544531912e-03
8.889817534969424173e-04 5.306476249482316825e-03
5.000846571264760954e-04 3.651563296952173385e-03
2.222701403818971855e-04 2.199636026688578036e-03
5.556907905679420168e-05 1.154083403942107169e-03
0.000000000000000000e+00 -5.496251132962449209e-06
0.000000000000000000e+00 -1.243318987946718023e-05
5.556907905679420168e-05 -1.652680991941636156e-03
2.222701403818971855e-04 -2.569152729713460991e-03
5.000846571264760954e-04 -3.441806484827308020e-03
8.889817534969424173e-04 -4.254104815089501841e-03
1.388918208186096237e-03 -4.922186653055670574e-03
1.999838459177394334e-03 -5.568754455927114183e-03
2.721674609919344512e-03 -6.285205773039542407e-03
3.554346436871580472e-03 -7.013438923782850005e-03
4.497761398421062928e-03 -7.715396358925985520e-03
5.551814645166519568e-03 -8.429484642239658265e-03
6.716389031571567969e-03 -9.175284556525999460e-03
7.991355128984078959e-03 -9.929303986987835645e-03
9.376571240020115106e-03 -1.067887392853487764e-02
1.087188341431266636e-02 -1.143068417802106315e-02
1.247712546562085301e-02 -1.218598078947398522e-02
1.419211899029970692e-02 -1.293848865785135298e-02
1.601667338712764455e-02 -1.368455958323287411e-02
1.795058587848985532e-02 -1.442328428175340335e-02
1.999364153291383062e-02 -1.515153475358328554e-02
2.214561328895736647e-02 -1.586466861289308541e-02
2.440626198044326678e-02 -1.656240848014219405e-02
2.677533636303963682e-02 -1.724746490763406220e-02
2.925257314218321358e-02 -1.792263624411996256e-02
3.183769700234129196e-02 -1.859031480013597151e-02
3.453042063760936031e-02 -1.924954165167724884e-02
3.733044478364233587e-02 -1.989790468188591677e-02
4.023745825091396000e-02 -2.053387294132875962e-02
4.325113795930202176e-02 -2.115643807761903236e-02
4.637114897399441382e-02 -2.176548823839601077e-02
4.959714454271368922e-02 -2.236115283232388909e-02
5.292876613425423482e-02 -2.294333556678615493e-02
5.636564347832906385e-02 -2.351170591763291490e-02
5.990739460672012129e-02 -2.406531708155077234e-02
6.355362589573076981e-02 -2.460332021095877966e-02
6.730393210993146358e-02 -2.512555761656471917e-02
7.115789644719716645e-02 -2.563220226501840282e-02
7.511509058502996439e-02 -2.612392309434578841e-02
7.917507472816209813e-02 -2.660114284228611015e-02
8.333739765743386485e-02 -2.706363267275116100e-02
8.760159677994161509e-02 -2.751105578130727883e-02
9.196719818044885031e-02 -2.794303162669263887e-02
9.643371667405697956e-02 -2.835944861253059460e-02
1.010006558601274085e-01 -2.876058740852331999e-02
1.056675081774507419e-01 -2.914678595597941166e-02
1.104337549606562163e-01 -2.951839997815517563e-02
1.152988664978553679e-01 -2.987543237032915661e-02
1.202623020895129402e-01 -3.021753459834057229e-02
1.253235101085391490e-01 -3.054450881192007083e-02
1.304819280615971966e-01 -3.085631342243759512e-02
1.357369826516168221e-01 -3.115308938067302968e-02
1.410880898415101115e-01 -3.143509355523438353e-02
1.465346549190801317e-01 -3.170244762277590195e-02
1.520760725631161714e-01 -3.195517704243854007e-02
1.577117269106679265e-01 -3.219320135829815965e-02
1.634409916254914164e-01 -3.241641412720368959e-02
1.692632299676588570e-01 -3.262489994890390571e-02
1.751777948643248317e-01 -3.281883499284308364e-02
1.811840289816407656e-01 -3.299845287314473463e-02
1.872812647978095990e-01 -3.316397200730566985e-02
1.934688246772731102e-01 -3.331544532211991316e-02
1.997460209460230063e-01 -3.345289430036504918e-02
2.061121559680280102e-01 -3.357640541874736678e-02
2.125665222227673956e-01 -3.368612317991410282e-02
2.191084023838638650e-01 -3.378232644629387132e-02
2.257370693988056676e-01 -3.386528263049080195e-02
2.324517865697500740e-01 -3.393515913756110780e-02
2.392518076353984391e-01 -3.399206604716585589e-02
2.461363768539343022e-01 -3.403602418078225528e-02
2.531047290870154232e-01 -3.406709941017737470e-02
2.601560898848094272e-01 -3.408546150494737303e-02
2.672896755720651774e-01 -3.409129357666855487e-02
2.745046933352085494e-01 -3.408477860891538647e-02
2.818003413104546162e-01 -3.406596070488836225e-02
2.891758086729252497e-01 -3.403470561001342015e-02
2.966302757267624823e-01 -3.399089970266070543e-02
3.041629139962280792e-01 -3.393446513344992171e-02
3.117728863177794407e-01 -3.386533351933500302e-02
3.194593469331089564e-01 -3.378344680062897454e-02
3.272214415831418144e-01 -3.368879653546252156e-02
3.350583076029753915e-01 -3.358141425876650515e-02
3.429690740177547825e-01 -3.346135284318212805e-02
3.509528616394713696e-01 -3.332868390019411153e-02
3.590087831646743277e-01 -3.318353061861607084e-02
3.671359432730831873e-01 -3.302603695341441159e-02
3.753334387270930161e-01 -3.285629130563520045e-02
3.836003584721576765e-01 -3.267433340706436817e-02
3.919357837380436083e-01 -3.248006036829238774e-02
4.003387881409395943e-01 -3.227333223703277715e-02
4.088084377864137364e-01 -3.205409613952461129e-02
4.173437913732044313e-01 -3.182230206741371026e-02
4.259439002978354649e-01 -3.157779756095669549e-02
4.346078087600411255e-01 -3.132028081368633254e-02
4.433345538689928977e-01 -3.104902980156422701e-02
4.521231657503131940e-01 -3.076323553566925537e-02
4.609726676538650203e-01 -3.046209724695319448e-02
4.698820760623064752e-01 -3.014481390541809414e-02
4.788504008003974244e-01 -2.981058254214910205e-02
4.878766451450451402e-01 -2.945885777144079121e-02
4.969598059360780251e-01 -2.908960039482150553e-02
5.060988736877365390e-01 -2.870285207610382208e-02
5.152928327008634568e-01 -2.829868989976602398e-02
5.245406611757882365e-01 -2.787715426143292166e-02
5.338413313258880688e-01 -2.743821406117445336e-02
5.431938094918128401e-01 -2.698133706519150257e-02
5.525970562563653488e-01 -2.650540271872065673e-02
5.620500265600203438e-01 -2.600905058854886820e-02
5.715516698170692855e-01 -2.549074109854372605e-02
5.811009300323815019e-01 -2.494933934416464216e-02
5.906967459187653091e-01 -2.438413464168099135e-02
6.003380510149177729e-01 -2.379548394258686542e-02
6.100237738039482327e-01 -2.318458278241285545e-02
6.197528378324663745e-01 -2.255366149945678758e-02
6.295241618302156450e-01 -2.190518098768252930e-02
6.393366598302444581e-01 -2.123856743274925990e-02
6.491892412895989839e-01 -2.055101945938671293e-02
6.590808112105230876e-01 -1.983484179292872504e-02
6.690102702621547603e-01 -1.908010556668330790e-02
6.789765149027036095e-01 -1.827562159588817792e-02
6.889784375020977514e-01 -1.741317970075546492e-02
6.990149264650814542e-01 -1.649988392115288999e-02
7.090848663547572039e-01 -1.555122271147393181e-02
7.191871380165538730e-01 -1.459778616220582491e-02
7.293206187026060050e-01 -1.366811430252443636e-02
7.394841821965345563e-01 -1.277379668595838777e-02
7.496766989386134394e-01 -1.190898379642617300e-02
7.598970361513051053e-01 -1.103184128914789543e-02
7.701440579651563922e-01 -1.009082937476633510e-02
7.804166255450371015e-01 -9.026034628292677053e-03
7.907135972167069760e-01 -7.800737814128603370e-03
8.010338285937002034e-01 -6.422033198142169941e-03
8.113761727045106786e-01 -4.955613398342468591e-03
8.217394801200630372e-01 -3.545789687131841155e-03
8.321225990814590245e-01 -2.284188114453000393e-03
8.425243756279822138e-01 -1.187291044814611915e-03
8.529436537253458628e-01 -2.323972998504222334e-04
8.633792753941731402e-01 6.379168004060656273e-04
8.738300808386934015e-01 1.452241507016411876e-03
8.842949085756387495e-01 2.210679708759920228e-03
8.947725955633289985e-01 2.893082043771128594e-03
9.052619773309316109e-01 3.465592053808549608e-03
9.157618881078770645e-01 3.902517210029450741e-03
9.262711609534211021e-01 4.183684667190632617e-03
9.367886278863364335e-01 4.290379675745793070e-03
9.473131200147204556e-01 4.202663260980175550e-03
9.578434676659028923e-01 3.886422751266134425e-03
9.683785005164411430e-01 3.303742660464325295e-03
9.789170477221889044e-01 2.431267881016043950e-03
9.894579380484205267e-01 1.244802942913990742e-03
9.999999999999998890e-01 -3.099658303802789059e-04
