9.999999999999998890e-01 -6.419999979124790812e-02
9.894579380484205267e-01 -6.000910062951244489e-02
9.789170477221889044e-01 -5.580033135899612612e-02
9.683785005164411430e-01 -5.157908834593687847e-02
9.578434676659028923e-01 -4.735071787079204314e-02
9.473131200147204556e-01 -4.312057094109418565e-02
9.367886278863364335e-01 -3.889403928466698968e-02
9.262711609534211021e-01 -3.467646975823208966e-02
9.157618881078770645e-01 -3.047309275998660513e-02
9.052619773309316109e-01 -2.628920657909463235e-02
8.947725955633289985e-01 -2.213028320738040858e-02
8.842949085756387495e-01 -1.800275996284131375e-02
8.738300808386934015e-01 -1.391457552859550958e-02
8.633792753941731402e-01 -9.873722926323711888e-03
8.529436537253458628e-01 -5.888083288640229458e-03
8.425243756279822138e-01 -1.965348907955866316e-03
8.321225990814590245e-01 1.886983665043700728e-03
8.217394801200630372e-01 5.661247730732541644e-03
8.113761727045106786e-01 9.349664084256746263e-03
8.010338285937002034e-01 1.294539553079536096e-02
7.907135972167069760e-01 1.644287864869022758e-02
7.804166255450371015e-01 1.984292390897004002e-02
7.701440579651563922e-01 2.315055689476297474e-02
7.598970361513051053e-01 2.637012946543974487e-02
7.496766989386134394e-01 2.950560017826182532e-02
7.394841821965345563e-01 3.256119878202488188e-02
7.293206187026060050e-01 3.554126092667858616e-02
7.191871380165538730e-01 3.844996086191353885e-02
7.090848663547572039e-01 4.129138435056012996e-02
6.990149264650814542e-01 4.406948899035915274e-02
6.889784375020977514e-01 4.678770901528121751e-02
6.789765149027036095e-01 4.944739685185196160e-02
6.690102702621547603e-01 5.204935735634173832e-02
6.590808112105230876e-01 5.459444886953957604e-02
6.491892412895989839e-01 5.708358731138733766e-02
6.393366598302444581e-01 5.951782241090844416e-02
6.295241618302156450e-01 6.189809185798479663e-02
6.197528378324663745e-01 6.422500328989526330e-02
6.100237738039482327e-01 6.649949386135908802e-02
6.003380510149177729e-01 6.872323218339793094e-02
5.906967459187653091e-01 7.089495100930026661e-02
5.811009300323815019e-01 7.300822353238045626e-02
5.715516698170692855e-01 7.505579197023103111e-02
5.620500265600203438e-01 7.702993457478353456e-02
5.525970562563653488e-01 7.892313492991916146e-02
5.431938094918128401e-01 8.072819548747860174e-02
5.338413313258880688e-01 8.243859372204366542e-02
5.245406611757882365e-01 8.404842883457024072e-02
5.152928327008634568e-01 8.555099296994704561e-02
5.060988736877365390e-01 8.693915461165777070e-02
4.969598059360780251e-01 8.820978750548662262e-02
4.878766451450451402e-01 8.936343958748911576e-02
4.788504008003974244e-01 9.040888164376864600e-02
4.698820760623064752e-01 9.135954671470057631e-02
4.609726676538650203e-01 9.222631814761564351e-02
4.521231657503131940e-01 9.301887428569960425e-02
4.433345538689928977e-01 9.374780396390514081e-02
4.346078087600411255e-01 9.442378440857931987e-02
4.259439002978354649e-01 9.505576342368057818e-02
4.173437913732044313e-01 9.565238224513829268e-02
4.088084377864137364e-01 9.622370913566691275e-02
4.003387881409395943e-01 9.677870526676483898e-02
3.919357837380436083e-01 9.732046791627110838e-02
3.836003584721576765e-01 9.784882140605512257e-02
3.753334387270930161e-01 9.835768431958144542e-02
3.671359432730831873e-01 9.884058903838963128e-02
3.590087831646743277e-01 9.929311843417806815e-02
3.509528616394713696e-01 9.971099561790006116e-02
3.429690740177547825e-01 1.000895281794169367e-01
3.350583076029753915e-01 1.004243607891852630e-01
3.272214415831418144e-01 1.007118557675939913e-01
3.194593469331089564e-01 1.009485331449662265e-01
3.117728863177794407e-01 1.011310454355081878e-01
3.041629139962280792e-01 1.012563479813253925e-01
2.966302757267624823e-01 1.013218920559569164e-01
2.891758086729252497e-01 1.013283544927203600e-01
2.818003413104546162e-01 1.012798870549564828e-01
2.745046933352085494e-01 1.011806449900521654e-01
2.672896755720651774e-01 1.010346204441221057e-01
2.601560898848094272e-01 1.008457244705835837e-01
2.531047290870154232e-01 1.006177803754489675e-01
2.461363768539343022e-01 1.003542622007681656e-01
2.392518076353984391e-01 1.000584380965251485e-01
2.324517865697500740e-01 9.973377024448808192e-02
2.257370693988056676e-01 9.938370769188897835e-02
2.191084023838638650e-01 9.901077918436791692e-02
2.125665222227673956e-01 9.861732784480677083e-02
2.061121559680280102e-01 9.820715387858044987e-02
1.997460209460230063e-01 9.778338120430050961e-02
1.934688246772731102e-01 9.734290187575571351e-02
1.872812647978095990e-01 9.687962954352813405e-02
1.811840289816407656e-01 9.638326622283786838e-02
1.751777948643248317e-01 9.584335825772249962e-02
1.692632299676588570e-01 9.525266694384605659e-02
1.634409916254914164e-01 9.460455161001395108e-02
1.577117269106679265e-01 9.389212301556458529e-02
1.520760725631161714e-01 9.310974672035464417e-02
1.465346549190801317e-01 9.225486328806589698e-02
1.410880898415101115e-01 9.132834222728360152e-02
1.357369826516168221e-01 9.033690595379180455e-02
1.304819280615971966e-01 8.928732272246374391e-02
1.253235101085391490e-01 8.818531733841997178e-02
1.202623020895129402e-01 8.703649691962990487e-02
1.152988664978553679e-01 8.584643542809813899e-02
1.104337549606562163e-01 8.462056567167529353e-02
1.056675081774507419e-01 8.336412894692886433e-02
1.010006558601274085e-01 8.208169854602304083e-02
9.643371667405697956e-02 8.077693661030735384e-02
9.196719818044885031e-02 7.944905454973903713e-02
8.760159677994161509e-02 7.809373333407257367e-02
8.333739765743386485e-02 7.670836281782796029e-02
7.917507472816209813e-02 7.529161131566176890e-02
7.511509058502996439e-02 7.384223178692175815e-02
7.115789644719716645e-02 7.235877470095937458e-02
6.730393210993146358e-02 7.083783706435056726e-02
6.355362589573076981e-02 6.927532763251129100e-02
5.990739460672012129e-02 6.766898105747726211e-02
5.636564347832906385e-02 6.601768232082362575e-02
5.292876613425423482e-02 6.432249776335029201e-02
4.959714454271368922e-02 6.258496475621334876e-02
4.637114897399441382e-02 6.080540398895785403e-02
4.325113795930202176e-02 5.898393019322915876e-02
4.023745825091396000e-02 5.712116189099228358e-02
3.733044478364233587e-02 5.521857833571146290e-02
3.453042063760936031e-02 5.327993211887309399e-02
3.183769700234129196e-02 5.131019089553948143e-02
2.925257314218321358e-02 4.931630188966041467e-02
2.677533636303963682e-02 4.730539206226144072e-02
2.440626198044326678e-02 4.528406493278266942e-02
2.214561328895736647e-02 4.323684382788149649e-02
1.999364153291383062e-02 4.110970677237914955e-02
1.795058587848985532e-02 3.886041631346684455e-02
1.601667338712764455e-02 3.647035711651416823e-02
1.419211899029970692e-02 3.393444137815924272e-02
1.247712546562085301e-02 3.126248703080075630e-02
1.087188341431266636e-02 2.847489386001283984e-02
9.376571240020115106e-03 2.560255504332076618e-02
7.991355128984078959e-03 2.268283108723433139e-02
6.716389031571567969e-03 1.975860378805853815e-02
5.551814645166519568e-03 1.687591718285115158e-02
4.497761398421062928e-03 1.408301016075118837e-02
3.554346436871580472e-03 1.142777686087746887e-02
2.721674609919344512e-03 8.957488890622582189e-03
1.999838459177394334e-03 6.716075759002427051e-03
1.388918208186096237e-03 4.744900496001885210e-03
8.889817534969424173e-04 3.079486757308389378e-03
5.000846571264760954e-04 1.751435209901601713e-03
2.222701403818971855e-04 7.843280309903108384e-04
5.556907905679420168e-05 1.970571641321202695e-04
0.000000000000000000e+00 -3.685066926405842902e-09
0.000000000000000000e+00 3.811646301784907928e-09
5.556907905679420168e-05 -1.778523178527197210e-04
2.222701403818971855e-04 -7.073684141351262514e-04
5.000846571264760954e-04 -1.577802047400750102e-03
8.889817534969424173e-04 -2.769615640567111084e-03
1.388918208186096237e-03 -4.258462339798097830e-03
1.999838459177394334e-03 -6.011807701864075627e-03
2.721674609919344512e-03 -7.993190764450510549e-03
3.554346436871580472e-03 -1.016036941852621958e-02
4.497761398421062928e-03 -1.246871891406075607e-02
5.551814645166519568e-03 -1.487061183189439598e-02
6.716389031571567969e-03 -1.731825250220567214e-02
7.991355128984078959e-03 -1.976418075741144878e-02
9.376571240020115106e-03 -2.216394914837595265e-02
1.087188341431266636e-02 -2.447732820377173518e-02
1.247712546562085301e-02 -2.667089595975814104e-02
1.419211899029970692e-02 -2.871915206580755164e-02
1.601667338712764455e-02 -3.060895985584015377e-02
1.795058587848985532e-02 -3.233962914227830887e-02
1.999364153291383062e-02 -3.392793437109556387e-02
2.214561328895736647e-02 -3.540645001640978229e-02
2.440626198044326678e-02 -3.683482992616830820e-02
2.677533636303963682e-02 -3.828546330433554856e-02
2.925257314218321358e-02 -3.977900449758049045e-02
3.183769700234129196e-02 -4.130573697501675051e-02
3.453042063760936031e-02 -4.284916997195253874e-02
3.733044478364233587e-02 -4.438964698331459430e-02
4.023745825091396000e-02 -4.590679028689659269e-02
4.325113795930202176e-02 -4.737797736922854525e-02
4.637114897399441382e-02 -4.877023748258005331e-02
4.959714454271368922e-02 -5.004984607972012833e-02
5.292876613425423482e-02 -5.119448034296195799e-02
5.636564347832906385e-02 -5.219272116225714270e-02
5.990739460672012129e-02 -5.306099155214926560e-02
6.355362589573076981e-02 -5.382175710580308636e-02
6.730393210993146358e-02 -5.449706250428826282e-02
7.115789644719716645e-02 -5.511487323785860953e-02
7.511509058502996439e-02 -5.571766453211208364e-02
7.917507472816209813e-02 -5.633428322597482801e-02
8.333739765743386485e-02 -5.696142236946329096e-02
8.760159677994161509e-02 -5.758887446719736930e-02
9.196719818044885031e-02 -5.820128441367942301e-02
9.643371667405697956e-02 -5.878118988808439527e-02
1.010006558601274085e-01 -5.930909023446673950e-02
1.056675081774507419e-01 -5.977400357376062845e-02
1.104337549606562163e-01 -6.017553319986376770e-02
1.152988664978553679e-01 -6.051640592598746260e-02
1.202623020895129402e-01 -6.080191768545604308e-02
1.253235101085391490e-01 -6.103795378919348730e-02
1.304819280615971966e-01 -6.123088466512676548e-02
1.357369826516168221e-01 -6.138814539158333333e-02
1.410880898415101115e-01 -6.151816546452333612e-02
1.465346549190801317e-01 -6.163190244219338143e-02
1.520760725631161714e-01 -6.174087344049940251e-02
1.577117269106679265e-01 -6.184827220842620266e-02
1.634409916254914164e-01 -6.195255254568132752e-02
1.692632299676588570e-01 -6.204877756195915917e-02
1.751777948643248317e-01 -6.213075309416499215e-02
1.811840289816407656e-01 -6.219326008415971413e-02
1.872812647978095990e-01 -6.223095277095861549e-02
1.934688246772731102e-01 -6.223627277322511114e-02
1.997460209460230063e-01 -6.220183686333283224e-02
2.061121559680280102e-01 -6.212342241582295699e-02
2.125665222227673956e-01 -6.199890804317082643e-02
2.191084023838638650e-01 -6.183042480922863737e-02
2.257370693988056676e-01 -6.162069009116198648e-02
2.324517865697500740e-01 -6.137175518957216358e-02
2.392518076353984391e-01 -6.108594775276311728e-02
2.461363768539343022e-01 -6.076643573016352745e-02
2.531047290870154232e-01 -6.041656729723243052e-02
2.601560898848094272e-01 -6.003982279966393193e-02
2.672896755720651774e-01 -5.964001235330230327e-02
2.745046933352085494e-01 -5.922143614366785075e-02
2.818003413104546162e-01 -5.878864456991408916e-02
2.891758086729252497e-01 -5.834647093772242499e-02
2.966302757267624823e-01 -5.790011716235888423e-02
3.041629139962280792e-01 -5.745507735797052151e-02
3.117728863177794407e-01 -5.701508783473022840e-02
3.194593469331089564e-01 -5.658226558959583707e-02
3.272214415831418144e-01 -5.615886922331911335e-02
3.350583076029753915e-01 -5.574730944417340822e-02
3.429690740177547825e-01 -5.534994620948720245e-02
3.509528616394713696e-01 -5.496915240219222426e-02
3.590087831646743277e-01 -5.460775809522411955e-02
3.671359432730831873e-01 -5.426877312235789397e-02
3.753334387270930161e-01 -5.395467124758891037e-02
3.836003584721576765e-01 -5.366793817394590466e-02
3.919357837380436083e-01 -5.341265472011927362e-02
4.003387881409395943e-01 -5.319244168522239968e-02
4.088084377864137364e-01 -5.300551759679147240e-02
4.173437913732044313e-01 -5.284703402798233973e-02
4.259439002978354649e-01 -5.270647460463529638e-02
4.346078087600411255e-01 -5.257227564433353262e-02
4.433345538689928977e-01 -5.243433055966042339e-02
4.521231657503131940e-01 -5.228197806859676694e-02
4.609726676538650203e-01 -5.210210889790539701e-02
4.698820760623064752e-01 -5.188202173288024299e-02
4.788504008003974244e-01 -5.161096221576953746e-02
4.878766451450451402e-01 -5.127575841687249947e-02
4.969598059360780251e-01 -5.085810789397274961e-02
5.060988736877365390e-01 -5.035037745169059636e-02
5.152928327008634568e-01 -4.976361557881388981e-02
5.245406611757882365e-01 -4.911721429358140156e-02
5.338413313258880688e-01 -4.843967754899348305e-02
5.431938094918128401e-01 -4.775909310942941938e-02
5.525970562563653488e-01 -4.710233253063462328e-02
5.620500265600203438e-01 -4.649728032870410060e-02
5.715516698170692855e-01 -4.597302387025031106e-02
5.811009300323815019e-01 -4.556099298196328307e-02
5.906967459187653091e-01 -4.529415273200074199e-02
6.003380510149177729e-01 -4.520069976235680659e-02
6.100237738039482327e-01 -4.530207663982450950e-02
6.197528378324663745e-01 -4.558493087219608192e-02
6.295241618302156450e-01 -4.601599530422335188e-02
6.393366598302444581e-01 -4.656586586643163966e-02
6.491892412895989839e-01 -4.720661247698622331e-02
6.590808112105230876e-01 -4.790659342851106423e-02
6.690102702621547603e-01 -4.863284543731340170e-02
6.789765149027036095e-01 -4.935353754931068315e-02
6.889784375020977514e-01 -5.003641534332389784e-02
6.990149264650814542e-01 -5.064558052080639361e-02
7.090848663547572039e-01 -5.115359207462358282e-02
7.191871380165538730e-01 -5.156809313179989279e-02
7.293206187026060050e-01 -5.190562008441726438e-02
7.394841821965345563e-01 -5.218508995657581556e-02
7.496766989386134394e-01 -5.242592290769259450e-02
7.598970361513051053e-01 -5.264766654711183075e-02
7.701440579651563922e-01 -5.286978781357835194e-02
7.804166255450371015e-01 -5.311155649401287648e-02
7.907135972167069760e-01 -5.339349196903919736e-02
8.010338285937002034e-01 -5.373813699543302652e-02
8.113761727045106786e-01 -5.415628277584982886e-02
8.217394801200630372e-01 -5.464093216374946854e-02
8.321225990814590245e-01 -5.518166613530756104e-02
8.425243756279822138e-01 -5.576560581920781551e-02
8.529436537253458628e-01 -5.638027067139170234e-02
8.633792753941731402e-01 -5.701375039187046856e-02
8.738300808386934015e-01 -5.765392249650368867e-02
8.842949085756387495e-01 -5.828840457239275324e-02
8.947725955633289985e-01 -5.890413375941232210e-02
9.052619773309316109e-01 -5.948856584665765390e-02
9.157618881078770645e-01 -6.004066821080427524e-02
9.262711609534211021e-01 -6.056682312489486408e-02
9.367886278863364335e-01 -6.107487866508075347e-02
9.473131200147204556e-01 -6.157332376229769644e-02
9.578434676659028923e-01 -6.207011452894883874e-02
9.683785005164411430e-01 -6.257303118245405305e-02
9.789170477221889044e-01 -6.309022237616618289e-02
9.894579380484205267e-01 -6.362990841435484102e-02
9.999999999999998890e-01 -6.419999867344748645e-02
