1.000000000000000000e+00 6.999999999999999929e-04
9.609100000000000419e-01 4.279999999999999950e-03
9.483300000000000063e-01 5.400000000000000286e-03
9.357100000000000417e-01 6.539999999999999807e-03
9.230699999999999461e-01 7.689999999999999787e-03
8.977800000000000225e-01 9.990000000000000616e-03
8.851499999999999924e-01 1.114000000000000060e-02
8.472800000000000331e-01 1.455000000000000043e-02
8.220600000000000129e-01 1.678999999999999937e-02
8.094400000000000484e-01 1.788999999999999965e-02
7.968300000000000383e-01 1.898000000000000034e-02
7.842200000000000282e-01 2.006000000000000144e-02
7.715999999999999526e-01 2.112999999999999948e-02
7.337399999999999478e-01 2.427999999999999950e-02
7.211199999999999832e-01 2.530999999999999917e-02
6.958699999999999886e-01 2.733999999999999972e-02
6.832500000000000240e-01 2.834000000000000061e-02
6.706299999999999484e-01 2.932999999999999843e-02
6.580099999999999838e-01 3.031000000000000014e-02
6.201699999999999990e-01 3.314999999999999891e-02
6.075599999999999890e-01 3.406000000000000000e-02
5.949499999999999789e-01 3.495999999999999802e-02
5.697499999999999787e-01 3.670000000000000345e-02
5.571500000000000341e-01 3.753999999999999698e-02
5.445499999999999785e-01 3.835999999999999827e-02
5.067800000000000082e-01 4.066999999999999782e-02
4.941999999999999726e-01 4.139000000000000318e-02
4.816199999999999926e-01 4.207999999999999935e-02
4.690400000000000125e-01 4.274000000000000021e-02
4.313199999999999812e-01 4.453000000000000014e-02
4.062000000000000055e-01 4.556000000000000327e-02
3.810799999999999743e-01 4.644000000000000211e-02
3.685300000000000242e-01 4.682000000000000051e-02
3.559899999999999731e-01 4.716000000000000053e-02
3.434599999999999875e-01 4.744999999999999912e-02
3.309300000000000019e-01 4.769999999999999934e-02
2.934200000000000141e-01 4.814000000000000223e-02
2.684799999999999964e-01 4.816000000000000142e-02
2.560399999999999898e-01 4.807000000000000162e-02
2.436200000000000032e-01 4.791000000000000120e-02
2.312200000000000089e-01 4.766999999999999710e-02
2.188499999999999890e-01 4.735999999999999932e-02
2.065200000000000091e-01 4.696000000000000174e-02
1.576200000000000101e-01 4.433999999999999747e-02
1.455400000000000027e-01 4.338000000000000189e-02
1.335500000000000020e-01 4.229000000000000120e-02
1.216600000000000042e-01 4.102999999999999703e-02
9.825000000000000400e-02 3.801000000000000212e-02
7.556000000000000216e-02 3.414999999999999980e-02
6.460000000000000464e-02 3.185999999999999943e-02
3.452000000000000207e-02 2.347000000000000128e-02
2.619000000000000147e-02 2.029999999999999860e-02
1.924999999999999975e-02 1.718000000000000083e-02
1.383999999999999987e-02 1.430000000000000021e-02
6.810000000000000081e-03 9.560000000000000789e-03
4.599999999999999922e-03 7.629999999999999630e-03
1.740000000000000010e-03 4.349999999999999700e-03
2.799999999999999755e-04 1.610000000000000103e-03
2.000000000000000164e-05 3.800000000000000209e-04
0.000000000000000000e+00 0.000000000000000000e+00
2.000000000000000164e-05 -3.800000000000000209e-04
2.799999999999999755e-04 -1.610000000000000103e-03
1.740000000000000010e-03 -4.349999999999999700e-03
4.599999999999999922e-03 -7.629999999999999630e-03
6.810000000000000081e-03 -9.560000000000000789e-03
1.383999999999999987e-02 -1.430000000000000021e-02
1.924999999999999975e-02 -1.718000000000000083e-02
2.619000000000000147e-02 -2.029999999999999860e-02
3.452000000000000207e-02 -2.347000000000000128e-02
6.460000000000000464e-02 -3.185999999999999943e-02
7.556000000000000216e-02 -3.414999999999999980e-02
9.825000000000000400e-02 -3.801000000000000212e-02
1.216600000000000042e-01 -4.102999999999999703e-02
1.335500000000000020e-01 -4.229000000000000120e-02
1.455400000000000027e-01 -4.338000000000000189e-02
1.576200000000000101e-01 -4.433999999999999747e-02
2.065200000000000091e-01 -4.696000000000000174e-02
2.188499999999999890e-01 -4.735999999999999932e-02
2.312200000000000089e-01 -4.766999999999999710e-02
2.436200000000000032e-01 -4.791000000000000120e-02
2.560399999999999898e-01 -4.807000000000000162e-02
2.684799999999999964e-01 -4.816000000000000142e-02
2.934200000000000141e-01 -4.814000000000000223e-02
3.309300000000000019e-01 -4.769999999999999934e-02
3.434599999999999875e-01 -4.744999999999999912e-02
3.559899999999999731e-01 -4.716000000000000053e-02
3.685300000000000242e-01 -4.682000000000000051e-02
3.810799999999999743e-01 -4.644000000000000211e-02
4.062000000000000055e-01 -4.556000000000000327e-02
4.313199999999999812e-01 -4.453000000000000014e-02
4.690400000000000125e-01 -4.274000000000000021e-02
4.816199999999999926e-01 -4.207999999999999935e-02
4.941999999999999726e-01 -4.139000000000000318e-02
5.067800000000000082e-01 -4.066999999999999782e-02
5.445499999999999785e-01 -3.835999999999999827e-02
5.571500000000000341e-01 -3.753999999999999698e-02
5.697499999999999787e-01 -3.670000000000000345e-02
5.949499999999999789e-01 -3.495999999999999802e-02
6.075599999999999890e-01 -3.406000000000000000e-02
6.201699999999999990e-01 -3.314999999999999891e-02
6.580099999999999838e-01 -3.031000000000000014e-02
6.706299999999999484e-01 -2.932999999999999843e-02
6.832500000000000240e-01 -2.834000000000000061e-02
6.958699999999999886e-01 -2.733999999999999972e-02
7.211199999999999832e-01 -2.530999999999999917e-02
7.337399999999999478e-01 -2.427999999999999950e-02
7.715999999999999526e-01 -2.112999999999999948e-02
7.842200000000000282e-01 -2.006000000000000144e-02
7.968300000000000383e-01 -1.898000000000000034e-02
8.094400000000000484e-01 -1.788999999999999965e-02
8.220600000000000129e-01 -1.678999999999999937e-02
8.472800000000000331e-01 -1.455000000000000043e-02
8.851499999999999924e-01 -1.114000000000000060e-02
8.977800000000000225e-01 -9.990000000000000616e-03
9.230699999999999461e-01 -7.689999999999999787e-03
9.357100000000000417e-01 -6.539999999999999807e-03
9.483300000000000063e-01 -5.400000000000000286e-03
9.609100000000000419e-01 -4.279999999999999950e-03
1.000000000000000000e+00 6.999999999999999929e-04
