9.999999999999998890e-01 3.999999749275492955e-03
9.894579380484205267e-01 6.452366901437156868e-03
9.789170477221889044e-01 8.929591077327334384e-03
9.683785005164411430e-01 1.142470200338964806e-02
9.578434676659028923e-01 1.393067156276231282e-02
9.473131200147204556e-01 1.644049068429070254e-02
9.367886278863364335e-01 1.894723446310352458e-02
9.262711609534211021e-01 2.144395882434283265e-02
9.157618881078770645e-01 2.392364557266792383e-02
9.052619773309316109e-01 2.637942876167635384e-02
8.947725955633289985e-01 2.880477661154227584e-02
8.842949085756387495e-01 3.119489174711134391e-02
8.738300808386934015e-01 3.354767021791731779e-02
8.633792753941731402e-01 3.586109782480586400e-02
8.529436537253458628e-01 3.813296639569589003e-02
8.425243756279822138e-01 4.036122014090434695e-02
8.321225990814590245e-01 4.254398358697417809e-02
8.217394801200630372e-01 4.467924574471519861e-02
8.113761727045106786e-01 4.676488606677363380e-02
8.010338285937002034e-01 4.879923620093003928e-02
7.907135972167069760e-01 5.078122808037477398e-02
7.804166255450371015e-01 5.271269312751210301e-02
7.701440579651563922e-01 5.459737991502482818e-02
7.598970361513051053e-01 5.643873141060357090e-02
7.496766989386134394e-01 5.824000344256960449e-02
7.394841821965345563e-01 6.000450624122835586e-02
7.293206187026060050e-01 6.173557334606138980e-02
7.191871380165538730e-01 6.343651539541593498e-02
7.090848663547572039e-01 6.511057614878590361e-02
6.990149264650814542e-01 6.676069548921970132e-02
6.889784375020977514e-01 6.838872070110312007e-02
6.789765149027036095e-01 6.999220488228494186e-02
6.690102702621547603e-01 7.156764731627288101e-02
6.590808112105230876e-01 7.311192686385922790e-02
6.491892412895989839e-01 7.462199770445165914e-02
6.393366598302444581e-01 7.609478753830108133e-02
6.295241618302156450e-01 7.752730727567963553e-02
6.197528378324663745e-01 7.891678239903905656e-02
6.100237738039482327e-01 8.026046228370371793e-02
6.003380510149177729e-01 8.155558629000385362e-02
5.906967459187653091e-01 8.279990654807216355e-02
5.811009300323815019e-01 8.399205400127576771e-02
5.715516698170692855e-01 8.513089870884664456e-02
5.620500265600203438e-01 8.621553052495341263e-02
5.525970562563653488e-01 8.724504674596383902e-02
5.431938094918128401e-01 8.821853899026906032e-02
5.338413313258880688e-01 8.913523459090334777e-02
5.245406611757882365e-01 8.999449607542731044e-02
5.152928327008634568e-01 9.079562957484903218e-02
5.060988736877365390e-01 9.153791972103809960e-02
4.969598059360780251e-01 9.222108999172741461e-02
4.878766451450451402e-01 9.284525547580980975e-02
4.788504008003974244e-01 9.341132062140729275e-02
4.698820760623064752e-01 9.392064792169503573e-02
4.609726676538650203e-01 9.437444996401855857e-02
4.521231657503131940e-01 9.477386839131063390e-02
4.433345538689928977e-01 9.512010698164778677e-02
4.346078087600411255e-01 9.541440134810275087e-02
4.259439002978354649e-01 9.565801626534080337e-02
4.173437913732044313e-01 9.585220259878447779e-02
4.088084377864137364e-01 9.599809814901245908e-02
4.003387881409395943e-01 9.609692616483132832e-02
3.919357837380436083e-01 9.615036572703747342e-02
3.836003584721576765e-01 9.616036234031577479e-02
3.753334387270930161e-01 9.612935859081582490e-02
3.671359432730831873e-01 9.605980835783298200e-02
3.590087831646743277e-01 9.595393716204406176e-02
3.509528616394713696e-01 9.581393333310676830e-02
3.429690740177547825e-01 9.564198421126390848e-02
3.350583076029753915e-01 9.544022051792333539e-02
3.272214415831418144e-01 9.521066915622612703e-02
3.194593469331089564e-01 9.495531223332745463e-02
3.117728863177794407e-01 9.467607876072325901e-02
3.041629139962280792e-01 9.437484384298017170e-02
2.966302757267624823e-01 9.405330455940377754e-02
2.891758086729252497e-01 9.371008054491182515e-02
2.818003413104546162e-01 9.334046601773347829e-02
2.745046933352085494e-01 9.293997394053056527e-02
2.672896755720651774e-01 9.250449297249216385e-02
2.601560898848094272e-01 9.203022457322594663e-02
2.531047290870154232e-01 9.151364650167813364e-02
2.461363768539343022e-01 9.095176336036550624e-02
2.392518076353984391e-01 9.034193226867606730e-02
2.324517865697500740e-01 8.968163482562889477e-02
2.257370693988056676e-01 8.896854094602177354e-02
2.191084023838638650e-01 8.820125572619892662e-02
2.125665222227673956e-01 8.737868197872211695e-02
2.061121559680280102e-01 8.649892018405812288e-02
1.997460209460230063e-01 8.556071926894552593e-02
1.934688246772731102e-01 8.456765780385215592e-02
1.872812647978095990e-01 8.352566974173677994e-02
1.811840289816407656e-01 8.244414941527876406e-02
1.751777948643248317e-01 8.133270043832728502e-02
1.692632299676588570e-01 8.019856380456853728e-02
1.634409916254914164e-01 7.904874036818441974e-02
1.577117269106679265e-01 7.789097643664152915e-02
1.520760725631161714e-01 7.673186358289475761e-02
1.465346549190801317e-01 7.557494295967558118e-02
1.410880898415101115e-01 7.441963652539196339e-02
1.357369826516168221e-01 7.325816144109047190e-02
1.304819280615971966e-01 7.208317707226352677e-02
1.253235101085391490e-01 7.088945463300901084e-02
1.202623020895129402e-01 6.967230070520545604e-02
1.152988664978553679e-01 6.842751372564757906e-02
1.104337549606562163e-01 6.715161767607920329e-02
1.056675081774507419e-01 6.584198201479339596e-02
1.010006558601274085e-01 6.449692175350002499e-02
9.643371667405697956e-02 6.311580780916073441e-02
9.196719818044885031e-02 6.170091854188484992e-02
8.760159677994161509e-02 6.025689510576632407e-02
8.333739765743386485e-02 5.878820702204423654e-02
7.917507472816209813e-02 5.729911932164077210e-02
7.511509058502996439e-02 5.579354360677411112e-02
7.115789644719716645e-02 5.427504416216667738e-02
6.730393210993146358e-02 5.274601475113975535e-02
6.355362589573076981e-02 5.120823688641187865e-02
5.990739460672012129e-02 4.966323896211005673e-02
5.636564347832906385e-02 4.811283137860477427e-02
5.292876613425423482e-02 4.656092742893339770e-02
4.959714454271368922e-02 4.501067491127285630e-02
4.637114897399441382e-02 4.345856109239791543e-02
4.325113795930202176e-02 4.189878360218003694e-02
4.023745825091396000e-02 4.032399307886234269e-02
3.733044478364233587e-02 3.872781742279554629e-02
3.453042063760936031e-02 3.710796187502635179e-02
3.183769700234129196e-02 3.546408728532108451e-02
2.925257314218321358e-02 3.379884016606037739e-02
2.677533636303963682e-02 3.211525600249379164e-02
2.440626198044326678e-02 3.041628057343749580e-02
2.214561328895736647e-02 2.871091133421034211e-02
1.999364153291383062e-02 2.701871245901975305e-02
1.795058587848985532e-02 2.535338122891439214e-02
1.601667338712764455e-02 2.371864925372392865e-02
1.419211899029970692e-02 2.212912671078151594e-02
1.247712546562085301e-02 2.061181422697079199e-02
1.087188341431266636e-02 1.913881701484585959e-02
9.376571240020115106e-03 1.762682880705193633e-02
7.991355128984078959e-03 1.605180902880021937e-02
6.716389031571567969e-03 1.444905132704997139e-02
5.551814645166519568e-03 1.291636305386404532e-02
4.497761398421062928e-03 1.157871813904373139e-02
3.554346436871580472e-03 1.035686965323097571e-02
2.721674609919344512e-03 9.053525202219823986e-03
1.999838459177394334e-03 7.571754942467191947e-03
1.388918208186096237e-03 5.889524097992238603e-03
8.889817534969424173e-04 4.136111012832218402e-03
5.000846571264760954e-04 2.504746044642854920e-03
2.222701403818971855e-04 1.173136357836362725e-03
5.556907905679420168e-05 3.022653223435118751e-04
0.000000000000000000e+00 2.014866834127462754e-08
0.000000000000000000e+00 -6.046562657800183672e-08
5.556907905679420168e-05 -2.143099192487387989e-04
2.222701403818971855e-04 -8.411538511424732079e-04
5.000846571264760954e-04 -1.816772303461618816e-03
8.889817534969424173e-04 -3.059220237184889432e-03
1.388918208186096237e-03 -4.472521508504061043e-03
1.999838459177394334e-03 -5.932792245131995532e-03
2.721674609919344512e-03 -7.349796879016776488e-03
3.554346436871580472e-03 -8.720129025534834738e-03
4.497761398421062928e-03 -1.004466971682211988e-02
5.551814645166519568e-03 -1.130960740411938482e-02
6.716389031571567969e-03 -1.248720755840733096e-02
7.991355128984078959e-03 -1.353127291603565575e-02
9.376571240020115106e-03 -1.443795529113766317e-02
1.087188341431266636e-02 -1.526218628636158078e-02
1.247712546562085301e-02 -1.606088924339043461e-02
1.419211899029970692e-02 -1.688703175731335465e-02
1.601667338712764455e-02 -1.776012899008003881e-02
1.795058587848985532e-02 -1.866788111058191937e-02
1.999364153291383062e-02 -1.959449644342282221e-02
2.214561328895736647e-02 -2.052192584067973058e-02
2.440626198044326678e-02 -2.142633253757862330e-02
2.677533636303963682e-02 -2.228145541091467938e-02
2.925257314218321358e-02 -2.307522282055356894e-02
3.183769700234129196e-02 -2.380419281382451999e-02
3.453042063760936031e-02 -2.446924118620977598e-02
3.733044478364233587e-02 -2.507356446301073002e-02
4.023745825091396000e-02 -2.562238968568054248e-02
4.325113795930202176e-02 -2.612330869296695599e-02
4.637114897399441382e-02 -2.659215634601344580e-02
4.959714454271368922e-02 -2.704617833017546047e-02
5.292876613425423482e-02 -2.749704454319149352e-02
5.636564347832906385e-02 -2.795044204592524867e-02
5.990739460672012129e-02 -2.839612773984227442e-02
6.355362589573076981e-02 -2.882121853334029815e-02
6.730393210993146358e-02 -2.921547696292349852e-02
7.115789644719716645e-02 -2.956679026157601337e-02
7.511509058502996439e-02 -2.985735090578972920e-02
7.917507472816209813e-02 -3.007633120345365452e-02
8.333739765743386485e-02 -3.022884889308886935e-02
8.760159677994161509e-02 -3.032389748700887663e-02
9.196719818044885031e-02 -3.037382895737766875e-02
9.643371667405697956e-02 -3.039371031158456457e-02
1.010006558601274085e-01 -3.040179616664855436e-02
1.056675081774507419e-01 -3.040886467346451058e-02
1.104337549606562163e-01 -3.041629878277271604e-02
1.152988664978553679e-01 -3.042331973155351990e-02
1.202623020895129402e-01 -3.042753789456245639e-02
1.253235101085391490e-01 -3.042689805293533403e-02
1.304819280615971966e-01 -3.041966138868654537e-02
1.357369826516168221e-01 -3.040364233899805688e-02
1.410880898415101115e-01 -3.037628911644596127e-02
1.465346549190801317e-01 -3.033466975926945100e-02
1.520760725631161714e-01 -3.027584251705121507e-02
1.577117269106679265e-01 -3.019873220897818789e-02
1.634409916254914164e-01 -3.010334116921505043e-02
1.692632299676588570e-01 -2.999053943002383954e-02
1.751777948643248317e-01 -2.986153673822192559e-02
1.811840289816407656e-01 -2.971739303100167512e-02
1.872812647978095990e-01 -2.955923121053965347e-02
1.934688246772731102e-01 -2.938871839826390220e-02
1.997460209460230063e-01 -2.920755679197734739e-02
2.061121559680280102e-01 -2.901697197920168406e-02
2.125665222227673956e-01 -2.881787363752305944e-02
2.191084023838638650e-01 -2.861053330960757271e-02
2.257370693988056676e-01 -2.839518648785355204e-02
2.324517865697500740e-01 -2.817230518492598937e-02
2.392518076353984391e-01 -2.794238808089322471e-02
2.461363768539343022e-01 -2.770590892702882307e-02
2.531047290870154232e-01 -2.746339113857467276e-02
2.601560898848094272e-01 -2.721545528992201646e-02
2.672896755720651774e-01 -2.696275449424592741e-02
2.745046933352085494e-01 -2.670597721959353313e-02
2.818003413104546162e-01 -2.644586381115679799e-02
2.891758086729252497e-01 -2.618321933764061402e-02
2.966302757267624823e-01 -2.591889383873581532e-02
3.041629139962280792e-01 -2.565375588492718045e-02
3.117728863177794407e-01 -2.538816312649598561e-02
3.194593469331089564e-01 -2.512200043670230476e-02
3.272214415831418144e-01 -2.485511545251143858e-02
3.350583076029753915e-01 -2.458733975815219699e-02
3.429690740177547825e-01 -2.431849552692750063e-02
3.509528616394713696e-01 -2.404839598824284885e-02
3.590087831646743277e-01 -2.377682549448197416e-02
3.671359432730831873e-01 -2.350355325802928191e-02
3.753334387270930161e-01 -2.322835307870969174e-02
3.836003584721576765e-01 -2.295099009959093717e-02
3.919357837380436083e-01 -2.267116262651628841e-02
4.003387881409395943e-01 -2.238857491474554456e-02
4.088084377864137364e-01 -2.210309010286500356e-02
4.173437913732044313e-01 -2.181465801866560444e-02
4.259439002978354649e-01 -2.152338056389217769e-02
4.346078087600411255e-01 -2.122938709111797662e-02
4.433345538689928977e-01 -2.093276562197668791e-02
4.521231657503131940e-01 -2.063360521090500804e-02
4.609726676538650203e-01 -2.033202282924331805e-02
4.698820760623064752e-01 -2.002813635794932490e-02
4.788504008003974244e-01 -1.972205436602396736e-02
4.878766451450451402e-01 -1.941389257539382837e-02
4.969598059360780251e-01 -1.910378311668389784e-02
5.060988736877365390e-01 -1.879184288338780692e-02
5.152928327008634568e-01 -1.847816036431058212e-02
5.245406611757882365e-01 -1.816281244899752706e-02
5.338413313258880688e-01 -1.784586383197388562e-02
5.431938094918128401e-01 -1.752738471562838643e-02
5.525970562563653488e-01 -1.720745254887547787e-02
5.620500265600203438e-01 -1.688614013561822239e-02
5.715516698170692855e-01 -1.656351599788810983e-02
5.811009300323815019e-01 -1.623966019653424672e-02
5.906967459187653091e-01 -1.591466044390015336e-02
6.003380510149177729e-01 -1.558857747613660687e-02
6.100237738039482327e-01 -1.526143612596874734e-02
6.197528378324663745e-01 -1.493308785602977078e-02
6.295241618302156450e-01 -1.460328519522961603e-02
6.393366598302444581e-01 -1.427180211505172866e-02
6.491892412895989839e-01 -1.393841881471677945e-02
6.590808112105230876e-01 -1.360288230314785247e-02
6.690102702621547603e-01 -1.326493112158599712e-02
6.789765149027036095e-01 -1.292433216488806866e-02
6.889784375020977514e-01 -1.258084462459783948e-02
6.990149264650814542e-01 -1.223414960579181053e-02
7.090848663547572039e-01 -1.188416635289633004e-02
7.191871380165538730e-01 -1.153177651051719328e-02
7.293206187026060050e-01 -1.117809653225059971e-02
7.394841821965345563e-01 -1.082428035668479144e-02
7.496766989386134394e-01 -1.047152636627095464e-02
7.598970361513051053e-01 -1.012112691115750474e-02
7.701440579651563922e-01 -9.774319050833434747e-03
7.804166255450371015e-01 -9.432195074222346140e-03
7.907135972167069760e-01 -9.096052129600216279e-03
8.010338285937002034e-01 -8.767540687317301046e-03
8.113761727045106786e-01 -8.446201598276872891e-03
8.217394801200630372e-01 -8.128384201208075158e-03
8.321225990814590245e-01 -7.809835267098705347e-03
8.425243756279822138e-01 -7.485872011467976928e-03
8.529436537253458628e-01 -7.151822625158053316e-03
8.633792753941731402e-01 -6.803056730123242281e-03
8.738300808386934015e-01 -6.434972237672435293e-03
8.842949085756387495e-01 -6.042967675042071503e-03
8.947725955633289985e-01 -5.622114625046234493e-03
9.052619773309316109e-01 -5.167664475299063760e-03
9.157618881078770645e-01 -4.679654660904339174e-03
9.262711609534211021e-01 -4.161204427555494426e-03
9.367886278863364335e-01 -3.616028536756091261e-03
9.473131200147204556e-01 -3.048104463807312699e-03
9.578434676659028923e-01 -2.461214481978288640e-03
9.683785005164411430e-01 -1.859079769092684313e-03
9.789170477221889044e-01 -1.245576976153311586e-03
9.894579380484205267e-01 -6.246170396223082013e-04
9.999999999999998890e-01 5.124591429604097238e-10
