9.999999999999998890e-01 2.017596744272082739e-03
9.894579380484205267e-01 6.630925664829263010e-03
9.789170477221889044e-01 8.961799244894003841e-03
9.683785005164411430e-01 1.029504872277612303e-02
9.578434676659028923e-01 1.131765162630247838e-02
9.473131200147204556e-01 1.246824056844082068e-02
9.367886278863364335e-01 1.384350583295281684e-02
9.262711609534211021e-01 1.542701516726715551e-02
9.157618881078770645e-01 1.707730961635895231e-02
9.052619773309316109e-01 1.869925334844086198e-02
8.947725955633289985e-01 2.031766436036101103e-02
8.842949085756387495e-01 2.195034224611278756e-02
8.738300808386934015e-01 2.358297104009171585e-02
8.633792753941731402e-01 2.520806594367805409e-02
8.529436537253458628e-01 2.683076390129303379e-02
8.425243756279822138e-01 2.844756488691809956e-02
8.321225990814590245e-01 3.004470592206140087e-02
8.217394801200630372e-01 3.161788902618945657e-02
8.113761727045106786e-01 3.317207136829627978e-02
8.010338285937002034e-01 3.470804264471986228e-02
7.907135972167069760e-01 3.622315004563955720e-02
7.804166255450371015e-01 3.771714992322752064e-02
7.701440579651563922e-01 3.919135329332686796e-02
7.598970361513051053e-01 4.064570445610339589e-02
7.496766989386134394e-01 4.207945449247890712e-02
7.394841821965345563e-01 4.349264085047464118e-02
7.293206187026060050e-01 4.488561256445967873e-02
7.191871380165538730e-01 4.625829530214573687e-02
7.090848663547572039e-01 4.761049349174509976e-02
6.990149264650814542e-01 4.894225908209012821e-02
6.889784375020977514e-01 5.025369665597765462e-02
6.789765149027036095e-01 5.154478711073343100e-02
6.690102702621547603e-01 5.281550276136633137e-02
6.590808112105230876e-01 5.406590438151914063e-02
6.491892412895989839e-01 5.529605525832072960e-02
6.393366598302444581e-01 5.650596834762677129e-02
6.295241618302156450e-01 5.769567638739602627e-02
6.197528378324663745e-01 5.886528247049030438e-02
6.100237738039482327e-01 6.001485990053194441e-02
6.003380510149177729e-01 6.114440121135508027e-02
5.906967459187653091e-01 6.225398010795580445e-02
5.811009300323815019e-01 6.334382171956129404e-02
5.715516698170692855e-01 6.441399336413633492e-02
5.620500265600203438e-01 6.546432626774079111e-02
5.525970562563653488e-01 6.649500043609067601e-02
5.431938094918128401e-01 6.750660811159960029e-02
5.338413313258880688e-01 6.849903243971811051e-02
5.245406611757882365e-01 6.947149585564718621e-02
5.152928327008634568e-01 7.042473616131517122e-02
5.060988736877365390e-01 7.136055155801136751e-02
4.969598059360780251e-01 7.227710498021319707e-02
4.878766451450451402e-01 7.316976490537144273e-02
4.788504008003974244e-01 7.403241980775034092e-02
4.698820760623064752e-01 7.485882665207882480e-02
4.609726676538650203e-01 7.564904457874187249e-02
4.521231657503131940e-01 7.640595232245446511e-02
4.433345538689928977e-01 7.712964537724732728e-02
4.346078087600411255e-01 7.781938288172854379e-02
4.259439002978354649e-01 7.847646916389117155e-02
4.173437913732044313e-01 7.910177652124673886e-02
4.088084377864137364e-01 7.969077000042934511e-02
4.003387881409395943e-01 8.023860634609540632e-02
3.919357837380436083e-01 8.074533195976665856e-02
3.836003584721576765e-01 8.121208188507676728e-02
3.753334387270930161e-01 8.163971492936576702e-02
3.671359432730831873e-01 8.202901167007441152e-02
3.590087831646743277e-01 8.238069143219436952e-02
3.509528616394713696e-01 8.269560349365077945e-02
3.429690740177547825e-01 8.297489924927717309e-02
3.350583076029753915e-01 8.321942916731207840e-02
3.272214415831418144e-01 8.342943679864374407e-02
3.194593469331089564e-01 8.360602486583398885e-02
3.117728863177794407e-01 8.375158455142737990e-02
3.041629139962280792e-01 8.386366867297005701e-02
2.966302757267624823e-01 8.393361621685541119e-02
2.891758086729252497e-01 8.395728370296483278e-02
2.818003413104546162e-01 8.393590933885000660e-02
2.745046933352085494e-01 8.387108484675233344e-02
2.672896755720651774e-01 8.376445347813352149e-02
2.601560898848094272e-01 8.361729494313918654e-02
2.531047290870154232e-01 8.343068501659778313e-02
2.461363768539343022e-01 8.320663704580114062e-02
2.392518076353984391e-01 8.294691887745447856e-02
2.324517865697500740e-01 8.264520677444568697e-02
2.257370693988056676e-01 8.229191293333334989e-02
2.191084023838638650e-01 8.188631027355154635e-02
2.125665222227673956e-01 8.143161134020673875e-02
2.061121559680280102e-01 8.093018489955979000e-02
1.997460209460230063e-01 8.038405565770463668e-02
1.934688246772731102e-01 7.979517475217587363e-02
1.872812647978095990e-01 7.916563415663939451e-02
1.811840289816407656e-01 7.849820715942565363e-02
1.751777948643248317e-01 7.779537743725148391e-02
1.692632299676588570e-01 7.705803176332638726e-02
1.634409916254914164e-01 7.628783650998779975e-02
1.577117269106679265e-01 7.548961920166656625e-02
1.520760725631161714e-01 7.466582679847624804e-02
1.465346549190801317e-01 7.381199401706607655e-02
1.410880898415101115e-01 7.292088521862812034e-02
1.357369826516168221e-01 7.198187351396040379e-02
1.304819280615971966e-01 7.099092309086896257e-02
1.253235101085391490e-01 6.995542578070472473e-02
1.202623020895129402e-01 6.888095492762801031e-02
1.152988664978553679e-01 6.776914179744644717e-02
1.104337549606562163e-01 6.662275509110533733e-02
1.056675081774507419e-01 6.544620223081330790e-02
1.010006558601274085e-01 6.424339668264268666e-02
9.643371667405697956e-02 6.301707704710080016e-02
9.196719818044885031e-02 6.175993163359230764e-02
8.760159677994161509e-02 6.045762756675903543e-02
8.333739765743386485e-02 5.911245791949300277e-02
7.917507472816209813e-02 5.773708197599542596e-02
7.511509058502996439e-02 5.632963471134481981e-02
7.115789644719716645e-02 5.487973796830236672e-02
6.730393210993146358e-02 5.337828684677030366e-02
6.355362589573076981e-02 5.181902744699483365e-02
5.990739460672012129e-02 5.021023151702818516e-02
5.636564347832906385e-02 4.856491283062953912e-02
5.292876613425423482e-02 4.688943539984666287e-02
4.959714454271368922e-02 4.518866505323405891e-02
4.637114897399441382e-02 4.347093513528038633e-02
4.325113795930202176e-02 4.174485104132392987e-02
4.023745825091396000e-02 4.001641562940135705e-02
3.733044478364233587e-02 3.828672381429283622e-02
3.453042063760936031e-02 3.654374598974954869e-02
3.183769700234129196e-02 3.478014820508694427e-02
2.925257314218321358e-02 3.300677478655009850e-02
2.677533636303963682e-02 3.123590007782838310e-02
2.440626198044326678e-02 2.947684267670608663e-02
2.214561328895736647e-02 2.773785399567162829e-02
1.999364153291383062e-02 2.602600513338452354e-02
1.795058587848985532e-02 2.435052031718600019e-02
1.601667338712764455e-02 2.272373463306377045e-02
1.419211899029970692e-02 2.114900993787716121e-02
1.247712546562085301e-02 1.961813748192105591e-02
1.087188341431266636e-02 1.812111253453356149e-02
9.376571240020115106e-03 1.664826149534075900e-02
7.991355128984078959e-03 1.521721037074316371e-02
6.716389031571567969e-03 1.386545625623235301e-02
5.551814645166519568e-03 1.256782369947433663e-02
4.497761398421062928e-03 1.125391269348248111e-02
3.554346436871580472e-03 9.878664445622967888e-03
2.721674609919344512e-03 8.429435504973457893e-03
1.999838459177394334e-03 7.035163411200302634e-03
1.388918208186096237e-03 5.849470028209345293e-03
8.889817534969424173e-04 4.662867862918623936e-03
5.000846571264760954e-04 3.192400499983078996e-03
2.222701403818971855e-04 1.671458683802920335e-03
5.556907905679420168e-05 5.165977285026176471e-04
0.000000000000000000e+00 1.123588795942691358e-04
0.000000000000000000e+00 -1.072244006741374523e-04
5.556907905679420168e-05 -5.100751410532239219e-04
2.222701403818971855e-04 -1.659485335615392288e-03
5.000846571264760954e-04 -3.160132011944377303e-03
8.889817534969424173e-04 -4.584752508100782900e-03
1.388918208186096237e-03 -5.693552883925145046e-03
1.999838459177394334e-03 -6.774758672928077492e-03
2.721674609919344512e-03 -8.041780310684488661e-03
3.554346436871580472e-03 -9.337405554945263364e-03
4.497761398421062928e-03 -1.052779723525355121e-02
5.551814645166519568e-03 -1.162017544882391722e-02
6.716389031571567969e-03 -1.265399284956352823e-02
7.991355128984078959e-03 -1.369377083721559120e-02
9.376571240020115106e-03 -1.475570406207096785e-02
1.087188341431266636e-02 -1.578952504592627537e-02
1.247712546562085301e-02 -1.677400443148077680e-02
1.419211899029970692e-02 -1.772614805110134251e-02
1.601667338712764455e-02 -1.866997766838843914e-02
1.795058587848985532e-02 -1.963265033552006461e-02
1.999364153291383062e-02 -2.061592630083148442e-02
2.214561328895736647e-02 -2.160180107459553495e-02
2.440626198044326678e-02 -2.258102849286981739e-02
2.677533636303963682e-02 -2.355029395471272199e-02
2.925257314218321358e-02 -2.450270689590100873e-02
3.183769700234129196e-02 -2.542888853366302715e-02
3.453042063760936031e-02 -2.631634398087635482e-02
3.733044478364233587e-02 -2.715531370920188856e-02
4.023745825091396000e-02 -2.796304470629717986e-02
4.325113795930202176e-02 -2.876371500262745601e-02
4.637114897399441382e-02 -2.956177492506987387e-02
4.959714454271368922e-02 -3.035472242807955856e-02
5.292876613425423482e-02 -3.113798020742795936e-02
5.636564347832906385e-02 -3.190702728944893457e-02
5.990739460672012129e-02 -3.265953493916540912e-02
6.355362589573076981e-02 -3.339257870758487179e-02
6.730393210993146358e-02 -3.410005904141224370e-02
7.115789644719716645e-02 -3.477785469510679545e-02
7.511509058502996439e-02 -3.542808504157097388e-02
7.917507472816209813e-02 -3.605439579512750847e-02
8.333739765743386485e-02 -3.666158019351812430e-02
8.760159677994161509e-02 -3.724987627936304779e-02
9.196719818044885031e-02 -3.781171724971522929e-02
9.643371667405697956e-02 -3.834814906749024060e-02
1.010006558601274085e-01 -3.887343586445751731e-02
1.056675081774507419e-01 -3.939592307436284163e-02
1.104337549606562163e-01 -3.991555666546283548e-02
1.152988664978553679e-01 -4.043126454229465511e-02
1.202623020895129402e-01 -4.094149276738170279e-02
1.253235101085391490e-01 -4.144548545142229257e-02
1.304819280615971966e-01 -4.194307775779822917e-02
1.357369826516168221e-01 -4.243256544135130814e-02
1.410880898415101115e-01 -4.291150849753405661e-02
1.465346549190801317e-01 -4.338169095791209739e-02
1.520760725631161714e-01 -4.384734751763573468e-02
1.577117269106679265e-01 -4.431157575335419041e-02
1.634409916254914164e-01 -4.477646849837967069e-02
1.692632299676588570e-01 -4.524128425080662513e-02
1.751777948643248317e-01 -4.570438534192983876e-02
1.811840289816407656e-01 -4.616588836739028701e-02
1.872812647978095990e-01 -4.662615036843568289e-02
1.934688246772731102e-01 -4.708374617181990823e-02
1.997460209460230063e-01 -4.753752805276800775e-02
2.061121559680280102e-01 -4.798941864522879297e-02
2.125665222227673956e-01 -4.844183132113420720e-02
2.191084023838638650e-01 -4.889639438789440684e-02
2.257370693988056676e-01 -4.935449257501250964e-02
2.324517865697500740e-01 -4.981724423852879752e-02
2.392518076353984391e-01 -5.027910315239747518e-02
2.461363768539343022e-01 -5.072013155418427649e-02
2.531047290870154232e-01 -5.112582750948199001e-02
2.601560898848094272e-01 -5.149507852714686751e-02
2.672896755720651774e-01 -5.182729021721253770e-02
2.745046933352085494e-01 -5.212048615065040247e-02
2.818003413104546162e-01 -5.237295339136784078e-02
2.891758086729252497e-01 -5.258345770412092834e-02
2.966302757267624823e-01 -5.275043845653193397e-02
3.041629139962280792e-01 -5.287243121988902811e-02
3.117728863177794407e-01 -5.295761132376491237e-02
3.194593469331089564e-01 -5.302227918970597864e-02
3.272214415831418144e-01 -5.307173113644585855e-02
3.350583076029753915e-01 -5.310269698417245665e-02
3.429690740177547825e-01 -5.311425186346455801e-02
3.509528616394713696e-01 -5.310702583783900171e-02
3.590087831646743277e-01 -5.308049850227704314e-02
3.671359432730831873e-01 -5.303358450175280070e-02
3.753334387270930161e-01 -5.296580747169508940e-02
3.836003584721576765e-01 -5.287692606044115673e-02
3.919357837380436083e-01 -5.276641040497237478e-02
4.003387881409395943e-01 -5.263363959278977849e-02
4.088084377864137364e-01 -5.247809091086432648e-02
4.173437913732044313e-01 -5.229929422075343948e-02
4.259439002978354649e-01 -5.209686894326421430e-02
4.346078087600411255e-01 -5.187037543901185793e-02
4.433345538689928977e-01 -5.161909237179932580e-02
4.521231657503131940e-01 -5.134245998035166098e-02
4.609726676538650203e-01 -5.104054415638413500e-02
4.698820760623064752e-01 -5.071299446519425547e-02
4.788504008003974244e-01 -5.035823665603241656e-02
4.878766451450451402e-01 -4.997609193898967794e-02
4.969598059360780251e-01 -4.956945766882411147e-02
5.060988736877365390e-01 -4.914118393420565528e-02
5.152928327008634568e-01 -4.869342524155886864e-02
5.245406611757882365e-01 -4.822692868928942639e-02
5.338413313258880688e-01 -4.774060441010735678e-02
5.431938094918128401e-01 -4.723390601423390484e-02
5.525970562563653488e-01 -4.670706165787754521e-02
5.620500265600203438e-01 -4.615996355923495525e-02
5.715516698170692855e-01 -4.559214392095754798e-02
5.811009300323815019e-01 -4.500335713951967437e-02
5.906967459187653091e-01 -4.439354437999679798e-02
6.003380510149177729e-01 -4.376251375771884194e-02
6.100237738039482327e-01 -4.310998773758372565e-02
6.197528378324663745e-01 -4.243580574139399486e-02
6.295241618302156450e-01 -4.173986426908230657e-02
6.393366598302444581e-01 -4.102195471648013153e-02
6.491892412895989839e-01 -4.028184329650454781e-02
6.590808112105230876e-01 -3.951947663126684912e-02
6.690102702621547603e-01 -3.873481673368052436e-02
6.789765149027036095e-01 -3.792750394654586382e-02
6.889784375020977514e-01 -3.709686479146472732e-02
6.990149264650814542e-01 -3.624130732676578842e-02
7.090848663547572039e-01 -3.535943683481706373e-02
7.191871380165538730e-01 -3.445154291407086233e-02
7.293206187026060050e-01 -3.351794373976484109e-02
7.394841821965345563e-01 -3.255785740996679917e-02
7.496766989386134394e-01 -3.157089334279969406e-02
7.598970361513051053e-01 -3.055817145939330320e-02
7.701440579651563922e-01 -2.951970106446531392e-02
7.804166255450371015e-01 -2.845272152636550006e-02
7.907135972167069760e-01 -2.735985857152337108e-02
8.010338285937002034e-01 -2.625376395315884639e-02
8.113761727045106786e-01 -2.514302001127563524e-02
8.217394801200630372e-01 -2.402866811552222329e-02
8.321225990814590245e-01 -2.291139520827055465e-02
8.425243756279822138e-01 -2.179210274267705943e-02
8.529436537253458628e-01 -2.066910231428390962e-02
8.633792753941731402e-01 -1.953804183919386969e-02
8.738300808386934015e-01 -1.839597963528581681e-02
8.842949085756387495e-01 -1.724142787766800092e-02
8.947725955633289985e-01 -1.607417103545683706e-02
9.052619773309316109e-01 -1.489474995945953666e-02
9.157618881078770645e-01 -1.370191407329168602e-02
9.262711609534211021e-01 -1.249708669799006605e-02
9.367886278863364335e-01 -1.131599894888448386e-02
9.473131200147204556e-01 -1.021319652925784666e-02
9.578434676659028923e-01 -9.248203520182988677e-03
9.683785005164411430e-01 -8.426663887058559455e-03
9.789170477221889044e-01 -7.422223911383333747e-03
9.894579380484205267e-01 -5.537097615312637153e-03
9.999999999999998890e-01 -8.598278629293984758e-04
