9.999999999999998890e-01 8.133189126025491006e-10
9.894579380484205267e-01 2.177117434113580267e-03
9.789170477221889044e-01 4.275102443529694984e-03
9.683785005164411430e-01 6.302868551318787163e-03
9.578434676659028923e-01 8.269539958405531382e-03
9.473131200147204556e-01 1.018420717822026388e-02
9.367886278863364335e-01 1.205575105158197130e-02
9.262711609534211021e-01 1.389316249704700829e-02
9.157618881078770645e-01 1.570575790202870942e-02
9.052619773309316109e-01 1.750245266802369359e-02
8.947725955633289985e-01 1.929124330419456496e-02
8.842949085756387495e-01 2.107524445552593287e-02
8.738300808386934015e-01 2.284998541413781059e-02
8.633792753941731402e-01 2.461073083800100272e-02
8.529436537253458628e-01 2.635328887384786808e-02
8.425243756279822138e-01 2.807341419285380724e-02
8.321225990814590245e-01 2.976675949008493124e-02
8.217394801200630372e-01 3.142899484060809184e-02
8.113761727045106786e-01 3.305583625555977983e-02
8.010338285937002034e-01 3.464338590792007122e-02
7.907135972167069760e-01 3.618829438548336330e-02
7.804166255450371015e-01 3.769018656341468348e-02
7.701440579651563922e-01 3.915065471777970374e-02
7.598970361513051053e-01 4.057097284449480423e-02
7.496766989386134394e-01 4.195223253329716240e-02
7.394841821965345563e-01 4.329567832575959702e-02
7.293206187026060050e-01 4.460261744594021943e-02
7.191871380165538730e-01 4.587428645470682104e-02
7.090848663547572039e-01 4.711188900460676343e-02
6.990149264650814542e-01 4.831660352592606622e-02
6.889784375020977514e-01 4.948936080410524380e-02
6.789765149027036095e-01 5.063005637683457016e-02
6.690102702621547603e-01 5.173833802971400386e-02
6.590808112105230876e-01 5.281396749463955487e-02
6.491892412895989839e-01 5.385672229671590455e-02
6.393366598302444581e-01 5.486635201588337118e-02
6.295241618302156450e-01 5.584263825663973030e-02
6.197528378324663745e-01 5.678545286020335314e-02
6.100237738039482327e-01 5.769464209807285276e-02
6.003380510149177729e-01 5.856997789605964538e-02
5.906967459187653091e-01 5.941161737738417242e-02
5.811009300323815019e-01 6.022039034368111693e-02
5.715516698170692855e-01 6.099724436362248536e-02
5.620500265600203438e-01 6.174320192859544115e-02
5.525970562563653488e-01 6.245929032418354176e-02
5.431938094918128401e-01 6.314653237970145605e-02
5.338413313258880688e-01 6.380587289307050602e-02
5.245406611757882365e-01 6.443818664858225187e-02
5.152928327008634568e-01 6.504450944906124688e-02
5.060988736877365390e-01 6.562597506354594934e-02
4.969598059360780251e-01 6.618313015731291937e-02
4.878766451450451402e-01 6.671597899969121392e-02
4.788504008003974244e-01 6.722328848800893097e-02
4.698820760623064752e-01 6.770312959134744402e-02
4.609726676538650203e-01 6.815400679905317394e-02
4.521231657503131940e-01 6.857463596325669153e-02
4.433345538689928977e-01 6.896362818900417246e-02
4.346078087600411255e-01 6.931960394081786159e-02
4.259439002978354649e-01 6.964149528311600057e-02
4.173437913732044313e-01 6.992830322087065231e-02
4.088084377864137364e-01 7.017883587601600470e-02
4.003387881409395943e-01 7.039209983827690587e-02
3.919357837380436083e-01 7.056808219726012910e-02
3.836003584721576765e-01 7.070731748185746235e-02
3.753334387270930161e-01 7.081132828753104735e-02
3.671359432730831873e-01 7.088171802694687162e-02
3.590087831646743277e-01 7.091978965502762633e-02
3.509528616394713696e-01 7.092684260924603246e-02
3.429690740177547825e-01 7.090427450233439954e-02
3.350583076029753915e-01 7.085344601303207590e-02
3.272214415831418144e-01 7.077562673962856099e-02
3.194593469331089564e-01 7.067208211727393774e-02
3.117728863177794407e-01 7.054408512758475469e-02
3.041629139962280792e-01 7.039287340946490112e-02
2.966302757267624823e-01 7.021960029286514193e-02
2.891758086729252497e-01 7.002439867944654228e-02
2.818003413104546162e-01 6.980629904113506978e-02
2.745046933352085494e-01 6.956437268183383871e-02
2.672896755720651774e-01 6.929778941663619629e-02
2.601560898848094272e-01 6.900586925542871730e-02
2.531047290870154232e-01 6.868805187655445399e-02
2.461363768539343022e-01 6.834384856289441035e-02
2.392518076353984391e-01 6.797283966992631599e-02
2.324517865697500740e-01 6.757483447124047748e-02
2.257370693988056676e-01 6.714975603933862058e-02
2.191084023838638650e-01 6.669744380415487672e-02
2.125665222227673956e-01 6.621779191924709318e-02
2.061121559680280102e-01 6.571127212672837892e-02
1.997460209460230063e-01 6.517826086701479504e-02
1.934688246772731102e-01 6.461753938629731520e-02
1.872812647978095990e-01 6.402712283764708245e-02
1.811840289816407656e-01 6.340393313093310723e-02
1.751777948643248317e-01 6.274494610488084989e-02
1.692632299676588570e-01 6.204829516014759988e-02
1.634409916254914164e-01 6.131232348982208064e-02
1.577117269106679265e-01 6.053526962442208614e-02
1.520760725631161714e-01 5.971595381646298967e-02
1.465346549190801317e-01 5.885461827622198022e-02
1.410880898415101115e-01 5.795318883243413821e-02
1.357369826516168221e-01 5.701648961141039806e-02
1.304819280615971966e-01 5.604935525889175041e-02
1.253235101085391490e-01 5.505607864257804074e-02
1.202623020895129402e-01 5.404066678502793958e-02
1.152988664978553679e-01 5.300680767208112293e-02
1.104337549606562163e-01 5.195838057876407678e-02
1.056675081774507419e-01 5.089945605035726267e-02
1.010006558601274085e-01 4.983279430354610462e-02
9.643371667405697956e-02 4.875941726339590859e-02
9.196719818044885031e-02 4.767296720823702844e-02
8.760159677994161509e-02 4.656120444048029300e-02
8.333739765743386485e-02 4.541425197492156979e-02
7.917507472816209813e-02 4.422428184400870738e-02
7.511509058502996439e-02 4.298625736530699293e-02
7.115789644719716645e-02 4.169832843842875836e-02
6.730393210993146358e-02 4.037159106765308980e-02
6.355362589573076981e-02 3.902283518823578684e-02
5.990739460672012129e-02 3.766440957346255808e-02
5.636564347832906385e-02 3.630699285092521544e-02
5.292876613425423482e-02 3.496219422395238641e-02
4.959714454271368922e-02 3.363988638945628745e-02
4.637114897399441382e-02 3.234070131849655499e-02
4.325113795930202176e-02 3.106177053324751108e-02
4.023745825091396000e-02 2.979687996861547089e-02
3.733044478364233587e-02 2.854021215859846999e-02
3.453042063760936031e-02 2.728952225683734661e-02
3.183769700234129196e-02 2.604364974598416538e-02
2.925257314218321358e-02 2.480246228549221749e-02
2.677533636303963682e-02 2.356650817717434107e-02
2.440626198044326678e-02 2.233734979722004285e-02
2.214561328895736647e-02 2.110944520791273663e-02
1.999364153291383062e-02 1.986459891211977274e-02
1.795058587848985532e-02 1.858903737664521078e-02
1.601667338712764455e-02 1.727757182266823413e-02
1.419211899029970692e-02 1.592985891633002041e-02
1.247712546562085301e-02 1.455088218006480444e-02
1.087188341431266636e-02 1.314942003598802700e-02
9.376571240020115106e-03 1.173801254105271558e-02
7.991355128984078959e-03 1.033146706726896340e-02
6.716389031571567969e-03 8.946520217551063442e-03
5.551814645166519568e-03 7.600975250854333232e-03
4.497761398421062928e-03 6.313364292712226114e-03
3.554346436871580472e-03 5.101993455012917081e-03
2.721674609919344512e-03 3.984868212990713525e-03
1.999838459177394334e-03 2.978672243357665533e-03
1.388918208186096237e-03 2.099084358865051150e-03
8.889817534969424173e-04 1.359544603039892184e-03
5.000846571264760954e-04 7.719949727273063859e-04
2.222701403818971855e-04 3.453382855120641789e-04
5.556907905679420168e-05 8.670226376355076614e-05
0.000000000000000000e+00 -1.391566392074721209e-09
0.000000000000000000e+00 1.240431140252719950e-09
5.556907905679420168e-05 -4.793286206237713169e-05
2.222701403818971855e-04 -1.904189717511132031e-04
5.000846571264760954e-04 -4.239675846842161106e-04
8.889817534969424173e-04 -7.422271397677635864e-04
1.388918208186096237e-03 -1.137275339815785194e-03
1.999838459177394334e-03 -1.598509826777405130e-03
2.721674609919344512e-03 -2.114028256195822804e-03
3.554346436871580472e-03 -2.670002254025736956e-03
4.497761398421062928e-03 -3.251780805459769750e-03
5.551814645166519568e-03 -3.843656688464090407e-03
6.716389031571567969e-03 -4.429781979316907772e-03
7.991355128984078959e-03 -4.994292409500188969e-03
9.376571240020115106e-03 -5.522172498266329776e-03
1.087188341431266636e-02 -5.999611532361804125e-03
1.247712546562085301e-02 -6.414811152403653363e-03
1.419211899029970692e-02 -6.758322912738559847e-03
1.601667338712764455e-02 -7.024456646675249910e-03
1.795058587848985532e-02 -7.211307596428384245e-03
1.999364153291383062e-02 -7.322264209501144067e-03
2.214561328895736647e-02 -7.365515601965731164e-03
2.440626198044326678e-02 -7.357611629445743803e-03
2.677533636303963682e-02 -7.319314614777775937e-03
2.925257314218321358e-02 -7.258154259260035483e-03
3.183769700234129196e-02 -7.174110669193823654e-03
3.453042063760936031e-02 -7.067239793269758374e-03
3.733044478364233587e-02 -6.937794763213656069e-03
4.023745825091396000e-02 -6.786799622816711008e-03
4.325113795930202176e-02 -6.615830809590972014e-03
4.637114897399441382e-02 -6.427768385314745758e-03
4.959714454271368922e-02 -6.225806486802288112e-03
5.292876613425423482e-02 -6.012651394690289933e-03
5.636564347832906385e-02 -5.790307712014452352e-03
5.990739460672012129e-02 -5.558752134287481446e-03
6.355362589573076981e-02 -5.317743896005995737e-03
6.730393210993146358e-02 -5.067728103920843795e-03
7.115789644719716645e-02 -4.809164390981344843e-03
7.511509058502996439e-02 -4.542245449891816819e-03
7.917507472816209813e-02 -4.267567725280125776e-03
8.333739765743386485e-02 -3.986630846033370652e-03
8.760159677994161509e-02 -3.701139878518098104e-03
9.196719818044885031e-02 -3.412971017655324138e-03
9.643371667405697956e-02 -3.124391236993037408e-03
1.010006558601274085e-01 -2.838158626484675682e-03
1.056675081774507419e-01 -2.555587988105936705e-03
1.104337549606562163e-01 -2.276189730282161209e-03
1.152988664978553679e-01 -1.999004364192266160e-03
1.202623020895129402e-01 -1.722691401499439534e-03
1.253235101085391490e-01 -1.445691510896300993e-03
1.304819280615971966e-01 -1.166263004487765910e-03
1.357369826516168221e-01 -8.825396216617082236e-04
1.410880898415101115e-01 -5.925047752350198326e-04
1.465346549190801317e-01 -2.934488740423599998e-04
1.520760725631161714e-01 1.742529997013915179e-05
1.577117269106679265e-01 3.400528123792601921e-04
1.634409916254914164e-01 6.727135420382961053e-04
1.692632299676588570e-01 1.012339943575254943e-03
1.751777948643248317e-01 1.355337901066388465e-03
1.811840289816407656e-01 1.698351767709097102e-03
1.872812647978095990e-01 2.037845403930821451e-03
1.934688246772731102e-01 2.369041168989452755e-03
1.997460209460230063e-01 2.687260344689757115e-03
2.061121559680280102e-01 2.989599982106690146e-03
2.125665222227673956e-01 3.274390221748761567e-03
2.191084023838638650e-01 3.542516869788134206e-03
2.257370693988056676e-01 3.795185579641510102e-03
2.324517865697500740e-01 4.033116219910182730e-03
2.392518076353984391e-01 4.257158220368086228e-03
2.461363768539343022e-01 4.468616140944439187e-03
2.531047290870154232e-01 4.668861932132315623e-03
2.601560898848094272e-01 4.859283514428493558e-03
2.672896755720651774e-01 5.041419514909909957e-03
2.745046933352085494e-01 5.217039650529784259e-03
2.818003413104546162e-01 5.388023516978283564e-03
2.891758086729252497e-01 5.556372755355091370e-03
2.966302757267624823e-01 5.724238612276625650e-03
3.041629139962280792e-01 5.893817919933455780e-03
3.117728863177794407e-01 6.065155974775211963e-03
3.194593469331089564e-01 6.236303796367186070e-03
3.272214415831418144e-01 6.405081993001569829e-03
3.350583076029753915e-01 6.569183821608339663e-03
3.429690740177547825e-01 6.726230025950146255e-03
3.509528616394713696e-01 6.873766619870584453e-03
3.590087831646743277e-01 7.009061883490129603e-03
3.671359432730831873e-01 7.129248061885735607e-03
3.753334387270930161e-01 7.231574917855788064e-03
3.836003584721576765e-01 7.313226731960512095e-03
3.919357837380436083e-01 7.370647344368699491e-03
4.003387881409395943e-01 7.400394353911847120e-03
4.088084377864137364e-01 7.401027816092984116e-03
4.173437913732044313e-01 7.372200152084906928e-03
4.259439002978354649e-01 7.315479667161635564e-03
4.346078087600411255e-01 7.232809526028928515e-03
4.433345538689928977e-01 7.125711596503924231e-03
4.521231657503131940e-01 6.995756616952198206e-03
4.609726676538650203e-01 6.844908502211500927e-03
4.698820760623064752e-01 6.675194354191918596e-03
4.788504008003974244e-01 6.488628361992655226e-03
4.878766451450451402e-01 6.287325113456410791e-03
4.969598059360780251e-01 6.073599662473463945e-03
5.060988736877365390e-01 5.849781242906231665e-03
5.152928327008634568e-01 5.618184549944840560e-03
5.245406611757882365e-01 5.381142512492939796e-03
5.338413313258880688e-01 5.141019294158533613e-03
5.431938094918128401e-01 4.900307890572432219e-03
5.525970562563653488e-01 4.661647762284006416e-03
5.620500265600203438e-01 4.427657806009501970e-03
5.715516698170692855e-01 4.200946189737857911e-03
5.811009300323815019e-01 3.984416882219069672e-03
5.906967459187653091e-01 3.781179208944325781e-03
6.003380510149177729e-01 3.593815755033949195e-03
6.100237738039482327e-01 3.424197757958676643e-03
6.197528378324663745e-01 3.270717605724790880e-03
6.295241618302156450e-01 3.129775099197216418e-03
6.393366598302444581e-01 2.998140341532269746e-03
6.491892412895989839e-01 2.872721651172883799e-03
6.590808112105230876e-01 2.750047445631387082e-03
6.690102702621547603e-01 2.626511259278473901e-03
6.789765149027036095e-01 2.498624438730817805e-03
6.889784375020977514e-01 2.362848259768369433e-03
6.990149264650814542e-01 2.215237858000331916e-03
7.090848663547572039e-01 2.052853574648833609e-03
7.191871380165538730e-01 1.876897706413593620e-03
7.293206187026060050e-01 1.689627666241347867e-03
7.394841821965345563e-01 1.493597778599397565e-03
7.496766989386134394e-01 1.291423854517727721e-03
7.598970361513051053e-01 1.085734469931464493e-03
7.701440579651563922e-01 8.791587324239393160e-04
7.804166255450371015e-01 6.743242166620342509e-04
7.907135972167069760e-01 4.739916566728140488e-04
8.010338285937002034e-01 2.811357152540478951e-04
8.113761727045106786e-01 9.761976531925819101e-05
8.217394801200630372e-01 -7.637704098905797711e-05
8.321225990814590245e-01 -2.409514505683996654e-04
8.425243756279822138e-01 -3.963761317399539484e-04
8.529436537253458628e-01 -5.429610014505807658e-04
8.633792753941731402e-01 -6.810351303336454340e-04
8.738300808386934015e-01 -8.107698609958331444e-04
8.842949085756387495e-01 -9.322299837424021223e-04
8.947725955633289985e-01 -1.045973767762124881e-03
9.052619773309316109e-01 -1.152294864275414579e-03
9.157618881078770645e-01 -1.244308348236411021e-03
9.262711609534211021e-01 -1.310508603195257357e-03
9.367886278863364335e-01 -1.338512834557635490e-03
9.473131200147204556e-01 -1.315553235638588407e-03
9.578434676659028923e-01 -1.229158868906540412e-03
9.683785005164411430e-01 -1.066959131508045042e-03
9.789170477221889044e-01 -8.163912974165424274e-04
9.894579380484205267e-01 -4.648651595569243291e-04
9.999999999999998890e-01 -7.650064092391700893e-10
