9.999999999999998890e-01 9.570058627026937364e-06
9.894579380484205267e-01 9.502473499919069679e-04
9.789170477221889044e-01 2.287919694116535320e-03
9.683785005164411430e-01 3.719651828452941698e-03
9.578434676659028923e-01 5.196329489059061876e-03
9.473131200147204556e-01 6.715414689443610988e-03
9.367886278863364335e-01 8.259085668307722741e-03
9.262711609534211021e-01 9.815270456770608387e-03
9.157618881078770645e-01 1.139074185298845701e-02
9.052619773309316109e-01 1.299233217614013079e-02
8.947725955633289985e-01 1.462209443674987452e-02
8.842949085756387495e-01 1.628261827066596751e-02
8.738300808386934015e-01 1.797809355401766562e-02
8.633792753941731402e-01 1.970884528987288178e-02
8.529436537253458628e-01 2.146986938741440171e-02
8.425243756279822138e-01 2.325670633065591089e-02
8.321225990814590245e-01 2.506590629423122510e-02
8.217394801200630372e-01 2.689357582667878735e-02
8.113761727045106786e-01 2.873537447605985923e-02
8.010338285937002034e-01 3.058737366703505323e-02
7.907135972167069760e-01 3.244603936420264317e-02
7.804166255450371015e-01 3.430845626240125457e-02
7.701440579651563922e-01 3.617213904980445816e-02
7.598970361513051053e-01 3.803479220107836706e-02
7.496766989386134394e-01 3.989388459786106372e-02
7.394841821965345563e-01 4.174420734627778268e-02
7.293206187026060050e-01 4.357913624935434715e-02
7.191871380165538730e-01 4.539112115497238170e-02
7.090848663547572039e-01 4.717273146811526430e-02
6.990149264650814542e-01 4.891907553119222152e-02
6.889784375020977514e-01 5.062660406140616354e-02
6.789765149027036095e-01 5.229397400295289489e-02
6.690102702621547603e-01 5.392029210794553606e-02
6.590808112105230876e-01 5.550414480679382451e-02
6.491892412895989839e-01 5.704442292112721358e-02
6.393366598302444581e-01 5.854125156777068711e-02
6.295241618302156450e-01 5.999494851853183486e-02
6.197528378324663745e-01 6.140575125348031460e-02
6.100237738039482327e-01 6.277385387802683625e-02
6.003380510149177729e-01 6.409938502309212027e-02
5.906967459187653091e-01 6.538233443696296610e-02
5.811009300323815019e-01 6.662247031383734808e-02
5.715516698170692855e-01 6.781961373892467226e-02
5.620500265600203438e-01 6.897369240222361864e-02
5.525970562563653488e-01 7.008463998370598191e-02
5.431938094918128401e-01 7.115238924592891256e-02
5.338413313258880688e-01 7.217691430772441019e-02
5.245406611757882365e-01 7.315823308609205322e-02
5.152928327008634568e-01 7.409639330026134008e-02
5.060988736877365390e-01 7.499145344369639865e-02
4.969598059360780251e-01 7.584329266532555125e-02
4.878766451450451402e-01 7.665166327699149407e-02
4.788504008003974244e-01 7.741635268258682812e-02
4.698820760623064752e-01 7.813717819466005354e-02
4.609726676538650203e-01 7.881401577783408996e-02
4.521231657503131940e-01 7.944677886830896207e-02
4.433345538689928977e-01 8.003543489310971371e-02
4.346078087600411255e-01 8.057998368760112273e-02
4.259439002978354649e-01 8.108047938289575374e-02
4.173437913732044313e-01 8.153700869422957076e-02
4.088084377864137364e-01 8.194972110103609930e-02
4.003387881409395943e-01 8.231879544974232688e-02
3.919357837380436083e-01 8.264445308833934245e-02
3.836003584721576765e-01 8.292695140726126513e-02
3.753334387270930161e-01 8.316662966680762881e-02
3.671359432730831873e-01 8.336383667152408306e-02
3.590087831646743277e-01 8.351890323914329395e-02
3.509528616394713696e-01 8.363205203395147891e-02
3.429690740177547825e-01 8.370327645170140551e-02
3.350583076029753915e-01 8.373260417382787091e-02
3.272214415831418144e-01 8.372018144424783759e-02
3.194593469331089564e-01 8.366620269892091621e-02
3.117728863177794407e-01 8.357091840906863411e-02
3.041629139962280792e-01 8.343463836856093718e-02
2.966302757267624823e-01 8.325774494541109128e-02
2.891758086729252497e-01 8.304067909389066526e-02
2.818003413104546162e-01 8.278394275438483163e-02
2.745046933352085494e-01 8.248808646922291266e-02
2.672896755720651774e-01 8.215368593435545819e-02
2.601560898848094272e-01 8.178106468642723503e-02
2.531047290870154232e-01 8.137036046885935681e-02
2.461363768539343022e-01 8.092183411122852443e-02
2.392518076353984391e-01 8.043583833200673716e-02
2.324517865697500740e-01 7.991280436871686654e-02
2.257370693988056676e-01 7.935322427950193547e-02
2.191084023838638650e-01 7.875773141739017547e-02
2.125665222227673956e-01 7.812702793502161736e-02
2.061121559680280102e-01 7.746184268909220294e-02
1.997460209460230063e-01 7.676296490890358037e-02
1.934688246772731102e-01 7.603143835720931054e-02
1.872812647978095990e-01 7.526821275476594519e-02
1.811840289816407656e-01 7.447351288135381497e-02
1.751777948643248317e-01 7.364735377635169000e-02
1.692632299676588570e-01 7.278967767307205350e-02
1.634409916254914164e-01 7.190052246602950115e-02
1.577117269106679265e-01 7.098024104762667985e-02
1.520760725631161714e-01 7.002931988159530330e-02
1.465346549190801317e-01 6.904842988982978769e-02
1.410880898415101115e-01 6.803833690340259366e-02
1.357369826516168221e-01 6.699994342242167333e-02
1.304819280615971966e-01 6.593433432749001843e-02
1.253235101085391490e-01 6.484286523980813122e-02
1.202623020895129402e-01 6.372677347736198372e-02
1.152988664978553679e-01 6.258707839242247384e-02
1.104337549606562163e-01 6.142418953200111387e-02
1.056675081774507419e-01 6.023784454607471889e-02
1.010006558601274085e-01 5.902822187482559962e-02
9.643371667405697956e-02 5.779598329187039807e-02
9.196719818044885031e-02 5.654200369009357297e-02
8.760159677994161509e-02 5.526726845092430618e-02
8.333739765743386485e-02 5.397211970192798691e-02
7.917507472816209813e-02 5.265649021040459676e-02
7.511509058502996439e-02 5.132075437813990448e-02
7.115789644719716645e-02 4.996562728989308727e-02
6.730393210993146358e-02 4.859245084775182244e-02
6.355362589573076981e-02 4.720282000135427730e-02
5.990739460672012129e-02 4.579797100474585630e-02
5.636564347832906385e-02 4.437895886091127590e-02
5.292876613425423482e-02 4.294665672981775456e-02
4.959714454271368922e-02 4.150225335606744920e-02
4.637114897399441382e-02 4.004863405859159647e-02
4.325113795930202176e-02 3.858862777210696204e-02
4.023745825091396000e-02 3.712309045301970950e-02
3.733044478364233587e-02 3.565146118571597966e-02
3.453042063760936031e-02 3.417025088043228187e-02
3.183769700234129196e-02 3.267688462124822280e-02
2.925257314218321358e-02 3.117250958883164419e-02
2.677533636303963682e-02 2.965919298637541279e-02
2.440626198044326678e-02 2.813972596582369617e-02
2.214561328895736647e-02 2.661748849780448331e-02
1.999364153291383062e-02 2.509673612293392489e-02
1.795058587848985532e-02 2.358172103600863351e-02
1.601667338712764455e-02 2.207666095605220064e-02
1.419211899029970692e-02 2.058940892284683022e-02
1.247712546562085301e-02 1.913187936312443771e-02
1.087188341431266636e-02 1.770401814298598955e-02
9.376571240020115106e-03 1.629265148442417960e-02
7.991355128984078959e-03 1.487974263189037992e-02
6.716389031571567969e-03 1.344557502054697512e-02
5.551814645166519568e-03 1.200038656486420233e-02
4.497761398421062928e-03 1.057523438320644681e-02
3.554346436871580472e-03 9.182389378787016512e-03
2.721674609919344512e-03 7.823241579355023900e-03
1.999838459177394334e-03 6.510727562955486922e-03
1.388918208186096237e-03 5.260704925448561262e-03
8.889817534969424173e-04 4.065203544224824800e-03
5.000846571264760954e-04 2.912026742460843524e-03
2.222701403818971855e-04 1.826416849402971113e-03
5.556907905679420168e-05 8.466800611931859805e-04
0.000000000000000000e+00 7.755161471888600649e-06
0.000000000000000000e+00 -7.755161471888600649e-06
5.556907905679420168e-05 -8.466800611931859805e-04
2.222701403818971855e-04 -1.826416849402971113e-03
5.000846571264760954e-04 -2.912026742460843524e-03
8.889817534969424173e-04 -4.065203544224824800e-03
1.388918208186096237e-03 -5.260704925448561262e-03
1.999838459177394334e-03 -6.510727562955486922e-03
2.721674609919344512e-03 -7.823241579355023900e-03
3.554346436871580472e-03 -9.182389378787016512e-03
4.497761398421062928e-03 -1.057523438320644681e-02
5.551814645166519568e-03 -1.200038656486420233e-02
6.716389031571567969e-03 -1.344557502054697512e-02
7.991355128984078959e-03 -1.487974263189037992e-02
9.376571240020115106e-03 -1.629265148442417960e-02
1.087188341431266636e-02 -1.770401814298598955e-02
1.247712546562085301e-02 -1.913187936312443771e-02
1.419211899029970692e-02 -2.058940892284683022e-02
1.601667338712764455e-02 -2.207666095605220064e-02
1.795058587848985532e-02 -2.358172103600863351e-02
1.999364153291383062e-02 -2.509673612293392489e-02
2.214561328895736647e-02 -2.661748849780448331e-02
2.440626198044326678e-02 -2.813972596582369617e-02
2.677533636303963682e-02 -2.965919298637541279e-02
2.925257314218321358e-02 -3.117250958883164419e-02
3.183769700234129196e-02 -3.267688462124822280e-02
3.453042063760936031e-02 -3.417025088043228187e-02
3.733044478364233587e-02 -3.565146118571597966e-02
4.023745825091396000e-02 -3.712309045301970950e-02
4.325113795930202176e-02 -3.858862777210696204e-02
4.637114897399441382e-02 -4.004863405859159647e-02
4.959714454271368922e-02 -4.150225335606744920e-02
5.292876613425423482e-02 -4.294665672981775456e-02
5.636564347832906385e-02 -4.437895886091127590e-02
5.990739460672012129e-02 -4.579797100474585630e-02
6.355362589573076981e-02 -4.720282000135427730e-02
6.730393210993146358e-02 -4.859245084775182244e-02
7.115789644719716645e-02 -4.996562728989308727e-02
7.511509058502996439e-02 -5.132075437813990448e-02
7.917507472816209813e-02 -5.265649021040459676e-02
8.333739765743386485e-02 -5.397211970192798691e-02
8.760159677994161509e-02 -5.526726845092430618e-02
9.196719818044885031e-02 -5.654200369009357297e-02
9.643371667405697956e-02 -5.779598329187039807e-02
1.010006558601274085e-01 -5.902822187482559962e-02
1.056675081774507419e-01 -6.023784454607471889e-02
1.104337549606562163e-01 -6.142418953200111387e-02
1.152988664978553679e-01 -6.258707839242247384e-02
1.202623020895129402e-01 -6.372677347736198372e-02
1.253235101085391490e-01 -6.484286523980813122e-02
1.304819280615971966e-01 -6.593433432749001843e-02
1.357369826516168221e-01 -6.699994342242167333e-02
1.410880898415101115e-01 -6.803833690340259366e-02
1.465346549190801317e-01 -6.904842988982978769e-02
1.520760725631161714e-01 -7.002931988159530330e-02
1.577117269106679265e-01 -7.098024104762667985e-02
1.634409916254914164e-01 -7.190052246602950115e-02
1.692632299676588570e-01 -7.278967767307205350e-02
1.751777948643248317e-01 -7.364735377635169000e-02
1.811840289816407656e-01 -7.447351288135381497e-02
1.872812647978095990e-01 -7.526821275476594519e-02
1.934688246772731102e-01 -7.603143835720931054e-02
1.997460209460230063e-01 -7.676296490890358037e-02
2.061121559680280102e-01 -7.746184268909220294e-02
2.125665222227673956e-01 -7.812702793502161736e-02
2.191084023838638650e-01 -7.875773141739017547e-02
2.257370693988056676e-01 -7.935322427950193547e-02
2.324517865697500740e-01 -7.991280436871686654e-02
2.392518076353984391e-01 -8.043583833200673716e-02
2.461363768539343022e-01 -8.092183411122852443e-02
2.531047290870154232e-01 -8.137036046885935681e-02
2.601560898848094272e-01 -8.178106468642723503e-02
2.672896755720651774e-01 -8.215368593435545819e-02
2.745046933352085494e-01 -8.248808646922291266e-02
2.818003413104546162e-01 -8.278394275438483163e-02
2.891758086729252497e-01 -8.304067909389066526e-02
2.966302757267624823e-01 -8.325774494541109128e-02
3.041629139962280792e-01 -8.343463836856093718e-02
3.117728863177794407e-01 -8.357091840906863411e-02
3.194593469331089564e-01 -8.366620269892091621e-02
3.272214415831418144e-01 -8.372018144424783759e-02
3.350583076029753915e-01 -8.373260417382787091e-02
3.429690740177547825e-01 -8.370327645170140551e-02
3.509528616394713696e-01 -8.363205203395147891e-02
3.590087831646743277e-01 -8.351890323914329395e-02
3.671359432730831873e-01 -8.336383667152408306e-02
3.753334387270930161e-01 -8.316662966680762881e-02
3.836003584721576765e-01 -8.292695140726126513e-02
3.919357837380436083e-01 -8.264445308833934245e-02
4.003387881409395943e-01 -8.231879544974232688e-02
4.088084377864137364e-01 -8.194972110103609930e-02
4.173437913732044313e-01 -8.153700869422957076e-02
4.259439002978354649e-01 -8.108047938289575374e-02
4.346078087600411255e-01 -8.057998368760112273e-02
4.433345538689928977e-01 -8.003543489310971371e-02
4.521231657503131940e-01 -7.944677886830896207e-02
4.609726676538650203e-01 -7.881401577783408996e-02
4.698820760623064752e-01 -7.813717819466005354e-02
4.788504008003974244e-01 -7.741635268258682812e-02
4.878766451450451402e-01 -7.665166327699149407e-02
4.969598059360780251e-01 -7.584329266532555125e-02
5.060988736877365390e-01 -7.499145344369639865e-02
5.152928327008634568e-01 -7.409639330026134008e-02
5.245406611757882365e-01 -7.315823308609205322e-02
5.338413313258880688e-01 -7.217691430772441019e-02
5.431938094918128401e-01 -7.115238924592891256e-02
5.525970562563653488e-01 -7.008463998370598191e-02
5.620500265600203438e-01 -6.897369240222361864e-02
5.715516698170692855e-01 -6.781961373892467226e-02
5.811009300323815019e-01 -6.662247031383734808e-02
5.906967459187653091e-01 -6.538233443696296610e-02
6.003380510149177729e-01 -6.409938502309212027e-02
6.100237738039482327e-01 -6.277385387802683625e-02
6.197528378324663745e-01 -6.140575125348031460e-02
6.295241618302156450e-01 -5.999494851853183486e-02
6.393366598302444581e-01 -5.854125156777068711e-02
6.491892412895989839e-01 -5.704442292112721358e-02
6.590808112105230876e-01 -5.550414480679382451e-02
6.690102702621547603e-01 -5.392029210794553606e-02
6.789765149027036095e-01 -5.229397400295289489e-02
6.889784375020977514e-01 -5.062660406140616354e-02
6.990149264650814542e-01 -4.891907553119222152e-02
7.090848663547572039e-01 -4.717273146811526430e-02
7.191871380165538730e-01 -4.539112115497238170e-02
7.293206187026060050e-01 -4.357913624935434715e-02
7.394841821965345563e-01 -4.174420734627778268e-02
7.496766989386134394e-01 -3.989388459786106372e-02
7.598970361513051053e-01 -3.803479220107836706e-02
7.701440579651563922e-01 -3.617213904980445816e-02
7.804166255450371015e-01 -3.430845626240125457e-02
7.907135972167069760e-01 -3.244603936420264317e-02
8.010338285937002034e-01 -3.058737366703505323e-02
8.113761727045106786e-01 -2.873537447605985923e-02
8.217394801200630372e-01 -2.689357582667878735e-02
8.321225990814590245e-01 -2.506590629423122510e-02
8.425243756279822138e-01 -2.325670633065591089e-02
8.529436537253458628e-01 -2.146986938741440171e-02
8.633792753941731402e-01 -1.970884528987288178e-02
8.738300808386934015e-01 -1.797809355401766562e-02
8.842949085756387495e-01 -1.628261827066596751e-02
8.947725955633289985e-01 -1.462209443674987452e-02
9.052619773309316109e-01 -1.299233217614013079e-02
9.157618881078770645e-01 -1.139074185298845701e-02
9.262711609534211021e-01 -9.815270456770608387e-03
9.367886278863364335e-01 -8.259085668307722741e-03
9.473131200147204556e-01 -6.715414689443610988e-03
9.578434676659028923e-01 -5.196329489059061876e-03
9.683785005164411430e-01 -3.719651828452941698e-03
9.789170477221889044e-01 -2.287919694116535320e-03
9.894579380484205267e-01 -9.502473499919069679e-04
9.999999999999998890e-01 -9.570058627026937364e-06
