1.000000000000000000e+00 0.000000000000000000e+00
9.961200000000000054e-01 2.900000000000000017e-04
9.849099999999999522e-01 1.490000000000000005e-03
9.672399999999999887e-01 3.880000000000000202e-03
9.436999999999999833e-01 7.259999999999999960e-03
9.145900000000000141e-01 1.154999999999999950e-02
8.804199999999999804e-01 1.691000000000000142e-02
8.419100000000000472e-01 2.336999999999999841e-02
7.998699999999999699e-01 3.079000000000000140e-02
7.550999999999999934e-01 3.891000000000000014e-02
7.084099999999999842e-01 4.728999999999999870e-02
6.603200000000000180e-01 5.530999999999999805e-02
6.111100000000000421e-01 6.261999999999999511e-02
5.611800000000000122e-01 6.908000000000000251e-02
5.109900000000000553e-01 7.452000000000000290e-02
4.610299999999999954e-01 7.881000000000000505e-02
4.117299999999999849e-01 8.180999999999999384e-02
3.635300000000000198e-01 8.344000000000000028e-02
3.168699999999999850e-01 8.364000000000000601e-02
2.721299999999999830e-01 8.237999999999999490e-02
2.297099999999999975e-01 7.968999999999999695e-02
1.899700000000000000e-01 7.560999999999999666e-02
1.532399999999999873e-01 7.022000000000000464e-02
1.198400000000000021e-01 6.364000000000000212e-02
9.006999999999999729e-02 5.598999999999999810e-02
6.418000000000000094e-02 4.744000000000000300e-02
4.238000000000000100e-02 3.817000000000000254e-02
2.485000000000000056e-02 2.843000000000000041e-02
1.176999999999999921e-02 1.850999999999999868e-02
3.340000000000000087e-03 8.840000000000000635e-03
1.760000000000000063e-03 6.040000000000000230e-03
9.600000000000000243e-04 4.239999999999999845e-03
3.800000000000000209e-04 2.480000000000000000e-03
1.800000000000000113e-04 1.629999999999999939e-03
5.000000000000000240e-05 8.000000000000000383e-04
0.000000000000000000e+00 0.000000000000000000e+00
5.000000000000000240e-05 -8.000000000000000383e-04
1.800000000000000113e-04 -1.629999999999999939e-03
3.800000000000000209e-04 -2.480000000000000000e-03
9.600000000000000243e-04 -4.239999999999999845e-03
1.760000000000000063e-03 -6.040000000000000230e-03
3.340000000000000087e-03 -8.840000000000000635e-03
1.176999999999999921e-02 -1.850999999999999868e-02
2.485000000000000056e-02 -2.843000000000000041e-02
4.238000000000000100e-02 -3.817000000000000254e-02
6.418000000000000094e-02 -4.744000000000000300e-02
9.006999999999999729e-02 -5.598999999999999810e-02
1.198400000000000021e-01 -6.364000000000000212e-02
1.532399999999999873e-01 -7.022000000000000464e-02
1.899700000000000000e-01 -7.560999999999999666e-02
2.297099999999999975e-01 -7.968999999999999695e-02
2.721299999999999830e-01 -8.237999999999999490e-02
3.168699999999999850e-01 -8.364000000000000601e-02
3.635300000000000198e-01 -8.344000000000000028e-02
4.117299999999999849e-01 -8.180999999999999384e-02
4.610299999999999954e-01 -7.881000000000000505e-02
5.109900000000000553e-01 -7.452000000000000290e-02
5.611800000000000122e-01 -6.908000000000000251e-02
6.111100000000000421e-01 -6.261999999999999511e-02
6.603200000000000180e-01 -5.530999999999999805e-02
7.084099999999999842e-01 -4.728999999999999870e-02
7.550999999999999934e-01 -3.891000000000000014e-02
7.998699999999999699e-01 -3.079000000000000140e-02
8.419100000000000472e-01 -2.336999999999999841e-02
8.804199999999999804e-01 -1.691000000000000142e-02
9.145900000000000141e-01 -1.154999999999999950e-02
9.436999999999999833e-01 -7.259999999999999960e-03
9.672399999999999887e-01 -3.880000000000000202e-03
9.849099999999999522e-01 -1.490000000000000005e-03
9.961200000000000054e-01 -2.900000000000000017e-04
1.000000000000000000e+00 0.000000000000000000e+00
