9.999999999999998890e-01 8.125724227720397194e-04
9.894579380484205267e-01 1.324536799779441314e-03
9.789170477221889044e-01 1.836444102315065935e-03
9.683785005164411430e-01 2.348237474118297554e-03
9.578434676659028923e-01 2.859860003728374907e-03
9.473131200147204556e-01 3.371254808261238498e-03
9.367886278863364335e-01 3.882365113483107061e-03
9.262711609534211021e-01 4.393134128656351126e-03
9.157618881078770645e-01 4.903504985434957962e-03
9.052619773309316109e-01 5.413420948445759814e-03
8.947725955633289985e-01 5.922825551265718455e-03
8.842949085756387495e-01 6.431662164129937388e-03
8.738300808386934015e-01 6.939873863415145852e-03
8.633792753941731402e-01 7.447404245606446122e-03
8.529436537253458628e-01 7.954197605820445549e-03
8.425243756279822138e-01 8.460197365508417833e-03
8.321225990814590245e-01 8.965346005298956492e-03
8.217394801200630372e-01 9.469588056683887756e-03
8.113761727045106786e-01 9.972869807973076123e-03
8.010338285937002034e-01 1.047513372149686331e-02
7.907135972167069760e-01 1.097631978072701429e-02
7.804166255450371015e-01 1.147637597100130413e-02
7.701440579651563922e-01 1.197525415767794824e-02
7.598970361513051053e-01 1.247289072965025378e-02
7.496766989386134394e-01 1.296921725940221662e-02
7.394841821965345563e-01 1.346419704299905637e-02
7.293206187026060050e-01 1.395779761616564030e-02
7.191871380165538730e-01 1.444991671436669615e-02
7.090848663547572039e-01 1.494047693056627796e-02
6.990149264650814542e-01 1.542967700769374249e-02
6.889784375020977514e-01 1.591775586689841634e-02
6.789765149027036095e-01 1.640473480997765160e-02
6.690102702621547603e-01 1.689057004561517542e-02
6.590808112105230876e-01 1.737519546935683418e-02
6.491892412895989839e-01 1.785854176781810285e-02
6.393366598302444581e-01 1.834054479591194081e-02
6.295241618302156450e-01 1.882114682594058022e-02
6.197528378324663745e-01 1.930030334722331736e-02
6.100237738039482327e-01 1.977795402259521426e-02
6.003380510149177729e-01 2.025400285715259902e-02
5.906967459187653091e-01 2.072839121460846173e-02
5.811009300323815019e-01 2.120112959897248184e-02
5.715516698170692855e-01 2.167214421575621927e-02
5.620500265600203438e-01 2.214123711215163284e-02
5.525970562563653488e-01 2.260840727179971518e-02
5.431938094918128401e-01 2.307387580132272756e-02
5.338413313258880688e-01 2.353723108406894152e-02
5.245406611757882365e-01 2.399742224294313525e-02
5.152928327008634568e-01 2.445371249010558704e-02
5.060988736877365390e-01 2.490568389133849744e-02
4.969598059360780251e-01 2.535325428796701350e-02
4.878766451450451402e-01 2.579656389152828327e-02
4.788504008003974244e-01 2.623561052940781568e-02
4.698820760623064752e-01 2.667030769439118765e-02
4.609726676538650203e-01 2.710061544520929108e-02
4.521231657503131940e-01 2.752652424074992360e-02
4.433345538689928977e-01 2.794806648279361816e-02
4.346078087600411255e-01 2.836526594022398956e-02
4.259439002978354649e-01 2.877799602005267493e-02
4.173437913732044313e-01 2.918614803591523463e-02
4.088084377864137364e-01 2.958994562524422736e-02
4.003387881409395943e-01 2.998953639989850040e-02
3.919357837380436083e-01 3.038440223301357504e-02
3.836003584721576765e-01 3.077430919598489467e-02
3.753334387270930161e-01 3.116042860748784171e-02
3.671359432730831873e-01 3.154244023608324815e-02
3.590087831646743277e-01 3.191538704846462460e-02
3.509528616394713696e-01 3.227508786048981226e-02
3.429690740177547825e-01 3.262070032945800502e-02
3.350583076029753915e-01 3.295203230759981283e-02
3.272214415831418144e-01 3.326928066205951662e-02
3.194593469331089564e-01 3.357302718596086311e-02
3.117728863177794407e-01 3.386433211986939612e-02
3.041629139962280792e-01 3.414242956659109540e-02
2.966302757267624823e-01 3.440417524081115092e-02
2.891758086729252497e-01 3.464721527589843808e-02
2.818003413104546162e-01 3.487030043786696482e-02
2.745046933352085494e-01 3.507363340202717533e-02
2.672896755720651774e-01 3.525863813486997123e-02
2.601560898848094272e-01 3.542580694048176604e-02
2.531047290870154232e-01 3.557495999346123317e-02
2.461363768539343022e-01 3.570692511072100228e-02
2.392518076353984391e-01 3.582303810100419955e-02
2.324517865697500740e-01 3.592311845961179001e-02
2.257370693988056676e-01 3.600575168750116267e-02
2.191084023838638650e-01 3.606650705517273209e-02
2.125665222227673956e-01 3.610046930641454960e-02
2.061121559680280102e-01 3.610822843269080595e-02
1.997460209460230063e-01 3.609217030366380224e-02
1.934688246772731102e-01 3.605314300784417253e-02
1.872812647978095990e-01 3.599162493848620525e-02
1.811840289816407656e-01 3.590857935685934366e-02
1.751777948643248317e-01 3.580515406763830344e-02
1.692632299676588570e-01 3.568269663978060335e-02
1.634409916254914164e-01 3.554221644816282083e-02
1.577117269106679265e-01 3.538364176400946720e-02
1.520760725631161714e-01 3.520579807275429213e-02
1.465346549190801317e-01 3.500538204426852790e-02
1.410880898415101115e-01 3.478084298743591707e-02
1.357369826516168221e-01 3.453465553589735171e-02
1.304819280615971966e-01 3.426892668033607731e-02
1.253235101085391490e-01 3.398434856440887830e-02
1.202623020895129402e-01 3.367965638209649559e-02
1.152988664978553679e-01 3.335116571850973988e-02
1.104337549606562163e-01 3.299832362786567219e-02
1.056675081774507419e-01 3.262436708859643708e-02
1.010006558601274085e-01 3.223111473822475731e-02
9.643371667405697956e-02 3.181890807971602536e-02
9.196719818044885031e-02 3.139023072180199131e-02
8.760159677994161509e-02 3.094901305710794429e-02
8.333739765743386485e-02 3.049420952319875644e-02
7.917507472816209813e-02 3.002125267048421156e-02
7.511509058502996439e-02 2.952546945693253211e-02
7.115789644719716645e-02 2.900301032517224251e-02
6.730393210993146358e-02 2.845697937504528680e-02
6.355362589573076981e-02 2.789326543783936935e-02
5.990739460672012129e-02 2.731350302970868976e-02
5.636564347832906385e-02 2.671835857885641180e-02
5.292876613425423482e-02 2.611280610406618852e-02
4.959714454271368922e-02 2.550158917856869614e-02
4.637114897399441382e-02 2.488181505267880039e-02
4.325113795930202176e-02 2.424701860844879001e-02
4.023745825091396000e-02 2.358545880273667933e-02
3.733044478364233587e-02 2.288999285510688597e-02
3.453042063760936031e-02 2.217122533587670072e-02
3.183769700234129196e-02 2.143897059496443699e-02
2.925257314218321358e-02 2.069254571767026665e-02
2.677533636303963682e-02 1.993521912941596114e-02
2.440626198044326678e-02 1.918185404791251242e-02
2.214561328895736647e-02 1.843357518101349998e-02
1.999364153291383062e-02 1.766497263500015763e-02
1.795058587848985532e-02 1.686351856394233475e-02
1.601667338712764455e-02 1.603950278393881726e-02
1.419211899029970692e-02 1.519474021757563111e-02
1.247712546562085301e-02 1.431907079565648833e-02
1.087188341431266636e-02 1.342471864773550454e-02
9.376571240020115106e-03 1.254552120419964376e-02
7.991355128984078959e-03 1.166418226770017663e-02
6.716389031571567969e-03 1.072174173029519922e-02
5.551814645166519568e-03 9.726281748064884158e-03
4.497761398421062928e-03 8.733019363034475596e-03
3.554346436871580472e-03 7.750071653154116599e-03
2.721674609919344512e-03 6.758170054867419611e-03
1.999838459177394334e-03 5.765351569617347370e-03
1.388918208186096237e-03 4.785579568379068512e-03
8.889817534969424173e-04 3.769236674185244985e-03
5.000846571264760954e-04 2.674282003476638296e-03
2.222701403818971855e-04 1.670300293833941116e-03
5.556907905679420168e-05 9.019497405834233424e-04
0.000000000000000000e+00 1.481958366991195750e-05
0.000000000000000000e+00 -5.684680468359326467e-06
5.556907905679420168e-05 -6.875475948290383967e-04
2.222701403818971855e-04 -1.587213841245905047e-03
5.000846571264760954e-04 -2.393385532298102341e-03
8.889817534969424173e-04 -3.112009803279457924e-03
1.388918208186096237e-03 -3.796098492369054302e-03
1.999838459177394334e-03 -4.449139479968352781e-03
2.721674609919344512e-03 -5.068046997373833358e-03
3.554346436871580472e-03 -5.653783326855221607e-03
4.497761398421062928e-03 -6.209413601162753690e-03
5.551814645166519568e-03 -6.740879865666012799e-03
6.716389031571567969e-03 -7.251250244624652883e-03
7.991355128984078959e-03 -7.738505042832908784e-03
9.376571240020115106e-03 -8.199654159358509692e-03
1.087188341431266636e-02 -8.631307758186034310e-03
1.247712546562085301e-02 -9.038498392304460463e-03
1.419211899029970692e-02 -9.435122675491148039e-03
1.601667338712764455e-02 -9.821420513199157626e-03
1.795058587848985532e-02 -1.018479100530749262e-02
1.999364153291383062e-02 -1.052201852446223856e-02
2.214561328895736647e-02 -1.083779709222680750e-02
2.440626198044326678e-02 -1.113648937393164201e-02
2.677533636303963682e-02 -1.142164898770535800e-02
2.925257314218321358e-02 -1.169256009916234268e-02
3.183769700234129196e-02 -1.194673018091171185e-02
3.453042063760936031e-02 -1.218671829058370383e-02
3.733044478364233587e-02 -1.241642915815448570e-02
4.023745825091396000e-02 -1.263292643134504567e-02
4.325113795930202176e-02 -1.283214536120316947e-02
4.637114897399441382e-02 -1.301834452088566560e-02
4.959714454271368922e-02 -1.319654381438982796e-02
5.292876613425423482e-02 -1.336325302021288026e-02
5.636564347832906385e-02 -1.351467250413968674e-02
5.990739460672012129e-02 -1.365408826791740353e-02
6.355362589573076981e-02 -1.378558023601157874e-02
6.730393210993146358e-02 -1.391092849582030617e-02
7.115789644719716645e-02 -1.403072600416706631e-02
7.511509058502996439e-02 -1.414369801691958348e-02
7.917507472816209813e-02 -1.424855736364962454e-02
8.333739765743386485e-02 -1.434455949067716535e-02
8.760159677994161509e-02 -1.443107029795783966e-02
9.196719818044885031e-02 -1.450755894088914810e-02
9.643371667405697956e-02 -1.457482567615906756e-02
1.010006558601274085e-01 -1.463550965557188638e-02
1.056675081774507419e-01 -1.469061426592353781e-02
1.104337549606562163e-01 -1.473901244737612325e-02
1.152988664978553679e-01 -1.477983685831949640e-02
1.202623020895129402e-01 -1.481269395612839004e-02
1.253235101085391490e-01 -1.483862039739143254e-02
1.304819280615971966e-01 -1.485975533363249022e-02
1.357369826516168221e-01 -1.487677297588973699e-02
1.410880898415101115e-01 -1.488927387119970934e-02
1.465346549190801317e-01 -1.489699708099158360e-02
1.520760725631161714e-01 -1.489976187944732147e-02
1.577117269106679265e-01 -1.489722620526490009e-02
1.634409916254914164e-01 -1.488900586096617365e-02
1.692632299676588570e-01 -1.487500131386588348e-02
1.751777948643248317e-01 -1.485512837662993600e-02
1.811840289816407656e-01 -1.482869865472480862e-02
1.872812647978095990e-01 -1.479520867466355832e-02
1.934688246772731102e-01 -1.475601886038800832e-02
1.997460209460230063e-01 -1.471278249612083602e-02
2.061121559680280102e-01 -1.466618519224745752e-02
2.125665222227673956e-01 -1.461650823499626925e-02
2.191084023838638650e-01 -1.456348887756049766e-02
2.257370693988056676e-01 -1.450685639816869620e-02
2.324517865697500740e-01 -1.444660120411165628e-02
2.392518076353984391e-01 -1.438269673184345079e-02
2.461363768539343022e-01 -1.431498723007738026e-02
2.531047290870154232e-01 -1.424333297770273912e-02
2.601560898848094272e-01 -1.416765447751940944e-02
2.672896755720651774e-01 -1.408786544959327383e-02
2.745046933352085494e-01 -1.400385922083305194e-02
2.818003413104546162e-01 -1.391552190781319975e-02
2.891758086729252497e-01 -1.382273372284060359e-02
2.966302757267624823e-01 -1.372540634824915597e-02
3.041629139962280792e-01 -1.362348244987914014e-02
3.117728863177794407e-01 -1.351683146378662020e-02
3.194593469331089564e-01 -1.340526466238160623e-02
3.272214415831418144e-01 -1.328875293431113283e-02
3.350583076029753915e-01 -1.316736231684688917e-02
3.429690740177547825e-01 -1.304080135164652383e-02
3.509528616394713696e-01 -1.290867230942463646e-02
3.590087831646743277e-01 -1.277178739122210305e-02
3.671359432730831873e-01 -1.263152915762345840e-02
3.753334387270930161e-01 -1.248856860904003219e-02
3.836003584721576765e-01 -1.234318791399646210e-02
3.919357837380436083e-01 -1.219529875646804123e-02
4.003387881409395943e-01 -1.204472405699543239e-02
4.088084377864137364e-01 -1.189154831131020509e-02
4.173437913732044313e-01 -1.173586697800059649e-02
4.259439002978354649e-01 -1.157747768821702078e-02
4.346078087600411255e-01 -1.141632787426184910e-02
4.433345538689928977e-01 -1.125314287880126336e-02
4.521231657503131940e-01 -1.108864607106942006e-02
4.609726676538650203e-01 -1.092308429112633268e-02
4.698820760623064752e-01 -1.075655875777518401e-02
4.788504008003974244e-01 -1.058902547718297560e-02
4.878766451450451402e-01 -1.042046593666015770e-02
4.969598059360780251e-01 -1.025095172242261425e-02
5.060988736877365390e-01 -1.008051283090651354e-02
5.152928327008634568e-01 -9.909094087402007742e-03
5.245406611757882365e-01 -9.736653485884327192e-03
5.338413313258880688e-01 -9.563178792422527205e-03
5.431938094918128401e-01 -9.388677712723485919e-03
5.525970562563653488e-01 -9.213178337688351927e-03
5.620500265600203438e-01 -9.036702064324447434e-03
5.715516698170692855e-01 -8.859262820819816323e-03
5.811009300323815019e-01 -8.680878616341149503e-03
5.906967459187653091e-01 -8.501570954062133076e-03
6.003380510149177729e-01 -8.321359331703019613e-03
6.100237738039482327e-01 -8.140261865547605141e-03
6.197528378324663745e-01 -7.958297653147108908e-03
6.295241618302156450e-01 -7.775486436818138808e-03
6.393366598302444581e-01 -7.591848379238064562e-03
6.491892412895989839e-01 -7.407403599464469288e-03
6.590808112105230876e-01 -7.222170565712509802e-03
6.690102702621547603e-01 -7.036168044584663848e-03
6.789765149027036095e-01 -6.849420145919907395e-03
6.889784375020977514e-01 -6.661953019132533203e-03
6.990149264650814542e-01 -6.473793804442333315e-03
7.090848663547572039e-01 -6.284968220428030147e-03
7.191871380165538730e-01 -6.095495697121414667e-03
7.293206187026060050e-01 -5.905395094530681808e-03
7.394841821965345563e-01 -5.714687970186330124e-03
7.496766989386134394e-01 -5.523395932201673880e-03
7.598970361513051053e-01 -5.331539421851898622e-03
7.701440579651563922e-01 -5.139139046784008992e-03
7.804166255450371015e-01 -4.946216146297033323e-03
7.907135972167069760e-01 -4.752792011703331487e-03
8.010338285937002034e-01 -4.558887689370574696e-03
8.113761727045106786e-01 -4.364524361999007861e-03
8.217394801200630372e-01 -4.169723450945985593e-03
8.321225990814590245e-01 -3.974506379435541192e-03
8.425243756279822138e-01 -3.778894552579357795e-03
8.529436537253458628e-01 -3.582909465859151175e-03
8.633792753941731402e-01 -3.386572712755266286e-03
8.738300808386934015e-01 -3.189905919089049916e-03
8.842949085756387495e-01 -2.992930739805225310e-03
8.947725955633289985e-01 -2.795668895023287106e-03
9.052619773309316109e-01 -2.598142156643131091e-03
9.157618881078770645e-01 -2.400372338343345971e-03
9.262711609534211021e-01 -2.202381285000078442e-03
9.367886278863364335e-01 -2.004190892198439572e-03
9.473131200147204556e-01 -1.805823087494489755e-03
9.578434676659028923e-01 -1.607299837692744348e-03
9.683785005164411430e-01 -1.408643133466694515e-03
9.789170477221889044e-01 -1.209875004922315173e-03
9.894579380484205267e-01 -1.011017502518696482e-03
9.999999999999998890e-01 -8.120927054536639534e-04
