9.999999999999998890e-01 1.295672820456351829e-03
9.894579380484205267e-01 2.508685165993208410e-03
9.789170477221889044e-01 3.930834326212987416e-03
9.683785005164411430e-01 5.507468747530297817e-03
9.578434676659028923e-01 7.176630394363042037e-03
9.473131200147204556e-01 8.887229202453239899e-03
9.367886278863364335e-01 1.062189434359932759e-02
9.262711609534211021e-01 1.237120879191310092e-02
9.157618881078770645e-01 1.413087982097518264e-02
9.052619773309316109e-01 1.589634853153781488e-02
8.947725955633289985e-01 1.766122704285459297e-02
8.842949085756387495e-01 1.941954734183393497e-02
8.738300808386934015e-01 2.116632165302646459e-02
8.633792753941731402e-01 2.289622952647147464e-02
8.529436537253458628e-01 2.460341106831224686e-02
8.425243756279822138e-01 2.628260177576337633e-02
8.321225990814590245e-01 2.792937599029384280e-02
8.217394801200630372e-01 2.954196244094916754e-02
8.113761727045106786e-01 3.112105907263959179e-02
8.010338285937002034e-01 3.266718498490878836e-02
7.907135972167069760e-01 3.418064801299607047e-02
7.804166255450371015e-01 3.566188784368528458e-02
7.701440579651563922e-01 3.711143121386380195e-02
7.598970361513051053e-01 3.852974508836005257e-02
7.496766989386134394e-01 3.991726678811451795e-02
7.394841821965345563e-01 4.127447495762357615e-02
7.293206187026060050e-01 4.260186666165696051e-02
7.191871380165538730e-01 4.389993010557377562e-02
7.090848663547572039e-01 4.516915016879859829e-02
6.990149264650814542e-01 4.641001291027549436e-02
6.889784375020977514e-01 4.762301212989937527e-02
6.789765149027036095e-01 4.880867340952367572e-02
6.690102702621547603e-01 4.996737053405141127e-02
6.590808112105230876e-01 5.109890639030770232e-02
6.491892412895989839e-01 5.220295127948614000e-02
6.393366598302444581e-01 5.327915904984761863e-02
6.295241618302156450e-01 5.432719846912081874e-02
6.197528378324663745e-01 5.534678206437514819e-02
6.100237738039482327e-01 5.633763798124007127e-02
6.003380510149177729e-01 5.729951304822555880e-02
5.906967459187653091e-01 5.823217356219879959e-02
5.811009300323815019e-01 5.913541546583391678e-02
5.715516698170692855e-01 6.000905399665265594e-02
5.620500265600203438e-01 6.085292847429889934e-02
5.525970562563653488e-01 6.166689884393136700e-02
5.431938094918128401e-01 6.245084872661843534e-02
5.338413313258880688e-01 6.320468676653698270e-02
5.245406611757882365e-01 6.392834668981137169e-02
5.152928327008634568e-01 6.462178111579777728e-02
5.060988736877365390e-01 6.528496060229486975e-02
4.969598059360780251e-01 6.591789234351996818e-02
4.878766451450451402e-01 6.652060996892102118e-02
4.788504008003974244e-01 6.709315068011453831e-02
4.698820760623064752e-01 6.763556301428833017e-02
4.609726676538650203e-01 6.814797746775111409e-02
4.521231657503131940e-01 6.863052185307902398e-02
4.433345538689928977e-01 6.908301400557545491e-02
4.346078087600411255e-01 6.950513185689666251e-02
4.259439002978354649e-01 6.989650865965582605e-02
4.173437913732044313e-01 7.025678373278765321e-02
4.088084377864137364e-01 7.058569778964908503e-02
4.003387881409395943e-01 7.088303142420251945e-02
3.919357837380436083e-01 7.114860473413561759e-02
3.836003584721576765e-01 7.138227045087733313e-02
3.753334387270930161e-01 7.158395470145866024e-02
3.671359432730831873e-01 7.175361564284585270e-02
3.590087831646743277e-01 7.189125758266820543e-02
3.509528616394713696e-01 7.199692416705764930e-02
3.429690740177547825e-01 7.207072881306973711e-02
3.350583076029753915e-01 7.211280987062330949e-02
3.272214415831418144e-01 7.212333540023189993e-02
3.194593469331089564e-01 7.210253291756107963e-02
3.117728863177794407e-01 7.205071584000753704e-02
3.041629139962280792e-01 7.196818543673241808e-02
2.966302757267624823e-01 7.185522366065569266e-02
2.891758086729252497e-01 7.171226691054966018e-02
2.818003413104546162e-01 7.153990155858742928e-02
2.745046933352085494e-01 7.133832702295903050e-02
2.672896755720651774e-01 7.110735533044371115e-02
2.601560898848094272e-01 7.084642214071736055e-02
2.531047290870154232e-01 7.055470660144920469e-02
2.461363768539343022e-01 7.023167270999573775e-02
2.392518076353984391e-01 6.987698209306221486e-02
2.324517865697500740e-01 6.949036472381377172e-02
2.257370693988056676e-01 6.907160986799516789e-02
2.191084023838638650e-01 6.862068631716337908e-02
2.125665222227673956e-01 6.813766457182608705e-02
2.061121559680280102e-01 6.762273675258057004e-02
1.997460209460230063e-01 6.707616748713150778e-02
1.934688246772731102e-01 6.649835461275103998e-02
1.872812647978095990e-01 6.588977218218290688e-02
1.811840289816407656e-01 6.525103662578307651e-02
1.751777948643248317e-01 6.458282371012433187e-02
1.692632299676588570e-01 6.388588575152691351e-02
1.634409916254914164e-01 6.316105722926163013e-02
1.577117269106679265e-01 6.240935867065616760e-02
1.520760725631161714e-01 6.163181772551755422e-02
1.465346549190801317e-01 6.082940368654412427e-02
1.410880898415101115e-01 6.000328500513522206e-02
1.357369826516168221e-01 5.915502551433693412e-02
1.304819280615971966e-01 5.828540793746370130e-02
1.253235101085391490e-01 5.739385049547887641e-02
1.202623020895129402e-01 5.647947344289095534e-02
1.152988664978553679e-01 5.554117565324257627e-02
1.104337549606562163e-01 5.457831708454074365e-02
1.056675081774507419e-01 5.359082284560132831e-02
1.010006558601274085e-01 5.257882455809868155e-02
9.643371667405697956e-02 5.154264926794130397e-02
9.196719818044885031e-02 5.048302228032106043e-02
8.760159677994161509e-02 4.940094054491855902e-02
8.333739765743386485e-02 4.829672433898116179e-02
7.917507472816209813e-02 4.717025156394091118e-02
7.511509058502996439e-02 4.602177778440658812e-02
7.115789644719716645e-02 4.485186024713391784e-02
6.730393210993146358e-02 4.366166837745567852e-02
6.355362589573076981e-02 4.245270493520846705e-02
5.990739460672012129e-02 4.122669800453188094e-02
5.636564347832906385e-02 3.998560136108466473e-02
5.292876613425423482e-02 3.873210287184837564e-02
4.959714454271368922e-02 3.746904666115703775e-02
4.637114897399441382e-02 3.619885650380129383e-02
4.325113795930202176e-02 3.492432428725414373e-02
4.023745825091396000e-02 3.365003995115976865e-02
3.733044478364233587e-02 3.237874948451550244e-02
3.453042063760936031e-02 3.110630226167224871e-02
3.183769700234129196e-02 2.982733144893148780e-02
2.925257314218321358e-02 2.853672017122437995e-02
2.677533636303963682e-02 2.723111626990241951e-02
2.440626198044326678e-02 2.591081857667695831e-02
2.214561328895736647e-02 2.457780453275485583e-02
1.999364153291383062e-02 2.323620697678736163e-02
1.795058587848985532e-02 2.189083563956916931e-02
1.601667338712764455e-02 2.054723576835633739e-02
1.419211899029970692e-02 1.921303504990734198e-02
1.247712546562085301e-02 1.789831356051934524e-02
1.087188341431266636e-02 1.661139298092212044e-02
9.376571240020115106e-03 1.535853122983443959e-02
7.991355128984078959e-03 1.414501551115301091e-02
6.716389031571567969e-03 1.297300336204749993e-02
5.551814645166519568e-03 1.181082987125889154e-02
4.497761398421062928e-03 1.060925943489528234e-02
3.554346436871580472e-03 9.405685255217706778e-03
2.721674609919344512e-03 8.276626948151641003e-03
1.999838459177394334e-03 7.156757841810471726e-03
1.388918208186096237e-03 5.949160582092142061e-03
8.889817534969424173e-04 4.875152440329793245e-03
5.000846571264760954e-04 4.155833553757308507e-03
2.222701403818971855e-04 3.176543684278214808e-03
5.556907905679420168e-05 1.338142620030953077e-03
0.000000000000000000e+00 -3.905441013226794607e-04
0.000000000000000000e+00 -4.802269678658610715e-04
5.556907905679420168e-05 -5.492264855423273622e-04
2.222701403818971855e-04 -7.526560142713966577e-04
5.000846571264760954e-04 -1.081215729721802035e-03
8.889817534969424173e-04 -1.518337195495082824e-03
1.388918208186096237e-03 -2.044111547883932165e-03
1.999838459177394334e-03 -2.633599549101649489e-03
2.721674609919344512e-03 -3.260760732519555130e-03
3.554346436871580472e-03 -3.899008301639386893e-03
4.497761398421062928e-03 -4.524547679156353842e-03
5.551814645166519568e-03 -5.119127034590113985e-03
6.716389031571567969e-03 -5.672372634284428977e-03
7.991355128984078959e-03 -6.185811261447144577e-03
9.376571240020115106e-03 -6.676934607940822504e-03
1.087188341431266636e-02 -7.182500976551771388e-03
1.247712546562085301e-02 -7.721084862325687005e-03
1.419211899029970692e-02 -8.289021129059189266e-03
1.601667338712764455e-02 -8.877231262311565882e-03
1.795058587848985532e-02 -9.472568847313194221e-03
1.999364153291383062e-02 -1.006108809394625804e-02
2.214561328895736647e-02 -1.062903060933018465e-02
2.440626198044326678e-02 -1.117130131018517249e-02
2.677533636303963682e-02 -1.168894013612350145e-02
2.925257314218321358e-02 -1.218577027024726755e-02
3.183769700234129196e-02 -1.266702578867063417e-02
3.453042063760936031e-02 -1.313711845244954803e-02
3.733044478364233587e-02 -1.359934525576962823e-02
4.023745825091396000e-02 -1.405240011296691148e-02
4.325113795930202176e-02 -1.449351503412263549e-02
4.637114897399441382e-02 -1.492180030719777312e-02
4.959714454271368922e-02 -1.533690424661358215e-02
5.292876613425423482e-02 -1.573813413249645216e-02
5.636564347832906385e-02 -1.612496208692282620e-02
5.990739460672012129e-02 -1.649777547240455916e-02
6.355362589573076981e-02 -1.685727348673072071e-02
6.730393210993146358e-02 -1.720447202761592881e-02
7.115789644719716645e-02 -1.753996281749979624e-02
7.511509058502996439e-02 -1.786316310903890772e-02
7.917507472816209813e-02 -1.817339520222217494e-02
8.333739765743386485e-02 -1.847014617865768912e-02
8.760159677994161509e-02 -1.875300814119068571e-02
9.196719818044885031e-02 -1.902171879569202265e-02
9.643371667405697956e-02 -1.927606499833179124e-02
1.010006558601274085e-01 -1.951588997063392200e-02
1.056675081774507419e-01 -1.974124702475077084e-02
1.104337549606562163e-01 -1.995243182711746444e-02
1.152988664978553679e-01 -2.014960797905708881e-02
1.202623020895129402e-01 -2.033278970797420052e-02
1.253235101085391490e-01 -2.050198450089369892e-02
1.304819280615971966e-01 -2.065721148289583267e-02
1.357369826516168221e-01 -2.079864930274113316e-02
1.410880898415101115e-01 -2.092657145331340215e-02
1.465346549190801317e-01 -2.104103221931036619e-02
1.520760725631161714e-01 -2.114196925901593027e-02
1.577117269106679265e-01 -2.122947672152636009e-02
1.634409916254914164e-01 -2.130372555677724489e-02
1.692632299676588570e-01 -2.136485921124507692e-02
1.751777948643248317e-01 -2.141299482265921969e-02
1.811840289816407656e-01 -2.144816791638917003e-02
1.872812647978095990e-01 -2.147041569029277050e-02
1.934688246772731102e-01 -2.147991796232024894e-02
1.997460209460230063e-01 -2.147685558437890940e-02
2.061121559680280102e-01 -2.146125311993226509e-02
2.125665222227673956e-01 -2.143309612220026250e-02
2.191084023838638650e-01 -2.139236568862784571e-02
2.257370693988056676e-01 -2.133908205879228928e-02
2.324517865697500740e-01 -2.127337077226426967e-02
2.392518076353984391e-01 -2.119542012602412470e-02
2.461363768539343022e-01 -2.110551893767581219e-02
2.531047290870154232e-01 -2.100403609133222327e-02
2.601560898848094272e-01 -2.089145986896676424e-02
2.672896755720651774e-01 -2.076813511694784037e-02
2.745046933352085494e-01 -2.063416444599931385e-02
2.818003413104546162e-01 -2.048953226549970683e-02
2.891758086729252497e-01 -2.033409964950944407e-02
2.966302757267624823e-01 -2.016779961137918700e-02
3.041629139962280792e-01 -1.999065958314356559e-02
3.117728863177794407e-01 -1.980285076523586457e-02
3.194593469331089564e-01 -1.960467612016938282e-02
3.272214415831418144e-01 -1.939649960148520300e-02
3.350583076029753915e-01 -1.917872220321774346e-02
3.429690740177547825e-01 -1.895166874432728868e-02
3.509528616394713696e-01 -1.871560985539873559e-02
3.590087831646743277e-01 -1.847078026091663466e-02
3.671359432730831873e-01 -1.821740105373221771e-02
3.753334387270930161e-01 -1.795573531467262868e-02
3.836003584721576765e-01 -1.768605289371852005e-02
3.919357837380436083e-01 -1.740854626090526658e-02
4.003387881409395943e-01 -1.712339310195466410e-02
4.088084377864137364e-01 -1.683084560822581746e-02
4.173437913732044313e-01 -1.653113334632174899e-02
4.259439002978354649e-01 -1.622429398796944658e-02
4.346078087600411255e-01 -1.591030646522288705e-02
4.433345538689928977e-01 -1.558911936413486486e-02
4.521231657503131940e-01 -1.526066397725772857e-02
4.609726676538650203e-01 -1.492484090679531070e-02
4.698820760623064752e-01 -1.458151172259343140e-02
4.788504008003974244e-01 -1.423045898317550247e-02
4.878766451450451402e-01 -1.387145954159744836e-02
4.969598059360780251e-01 -1.350430256880286867e-02
5.060988736877365390e-01 -1.312886911959837075e-02
5.152928327008634568e-01 -1.274518792517967056e-02
5.245406611757882365e-01 -1.235325033306860359e-02
5.338413313258880688e-01 -1.195299439354544947e-02
5.431938094918128401e-01 -1.154489090031304149e-02
5.525970562563653488e-01 -1.113005157436737676e-02
5.620500265600203438e-01 -1.070994295814504255e-02
5.715516698170692855e-01 -1.028630904002318658e-02
5.811009300323815019e-01 -9.860291025592419004e-03
5.906967459187653091e-01 -9.432480220346643740e-03
6.003380510149177729e-01 -9.002948717186536054e-03
6.100237738039482327e-01 -8.571463342609239242e-03
6.197528378324663745e-01 -8.138266839919505377e-03
6.295241618302156450e-01 -7.703944004666229972e-03
6.393366598302444581e-01 -7.269561802911932158e-03
6.491892412895989839e-01 -6.836386456541624669e-03
6.590808112105230876e-01 -6.405442445596725223e-03
6.690102702621547603e-01 -5.977618084078174625e-03
6.789765149027036095e-01 -5.553602887509319873e-03
6.889784375020977514e-01 -5.134013426811485231e-03
6.990149264650814542e-01 -4.719442038216046555e-03
7.090848663547572039e-01 -4.310394041884960288e-03
7.191871380165538730e-01 -3.907077974157432791e-03
7.293206187026060050e-01 -3.509761491412515411e-03
7.394841821965345563e-01 -3.119102711780799564e-03
7.496766989386134394e-01 -2.736059636533518056e-03
7.598970361513051053e-01 -2.362158801871327204e-03
7.701440579651563922e-01 -1.998644679010231663e-03
7.804166255450371015e-01 -1.645978108171797672e-03
7.907135972167069760e-01 -1.304280755724209883e-03
8.010338285937002034e-01 -9.732669397761608372e-04
8.113761727045106786e-01 -6.534672808069830500e-04
8.217394801200630372e-01 -3.466771274953941669e-04
8.321225990814590245e-01 -5.453552021398816414e-05
8.425243756279822138e-01 2.217003335765110265e-04
8.529436537253458628e-01 4.822803219141338286e-04
8.633792753941731402e-01 7.289243702055065929e-04
8.738300808386934015e-01 9.616590944558101603e-04
8.842949085756387495e-01 1.179036944697955990e-03
8.947725955633289985e-01 1.380931537772996228e-03
9.052619773309316109e-01 1.568051202357872856e-03
9.157618881078770645e-01 1.738923627637146757e-03
9.262711609534211021e-01 1.890178346019020681e-03
9.367886278863364335e-01 2.013856873342100961e-03
9.473131200147204556e-01 2.099616491157597561e-03
9.578434676659028923e-01 2.137314460355036177e-03
9.683785005164411430e-01 2.115080766959771819e-03
9.789170477221889044e-01 2.010225406830137753e-03
9.894579380484205267e-01 1.780815546371155612e-03
9.999999999999998890e-01 1.310656822251588969e-03
