9.999999999999998890e-01 2.074855545567051457e-04
9.894579380484205267e-01 2.966071838536453193e-03
9.789170477221889044e-01 5.895893838238634027e-03
9.683785005164411430e-01 8.506728258731430237e-03
9.578434676659028923e-01 1.087145379766276364e-02
9.473131200147204556e-01 1.314531019838634934e-02
9.367886278863364335e-01 1.539234050983545425e-02
9.262711609534211021e-01 1.764535078321202710e-02
9.157618881078770645e-01 1.990126002860166665e-02
9.052619773309316109e-01 2.215526960254120270e-02
8.947725955633289985e-01 2.440865285157335640e-02
8.842949085756387495e-01 2.666183538801986455e-02
8.738300808386934015e-01 2.891284423182843843e-02
8.633792753941731402e-01 3.116038167799628847e-02
8.529436537253458628e-01 3.340431877296266838e-02
8.425243756279822138e-01 3.564404681924452506e-02
8.321225990814590245e-01 3.787834534562890820e-02
8.217394801200630372e-01 4.010641325894976489e-02
8.113761727045106786e-01 4.232781805357315602e-02
8.010338285937002034e-01 4.454115489613461737e-02
7.907135972167069760e-01 4.674421123113248200e-02
7.804166255450371015e-01 4.893457563917980729e-02
7.701440579651563922e-01 5.110972840059499478e-02
7.598970361513051053e-01 5.326725527837275487e-02
7.496766989386134394e-01 5.540480568682103896e-02
7.394841821965345563e-01 5.752004955666564084e-02
7.293206187026060050e-01 5.961067778093465802e-02
7.191871380165538730e-01 6.167445553882066472e-02
7.090848663547572039e-01 6.370918777881838524e-02
6.990149264650814542e-01 6.571273427948234880e-02
6.889784375020977514e-01 6.768299011177672520e-02
6.789765149027036095e-01 6.961792537895489241e-02
6.690102702621547603e-01 7.151555005351899197e-02
6.590808112105230876e-01 7.337394388068901874e-02
6.491892412895989839e-01 7.519123035111578701e-02
6.393366598302444581e-01 7.696561596191185683e-02
6.295241618302156450e-01 7.869534377108818035e-02
6.197528378324663745e-01 8.037870892497314679e-02
6.100237738039482327e-01 8.201400476499524916e-02
6.003380510149177729e-01 8.359950638114410637e-02
5.906967459187653091e-01 8.513358343955665375e-02
5.811009300323815019e-01 8.661476990595808056e-02
5.715516698170692855e-01 8.804158673711774685e-02
5.620500265600203438e-01 8.941252066234911533e-02
5.525970562563653488e-01 9.072629700126610963e-02
5.431938094918128401e-01 9.198191650638333494e-02
5.338413313258880688e-01 9.317801884134171986e-02
5.245406611757882365e-01 9.431278893734272584e-02
5.152928327008634568e-01 9.538315610654930776e-02
5.060988736877365390e-01 9.638498387907284970e-02
4.969598059360780251e-01 9.731406462250355438e-02
4.878766451450451402e-01 9.816634243797925374e-02
4.788504008003974244e-01 9.893967834468701816e-02
4.698820760623064752e-01 9.963333964621250149e-02
4.609726676538650203e-01 1.002486670099593663e-01
4.521231657503131940e-01 1.007879618795619603e-01
4.433345538689928977e-01 1.012529144228922623e-01
4.346078087600411255e-01 1.016450061760192508e-01
4.259439002978354649e-01 1.019660324053345141e-01
4.173437913732044313e-01 1.022178684699811685e-01
4.088084377864137364e-01 1.024022441349407148e-01
4.003387881409395943e-01 1.025208644916979078e-01
3.919357837380436083e-01 1.025755034564850704e-01
3.836003584721576765e-01 1.025680431011236210e-01
3.753334387270930161e-01 1.025006559744871398e-01
3.671359432730831873e-01 1.023755765490442643e-01
3.590087831646743277e-01 1.021950509746076680e-01
3.509528616394713696e-01 1.019613067805447276e-01
3.429690740177547825e-01 1.016765264658301554e-01
3.350583076029753915e-01 1.013428657760765683e-01
3.272214415831418144e-01 1.009624423346860561e-01
3.194593469331089564e-01 1.005373646203832072e-01
3.117728863177794407e-01 1.000697313701357782e-01
3.041629139962280792e-01 9.956156668221734229e-02
2.966302757267624823e-01 9.901476521868292358e-02
2.891758086729252497e-01 9.843030006741448901e-02
2.818003413104546162e-01 9.780815563888563269e-02
2.745046933352085494e-01 9.714841507286475775e-02
2.672896755720651774e-01 9.645130268050380873e-02
2.601560898848094272e-01 9.571711329547986924e-02
2.531047290870154232e-01 9.494620210646133318e-02
2.461363768539343022e-01 9.413903939358971018e-02
2.392518076353984391e-01 9.329617843584712966e-02
2.324517865697500740e-01 9.241825598838555866e-02
2.257370693988056676e-01 9.150596858958501278e-02
2.191084023838638650e-01 9.056012498289732482e-02
2.125665222227673956e-01 8.958158437277834174e-02
2.061121559680280102e-01 8.857120174280579128e-02
1.997460209460230063e-01 8.752985507414270949e-02
1.934688246772731102e-01 8.645854730390091503e-02
1.872812647978095990e-01 8.535833049499809422e-02
1.811840289816407656e-01 8.423029712969240523e-02
1.751777948643248317e-01 8.307560578792949624e-02
1.692632299676588570e-01 8.189560537986377564e-02
1.634409916254914164e-01 8.069164174439165393e-02
1.577117269106679265e-01 7.946493763147288725e-02
1.520760725631161714e-01 7.821690244840388828e-02
1.465346549190801317e-01 7.694942866204232401e-02
1.410880898415101115e-01 7.566368800476409862e-02
1.357369826516168221e-01 7.435929741646413182e-02
1.304819280615971966e-01 7.303534373750326936e-02
1.253235101085391490e-01 7.169035031753451248e-02
1.202623020895129402e-01 7.032330538338611714e-02
1.152988664978553679e-01 6.893391890070522943e-02
1.104337549606562163e-01 6.752212547000056853e-02
1.056675081774507419e-01 6.608807600359666024e-02
1.010006558601274085e-01 6.463228325613840086e-02
9.643371667405697956e-02 6.315561991803676778e-02
9.196719818044885031e-02 6.165923008820699269e-02
8.760159677994161509e-02 6.014448983565030826e-02
8.333739765743386485e-02 5.861302642191903306e-02
7.917507472816209813e-02 5.706666801700416985e-02
7.511509058502996439e-02 5.550755208593307483e-02
7.115789644719716645e-02 5.393800210638442089e-02
6.730393210993146358e-02 5.236039538905622182e-02
6.355362589573076981e-02 5.077721958930619950e-02
5.990739460672012129e-02 4.919153128711582085e-02
5.636564347832906385e-02 4.760581036227031632e-02
5.292876613425423482e-02 4.601810304516601446e-02
4.959714454271368922e-02 4.442524897883323026e-02
4.637114897399441382e-02 4.282544841702237703e-02
4.325113795930202176e-02 4.121764464945580630e-02
4.023745825091396000e-02 3.960211503829608182e-02
3.733044478364233587e-02 3.798001096566488988e-02
3.453042063760936031e-02 3.635420957483462279e-02
3.183769700234129196e-02 3.472782819121440767e-02
2.925257314218321358e-02 3.310377057307972715e-02
2.677533636303963682e-02 3.148632988382002451e-02
2.440626198044326678e-02 2.988275982666697278e-02
2.214561328895736647e-02 2.829742269102374433e-02
1.999364153291383062e-02 2.672880645920126461e-02
1.795058587848985532e-02 2.516886738274761587e-02
1.601667338712764455e-02 2.360102632161588040e-02
1.419211899029970692e-02 2.201737348685697121e-02
1.247712546562085301e-02 2.042173000131512761e-02
1.087188341431266636e-02 1.881954137756746553e-02
9.376571240020115106e-03 1.721761353751272844e-02
7.991355128984078959e-03 1.563074390541711531e-02
6.716389031571567969e-03 1.408021597287067821e-02
5.551814645166519568e-03 1.257934523421666735e-02
4.497761398421062928e-03 1.113773826186918725e-02
3.554346436871580472e-03 9.792379350921327080e-03
2.721674609919344512e-03 8.574476998744952339e-03
1.999838459177394334e-03 7.307531757030878879e-03
1.388918208186096237e-03 5.785419719212358050e-03
8.889817534969424173e-04 4.385126628314498995e-03
5.000846571264760954e-04 3.543444876224066155e-03
2.222701403818971855e-04 2.523347866213678913e-03
5.556907905679420168e-05 6.908757657661760299e-04
0.000000000000000000e+00 9.916947664562312961e-06
0.000000000000000000e+00 -1.155582314886283358e-05
5.556907905679420168e-05 -8.414143370174461409e-04
2.222701403818971855e-04 -1.422232769274976889e-03
5.000846571264760954e-04 -2.067238153728983858e-03
8.889817534969424173e-04 -2.757902355233092084e-03
1.388918208186096237e-03 -3.438843142795351086e-03
1.999838459177394334e-03 -4.140090074609390630e-03
2.721674609919344512e-03 -4.889125782339942203e-03
3.554346436871580472e-03 -5.675054526040070567e-03
4.497761398421062928e-03 -6.485515899514624968e-03
5.551814645166519568e-03 -7.315412299679531494e-03
6.716389031571567969e-03 -8.162942436086752934e-03
7.991355128984078959e-03 -9.030127834880035537e-03
9.376571240020115106e-03 -9.913886889066950495e-03
1.087188341431266636e-02 -1.080410896414654362e-02
1.247712546562085301e-02 -1.169744365985798257e-02
1.419211899029970692e-02 -1.259857841771374644e-02
1.601667338712764455e-02 -1.350959291783769903e-02
1.795058587848985532e-02 -1.442955973909320309e-02
1.999364153291383062e-02 -1.535562624865755184e-02
2.214561328895736647e-02 -1.628364023401627364e-02
2.440626198044326678e-02 -1.721129768142673835e-02
2.677533636303963682e-02 -1.813775019537128275e-02
2.925257314218321358e-02 -1.906393486471940832e-02
3.183769700234129196e-02 -1.999153238239358490e-02
3.453042063760936031e-02 -2.092020989935891237e-02
3.733044478364233587e-02 -2.184862592762268699e-02
4.023745825091396000e-02 -2.277513222923330943e-02
4.325113795930202176e-02 -2.369819600875202811e-02
4.637114897399441382e-02 -2.461751773179209068e-02
4.959714454271368922e-02 -2.553326542420931294e-02
5.292876613425423482e-02 -2.644588119087902880e-02
5.636564347832906385e-02 -2.735556267712291323e-02
5.990739460672012129e-02 -2.826137408200158144e-02
6.355362589573076981e-02 -2.916227902116164464e-02
6.730393210993146358e-02 -3.005768693918346030e-02
7.115789644719716645e-02 -3.094731804862466129e-02
7.511509058502996439e-02 -3.183145065867570844e-02
7.917507472816209813e-02 -3.271031858675287757e-02
8.333739765743386485e-02 -3.358389337966741911e-02
8.760159677994161509e-02 -3.445193572778704888e-02
9.196719818044885031e-02 -3.531390681659797581e-02
9.643371667405697956e-02 -3.616950858528915347e-02
1.010006558601274085e-01 -3.701883366091474059e-02
1.056675081774507419e-01 -3.786213580787823468e-02
1.104337549606562163e-01 -3.869981235250602447e-02
1.152988664978553679e-01 -3.953191922670798442e-02
1.202623020895129402e-01 -4.035815817951415863e-02
1.253235101085391490e-01 -4.117826165534820698e-02
1.304819280615971966e-01 -4.199202013816329127e-02
1.357369826516168221e-01 -4.279947076965100877e-02
1.410880898415101115e-01 -4.360081337760493558e-02
1.465346549190801317e-01 -4.439609148434105201e-02
1.520760725631161714e-01 -4.518521994190090318e-02
1.577117269106679265e-01 -4.596784445949446407e-02
1.634409916254914164e-01 -4.674349942035644495e-02
1.692632299676588570e-01 -4.751189467334053507e-02
1.751777948643248317e-01 -4.827282246036685570e-02
1.811840289816407656e-01 -4.902611634534348450e-02
1.872812647978095990e-01 -4.977158024000075121e-02
1.934688246772731102e-01 -5.050881158105351154e-02
1.997460209460230063e-01 -5.123735322085159333e-02
2.061121559680280102e-01 -5.195677001011127921e-02
2.125665222227673956e-01 -5.266665504514400631e-02
2.191084023838638650e-01 -5.336667418985367728e-02
2.257370693988056676e-01 -5.405649880438270771e-02
2.324517865697500740e-01 -5.473577684386951581e-02
2.392518076353984391e-01 -5.540414018375675737e-02
2.461363768539343022e-01 -5.606119431726996200e-02
2.531047290870154232e-01 -5.670658642324548360e-02
2.601560898848094272e-01 -5.734004567620742260e-02
2.672896755720651774e-01 -5.796127800982531220e-02
2.745046933352085494e-01 -5.856993588987156191e-02
2.818003413104546162e-01 -5.916549923216110618e-02
2.891758086729252497e-01 -5.974723217896777544e-02
2.966302757267624823e-01 -6.031442456167853544e-02
3.041629139962280792e-01 -6.086640884829634668e-02
3.117728863177794407e-01 -6.140250054908508864e-02
3.194593469331089564e-01 -6.192200588105049169e-02
3.272214415831418144e-01 -6.242435597997070956e-02
3.350583076029753915e-01 -6.290907858408892328e-02
3.429690740177547825e-01 -6.337569539804316365e-02
3.509528616394713696e-01 -6.382373027271028010e-02
3.590087831646743277e-01 -6.425277972284876293e-02
3.671359432730831873e-01 -6.466243400544938180e-02
3.753334387270930161e-01 -6.505193424199554042e-02
3.836003584721576765e-01 -6.542035088144905475e-02
3.919357837380436083e-01 -6.576668842134897330e-02
4.003387881409395943e-01 -6.608992044298007962e-02
4.088084377864137364e-01 -6.638898962944096704e-02
4.173437913732044313e-01 -6.666287172984894371e-02
4.259439002978354649e-01 -6.691072047556459457e-02
4.346078087600411255e-01 -6.713173888445396476e-02
4.433345538689928977e-01 -6.732514036723347139e-02
4.521231657503131940e-01 -6.749017733517266582e-02
4.609726676538650203e-01 -6.762620505958086281e-02
4.698820760623064752e-01 -6.773227362186985678e-02
4.788504008003974244e-01 -6.780667252717680060e-02
4.878766451450451402e-01 -6.784745642726280890e-02
4.969598059360780251e-01 -6.785243343323658916e-02
5.060988736877365390e-01 -6.781940005786617209e-02
5.152928327008634568e-01 -6.774618602969845194e-02
5.245406611757882365e-01 -6.763085627050885451e-02
5.338413313258880688e-01 -6.747180108095059137e-02
5.431938094918128401e-01 -6.726755835615404189e-02
5.525970562563653488e-01 -6.701679397113291525e-02
5.620500265600203438e-01 -6.671781275212597395e-02
5.715516698170692855e-01 -6.636842716833799005e-02
5.811009300323815019e-01 -6.596426153880603771e-02
5.906967459187653091e-01 -6.549919789847119533e-02
6.003380510149177729e-01 -6.496785261711114645e-02
6.100237738039482327e-01 -6.436508781520874911e-02
6.197528378324663745e-01 -6.368263268158327883e-02
6.295241618302156450e-01 -6.291006399444255826e-02
6.393366598302444581e-01 -6.203442786966339995e-02
6.491892412895989839e-01 -6.104180266220463058e-02
6.590808112105230876e-01 -5.992004272702472489e-02
6.690102702621547603e-01 -5.865896260029854897e-02
6.789765149027036095e-01 -5.725509867772825973e-02
6.889784375020977514e-01 -5.570690238549469431e-02
6.990149264650814542e-01 -5.401115288896145977e-02
7.090848663547572039e-01 -5.216652068967727457e-02
7.191871380165538730e-01 -5.018041531075886214e-02
7.293206187026060050e-01 -4.806211193810858845e-02
7.394841821965345563e-01 -4.582041938767922318e-02
7.496766989386134394e-01 -4.346708135168032144e-02
7.598970361513051053e-01 -4.102150454106234800e-02
7.701440579651563922e-01 -3.850684772443195569e-02
7.804166255450371015e-01 -3.595162228360097162e-02
7.907135972167069760e-01 -3.338140795989345821e-02
8.010338285937002034e-01 -3.081538526347637683e-02
8.113761727045106786e-01 -2.827039347922605944e-02
8.217394801200630372e-01 -2.576074308327987172e-02
8.321225990814590245e-01 -2.329972968172991724e-02
8.425243756279822138e-01 -2.089952854712366984e-02
8.529436537253458628e-01 -1.856954627211569384e-02
8.633792753941731402e-01 -1.631644470352833221e-02
8.738300808386934015e-01 -1.414865027281130179e-02
8.842949085756387495e-01 -1.207638623804441896e-02
8.947725955633289985e-01 -1.011150654677150061e-02
9.052619773309316109e-01 -8.266858678660726767e-03
9.157618881078770645e-01 -6.553245873777402940e-03
9.262711609534211021e-01 -4.980260212983822661e-03
9.367886278863364335e-01 -3.558331762726662292e-03
9.473131200147204556e-01 -2.299719923361457155e-03
9.578434676659028923e-01 -1.226685238425961845e-03
9.683785005164411430e-01 -3.692808602658404849e-04
9.789170477221889044e-01 2.224030260380316262e-04
9.894579380484205267e-01 4.696189620215477528e-04
9.999999999999998890e-01 1.899912600555715638e-04
