9.999999999999998890e-01 5.499989293899163736e-04
9.894579380484205267e-01 3.214291678787952258e-03
9.789170477221889044e-01 5.940407657633404309e-03
9.683785005164411430e-01 8.712803642884873676e-03
9.578434676659028923e-01 1.151568476883665926e-02
9.473131200147204556e-01 1.433332168739642060e-02
9.367886278863364335e-01 1.715030383880379594e-02
9.262711609534211021e-01 1.995110169405769560e-02
9.157618881078770645e-01 2.271979992603734289e-02
9.052619773309316109e-01 2.544104270204277513e-02
8.947725955633289985e-01 2.810076322498109014e-02
8.842949085756387495e-01 3.069328351774015459e-02
8.738300808386934015e-01 3.322601557647895248e-02
8.633792753941731402e-01 3.570701009870066306e-02
8.529436537253458628e-01 3.814362108292779913e-02
8.425243756279822138e-01 4.054324433896173280e-02
8.321225990814590245e-01 4.291338053483752246e-02
8.217394801200630372e-01 4.526159718297449730e-02
8.113761727045106786e-01 4.759547380272615563e-02
8.010338285937002034e-01 4.992185390524105093e-02
7.907135972167069760e-01 5.224631562947681246e-02
7.804166255450371015e-01 5.456608082894365969e-02
7.701440579651563922e-01 5.687282496374831270e-02
7.598970361513051053e-01 5.915898288217064788e-02
7.496766989386134394e-01 6.141745773369107486e-02
7.394841821965345563e-01 6.364097736204571421e-02
7.293206187026060050e-01 6.582223483727792090e-02
7.191871380165538730e-01 6.795425152358637588e-02
7.090848663547572039e-01 7.003020827753708710e-02
6.990149264650814542e-01 7.204344111190146005e-02
6.889784375020977514e-01 7.398845754904001537e-02
6.789765149027036095e-01 7.586461167611019407e-02
6.690102702621547603e-01 7.767257150826419043e-02
6.590808112105230876e-01 7.941301996193186885e-02
6.491892412895989839e-01 8.108662643509811918e-02
6.393366598302444581e-01 8.269401115026644988e-02
6.295241618302156450e-01 8.423587336373603018e-02
6.197528378324663745e-01 8.571312549499417177e-02
6.100237738039482327e-01 8.712651268110802039e-02
6.003380510149177729e-01 8.847639192821855902e-02
5.906967459187653091e-01 8.976437854524670079e-02
5.811009300323815019e-01 9.099431838399325845e-02
5.715516698170692855e-01 9.217059771929510259e-02
5.620500265600203438e-01 9.329806095593896897e-02
5.525970562563653488e-01 9.438141608175429353e-02
5.431938094918128401e-01 9.542515448646927967e-02
5.338413313258880688e-01 9.643353582456130890e-02
5.245406611757882365e-01 9.741061286228509808e-02
5.152928327008634568e-01 9.836071655462894081e-02
5.060988736877365390e-01 9.928831858889471118e-02
4.969598059360780251e-01 1.001964415272495051e-01
4.878766451450451402e-01 1.010866278469116780e-01
4.788504008003974244e-01 1.019558202109091816e-01
4.698820760623064752e-01 1.027983179615156173e-01
4.609726676538650203e-01 1.036096102193063972e-01
4.521231657503131940e-01 1.043857671433784801e-01
4.433345538689928977e-01 1.051225411043197888e-01
4.346078087600411255e-01 1.058156805050325944e-01
4.259439002978354649e-01 1.064616936025115507e-01
4.173437913732044313e-01 1.070572674309233363e-01
4.088084377864137364e-01 1.075986683553053352e-01
4.003387881409395943e-01 1.080825546267868420e-01
3.919357837380436083e-01 1.085075654603404327e-01
3.836003584721576765e-01 1.088737450926252071e-01
3.753334387270930161e-01 1.091840819761636661e-01
3.671359432730831873e-01 1.094418600013252613e-01
3.590087831646743277e-01 1.096496109296271892e-01
3.509528616394713696e-01 1.098098380999075752e-01
3.429690740177547825e-01 1.099252479240542257e-01
3.350583076029753915e-01 1.099984657343621719e-01
3.272214415831418144e-01 1.100319190486838683e-01
3.194593469331089564e-01 1.100279758900653687e-01
3.117728863177794407e-01 1.099889456353566469e-01
3.041629139962280792e-01 1.099171465836641659e-01
2.966302757267624823e-01 1.098148703792356240e-01
2.891758086729252497e-01 1.096832085900029119e-01
2.818003413104546162e-01 1.095219388034181784e-01
2.745046933352085494e-01 1.093306436494341227e-01
2.672896755720651774e-01 1.091088049009423244e-01
2.601560898848094272e-01 1.088561677227636304e-01
2.531047290870154232e-01 1.085726755241019359e-01
2.461363768539343022e-01 1.082581670882684227e-01
2.392518076353984391e-01 1.079124591445080883e-01
2.324517865697500740e-01 1.075358348453758633e-01
2.257370693988056676e-01 1.071287566845317563e-01
2.191084023838638650e-01 1.066911070493066077e-01
2.125665222227673956e-01 1.062227522106073824e-01
2.061121559680280102e-01 1.057251049579985142e-01
1.997460209460230063e-01 1.051992959426352459e-01
1.934688246772731102e-01 1.046420466119093590e-01
1.872812647978095990e-01 1.040473950079301713e-01
1.811840289816407656e-01 1.034040038805489892e-01
1.751777948643248317e-01 1.027001348794156083e-01
1.692632299676588570e-01 1.019274603109255467e-01
1.634409916254914164e-01 1.010784500754706994e-01
1.577117269106679265e-01 1.001457708868810081e-01
1.520760725631161714e-01 9.912320318383557871e-02
1.465346549190801317e-01 9.800711113800956997e-02
1.410880898415101115e-01 9.680021050195949939e-02
1.357369826516168221e-01 9.551693486290506463e-02
1.304819280615971966e-01 9.417195789843005316e-02
1.253235101085391490e-01 9.277809831769140425e-02
1.202623020895129402e-01 9.134751592295994871e-02
1.152988664978553679e-01 8.989166325091225984e-02
1.104337549606562163e-01 8.842090408060389317e-02
1.056675081774507419e-01 8.694437905976287739e-02
1.010006558601274085e-01 8.547088597694510459e-02
9.643371667405697956e-02 8.400745428649997182e-02
9.196719818044885031e-02 8.253593421771340810e-02
8.760159677994161509e-02 8.101774413115410411e-02
8.333739765743386485e-02 7.941954221442218409e-02
7.917507472816209813e-02 7.771260228059632957e-02
7.511509058502996439e-02 7.587351548755692787e-02
7.115789644719716645e-02 7.388583859308262003e-02
6.730393210993146358e-02 7.176524501457190452e-02
6.355362589573076981e-02 6.954259479670087118e-02
5.990739460672012129e-02 6.724479340877323463e-02
5.636564347832906385e-02 6.489689628443526259e-02
5.292876613425423482e-02 6.252296027238576914e-02
4.959714454271368922e-02 6.014428500558609975e-02
4.637114897399441382e-02 5.777129284019860700e-02
4.325113795930202176e-02 5.540875556074338626e-02
4.023745825091396000e-02 5.305184434770000845e-02
3.733044478364233587e-02 5.069556687398123901e-02
3.453042063760936031e-02 4.834120718536730199e-02
3.183769700234129196e-02 4.599104683089374340e-02
2.925257314218321358e-02 4.364688595492875745e-02
2.677533636303963682e-02 4.131260534588761246e-02
2.440626198044326678e-02 3.899649346407701306e-02
2.214561328895736647e-02 3.669565460416887581e-02
1.999364153291383062e-02 3.438659491368551563e-02
1.795058587848985532e-02 3.205003880494276813e-02
1.601667338712764455e-02 2.967629091539645755e-02
1.419211899029970692e-02 2.726406552664736860e-02
1.247712546562085301e-02 2.482181107195629427e-02
1.087188341431266636e-02 2.236339193010494428e-02
9.376571240020115106e-03 1.990793487817362276e-02
7.991355128984078959e-03 1.747845393062827379e-02
6.716389031571567969e-03 1.510129664290904040e-02
5.551814645166519568e-03 1.280429171147366707e-02
4.497761398421062928e-03 1.061627030631169533e-02
3.554346436871580472e-03 8.565833483139009830e-03
2.721674609919344512e-03 6.681185153777411886e-03
1.999838459177394334e-03 4.988400358290666706e-03
1.388918208186096237e-03 3.511955221616677031e-03
8.889817534969424173e-04 2.272867153863053838e-03
5.000846571264760954e-04 1.289825830534885526e-03
2.222701403818971855e-04 5.767452487784286656e-04
5.556907905679420168e-05 1.447598112383989674e-04
0.000000000000000000e+00 -2.079929922138320125e-09
0.000000000000000000e+00 1.692780843393417721e-09
5.556907905679420168e-05 -6.773573208079316382e-05
2.222701403818971855e-04 -2.691792990979036495e-04
5.000846571264760954e-04 -5.996496518603438653e-04
8.889817534969424173e-04 -1.050627409483081282e-03
1.388918208186096237e-03 -1.611500992270871241e-03
1.999838459177394334e-03 -2.268104691390000326e-03
2.721674609919344512e-03 -3.004565166038641877e-03
3.554346436871580472e-03 -3.802492564242320600e-03
4.497761398421062928e-03 -4.642485470688679020e-03
5.551814645166519568e-03 -5.503883905024636175e-03
6.716389031571567969e-03 -6.365962110184596005e-03
7.991355128984078959e-03 -7.208145964577129111e-03
9.376571240020115106e-03 -8.011268330540027849e-03
1.087188341431266636e-02 -8.758124082323764936e-03
1.247712546562085301e-02 -9.434444383266172435e-03
1.419211899029970692e-02 -1.002938300988876451e-02
1.601667338712764455e-02 -1.053778311901941607e-02
1.795058587848985532e-02 -1.096018063700063098e-02
1.999364153291383062e-02 -1.130441551945809975e-02
2.214561328895736647e-02 -1.158506029162128040e-02
2.440626198044326678e-02 -1.182974916281127886e-02
2.677533636303963682e-02 -1.207263271515571224e-02
2.925257314218321358e-02 -1.232641047793740091e-02
3.183769700234129196e-02 -1.259112998327228776e-02
3.453042063760936031e-02 -1.286366647440990475e-02
3.733044478364233587e-02 -1.313950050551879016e-02
4.023745825091396000e-02 -1.341439407125732779e-02
4.325113795930202176e-02 -1.368377136038010852e-02
4.637114897399441382e-02 -1.394067582575153619e-02
4.959714454271368922e-02 -1.417762548347820117e-02
5.292876613425423482e-02 -1.438823981685155053e-02
5.636564347832906385e-02 -1.456735178815334215e-02
5.990739460672012129e-02 -1.471305361982773105e-02
6.355362589573076981e-02 -1.482397729903533502e-02
6.730393210993146358e-02 -1.489821195965411980e-02
7.115789644719716645e-02 -1.493407275433220223e-02
7.511509058502996439e-02 -1.493066454828815073e-02
7.917507472816209813e-02 -1.488678116736123422e-02
8.333739765743386485e-02 -1.480034590052006077e-02
8.760159677994161509e-02 -1.466931030520312804e-02
9.196719818044885031e-02 -1.449185011117513737e-02
9.643371667405697956e-02 -1.426597786014346600e-02
1.010006558601274085e-01 -1.398951235249761352e-02
1.056675081774507419e-01 -1.366260852900101803e-02
1.104337549606562163e-01 -1.328830219089879167e-02
1.152988664978553679e-01 -1.287076768648219051e-02
1.202623020895129402e-01 -1.241522065033137147e-02
1.253235101085391490e-01 -1.192790079265188680e-02
1.304819280615971966e-01 -1.141592902881762017e-02
1.357369826516168221e-01 -1.088700008380657364e-02
1.410880898415101115e-01 -1.034942745731331007e-02
1.465346549190801317e-01 -9.813934803895994763e-03
1.520760725631161714e-01 -9.291852669823552277e-03
1.577117269106679265e-01 -8.787170168565184777e-03
1.634409916254914164e-01 -8.299677544387391165e-03
1.692632299676588570e-01 -7.826053808383484633e-03
1.751777948643248317e-01 -7.361806542361438999e-03
1.811840289816407656e-01 -6.903239720502485181e-03
1.872812647978095990e-01 -6.446522128690320222e-03
1.934688246772731102e-01 -5.985866314830327016e-03
1.997460209460230063e-01 -5.515562763626118831e-03
2.061121559680280102e-01 -5.032400338474913269e-03
2.125665222227673956e-01 -4.534861728217514341e-03
2.191084023838638650e-01 -4.024895135299093665e-03
2.257370693988056676e-01 -3.504883743147681717e-03
2.324517865697500740e-01 -2.976555245987494349e-03
2.392518076353984391e-01 -2.441798596190875113e-03
2.461363768539343022e-01 -1.903087151012430997e-03
2.531047290870154232e-01 -1.362972943159043975e-03
2.601560898848094272e-01 -8.240140729706854584e-04
2.672896755720651774e-01 -2.889559857113288858e-04
2.745046933352085494e-01 2.391665489034828812e-04
2.818003413104546162e-01 7.571895466887865970e-04
2.891758086729252497e-01 1.261807093953987158e-03
2.966302757267624823e-01 1.749528559378610250e-03
3.041629139962280792e-01 2.216772074476623753e-03
3.117728863177794407e-01 2.661931338421667185e-03
3.194593469331089564e-01 3.085229201619185853e-03
3.272214415831418144e-01 3.487034978178556351e-03
3.350583076029753915e-01 3.867784221881232984e-03
3.429690740177547825e-01 4.227975741084834260e-03
3.509528616394713696e-01 4.568163098302446996e-03
3.590087831646743277e-01 4.889036896841684500e-03
3.671359432730831873e-01 5.191361495366506734e-03
3.753334387270930161e-01 5.475894804964067872e-03
3.836003584721576765e-01 5.743443137202268629e-03
3.919357837380436083e-01 5.995131870545754305e-03
4.003387881409395943e-01 6.232061817751859828e-03
4.088084377864137364e-01 6.454594785288164487e-03
4.173437913732044313e-01 6.662686154824351385e-03
4.259439002978354649e-01 6.855570627254976325e-03
4.346078087600411255e-01 7.032367326404755960e-03
4.433345538689928977e-01 7.192440918366596776e-03
4.521231657503131940e-01 7.335140224236103186e-03
4.609726676538650203e-01 7.459620964443526049e-03
4.698820760623064752e-01 7.565088330370234836e-03
4.788504008003974244e-01 7.650941967066225355e-03
4.878766451450451402e-01 7.716427361304146852e-03
4.969598059360780251e-01 7.760444661694398082e-03
5.060988736877365390e-01 7.782684182950324811e-03
5.152928327008634568e-01 7.784213050442435715e-03
5.245406611757882365e-01 7.766709383113710140e-03
5.338413313258880688e-01 7.732518003209850645e-03
5.431938094918128401e-01 7.683970630689578724e-03
5.525970562563653488e-01 7.623331991587481947e-03
5.620500265600203438e-01 7.552980803470751674e-03
5.715516698170692855e-01 7.475420450677995772e-03
5.811009300323815019e-01 7.393303368639586245e-03
5.906967459187653091e-01 7.309386733159675513e-03
6.003380510149177729e-01 7.226237909615664846e-03
6.100237738039482327e-01 7.146133493664865756e-03
6.197528378324663745e-01 7.069749273956705583e-03
6.295241618302156450e-01 6.996849237991748134e-03
6.393366598302444581e-01 6.927413440403621010e-03
6.491892412895989839e-01 6.861519973245867529e-03
6.590808112105230876e-01 6.799152240856246553e-03
6.690102702621547603e-01 6.740256493798816098e-03
6.789765149027036095e-01 6.684789996694293079e-03
6.889784375020977514e-01 6.632729106023808191e-03
6.990149264650814542e-01 6.584118977497588864e-03
7.090848663547572039e-01 6.538537637305638466e-03
7.191871380165538730e-01 6.493763003691810365e-03
7.293206187026060050e-01 6.447106168513418688e-03
7.394841821965345563e-01 6.395723889286507140e-03
7.496766989386134394e-01 6.336718638948340282e-03
7.598970361513051053e-01 6.267129872962642900e-03
7.701440579651563922e-01 6.184001575093796103e-03
7.804166255450371015e-01 6.084406316405671297e-03
7.907135972167069760e-01 5.965279198761950889e-03
8.010338285937002034e-01 5.823331261861791099e-03
8.113761727045106786e-01 5.656569993026301126e-03
8.217394801200630372e-01 5.464965783443236080e-03
8.321225990814590245e-01 5.248878682837810825e-03
8.425243756279822138e-01 5.008953674079766848e-03
8.529436537253458628e-01 4.745752836088410961e-03
8.633792753941731402e-01 4.459738383807454985e-03
8.738300808386934015e-01 4.151488373651576747e-03
8.842949085756387495e-01 3.821677602273209056e-03
8.947725955633289985e-01 3.470831882877715990e-03
9.052619773309316109e-01 3.099542424356917063e-03
9.157618881078770645e-01 2.710423324726803172e-03
9.262711609534211021e-01 2.307390205367786454e-03
9.367886278863364335e-01 1.894599527108725657e-03
9.473131200147204556e-01 1.476316271441511932e-03
9.578434676659028923e-01 1.056746320874066367e-03
9.683785005164411430e-01 6.400791410797176733e-04
9.789170477221889044e-01 2.305642903071504946e-04
9.894579380484205267e-01 -1.675354211007510719e-04
9.999999999999998890e-01 -5.500001856693669585e-04
