9.999999999999998890e-01 6.385248379035709772e-04
9.894579380484205267e-01 -3.557643544593672440e-04
9.789170477221889044e-01 -1.102126105977876795e-03
9.683785005164411430e-01 -1.612533942266073522e-03
9.578434676659028923e-01 -1.970388166538060686e-03
9.473131200147204556e-01 -2.247753120171861949e-03
9.367886278863364335e-01 -2.445794842535084068e-03
9.262711609534211021e-01 -2.557931635747689569e-03
9.157618881078770645e-01 -2.587107039924260894e-03
9.052619773309316109e-01 -2.535636062018137120e-03
8.947725955633289985e-01 -2.402180376329530759e-03
8.842949085756387495e-01 -2.186134904667637411e-03
8.738300808386934015e-01 -1.888690253626305665e-03
8.633792753941731402e-01 -1.510573562318907230e-03
8.529436537253458628e-01 -1.051694047674495147e-03
8.425243756279822138e-01 -5.123459917220037681e-04
8.321225990814590245e-01 1.066780173554030822e-04
8.217394801200630372e-01 8.045711636412147469e-04
8.113761727045106786e-01 1.580564962035986912e-03
8.010338285937002034e-01 2.434314383646581006e-03
7.907135972167069760e-01 3.365727842740578058e-03
7.804166255450371015e-01 4.373660645393383402e-03
7.701440579651563922e-01 5.456504667844589568e-03
7.598970361513051053e-01 6.615138806276826995e-03
7.496766989386134394e-01 7.849919401193901358e-03
7.394841821965345563e-01 9.145870062329504793e-03
7.293206187026060050e-01 1.048297611067449016e-02
7.191871380165538730e-01 1.185565012633483899e-02
7.090848663547572039e-01 1.326400644514548824e-02
6.990149264650814542e-01 1.470805584733470527e-02
6.889784375020977514e-01 1.618749535101081036e-02
6.789765149027036095e-01 1.770083201548589003e-02
6.690102702621547603e-01 1.924698278043935826e-02
6.590808112105230876e-01 2.082746599119451175e-02
6.491892412895989839e-01 2.244175256459103596e-02
6.393366598302444581e-01 2.408160066117128947e-02
6.295241618302156450e-01 2.573835169563789757e-02
6.197528378324663745e-01 2.740578980800969719e-02
6.100237738039482327e-01 2.908145069419901599e-02
6.003380510149177729e-01 3.076962471615002706e-02
5.906967459187653091e-01 3.246521776065256631e-02
5.811009300323815019e-01 3.414596569257971614e-02
5.715516698170692855e-01 3.579830209881310066e-02
5.620500265600203438e-01 3.742345504277855978e-02
5.525970562563653488e-01 3.902176231326741351e-02
5.431938094918128401e-01 4.059062036755280156e-02
5.338413313258880688e-01 4.211562295246670806e-02
5.245406611757882365e-01 4.357149619282940645e-02
5.152928327008634568e-01 4.494996283160659911e-02
5.060988736877365390e-01 4.625741773828090375e-02
4.969598059360780251e-01 4.749562095962917702e-02
4.878766451450451402e-01 4.866290339562745482e-02
4.788504008003974244e-01 4.976051557685973875e-02
4.698820760623064752e-01 5.079123891198876473e-02
4.609726676538650203e-01 5.175532372276126641e-02
4.521231657503131940e-01 5.265231060637901722e-02
4.433345538689928977e-01 5.348588036098019666e-02
4.346078087600411255e-01 5.426128506084305220e-02
4.259439002978354649e-01 5.498266549977213341e-02
4.173437913732044313e-01 5.565321537185106970e-02
4.088084377864137364e-01 5.627354731051334435e-02
4.003387881409395943e-01 5.684380881548090764e-02
3.919357837380436083e-01 5.736525708551550029e-02
3.836003584721576765e-01 5.783925545026141063e-02
3.753334387270930161e-01 5.826665782450640013e-02
3.671359432730831873e-01 5.864831127498474489e-02
3.590087831646743277e-01 5.898530918933032885e-02
3.509528616394713696e-01 5.927876435291137835e-02
3.429690740177547825e-01 5.952974427919587030e-02
3.350583076029753915e-01 5.973926691298299396e-02
3.272214415831418144e-01 5.990827368124110319e-02
3.194593469331089564e-01 6.003788108680459257e-02
3.117728863177794407e-01 6.012947126448130869e-02
3.041629139962280792e-01 6.018385256063400746e-02
2.966302757267624823e-01 6.020107605523319222e-02
2.891758086729252497e-01 6.018151219745171421e-02
2.818003413104546162e-01 6.012594498484989669e-02
2.745046933352085494e-01 6.003538570158184484e-02
2.672896755720651774e-01 5.991104287972986997e-02
2.601560898848094272e-01 5.975423934727573660e-02
2.531047290870154232e-01 5.956634146093325866e-02
2.461363768539343022e-01 5.934825025479619626e-02
2.392518076353984391e-01 5.910068002337801746e-02
2.324517865697500740e-01 5.882545212221276798e-02
2.257370693988056676e-01 5.852463106840769674e-02
2.191084023838638650e-01 5.819751178853069251e-02
2.125665222227673956e-01 5.784199957677704090e-02
2.061121559680280102e-01 5.745526449394550844e-02
1.997460209460230063e-01 5.703504342182399295e-02
1.934688246772731102e-01 5.658334376508322716e-02
1.872812647978095990e-01 5.610309617709800106e-02
1.811840289816407656e-01 5.559546907986602504e-02
1.751777948643248317e-01 5.506144317854577003e-02
1.692632299676588570e-01 5.450292511992988614e-02
1.634409916254914164e-01 5.392178910935753466e-02
1.577117269106679265e-01 5.331925861276722023e-02
1.520760725631161714e-01 5.269680481572307229e-02
1.465346549190801317e-01 5.205671960990074232e-02
1.410880898415101115e-01 5.139768571420810089e-02
1.357369826516168221e-01 5.071114445743529070e-02
1.304819280615971966e-01 4.999262344046042500e-02
1.253235101085391490e-01 4.924572743371125050e-02
1.202623020895129402e-01 4.847349129831633741e-02
1.152988664978553679e-01 4.767716102497241565e-02
1.104337549606562163e-01 4.685907267118193803e-02
1.056675081774507419e-01 4.602290166976829439e-02
1.010006558601274085e-01 4.517047737787252548e-02
9.643371667405697956e-02 4.430194875818929678e-02
9.196719818044885031e-02 4.342097468109756830e-02
8.760159677994161509e-02 4.253349347392437058e-02
8.333739765743386485e-02 4.163644174636717266e-02
7.917507472816209813e-02 4.072051797420117580e-02
7.511509058502996439e-02 3.977752406783043038e-02
7.115789644719716645e-02 3.880123839940961827e-02
6.730393210993146358e-02 3.779576730968520204e-02
6.355362589573076981e-02 3.676954172580552266e-02
5.990739460672012129e-02 3.572596760374854852e-02
5.636564347832906385e-02 3.466693527078876236e-02
5.292876613425423482e-02 3.359740212076159360e-02
4.959714454271368922e-02 3.252267669809590089e-02
4.637114897399441382e-02 3.144494324574428901e-02
4.325113795930202176e-02 3.036679647556747921e-02
4.023745825091396000e-02 2.929559426134554709e-02
3.733044478364233587e-02 2.823186446371606095e-02
3.453042063760936031e-02 2.715195157349304875e-02
3.183769700234129196e-02 2.603724538547353556e-02
2.925257314218321358e-02 2.489352469333750220e-02
2.677533636303963682e-02 2.373054406938714458e-02
2.440626198044326678e-02 2.255840365967998890e-02
2.214561328895736647e-02 2.138421516031988739e-02
1.999364153291383062e-02 2.020971016411800616e-02
1.795058587848985532e-02 1.903447330216449102e-02
1.601667338712764455e-02 1.785607225922498237e-02
1.419211899029970692e-02 1.668448414873366717e-02
1.247712546562085301e-02 1.554451036822765767e-02
1.087188341431266636e-02 1.443952087494974369e-02
9.376571240020115106e-03 1.334910520675299840e-02
7.991355128984078959e-03 1.224810121174612840e-02
6.716389031571567969e-03 1.111041692586776930e-02
5.551814645166519568e-03 9.942798851235803287e-03
4.497761398421062928e-03 8.778365489676937666e-03
3.554346436871580472e-03 7.669887813141676620e-03
2.721674609919344512e-03 6.663443325823604005e-03
1.999838459177394334e-03 5.637083376540247964e-03
1.388918208186096237e-03 4.416487497408970973e-03
8.889817534969424173e-04 3.092443827912036078e-03
5.000846571264760954e-04 1.864145376912707420e-03
2.222701403818971855e-04 8.776259473076703909e-04
5.556907905679420168e-05 2.471938518848975199e-04
0.000000000000000000e+00 2.867442409629461205e-05
0.000000000000000000e+00 -8.741786710465532020e-06
5.556907905679420168e-05 -1.372919383434950246e-04
2.222701403818971855e-04 -5.216601662712081356e-04
5.000846571264760954e-04 -1.125850837615878421e-03
8.889817534969424173e-04 -1.921304598872971593e-03
1.388918208186096237e-03 -2.862687489564204324e-03
1.999838459177394334e-03 -3.854857041123777289e-03
2.721674609919344512e-03 -4.809853516038931423e-03
3.554346436871580472e-03 -5.675504813362122931e-03
4.497761398421062928e-03 -6.457191270341801174e-03
5.551814645166519568e-03 -7.258993103488510339e-03
6.716389031571567969e-03 -8.135698918509499597e-03
7.991355128984078959e-03 -9.046754419387802865e-03
9.376571240020115106e-03 -9.960749510665828713e-03
1.087188341431266636e-02 -1.086997255966241395e-02
1.247712546562085301e-02 -1.177244851660221373e-02
1.419211899029970692e-02 -1.267114205902412742e-02
1.601667338712764455e-02 -1.357613898786777691e-02
1.795058587848985532e-02 -1.450290755049085493e-02
1.999364153291383062e-02 -1.544882824258857722e-02
2.214561328895736647e-02 -1.639731083527856334e-02
2.440626198044326678e-02 -1.734055327281969552e-02
2.677533636303963682e-02 -1.827732440142772197e-02
2.925257314218321358e-02 -1.920998283090831482e-02
3.183769700234129196e-02 -2.014223529732159582e-02
3.453042063760936031e-02 -2.107288679750475915e-02
3.733044478364233587e-02 -2.199776321628348422e-02
4.023745825091396000e-02 -2.290856213877924541e-02
4.325113795930202176e-02 -2.379762111921859130e-02
4.637114897399441382e-02 -2.466920195746431094e-02
4.959714454271368922e-02 -2.553069255472684498e-02
5.292876613425423482e-02 -2.638609825075367843e-02
5.636564347832906385e-02 -2.723671003685929071e-02
5.990739460672012129e-02 -2.807741420280620778e-02
6.355362589573076981e-02 -2.890295123519609835e-02
6.730393210993146358e-02 -2.971182010290140951e-02
7.115789644719716645e-02 -3.050374714801227030e-02
7.511509058502996439e-02 -3.127976741165454377e-02
7.917507472816209813e-02 -3.203977520318410793e-02
8.333739765743386485e-02 -3.278094163465394839e-02
8.760159677994161509e-02 -3.349960428796189965e-02
9.196719818044885031e-02 -3.419134040467338570e-02
9.643371667405697956e-02 -3.485638153594524530e-02
1.010006558601274085e-01 -3.550162177472335895e-02
1.056675081774507419e-01 -3.613076981874414895e-02
1.104337549606562163e-01 -3.674302216838675611e-02
1.152988664978553679e-01 -3.733623289527244343e-02
1.202623020895129402e-01 -3.790727341023246433e-02
1.253235101085391490e-01 -3.845495630120758512e-02
1.304819280615971966e-01 -3.897981478763060809e-02
1.357369826516168221e-01 -3.948260246234203824e-02
1.410880898415101115e-01 -3.996396604191961716e-02
1.465346549190801317e-01 -4.042212138391539783e-02
1.520760725631161714e-01 -4.085401856012920579e-02
1.577117269106679265e-01 -4.125844440563047194e-02
1.634409916254914164e-01 -4.163572667183708387e-02
1.692632299676588570e-01 -4.199033526282287127e-02
1.751777948643248317e-01 -4.232746876558941829e-02
1.811840289816407656e-01 -4.264645432460028446e-02
1.872812647978095990e-01 -4.294484142373698049e-02
1.934688246772731102e-01 -4.322158166543495217e-02
1.997460209460230063e-01 -4.347619559864428218e-02
2.061121559680280102e-01 -4.370881469048079615e-02
2.125665222227673956e-01 -4.391969648284499428e-02
2.191084023838638650e-01 -4.410903101801666448e-02
2.257370693988056676e-01 -4.427622003305683313e-02
2.324517865697500740e-01 -4.441864115858629863e-02
2.392518076353984391e-01 -4.453530263234312114e-02
2.461363768539343022e-01 -4.462948734350530300e-02
2.531047290870154232e-01 -4.470459650148377040e-02
2.601560898848094272e-01 -4.476318852599283499e-02
2.672896755720651774e-01 -4.480609674026079375e-02
2.745046933352085494e-01 -4.483166513439426626e-02
2.818003413104546162e-01 -4.483882959468040580e-02
2.891758086729252497e-01 -4.482754727633073144e-02
2.966302757267624823e-01 -4.479739583211898163e-02
3.041629139962280792e-01 -4.474747790567484840e-02
3.117728863177794407e-01 -4.467712493976799815e-02
3.194593469331089564e-01 -4.458588908519194038e-02
3.272214415831418144e-01 -4.447314829960846011e-02
3.350583076029753915e-01 -4.433840551449707429e-02
3.429690740177547825e-01 -4.418430943197723670e-02
3.509528616394713696e-01 -4.401518048996779647e-02
3.590087831646743277e-01 -4.383176810738391438e-02
3.671359432730831873e-01 -4.363295690533978283e-02
3.753334387270930161e-01 -4.341845370669866061e-02
3.836003584721576765e-01 -4.318827391168449104e-02
3.919357837380436083e-01 -4.294195768915465283e-02
4.003387881409395943e-01 -4.267895443065714695e-02
4.088084377864137364e-01 -4.239917388905979634e-02
4.173437913732044313e-01 -4.210250254279419152e-02
4.259439002978354649e-01 -4.178812587107292448e-02
4.346078087600411255e-01 -4.145574232157245298e-02
4.433345538689928977e-01 -4.110743036414209184e-02
4.521231657503131940e-01 -4.074525839285917522e-02
4.609726676538650203e-01 -4.036982503789254134e-02
4.698820760623064752e-01 -3.998117453823924611e-02
4.788504008003974244e-01 -3.957866026210522803e-02
4.878766451450451402e-01 -3.916221937501060402e-02
4.969598059360780251e-01 -3.873312181633922074e-02
5.060988736877365390e-01 -3.829230864364809028e-02
5.152928327008634568e-01 -3.783992275691378665e-02
5.245406611757882365e-01 -3.737592596912641535e-02
5.338413313258880688e-01 -3.690013399927373483e-02
5.431938094918128401e-01 -3.641241006217304371e-02
5.525970562563653488e-01 -3.591268507795956910e-02
5.620500265600203438e-01 -3.540088843866937007e-02
5.715516698170692855e-01 -3.487694080230017285e-02
5.811009300323815019e-01 -3.434070441055760842e-02
5.906967459187653091e-01 -3.379205438111190785e-02
6.003380510149177729e-01 -3.323165967437821666e-02
6.100237738039482327e-01 -3.266066194659043159e-02
6.197528378324663745e-01 -3.207935633099270878e-02
6.295241618302156450e-01 -3.148755523852282689e-02
6.393366598302444581e-01 -3.088524313746105615e-02
6.491892412895989839e-01 -3.027247035284751434e-02
6.590808112105230876e-01 -2.964914033198332022e-02
6.690102702621547603e-01 -2.901514105576716990e-02
6.789765149027036095e-01 -2.837060703010822055e-02
6.889784375020977514e-01 -2.771560734993544148e-02
6.990149264650814542e-01 -2.704953945616219227e-02
7.090848663547572039e-01 -2.637171659242178515e-02
7.191871380165538730e-01 -2.568183878498295214e-02
7.293206187026060050e-01 -2.497975460545885651e-02
7.394841821965345563e-01 -2.426549294850348718e-02
7.496766989386134394e-01 -2.353909746193832281e-02
7.598970361513051053e-01 -2.280056240834861872e-02
7.701440579651563922e-01 -2.204987322299965455e-02
7.804166255450371015e-01 -2.128701106975581375e-02
7.907135972167069760e-01 -2.051179439850029512e-02
8.010338285937002034e-01 -1.972375734189173516e-02
8.113761727045106786e-01 -1.892250172372008862e-02
8.217394801200630372e-01 -1.810778331547394440e-02
8.321225990814590245e-01 -1.727974767304284523e-02
8.425243756279822138e-01 -1.643897868090826025e-02
8.529436537253458628e-01 -1.558524975169409132e-02
8.633792753941731402e-01 -1.471752884716231655e-02
8.738300808386934015e-01 -1.383621211464181738e-02
8.842949085756387495e-01 -1.294274143433776780e-02
8.947725955633289985e-01 -1.203486933291378347e-02
9.052619773309316109e-01 -1.110737183830852633e-02
9.157618881078770645e-01 -1.015293953891914687e-02
9.262711609534211021e-01 -9.163504990176986678e-03
9.367886278863364335e-01 -8.135602886078180038e-03
9.473131200147204556e-01 -7.066530587441153567e-03
9.578434676659028923e-01 -5.941384852933081009e-03
9.683785005164411430e-01 -4.726930616156940421e-03
9.789170477221889044e-01 -3.313242890412475185e-03
9.894579380484205267e-01 -1.564924675683575803e-03
9.999999999999998890e-01 6.404729651915086431e-04
