9.999999999999998890e-01 1.213136147713212775e-07
9.894579380484205267e-01 9.063399052573171705e-04
9.789170477221889044e-01 2.135907069682088048e-03
9.683785005164411430e-01 3.477374657870973499e-03
9.578434676659028923e-01 4.845741192254279101e-03
9.473131200147204556e-01 6.200013236574516799e-03
9.367886278863364335e-01 7.548247171094887506e-03
9.262711609534211021e-01 8.904353966955385821e-03
9.157618881078770645e-01 1.027674798698104131e-02
9.052619773309316109e-01 1.167146676776844617e-02
8.947725955633289985e-01 1.309145290281156677e-02
8.842949085756387495e-01 1.453760951114161336e-02
8.738300808386934015e-01 1.600815246436883277e-02
8.633792753941731402e-01 1.750133605233396283e-02
8.529436537253458628e-01 1.901576787277191316e-02
8.425243756279822138e-01 2.054958664583230593e-02
8.321225990814590245e-01 2.210037513689650651e-02
8.217394801200630372e-01 2.366570809019076516e-02
8.113761727045106786e-01 2.524317567717249133e-02
8.010338285937002034e-01 2.683028622540646613e-02
7.907135972167069760e-01 2.842448666810988220e-02
7.804166255450371015e-01 3.002328274358598975e-02
7.701440579651563922e-01 3.162421601979106822e-02
7.598970361513051053e-01 3.322477812777050593e-02
7.496766989386134394e-01 3.482236200562160294e-02
7.394841821965345563e-01 3.641380765161052191e-02
7.293206187026060050e-01 3.799568022939593670e-02
7.191871380165538730e-01 3.956446385450033965e-02
7.090848663547572039e-01 4.111677710830187460e-02
6.990149264650814542e-01 4.265011126921655626e-02
6.889784375020977514e-01 4.416235670426279375e-02
6.789765149027036095e-01 4.565189295773833256e-02
6.690102702621547603e-01 4.711720547066979708e-02
6.590808112105230876e-01 4.855668630041297396e-02
6.491892412895989839e-01 4.996879047251653189e-02
6.393366598302444581e-01 5.135221899527988437e-02
6.295241618302156450e-01 5.270569887214836963e-02
6.197528378324663745e-01 5.402791184076442821e-02
6.100237738039482327e-01 5.531766378846913329e-02
6.003380510149177729e-01 5.657402828639126330e-02
5.906967459187653091e-01 5.779623034583043079e-02
5.811009300323815019e-01 5.898369753274423227e-02
5.715516698170692855e-01 6.013586953292539283e-02
5.620500265600203438e-01 6.125217780810983392e-02
5.525970562563653488e-01 6.233214056069721204e-02
5.431938094918128401e-01 6.337538300820448611e-02
5.338413313258880688e-01 6.438157154087516265e-02
5.245406611757882365e-01 6.535040988664901629e-02
5.152928327008634568e-01 6.628163621539003014e-02
5.060988736877365390e-01 6.717500580906947405e-02
4.969598059360780251e-01 6.803012336973317253e-02
4.878766451450451402e-01 6.884648850664545905e-02
4.788504008003974244e-01 6.962364740585488820e-02
4.698820760623064752e-01 7.036118510056695030e-02
4.609726676538650203e-01 7.105876455297102656e-02
4.521231657503131940e-01 7.171611334448768638e-02
4.433345538689928977e-01 7.233313418500024461e-02
4.346078087600411255e-01 7.290981315935053664e-02
4.259439002978354649e-01 7.344618750106336746e-02
4.173437913732044313e-01 7.394231695470714072e-02
4.088084377864137364e-01 7.439828244580724836e-02
4.003387881409395943e-01 7.481414143240269765e-02
3.919357837380436083e-01 7.518983732717104962e-02
3.836003584721576765e-01 7.552531564060978309e-02
3.753334387270930161e-01 7.582061552110863634e-02
3.671359432730831873e-01 7.607581244045288904e-02
3.590087831646743277e-01 7.629102865696768543e-02
3.509528616394713696e-01 7.646640123542830514e-02
3.429690740177547825e-01 7.660208347150178343e-02
3.350583076029753915e-01 7.669827419862526585e-02
3.272214415831418144e-01 7.675525179373894613e-02
3.194593469331089564e-01 7.677331666360162621e-02
3.117728863177794407e-01 7.675278627167196610e-02
3.041629139962280792e-01 7.669383570440536924e-02
2.966302757267624823e-01 7.659645745476943712e-02
2.891758086729252497e-01 7.646072257944110107e-02
2.818003413104546162e-01 7.628680391544803707e-02
2.745046933352085494e-01 7.607493645358109902e-02
2.672896755720651774e-01 7.582541123083383350e-02
2.601560898848094272e-01 7.553857447224879285e-02
2.531047290870154232e-01 7.521481917795186378e-02
2.461363768539343022e-01 7.485460451853866159e-02
2.392518076353984391e-01 7.445844378426737242e-02
2.324517865697500740e-01 7.402696033587079227e-02
2.257370693988056676e-01 7.356080514370870460e-02
2.191084023838638650e-01 7.306038501729983370e-02
2.125665222227673956e-01 7.252600133711074870e-02
2.061121559680280102e-01 7.195799623807352940e-02
1.997460209460230063e-01 7.135677099605640394e-02
1.934688246772731102e-01 7.072294635170241206e-02
1.872812647978095990e-01 7.005715536759613005e-02
1.811840289816407656e-01 6.935979453874654976e-02
1.751777948643248317e-01 6.863118836091129660e-02
1.692632299676588570e-01 6.787162549498640396e-02
1.634409916254914164e-01 6.708149634354196311e-02
1.577117269106679265e-01 6.626150065221675378e-02
1.520760725631161714e-01 6.541233903769246016e-02
1.465346549190801317e-01 6.453458592406602357e-02
1.410880898415101115e-01 6.362872058341630110e-02
1.357369826516168221e-01 6.269507418672445875e-02
1.304819280615971966e-01 6.173417687885775218e-02
1.253235101085391490e-01 6.074691389562857091e-02
1.202623020895129402e-01 5.973417788502387998e-02
1.152988664978553679e-01 5.869681488537014519e-02
1.104337549606562163e-01 5.763532435352494016e-02
1.056675081774507419e-01 5.654982013771654020e-02
1.010006558601274085e-01 5.544073021495397185e-02
9.643371667405697956e-02 5.430882812395945031e-02
9.196719818044885031e-02 5.315514481443808781e-02
8.760159677994161509e-02 5.198085980270288758e-02
8.333739765743386485e-02 5.078646382131829506e-02
7.917507472816209813e-02 4.957198916747224127e-02
7.511509058502996439e-02 4.833774104798035931e-02
7.115789644719716645e-02 4.708428477464242368e-02
6.730393210993146358e-02 4.581296147005711056e-02
6.355362589573076981e-02 4.452537819830181681e-02
5.990739460672012129e-02 4.322237495451972111e-02
5.636564347832906385e-02 4.190442264138474066e-02
5.292876613425423482e-02 4.057170029213209850e-02
4.959714454271368922e-02 3.922465622960802367e-02
4.637114897399441382e-02 3.786539478425642730e-02
4.325113795930202176e-02 3.649622800356119856e-02
4.023745825091396000e-02 3.511851456627504420e-02
3.733044478364233587e-02 3.373276476522567291e-02
3.453042063760936031e-02 3.233757482057855737e-02
3.183769700234129196e-02 3.093211998013962322e-02
2.925257314218321358e-02 2.951796410104090898e-02
2.677533636303963682e-02 2.809767364732844094e-02
2.440626198044326678e-02 2.667512458639578754e-02
2.214561328895736647e-02 2.525261210630590919e-02
1.999364153291383062e-02 2.382938246427854581e-02
1.795058587848985532e-02 2.240609544253932897e-02
1.601667338712764455e-02 2.098601812995301921e-02
1.419211899029970692e-02 1.957443167446530977e-02
1.247712546562085301e-02 1.817870722864937602e-02
1.087188341431266636e-02 1.680221643199489995e-02
9.376571240020115106e-03 1.544333501339434887e-02
7.991355128984078959e-03 1.408825373643400256e-02
6.716389031571567969e-03 1.271526406537825879e-02
5.551814645166519568e-03 1.134162223742448024e-02
4.497761398421062928e-03 1.000993141560622968e-02
3.554346436871580472e-03 8.717135854852944496e-03
2.721674609919344512e-03 7.435936808964305894e-03
1.999838459177394334e-03 6.183442085204163101e-03
1.388918208186096237e-03 4.994871115105692025e-03
8.889817534969424173e-04 3.864855725877257980e-03
5.000846571264760954e-04 2.775973748848559707e-03
2.222701403818971855e-04 1.746110319972374704e-03
5.556907905679420168e-05 8.077897110442410107e-04
0.000000000000000000e+00 1.573825499597373092e-06
0.000000000000000000e+00 -1.573825499597373092e-06
5.556907905679420168e-05 -8.077897110442410107e-04
2.222701403818971855e-04 -1.746110319972374704e-03
5.000846571264760954e-04 -2.775973748848559707e-03
8.889817534969424173e-04 -3.864855725877257980e-03
1.388918208186096237e-03 -4.994871115105692025e-03
1.999838459177394334e-03 -6.183442085204163101e-03
2.721674609919344512e-03 -7.435936808964305894e-03
3.554346436871580472e-03 -8.717135854852944496e-03
4.497761398421062928e-03 -1.000993141560622968e-02
5.551814645166519568e-03 -1.134162223742448024e-02
6.716389031571567969e-03 -1.271526406537825879e-02
7.991355128984078959e-03 -1.408825373643400256e-02
9.376571240020115106e-03 -1.544333501339434887e-02
1.087188341431266636e-02 -1.680221643199489995e-02
1.247712546562085301e-02 -1.817870722864937602e-02
1.419211899029970692e-02 -1.957443167446530977e-02
1.601667338712764455e-02 -2.098601812995301921e-02
1.795058587848985532e-02 -2.240609544253932897e-02
1.999364153291383062e-02 -2.382938246427854581e-02
2.214561328895736647e-02 -2.525261210630590919e-02
2.440626198044326678e-02 -2.667512458639578754e-02
2.677533636303963682e-02 -2.809767364732844094e-02
2.925257314218321358e-02 -2.951796410104090898e-02
3.183769700234129196e-02 -3.093211998013962322e-02
3.453042063760936031e-02 -3.233757482057855737e-02
3.733044478364233587e-02 -3.373276476522567291e-02
4.023745825091396000e-02 -3.511851456627504420e-02
4.325113795930202176e-02 -3.649622800356119856e-02
4.637114897399441382e-02 -3.786539478425642730e-02
4.959714454271368922e-02 -3.922465622960802367e-02
5.292876613425423482e-02 -4.057170029213209850e-02
5.636564347832906385e-02 -4.190442264138474066e-02
5.990739460672012129e-02 -4.322237495451972111e-02
6.355362589573076981e-02 -4.452537819830181681e-02
6.730393210993146358e-02 -4.581296147005711056e-02
7.115789644719716645e-02 -4.708428477464242368e-02
7.511509058502996439e-02 -4.833774104798035931e-02
7.917507472816209813e-02 -4.957198916747224127e-02
8.333739765743386485e-02 -5.078646382131829506e-02
8.760159677994161509e-02 -5.198085980270288758e-02
9.196719818044885031e-02 -5.315514481443808781e-02
9.643371667405697956e-02 -5.430882812395945031e-02
1.010006558601274085e-01 -5.544073021495397185e-02
1.056675081774507419e-01 -5.654982013771654020e-02
1.104337549606562163e-01 -5.763532435352494016e-02
1.152988664978553679e-01 -5.869681488537014519e-02
1.202623020895129402e-01 -5.973417788502387998e-02
1.253235101085391490e-01 -6.074691389562857091e-02
1.304819280615971966e-01 -6.173417687885775218e-02
1.357369826516168221e-01 -6.269507418672445875e-02
1.410880898415101115e-01 -6.362872058341630110e-02
1.465346549190801317e-01 -6.453458592406602357e-02
1.520760725631161714e-01 -6.541233903769246016e-02
1.577117269106679265e-01 -6.626150065221675378e-02
1.634409916254914164e-01 -6.708149634354196311e-02
1.692632299676588570e-01 -6.787162549498640396e-02
1.751777948643248317e-01 -6.863118836091129660e-02
1.811840289816407656e-01 -6.935979453874654976e-02
1.872812647978095990e-01 -7.005715536759613005e-02
1.934688246772731102e-01 -7.072294635170241206e-02
1.997460209460230063e-01 -7.135677099605640394e-02
2.061121559680280102e-01 -7.195799623807352940e-02
2.125665222227673956e-01 -7.252600133711074870e-02
2.191084023838638650e-01 -7.306038501729983370e-02
2.257370693988056676e-01 -7.356080514370870460e-02
2.324517865697500740e-01 -7.402696033587079227e-02
2.392518076353984391e-01 -7.445844378426737242e-02
2.461363768539343022e-01 -7.485460451853866159e-02
2.531047290870154232e-01 -7.521481917795186378e-02
2.601560898848094272e-01 -7.553857447224879285e-02
2.672896755720651774e-01 -7.582541123083383350e-02
2.745046933352085494e-01 -7.607493645358109902e-02
2.818003413104546162e-01 -7.628680391544803707e-02
2.891758086729252497e-01 -7.646072257944110107e-02
2.966302757267624823e-01 -7.659645745476943712e-02
3.041629139962280792e-01 -7.669383570440536924e-02
3.117728863177794407e-01 -7.675278627167196610e-02
3.194593469331089564e-01 -7.677331666360162621e-02
3.272214415831418144e-01 -7.675525179373894613e-02
3.350583076029753915e-01 -7.669827419862526585e-02
3.429690740177547825e-01 -7.660208347150178343e-02
3.509528616394713696e-01 -7.646640123542830514e-02
3.590087831646743277e-01 -7.629102865696768543e-02
3.671359432730831873e-01 -7.607581244045288904e-02
3.753334387270930161e-01 -7.582061552110863634e-02
3.836003584721576765e-01 -7.552531564060978309e-02
3.919357837380436083e-01 -7.518983732717104962e-02
4.003387881409395943e-01 -7.481414143240269765e-02
4.088084377864137364e-01 -7.439828244580724836e-02
4.173437913732044313e-01 -7.394231695470714072e-02
4.259439002978354649e-01 -7.344618750106336746e-02
4.346078087600411255e-01 -7.290981315935053664e-02
4.433345538689928977e-01 -7.233313418500024461e-02
4.521231657503131940e-01 -7.171611334448768638e-02
4.609726676538650203e-01 -7.105876455297102656e-02
4.698820760623064752e-01 -7.036118510056695030e-02
4.788504008003974244e-01 -6.962364740585488820e-02
4.878766451450451402e-01 -6.884648850664545905e-02
4.969598059360780251e-01 -6.803012336973317253e-02
5.060988736877365390e-01 -6.717500580906947405e-02
5.152928327008634568e-01 -6.628163621539003014e-02
5.245406611757882365e-01 -6.535040988664901629e-02
5.338413313258880688e-01 -6.438157154087516265e-02
5.431938094918128401e-01 -6.337538300820448611e-02
5.525970562563653488e-01 -6.233214056069721204e-02
5.620500265600203438e-01 -6.125217780810983392e-02
5.715516698170692855e-01 -6.013586953292539283e-02
5.811009300323815019e-01 -5.898369753274423227e-02
5.906967459187653091e-01 -5.779623034583043079e-02
6.003380510149177729e-01 -5.657402828639126330e-02
6.100237738039482327e-01 -5.531766378846913329e-02
6.197528378324663745e-01 -5.402791184076442821e-02
6.295241618302156450e-01 -5.270569887214836963e-02
6.393366598302444581e-01 -5.135221899527988437e-02
6.491892412895989839e-01 -4.996879047251653189e-02
6.590808112105230876e-01 -4.855668630041297396e-02
6.690102702621547603e-01 -4.711720547066979708e-02
6.789765149027036095e-01 -4.565189295773833256e-02
6.889784375020977514e-01 -4.416235670426279375e-02
6.990149264650814542e-01 -4.265011126921655626e-02
7.090848663547572039e-01 -4.111677710830187460e-02
7.191871380165538730e-01 -3.956446385450033965e-02
7.293206187026060050e-01 -3.799568022939593670e-02
7.394841821965345563e-01 -3.641380765161052191e-02
7.496766989386134394e-01 -3.482236200562160294e-02
7.598970361513051053e-01 -3.322477812777050593e-02
7.701440579651563922e-01 -3.162421601979106822e-02
7.804166255450371015e-01 -3.002328274358598975e-02
7.907135972167069760e-01 -2.842448666810988220e-02
8.010338285937002034e-01 -2.683028622540646613e-02
8.113761727045106786e-01 -2.524317567717249133e-02
8.217394801200630372e-01 -2.366570809019076516e-02
8.321225990814590245e-01 -2.210037513689650651e-02
8.425243756279822138e-01 -2.054958664583230593e-02
8.529436537253458628e-01 -1.901576787277191316e-02
8.633792753941731402e-01 -1.750133605233396283e-02
8.738300808386934015e-01 -1.600815246436883277e-02
8.842949085756387495e-01 -1.453760951114161336e-02
8.947725955633289985e-01 -1.309145290281156677e-02
9.052619773309316109e-01 -1.167146676776844617e-02
9.157618881078770645e-01 -1.027674798698104131e-02
9.262711609534211021e-01 -8.904353966955385821e-03
9.367886278863364335e-01 -7.548247171094887506e-03
9.473131200147204556e-01 -6.200013236574516799e-03
9.578434676659028923e-01 -4.845741192254279101e-03
9.683785005164411430e-01 -3.477374657870973499e-03
9.789170477221889044e-01 -2.135907069682088048e-03
9.894579380484205267e-01 -9.063399052573171705e-04
9.999999999999998890e-01 -1.213136147713212775e-07
