9.999999999999998890e-01 1.199999912263306334e-03
9.894579380484205267e-01 3.162066082214773453e-03
9.789170477221889044e-01 5.098375977987536917e-03
9.683785005164411430e-01 7.007604276197176851e-03
9.578434676659028923e-01 8.888419637983247662e-03
9.473131200147204556e-01 1.073950596348302589e-02
9.367886278863364335e-01 1.255959201150381489e-02
9.262711609534211021e-01 1.434740550894418772e-02
9.157618881078770645e-01 1.610165526574423855e-02
9.052619773309316109e-01 1.782110961647100783e-02
8.947725955633289985e-01 1.950466337381195903e-02
8.842949085756387495e-01 2.115179010273510532e-02
8.738300808386934015e-01 2.276285990420616467e-02
8.633792753941731402e-01 2.433828973960667358e-02
8.529436537253458628e-01 2.587845351813399669e-02
8.425243756279822138e-01 2.738374258516382970e-02
8.321225990814590245e-01 2.885457237619170126e-02
8.217394801200630372e-01 3.029138114739651777e-02
8.113761727045106786e-01 3.169462437795332599e-02
8.010338285937002034e-01 3.306470584129746898e-02
7.907135972167069760e-01 3.440194642358953420e-02
7.804166255450371015e-01 3.570616082525094465e-02
7.701440579651563922e-01 3.697683128504011818e-02
7.598970361513051053e-01 3.821351939384776825e-02
7.496766989386134394e-01 3.941583541495716908e-02
7.394841821965345563e-01 4.058339008570819445e-02
7.293206187026060050e-01 4.171579977876563317e-02
7.191871380165538730e-01 4.281271733870057467e-02
7.090848663547572039e-01 4.387381743430807807e-02
6.990149264650814542e-01 4.489881368974333459e-02
6.889784375020977514e-01 4.588749956847787415e-02
6.789765149027036095e-01 4.683995863859036907e-02
6.690102702621547603e-01 4.775635389827509458e-02
6.590808112105230876e-01 4.863685203199606677e-02
6.491892412895989839e-01 4.948162890627755273e-02
6.393366598302444581e-01 5.029088498356058118e-02
6.295241618302156450e-01 5.106483333038223937e-02
6.197528378324663745e-01 5.180370681570851954e-02
6.100237738039482327e-01 5.250774583070545037e-02
6.003380510149177729e-01 5.317720068325924865e-02
5.906967459187653091e-01 5.381237270445748261e-02
5.811009300323815019e-01 5.441364843030956078e-02
5.715516698170692855e-01 5.498143859244446902e-02
5.620500265600203438e-01 5.551617692544674743e-02
5.525970562563653488e-01 5.601830600773178431e-02
5.431938094918128401e-01 5.648827719918071699e-02
5.338413313258880688e-01 5.692654795053600503e-02
5.245406611757882365e-01 5.733358248904468074e-02
5.152928327008634568e-01 5.770986478722311963e-02
5.060988736877365390e-01 5.805589359930713594e-02
4.969598059360780251e-01 5.837214157746158788e-02
4.878766451450451402e-01 5.865905600929735564e-02
4.788504008003974244e-01 5.891701835874808141e-02
4.698820760623064752e-01 5.914637445379185982e-02
4.609726676538650203e-01 5.934750551617704734e-02
4.521231657503131940e-01 5.952081192362269207e-02
4.433345538689928977e-01 5.966669982003102585e-02
4.346078087600411255e-01 5.978558177617009778e-02
4.259439002978354649e-01 5.987789334725731466e-02
4.173437913732044313e-01 5.994407993613531244e-02
4.088084377864137364e-01 5.998459502064680537e-02
4.003387881409395943e-01 5.999990259786408542e-02
3.919357837380436083e-01 5.999049807633058395e-02
3.836003584721576765e-01 5.995689367518927670e-02
3.753334387270930161e-01 5.989963097312848983e-02
3.671359432730831873e-01 5.981925943829530939e-02
3.590087831646743277e-01 5.971633403835086701e-02
3.509528616394713696e-01 5.959141601687612672e-02
3.429690740177547825e-01 5.944507841803860909e-02
3.350583076029753915e-01 5.927789932296871622e-02
3.272214415831418144e-01 5.909046326984360165e-02
3.194593469331089564e-01 5.888336113817371764e-02
3.117728863177794407e-01 5.865719255601515442e-02
3.041629139962280792e-01 5.841256054394625835e-02
2.966302757267624823e-01 5.815007022574140289e-02
2.891758086729252497e-01 5.787029125827406612e-02
2.818003413104546162e-01 5.757375461911386216e-02
2.745046933352085494e-01 5.726099270636508809e-02
2.672896755720651774e-01 5.693254252076804245e-02
2.601560898848094272e-01 5.658896383052423873e-02
2.531047290870154232e-01 5.623083259375326326e-02
2.461363768539343022e-01 5.585870907965333892e-02
2.392518076353984391e-01 5.547314931007681776e-02
2.324517865697500740e-01 5.507476824358606415e-02
2.257370693988056676e-01 5.466420099552022488e-02
2.191084023838638650e-01 5.424199029485576862e-02
2.125665222227673956e-01 5.380867297436150998e-02
2.061121559680280102e-01 5.336501137061779032e-02
1.997460209460230063e-01 5.291169849253338220e-02
1.934688246772731102e-01 5.244864182878822972e-02
1.872812647978095990e-01 5.197538761914097943e-02
1.811840289816407656e-01 5.149101022666850019e-02
1.751777948643248317e-01 5.099456658973559875e-02
1.692632299676588570e-01 5.048547396797634090e-02
1.634409916254914164e-01 4.996327371614955881e-02
1.577117269106679265e-01 4.942764033969958282e-02
1.520760725631161714e-01 4.887829369776276051e-02
1.465346549190801317e-01 4.831500396507759643e-02
1.410880898415101115e-01 4.773738327296104395e-02
1.357369826516168221e-01 4.714472195274264921e-02
1.304819280615971966e-01 4.653644227997783683e-02
1.253235101085391490e-01 4.591224860218158510e-02
1.202623020895129402e-01 4.527202801962026957e-02
1.152988664978553679e-01 4.461588605648201394e-02
1.104337549606562163e-01 4.394399666282684802e-02
1.056675081774507419e-01 4.325661213486863693e-02
1.010006558601274085e-01 4.255437020772075835e-02
9.643371667405697956e-02 4.183835763678078051e-02
9.196719818044885031e-02 4.111091074683909108e-02
8.760159677994161509e-02 4.037538140094051181e-02
8.333739765743386485e-02 3.963504616499016753e-02
7.917507472816209813e-02 3.889300594330832167e-02
7.511509058502996439e-02 3.815131871678146408e-02
7.115789644719716645e-02 3.741048618136122439e-02
6.730393210993146358e-02 3.666321567331538162e-02
6.355362589573076981e-02 3.589898290752439880e-02
5.990739460672012129e-02 3.511126785033292369e-02
5.636564347832906385e-02 3.429515108619978631e-02
5.292876613425423482e-02 3.344542283302378433e-02
4.959714454271368922e-02 3.255870359875294440e-02
4.637114897399441382e-02 3.164029572265720375e-02
4.325113795930202176e-02 3.069891825198547627e-02
4.023745825091396000e-02 2.974690710012877631e-02
3.733044478364233587e-02 2.879617393684890184e-02
3.453042063760936031e-02 2.785478293078221326e-02
3.183769700234129196e-02 2.693005014067430952e-02
2.925257314218321358e-02 2.602924044545494239e-02
2.677533636303963682e-02 2.515817192046523529e-02
2.440626198044326678e-02 2.431939258212529806e-02
2.214561328895736647e-02 2.349434518544766398e-02
1.999364153291383062e-02 2.262821649645875219e-02
1.795058587848985532e-02 2.167587962157410328e-02
1.601667338712764455e-02 2.061232867546805222e-02
1.419211899029970692e-02 1.942424146188453590e-02
1.247712546562085301e-02 1.811120276272745397e-02
1.087188341431266636e-02 1.668205360362409739e-02
9.376571240020115106e-03 1.515483507107519626e-02
7.991355128984078959e-03 1.355347993035617427e-02
6.716389031571567969e-03 1.190698672133099975e-02
5.551814645166519568e-03 1.024753280043967651e-02
4.497761398421062928e-03 8.609572401388721971e-03
3.554346436871580472e-03 7.027865605866558639e-03
2.721674609919344512e-03 5.537091726968804660e-03
1.999838459177394334e-03 4.169781389460106534e-03
1.388918208186096237e-03 2.956751022127146553e-03
8.889817534969424173e-04 1.924615654601104838e-03
5.000846571264760954e-04 1.097133070401999904e-03
2.222701403818971855e-04 4.920893797008408892e-04
5.556907905679420168e-05 1.237607072206857624e-04
0.000000000000000000e+00 -2.788853797321183354e-09
0.000000000000000000e+00 2.788853797321183354e-09
5.556907905679420168e-05 -1.237607072206857624e-04
2.222701403818971855e-04 -4.920893797008408892e-04
5.000846571264760954e-04 -1.097133070401999904e-03
8.889817534969424173e-04 -1.924615654601104838e-03
1.388918208186096237e-03 -2.956751022127146553e-03
1.999838459177394334e-03 -4.169781389460106534e-03
2.721674609919344512e-03 -5.537091726968804660e-03
3.554346436871580472e-03 -7.027865605866558639e-03
4.497761398421062928e-03 -8.609572401388721971e-03
5.551814645166519568e-03 -1.024753280043967651e-02
6.716389031571567969e-03 -1.190698672133099975e-02
7.991355128984078959e-03 -1.355347993035617427e-02
9.376571240020115106e-03 -1.515483507107519626e-02
1.087188341431266636e-02 -1.668205360362409739e-02
1.247712546562085301e-02 -1.811120276272745397e-02
1.419211899029970692e-02 -1.942424146188453590e-02
1.601667338712764455e-02 -2.061232867546805222e-02
1.795058587848985532e-02 -2.167587962157410328e-02
1.999364153291383062e-02 -2.262821649645875219e-02
2.214561328895736647e-02 -2.349434518544766398e-02
2.440626198044326678e-02 -2.431939258212529806e-02
2.677533636303963682e-02 -2.515817192046523529e-02
2.925257314218321358e-02 -2.602924044545494239e-02
3.183769700234129196e-02 -2.693005014067430952e-02
3.453042063760936031e-02 -2.785478293078221326e-02
3.733044478364233587e-02 -2.879617393684890184e-02
4.023745825091396000e-02 -2.974690710012877631e-02
4.325113795930202176e-02 -3.069891825198547627e-02
4.637114897399441382e-02 -3.164029572265720375e-02
4.959714454271368922e-02 -3.255870359875294440e-02
5.292876613425423482e-02 -3.344542283302378433e-02
5.636564347832906385e-02 -3.429515108619978631e-02
5.990739460672012129e-02 -3.511126785033292369e-02
6.355362589573076981e-02 -3.589898290752439880e-02
6.730393210993146358e-02 -3.666321567331538162e-02
7.115789644719716645e-02 -3.741048618136122439e-02
7.511509058502996439e-02 -3.815131871678146408e-02
7.917507472816209813e-02 -3.889300594330832167e-02
8.333739765743386485e-02 -3.963504616499016753e-02
8.760159677994161509e-02 -4.037538140094051181e-02
9.196719818044885031e-02 -4.111091074683909108e-02
9.643371667405697956e-02 -4.183835763678078051e-02
1.010006558601274085e-01 -4.255437020772075835e-02
1.056675081774507419e-01 -4.325661213486863693e-02
1.104337549606562163e-01 -4.394399666282684802e-02
1.152988664978553679e-01 -4.461588605648201394e-02
1.202623020895129402e-01 -4.527202801962026957e-02
1.253235101085391490e-01 -4.591224860218158510e-02
1.304819280615971966e-01 -4.653644227997783683e-02
1.357369826516168221e-01 -4.714472195274264921e-02
1.410880898415101115e-01 -4.773738327296104395e-02
1.465346549190801317e-01 -4.831500396507759643e-02
1.520760725631161714e-01 -4.887829369776276051e-02
1.577117269106679265e-01 -4.942764033969958282e-02
1.634409916254914164e-01 -4.996327371614955881e-02
1.692632299676588570e-01 -5.048547396797634090e-02
1.751777948643248317e-01 -5.099456658973559875e-02
1.811840289816407656e-01 -5.149101022666850019e-02
1.872812647978095990e-01 -5.197538761914097943e-02
1.934688246772731102e-01 -5.244864182878822972e-02
1.997460209460230063e-01 -5.291169849253338220e-02
2.061121559680280102e-01 -5.336501137061779032e-02
2.125665222227673956e-01 -5.380867297436150998e-02
2.191084023838638650e-01 -5.424199029485576862e-02
2.257370693988056676e-01 -5.466420099552022488e-02
2.324517865697500740e-01 -5.507476824358606415e-02
2.392518076353984391e-01 -5.547314931007681776e-02
2.461363768539343022e-01 -5.585870907965333892e-02
2.531047290870154232e-01 -5.623083259375326326e-02
2.601560898848094272e-01 -5.658896383052423873e-02
2.672896755720651774e-01 -5.693254252076804245e-02
2.745046933352085494e-01 -5.726099270636508809e-02
2.818003413104546162e-01 -5.757375461911386216e-02
2.891758086729252497e-01 -5.787029125827406612e-02
2.966302757267624823e-01 -5.815007022574140289e-02
3.041629139962280792e-01 -5.841256054394625835e-02
3.117728863177794407e-01 -5.865719255601515442e-02
3.194593469331089564e-01 -5.888336113817371764e-02
3.272214415831418144e-01 -5.909046326984360165e-02
3.350583076029753915e-01 -5.927789932296871622e-02
3.429690740177547825e-01 -5.944507841803860909e-02
3.509528616394713696e-01 -5.959141601687612672e-02
3.590087831646743277e-01 -5.971633403835086701e-02
3.671359432730831873e-01 -5.981925943829530939e-02
3.753334387270930161e-01 -5.989963097312848983e-02
3.836003584721576765e-01 -5.995689367518927670e-02
3.919357837380436083e-01 -5.999049807633058395e-02
4.003387881409395943e-01 -5.999990259786408542e-02
4.088084377864137364e-01 -5.998459502064680537e-02
4.173437913732044313e-01 -5.994407993613531244e-02
4.259439002978354649e-01 -5.987789334725731466e-02
4.346078087600411255e-01 -5.978558177617009778e-02
4.433345538689928977e-01 -5.966669982003102585e-02
4.521231657503131940e-01 -5.952081192362269207e-02
4.609726676538650203e-01 -5.934750551617704734e-02
4.698820760623064752e-01 -5.914637445379185982e-02
4.788504008003974244e-01 -5.891701835874808141e-02
4.878766451450451402e-01 -5.865905600929735564e-02
4.969598059360780251e-01 -5.837214157746158788e-02
5.060988736877365390e-01 -5.805589359930713594e-02
5.152928327008634568e-01 -5.770986478722311963e-02
5.245406611757882365e-01 -5.733358248904468074e-02
5.338413313258880688e-01 -5.692654795053600503e-02
5.431938094918128401e-01 -5.648827719918071699e-02
5.525970562563653488e-01 -5.601830600773178431e-02
5.620500265600203438e-01 -5.551617692544674743e-02
5.715516698170692855e-01 -5.498143859244446902e-02
5.811009300323815019e-01 -5.441364843030956078e-02
5.906967459187653091e-01 -5.381237270445748261e-02
6.003380510149177729e-01 -5.317720068325924865e-02
6.100237738039482327e-01 -5.250774583070545037e-02
6.197528378324663745e-01 -5.180370681570851954e-02
6.295241618302156450e-01 -5.106483333038223937e-02
6.393366598302444581e-01 -5.029088498356058118e-02
6.491892412895989839e-01 -4.948162890627755273e-02
6.590808112105230876e-01 -4.863685203199606677e-02
6.690102702621547603e-01 -4.775635389827509458e-02
6.789765149027036095e-01 -4.683995863859036907e-02
6.889784375020977514e-01 -4.588749956847787415e-02
6.990149264650814542e-01 -4.489881368974333459e-02
7.090848663547572039e-01 -4.387381743430807807e-02
7.191871380165538730e-01 -4.281271733870057467e-02
7.293206187026060050e-01 -4.171579977876563317e-02
7.394841821965345563e-01 -4.058339008570819445e-02
7.496766989386134394e-01 -3.941583541495716908e-02
7.598970361513051053e-01 -3.821351939384776825e-02
7.701440579651563922e-01 -3.697683128504011818e-02
7.804166255450371015e-01 -3.570616082525094465e-02
7.907135972167069760e-01 -3.440194642358953420e-02
8.010338285937002034e-01 -3.306470584129746898e-02
8.113761727045106786e-01 -3.169462437795332599e-02
8.217394801200630372e-01 -3.029138114739651777e-02
8.321225990814590245e-01 -2.885457237619170126e-02
8.425243756279822138e-01 -2.738374258516382970e-02
8.529436537253458628e-01 -2.587845351813399669e-02
8.633792753941731402e-01 -2.433828973960667358e-02
8.738300808386934015e-01 -2.276285990420616467e-02
8.842949085756387495e-01 -2.115179010273510532e-02
8.947725955633289985e-01 -1.950466337381195903e-02
9.052619773309316109e-01 -1.782110961647100783e-02
9.157618881078770645e-01 -1.610165526574423855e-02
9.262711609534211021e-01 -1.434740550894418772e-02
9.367886278863364335e-01 -1.255959201150381489e-02
9.473131200147204556e-01 -1.073950596348302589e-02
9.578434676659028923e-01 -8.888419637983247662e-03
9.683785005164411430e-01 -7.007604276197176851e-03
9.789170477221889044e-01 -5.098375977987536917e-03
9.894579380484205267e-01 -3.162066082214773453e-03
9.999999999999998890e-01 -1.199999912263306334e-03
