9.999999999999998890e-01 1.973493491532170210e-03
9.894579380484205267e-01 4.248122696113226966e-03
9.789170477221889044e-01 6.510723542106139870e-03
9.683785005164411430e-01 8.707648894851881954e-03
9.578434676659028923e-01 1.082678244579207520e-02
9.473131200147204556e-01 1.287624987728025645e-02
9.367886278863364335e-01 1.489590473183682873e-02
9.262711609534211021e-01 1.689533629452160887e-02
9.157618881078770645e-01 1.880386470241215621e-02
9.052619773309316109e-01 2.058625614910095797e-02
8.947725955633289985e-01 2.229534548846278177e-02
8.842949085756387495e-01 2.399684774872585385e-02
8.738300808386934015e-01 2.575983953402056006e-02
8.633792753941731402e-01 2.758999120882742184e-02
8.529436537253458628e-01 2.940957206932728538e-02
8.425243756279822138e-01 3.118761910235332002e-02
8.321225990814590245e-01 3.296190788738540683e-02
8.217394801200630372e-01 3.497097889419871486e-02
8.113761727045106786e-01 3.760899275774347988e-02
8.010338285937002034e-01 4.076490253024336874e-02
7.907135972167069760e-01 4.394690370598551554e-02
7.804166255450371015e-01 4.702788546079322146e-02
7.701440579651563922e-01 5.013647357480966599e-02
7.598970361513051053e-01 5.342100093113658077e-02
7.496766989386134394e-01 5.698574905239481986e-02
7.394841821965345563e-01 6.051994064776577281e-02
7.293206187026060050e-01 6.359604917059655249e-02
7.191871380165538730e-01 6.630224343445578761e-02
7.090848663547572039e-01 6.890092585809795556e-02
6.990149264650814542e-01 7.149601335333766183e-02
6.889784375020977514e-01 7.408856331291989450e-02
6.789765149027036095e-01 7.646011156017483434e-02
6.690102702621547603e-01 7.841760859084991042e-02
6.590808112105230876e-01 8.006958489577412075e-02
6.491892412895989839e-01 8.156973068454127784e-02
6.393366598302444581e-01 8.300727072770730519e-02
6.295241618302156450e-01 8.443233883956896557e-02
6.197528378324663745e-01 8.582856846708850074e-02
6.100237738039482327e-01 8.718105096768136164e-02
6.003380510149177729e-01 8.849775779950559695e-02
5.906967459187653091e-01 8.976731877990551389e-02
5.811009300323815019e-01 9.094133231560998232e-02
5.715516698170692855e-01 9.199922609924034156e-02
5.620500265600203438e-01 9.296522118485948949e-02
5.525970562563653488e-01 9.385895574062518010e-02
5.431938094918128401e-01 9.469015008490350160e-02
5.338413313258880688e-01 9.546271601817857277e-02
5.245406611757882365e-01 9.617537146638309442e-02
5.152928327008634568e-01 9.682884256884499719e-02
5.060988736877365390e-01 9.742552315796455809e-02
4.969598059360780251e-01 9.796430440678817464e-02
4.878766451450451402e-01 9.844175374008073964e-02
4.788504008003974244e-01 9.885714287021241109e-02
4.698820760623064752e-01 9.921143996546206989e-02
4.609726676538650203e-01 9.950576632736009286e-02
4.521231657503131940e-01 9.974130031533909313e-02
4.433345538689928977e-01 9.991915858862399080e-02
4.346078087600411255e-01 1.000404471044052529e-01
4.259439002978354649e-01 1.001063616993328326e-01
4.173437913732044313e-01 1.001181210117687570e-01
4.088084377864137364e-01 1.000769015966069542e-01
4.003387881409395943e-01 9.998371221419492805e-02
3.919357837380436083e-01 9.983896350404429521e-02
3.836003584721576765e-01 9.964317472238545803e-02
3.753334387270930161e-01 9.939766544042703822e-02
3.671359432730831873e-01 9.910385744972473321e-02
3.590087831646743277e-01 9.876302565152263180e-02
3.509528616394713696e-01 9.837645358356715553e-02
3.429690740177547825e-01 9.794549560148312073e-02
3.350583076029753915e-01 9.747150998609423189e-02
3.272214415831418144e-01 9.695584635320068922e-02
3.194593469331089564e-01 9.639992537502714565e-02
3.117728863177794407e-01 9.580519123682917915e-02
3.041629139962280792e-01 9.516976767814379345e-02
2.966302757267624823e-01 9.448764766514536340e-02
2.891758086729252497e-01 9.375699094659510624e-02
2.818003413104546162e-01 9.298075009008469061e-02
2.745046933352085494e-01 9.216109673966774163e-02
2.672896755720651774e-01 9.129929308287920708e-02
2.601560898848094272e-01 9.039705583765060559e-02
2.531047290870154232e-01 8.945646045299393556e-02
2.461363768539343022e-01 8.847934809849873627e-02
2.392518076353984391e-01 8.746741103938963924e-02
2.324517865697500740e-01 8.642243716679032239e-02
2.257370693988056676e-01 8.534625417845553841e-02
2.191084023838638650e-01 8.424058355264804621e-02
2.125665222227673956e-01 8.310704803865594237e-02
2.061121559680280102e-01 8.194696268619061641e-02
1.997460209460230063e-01 8.076189039433839811e-02
1.934688246772731102e-01 7.955523990999596728e-02
1.872812647978095990e-01 7.833085456910983402e-02
1.811840289816407656e-01 7.709196371976766160e-02
1.751777948643248317e-01 7.584103271318046180e-02
1.692632299676588570e-01 7.457845849117271386e-02
1.634409916254914164e-01 7.330515988431872410e-02
1.577117269106679265e-01 7.202477567092556432e-02
1.520760725631161714e-01 7.073919626679860129e-02
1.465346549190801317e-01 6.944507071815053667e-02
1.410880898415101115e-01 6.813693032235262903e-02
1.357369826516168221e-01 6.680670162636041798e-02
1.304819280615971966e-01 6.545132043868562288e-02
1.253235101085391490e-01 6.407640868341379914e-02
1.202623020895129402e-01 6.268601842088518394e-02
1.152988664978553679e-01 6.128096126277494254e-02
1.104337549606562163e-01 5.986337776282050355e-02
1.056675081774507419e-01 5.843716689366122707e-02
1.010006558601274085e-01 5.700476239211228757e-02
9.643371667405697956e-02 5.556718379218139603e-02
9.196719818044885031e-02 5.412753238830162600e-02
8.760159677994161509e-02 5.269031119336617386e-02
8.333739765743386485e-02 5.125514112657337390e-02
7.917507472816209813e-02 4.981883147349381452e-02
7.511509058502996439e-02 4.838470049935284650e-02
7.115789644719716645e-02 4.695855926197998326e-02
6.730393210993146358e-02 4.553492447414008576e-02
6.355362589573076981e-02 4.410315918533391777e-02
5.990739460672012129e-02 4.265547697120302545e-02
5.636564347832906385e-02 4.118733267248089747e-02
5.292876613425423482e-02 3.970543396017782445e-02
4.959714454271368922e-02 3.821899906426158566e-02
4.637114897399441382e-02 3.673132003025161851e-02
4.325113795930202176e-02 3.524512020820914221e-02
4.023745825091396000e-02 3.376718179781227486e-02
3.733044478364233587e-02 3.230379901791172875e-02
3.453042063760936031e-02 3.085691878458945991e-02
3.183769700234129196e-02 2.943040122990655746e-02
2.925257314218321358e-02 2.803496413165660478e-02
2.677533636303963682e-02 2.667059037331588958e-02
2.440626198044326678e-02 2.531254263513330049e-02
2.214561328895736647e-02 2.394613633958519311e-02
1.999364153291383062e-02 2.257989733335248259e-02
1.795058587848985532e-02 2.122234890649809386e-02
1.601667338712764455e-02 1.987869829927203097e-02
1.419211899029970692e-02 1.856066760961886178e-02
1.247712546562085301e-02 1.728768748051182427e-02
1.087188341431266636e-02 1.606033081695946996e-02
9.376571240020115106e-03 1.485736345873635463e-02
7.991355128984078959e-03 1.363022186823200851e-02
6.716389031571567969e-03 1.231373953460788984e-02
5.551814645166519568e-03 1.093971398671824379e-02
4.497761398421062928e-03 9.606779476893987160e-03
3.554346436871580472e-03 8.343217410767825998e-03
2.721674609919344512e-03 7.141434696028216289e-03
1.999838459177394334e-03 6.079378032808345315e-03
1.388918208186096237e-03 5.230896577553958288e-03
8.889817534969424173e-04 4.308936249877392405e-03
5.000846571264760954e-04 2.974141918352506478e-03
2.222701403818971855e-04 1.522524751665867496e-03
5.556907905679420168e-05 4.467844213629255457e-04
0.000000000000000000e+00 6.099056748693128406e-05
0.000000000000000000e+00 -2.328278197104604303e-05
5.556907905679420168e-05 -3.814003589690574420e-04
2.222701403818971855e-04 -1.378540228439171589e-03
5.000846571264760954e-04 -2.714318890941693537e-03
8.889817534969424173e-04 -3.920256598171715720e-03
1.388918208186096237e-03 -4.715504667807035935e-03
1.999838459177394334e-03 -5.424037565191418449e-03
2.721674609919344512e-03 -6.321665846715261890e-03
3.554346436871580472e-03 -7.344256539438990400e-03
4.497761398421062928e-03 -8.416968091425057127e-03
5.551814645166519568e-03 -9.532448372391224417e-03
6.716389031571567969e-03 -1.064075671511950649e-02
7.991355128984078959e-03 -1.161469391699455726e-02
9.376571240020115106e-03 -1.241696763796300458e-02
1.087188341431266636e-02 -1.313874445300902694e-02
1.247712546562085301e-02 -1.385128056685024957e-02
1.419211899029970692e-02 -1.459182789694195466e-02
1.601667338712764455e-02 -1.536568054206080731e-02
1.795058587848985532e-02 -1.615038132322143064e-02
1.999364153291383062e-02 -1.693781096197493133e-02
2.214561328895736647e-02 -1.773146275256727925e-02
2.440626198044326678e-02 -1.852528813019652110e-02
2.677533636303963682e-02 -1.930723363484916286e-02
2.925257314218321358e-02 -2.007177998756420542e-02
3.183769700234129196e-02 -2.081615937029366453e-02
3.453042063760936031e-02 -2.152951656257776070e-02
3.733044478364233587e-02 -2.220135524518312975e-02
4.023745825091396000e-02 -2.284827889380879051e-02
4.325113795930202176e-02 -2.349386184065650751e-02
4.637114897399441382e-02 -2.414193599604649160e-02
4.959714454271368922e-02 -2.478987750274601332e-02
5.292876613425423482e-02 -2.543515567639840699e-02
5.636564347832906385e-02 -2.607525778925856227e-02
5.990739460672012129e-02 -2.670764186204757987e-02
6.355362589573076981e-02 -2.732984544250946501e-02
6.730393210993146358e-02 -2.793965763773952060e-02
7.115789644719716645e-02 -2.853451184721755157e-02
7.511509058502996439e-02 -2.911086862009309648e-02
7.917507472816209813e-02 -2.966593925487496022e-02
8.333739765743386485e-02 -3.019881040508771985e-02
8.760159677994161509e-02 -3.071297248755579246e-02
9.196719818044885031e-02 -3.121890235358579582e-02
9.643371667405697956e-02 -3.172149607991005954e-02
1.010006558601274085e-01 -3.221674899577293277e-02
1.056675081774507419e-01 -3.270226181679417032e-02
1.104337549606562163e-01 -3.317833643565497315e-02
1.152988664978553679e-01 -3.364389883314372609e-02
1.202623020895129402e-01 -3.409639063817517662e-02
1.253235101085391490e-01 -3.453464739171969305e-02
1.304819280615971966e-01 -3.495859924276505104e-02
1.357369826516168221e-01 -3.536599998315244353e-02
1.410880898415101115e-01 -3.575350795833001638e-02
1.465346549190801317e-01 -3.612322437856561874e-02
1.520760725631161714e-01 -3.648037868849557386e-02
1.577117269106679265e-01 -3.682846336424421690e-02
1.634409916254914164e-01 -3.716963562830391532e-02
1.692632299676588570e-01 -3.750308351445444388e-02
1.751777948643248317e-01 -3.782695881908185870e-02
1.811840289816407656e-01 -3.814069063844522517e-02
1.872812647978095990e-01 -3.844405499611829036e-02
1.934688246772731102e-01 -3.873633146890159695e-02
1.997460209460230063e-01 -3.901663580092006728e-02
2.061121559680280102e-01 -3.928401183942892283e-02
2.125665222227673956e-01 -3.953767607721211247e-02
2.191084023838638650e-01 -3.977745069935489930e-02
2.257370693988056676e-01 -4.000503289633253884e-02
2.324517865697500740e-01 -4.022671393794262362e-02
2.392518076353984391e-01 -4.044693372472484005e-02
2.461363768539343022e-01 -4.066446919828210771e-02
2.531047290870154232e-01 -4.087817399879058872e-02
2.601560898848094272e-01 -4.108840073847697116e-02
2.672896755720651774e-01 -4.129526283083918142e-02
2.745046933352085494e-01 -4.149826530506556949e-02
2.818003413104546162e-01 -4.169700134297622124e-02
2.891758086729252497e-01 -4.189125050453093579e-02
2.966302757267624823e-01 -4.208095991051105655e-02
3.041629139962280792e-01 -4.226617022628744585e-02
3.117728863177794407e-01 -4.244542625326619412e-02
3.194593469331089564e-01 -4.261598093697944317e-02
3.272214415831418144e-01 -4.277640160258115720e-02
3.350583076029753915e-01 -4.292631472716472441e-02
3.429690740177547825e-01 -4.306538170968851609e-02
3.509528616394713696e-01 -4.319326609847863596e-02
3.590087831646743277e-01 -4.330960711672569852e-02
3.671359432730831873e-01 -4.341403409438529537e-02
3.753334387270930161e-01 -4.350620259329273515e-02
3.836003584721576765e-01 -4.358577698748854895e-02
3.919357837380436083e-01 -4.365240155244967668e-02
4.003387881409395943e-01 -4.370572048215175948e-02
4.088084377864137364e-01 -4.374541640230825146e-02
4.173437913732044313e-01 -4.377117116517514200e-02
4.259439002978354649e-01 -4.378261298272718982e-02
4.346078087600411255e-01 -4.377938878447840132e-02
4.433345538689928977e-01 -4.376125726848221348e-02
4.521231657503131940e-01 -4.372793389672554459e-02
4.609726676538650203e-01 -4.367894473665626803e-02
4.698820760623064752e-01 -4.361393527859014352e-02
4.788504008003974244e-01 -4.353290738331124649e-02
4.878766451450451402e-01 -4.343561627799822494e-02
4.969598059360780251e-01 -4.332118928345695535e-02
5.060988736877365390e-01 -4.318559596164900372e-02
5.152928327008634568e-01 -4.301983200100369109e-02
5.245406611757882365e-01 -4.281897045946145980e-02
5.338413313258880688e-01 -4.258431469354174992e-02
5.431938094918128401e-01 -4.231593482995296002e-02
5.525970562563653488e-01 -4.201199557563184417e-02
5.620500265600203438e-01 -4.167204733300373942e-02
5.715516698170692855e-01 -4.129698168600171027e-02
5.811009300323815019e-01 -4.088555864140187152e-02
5.906967459187653091e-01 -4.043523597031682681e-02
6.003380510149177729e-01 -3.995015146924617983e-02
6.100237738039482327e-01 -3.943866139385192315e-02
6.197528378324663745e-01 -3.890416659170668756e-02
6.295241618302156450e-01 -3.834707950929603509e-02
6.393366598302444581e-01 -3.776762296168987426e-02
6.491892412895989839e-01 -3.716576637259727534e-02
6.590808112105230876e-01 -3.654028235887655379e-02
6.690102702621547603e-01 -3.589019443401420678e-02
6.789765149027036095e-01 -3.521858554788483142e-02
6.889784375020977514e-01 -3.452446640822417340e-02
6.990149264650814542e-01 -3.378232283345153353e-02
7.090848663547572039e-01 -3.296362760858790458e-02
7.191871380165538730e-01 -3.205420464021034588e-02
7.293206187026060050e-01 -3.104963226129801510e-02
7.394841821965345563e-01 -2.996507400187948741e-02
7.496766989386134394e-01 -2.879659533665716170e-02
7.598970361513051053e-01 -2.748274427336826892e-02
7.701440579651563922e-01 -2.598673585968285307e-02
7.804166255450371015e-01 -2.434270335040840741e-02
7.907135972167069760e-01 -2.260004651376225707e-02
8.010338285937002034e-01 -2.081854003888254992e-02
8.113761727045106786e-01 -1.902022929413951097e-02
8.217394801200630372e-01 -1.717136415347284353e-02
8.321225990814590245e-01 -1.529468468932374849e-02
8.425243756279822138e-01 -1.348679882819134139e-02
8.529436537253458628e-01 -1.178951320521626212e-02
8.633792753941731402e-01 -1.018266265988020981e-02
8.738300808386934015e-01 -8.656640721943643924e-03
8.842949085756387495e-01 -7.213380619795099931e-03
8.947725955633289985e-01 -5.848253492286228580e-03
9.052619773309316109e-01 -4.553451591890653703e-03
9.157618881078770645e-01 -3.344131574736101346e-03
9.262711609534211021e-01 -2.247233602747248336e-03
9.367886278863364335e-01 -1.264991335476091600e-03
9.473131200147204556e-01 -3.916439481298424909e-04
9.578434676659028923e-01 3.409548824569935211e-04
9.683785005164411430e-01 8.702579353315779628e-04
9.789170477221889044e-01 1.050499695238329024e-03
9.894579380484205267e-01 7.485492884281952190e-04
9.999999999999998890e-01 4.108244706977104589e-05
