9.999999999999998890e-01 2.589949218047475177e-04
9.894579380484205267e-01 9.293611672872144304e-04
9.789170477221889044e-01 2.223046324932432746e-03
9.683785005164411430e-01 3.520905022424700073e-03
9.578434676659028923e-01 4.713622482142508854e-03
9.473131200147204556e-01 5.812658138912205584e-03
9.367886278863364335e-01 6.872811429592980484e-03
9.262711609534211021e-01 7.942535459089300129e-03
9.157618881078770645e-01 9.039281596959502368e-03
9.052619773309316109e-01 1.016965576745704897e-02
8.947725955633289985e-01 1.132786540617048386e-02
8.842949085756387495e-01 1.251058225268764264e-02
8.738300808386934015e-01 1.372053435693729173e-02
8.633792753941731402e-01 1.495889789077791028e-02
8.529436537253458628e-01 1.622407996277421341e-02
8.425243756279822138e-01 1.751505327641464729e-02
8.321225990814590245e-01 1.883167402598653201e-02
8.217394801200630372e-01 2.017442256437588372e-02
8.113761727045106786e-01 2.154410397166094809e-02
8.010338285937002034e-01 2.293795991888681468e-02
7.907135972167069760e-01 2.435043822004651082e-02
7.804166255450371015e-01 2.577691407704232884e-02
7.701440579651563922e-01 2.721376330956054232e-02
7.598970361513051053e-01 2.866051193929454455e-02
7.496766989386134394e-01 3.011827908364856851e-02
7.394841821965345563e-01 3.158672102971605417e-02
7.293206187026060050e-01 3.306489914908660593e-02
7.191871380165538730e-01 3.455257475549741719e-02
7.090848663547572039e-01 3.604974061570318661e-02
6.990149264650814542e-01 3.755614241694467392e-02
6.889784375020977514e-01 3.907141020470523973e-02
6.789765149027036095e-01 4.059502501764309518e-02
6.690102702621547603e-01 4.212659113969070834e-02
6.590808112105230876e-01 4.366629447100867090e-02
6.491892412895989839e-01 4.521401507515395574e-02
6.393366598302444581e-01 4.676835746439032826e-02
6.295241618302156450e-01 4.832872154661926184e-02
6.197528378324663745e-01 4.989699587356893201e-02
6.100237738039482327e-01 5.147282333283408756e-02
6.003380510149177729e-01 5.305050515252860560e-02
5.906967459187653091e-01 5.462212939991740318e-02
5.811009300323815019e-01 5.617723104436121717e-02
5.715516698170692855e-01 5.771064217847059891e-02
5.620500265600203438e-01 5.922507954306230338e-02
5.525970562563653488e-01 6.072185377090762864e-02
5.431938094918128401e-01 6.219986990940835903e-02
5.338413313258880688e-01 6.365849144406666993e-02
5.245406611757882365e-01 6.509773801833808327e-02
5.152928327008634568e-01 6.651841374070875668e-02
5.060988736877365390e-01 6.792168904559010845e-02
4.969598059360780251e-01 6.930488254615406463e-02
4.878766451450451402e-01 7.066267887793556413e-02
4.788504008003974244e-01 7.199152001736615347e-02
4.698820760623064752e-01 7.328920856391361871e-02
4.609726676538650203e-01 7.455573834057493965e-02
4.521231657503131940e-01 7.579216770743996134e-02
4.433345538689928977e-01 7.699924540004507434e-02
4.346078087600411255e-01 7.817737253964757160e-02
4.259439002978354649e-01 7.932574238414986934e-02
4.173437913732044313e-01 8.044389580894754921e-02
4.088084377864137364e-01 8.153499434023039893e-02
4.003387881409395943e-01 8.260024795384571239e-02
3.919357837380436083e-01 8.362929126490860343e-02
3.836003584721576765e-01 8.461118313488352749e-02
3.753334387270930161e-01 8.554198443945681962e-02
3.671359432730831873e-01 8.642029297549963518e-02
3.590087831646743277e-01 8.724773090807491638e-02
3.509528616394713696e-01 8.802624593705264677e-02
3.429690740177547825e-01 8.875741663673153425e-02
3.350583076029753915e-01 8.944183285235153547e-02
3.272214415831418144e-01 9.007841959473533722e-02
3.194593469331089564e-01 9.066900990000231753e-02
3.117728863177794407e-01 9.121987022488592389e-02
3.041629139962280792e-01 9.172609205625045781e-02
2.966302757267624823e-01 9.216813083949079721e-02
2.891758086729252497e-01 9.253350964336101714e-02
2.818003413104546162e-01 9.281872538489664703e-02
2.745046933352085494e-01 9.302480528382990610e-02
2.672896755720651774e-01 9.315641744129561641e-02
2.601560898848094272e-01 9.321662531422801601e-02
2.531047290870154232e-01 9.320714105265841265e-02
2.461363768539343022e-01 9.312964793583462797e-02
2.392518076353984391e-01 9.298607091231129995e-02
2.324517865697500740e-01 9.278056635342329939e-02
2.257370693988056676e-01 9.251716762351415435e-02
2.191084023838638650e-01 9.218972322962992738e-02
2.125665222227673956e-01 9.178871782799101486e-02
2.061121559680280102e-01 9.131268020776937833e-02
1.997460209460230063e-01 9.076353518082329319e-02
1.934688246772731102e-01 9.014483803150148689e-02
1.872812647978095990e-01 8.946053249599078550e-02
1.811840289816407656e-01 8.871404722611871130e-02
1.751777948643248317e-01 8.790852370874993604e-02
1.692632299676588570e-01 8.704657949389392468e-02
1.634409916254914164e-01 8.613139623878669771e-02
1.577117269106679265e-01 8.516805628399118366e-02
1.520760725631161714e-01 8.415862833845512425e-02
1.465346549190801317e-01 8.309734095769327755e-02
1.410880898415101115e-01 8.198046936098785098e-02
1.357369826516168221e-01 8.081051325973290234e-02
1.304819280615971966e-01 7.959096686731842452e-02
1.253235101085391490e-01 7.832577818462210795e-02
1.202623020895129402e-01 7.701924992489959931e-02
1.152988664978553679e-01 7.567607105589979621e-02
1.104337549606562163e-01 7.429953203682797269e-02
1.056675081774507419e-01 7.289141525573590574e-02
1.010006558601274085e-01 7.145693250501716776e-02
9.643371667405697956e-02 7.000402902914529268e-02
9.196719818044885031e-02 6.852852244458058906e-02
8.760159677994161509e-02 6.701677465060008887e-02
8.333739765743386485e-02 6.546431310699916961e-02
7.917507472816209813e-02 6.387351200005124408e-02
7.511509058502996439e-02 6.224915694464468185e-02
7.115789644719716645e-02 6.059743954117873671e-02
6.730393210993146358e-02 5.892513158051061045e-02
6.355362589573076981e-02 5.723864073008541609e-02
5.990739460672012129e-02 5.554008363406062049e-02
5.636564347832906385e-02 5.383163801465173232e-02
5.292876613425423482e-02 5.212545536327119200e-02
4.959714454271368922e-02 5.043111438323482493e-02
4.637114897399441382e-02 4.873135437541084580e-02
4.325113795930202176e-02 4.700411035023031175e-02
4.023745825091396000e-02 4.523744770436328305e-02
3.733044478364233587e-02 4.342775372982762838e-02
3.453042063760936031e-02 4.158965822081799046e-02
3.183769700234129196e-02 3.973883386617371033e-02
2.925257314218321358e-02 3.788481684788266857e-02
2.677533636303963682e-02 3.603554871546994776e-02
2.440626198044326678e-02 3.419766648301351269e-02
2.214561328895736647e-02 3.238143449659450918e-02
1.999364153291383062e-02 3.060358593254757301e-02
1.795058587848985532e-02 2.886971350841664036e-02
1.601667338712764455e-02 2.716745171026486300e-02
1.419211899029970692e-02 2.546664408070394015e-02
1.247712546562085301e-02 2.371876882674711987e-02
1.087188341431266636e-02 2.192596000218985375e-02
9.376571240020115106e-03 2.014334479903386738e-02
7.991355128984078959e-03 1.839766511574791527e-02
6.716389031571567969e-03 1.668671718334546056e-02
5.551814645166519568e-03 1.498683129687673754e-02
4.497761398421062928e-03 1.326398841540902228e-02
3.554346436871580472e-03 1.154027705169831386e-02
2.721674609919344512e-03 9.875116179280251857e-03
1.999838459177394334e-03 8.344006787479872275e-03
1.388918208186096237e-03 7.000940516262280089e-03
8.889817534969424173e-04 5.683965755472948980e-03
5.000846571264760954e-04 4.199341777108120573e-03
2.222701403818971855e-04 2.730104255946093003e-03
5.556907905679420168e-05 1.481500154440490089e-03
0.000000000000000000e+00 9.368394743768256559e-05
0.000000000000000000e+00 -9.640681503232186348e-06
5.556907905679420168e-05 -8.125856572232481546e-04
2.222701403818971855e-04 -2.057649234563424176e-03
5.000846571264760954e-04 -3.006874844405136617e-03
8.889817534969424173e-04 -3.722032118771684446e-03
1.388918208186096237e-03 -4.378992214354736172e-03
1.999838459177394334e-03 -5.016385773756205750e-03
2.721674609919344512e-03 -5.648951928220301982e-03
3.554346436871580472e-03 -6.289677948571743317e-03
4.497761398421062928e-03 -6.943125953115573956e-03
5.551814645166519568e-03 -7.598523721353978543e-03
6.716389031571567969e-03 -8.253668665057221562e-03
7.991355128984078959e-03 -8.922374389152923704e-03
9.376571240020115106e-03 -9.607023243121176961e-03
1.087188341431266636e-02 -1.029317189853410155e-02
1.247712546562085301e-02 -1.097583964235929535e-02
1.419211899029970692e-02 -1.166187047436332939e-02
1.601667338712764455e-02 -1.235500810102125105e-02
1.795058587848985532e-02 -1.305501310326994194e-02
1.999364153291383062e-02 -1.375469014014900522e-02
2.214561328895736647e-02 -1.444206850981563650e-02
2.440626198044326678e-02 -1.511357378564202880e-02
2.677533636303963682e-02 -1.577193223110463435e-02
2.925257314218321358e-02 -1.642512625214757882e-02
3.183769700234129196e-02 -1.708265517538958000e-02
3.453042063760936031e-02 -1.774294837446420414e-02
3.733044478364233587e-02 -1.839941110040450162e-02
4.023745825091396000e-02 -1.904702087749052947e-02
4.325113795930202176e-02 -1.968244307468301757e-02
4.637114897399441382e-02 -2.030788603395264000e-02
4.959714454271368922e-02 -2.092721748931177309e-02
5.292876613425423482e-02 -2.154362943469629449e-02
5.636564347832906385e-02 -2.215884519958608717e-02
5.990739460672012129e-02 -2.277001165686202977e-02
6.355362589573076981e-02 -2.337353575361858504e-02
6.730393210993146358e-02 -2.396664752420995040e-02
7.115789644719716645e-02 -2.454889684084933868e-02
7.511509058502996439e-02 -2.512510919503832194e-02
7.917507472816209813e-02 -2.569907465371270780e-02
8.333739765743386485e-02 -2.627086717873376720e-02
8.760159677994161509e-02 -2.683944531085381488e-02
9.196719818044885031e-02 -2.740265127703180384e-02
9.643371667405697956e-02 -2.795901616029028078e-02
1.010006558601274085e-01 -2.850827990053451944e-02
1.056675081774507419e-01 -2.905245810272582413e-02
1.104337549606562163e-01 -2.959607136001522060e-02
1.152988664978553679e-01 -3.014067511558274348e-02
1.202623020895129402e-01 -3.068467337279960974e-02
1.253235101085391490e-01 -3.122675379715974045e-02
1.304819280615971966e-01 -3.176605009782739603e-02
1.357369826516168221e-01 -3.230280562696553198e-02
1.410880898415101115e-01 -3.283807240167532782e-02
1.465346549190801317e-01 -3.337307203883369683e-02
1.520760725631161714e-01 -3.390893460446302299e-02
1.577117269106679265e-01 -3.444520708855805524e-02
1.634409916254914164e-01 -3.498072176136214628e-02
1.692632299676588570e-01 -3.551495874902382832e-02
1.751777948643248317e-01 -3.604772775858587630e-02
1.811840289816407656e-01 -3.657912966021964474e-02
1.872812647978095990e-01 -3.710928526874901490e-02
1.934688246772731102e-01 -3.763792917721125314e-02
1.997460209460230063e-01 -3.816464832640168586e-02
2.061121559680280102e-01 -3.868889567095587512e-02
2.125665222227673956e-01 -3.921014676422968082e-02
2.191084023838638650e-01 -3.972805096684776244e-02
2.257370693988056676e-01 -4.024229545703084110e-02
2.324517865697500740e-01 -4.075257612107831967e-02
2.392518076353984391e-01 -4.125852249914709058e-02
2.461363768539343022e-01 -4.175961659698183143e-02
2.531047290870154232e-01 -4.225537014128096652e-02
2.601560898848094272e-01 -4.274538070410434376e-02
2.672896755720651774e-01 -4.322901975847252137e-02
2.745046933352085494e-01 -4.370530435726040219e-02
2.818003413104546162e-01 -4.417347616481245159e-02
2.891758086729252497e-01 -4.463310338571266356e-02
2.966302757267624823e-01 -4.508370331212106785e-02
3.041629139962280792e-01 -4.552471977673850506e-02
3.117728863177794407e-01 -4.595570487597665926e-02
3.194593469331089564e-01 -4.637631053591641239e-02
3.272214415831418144e-01 -4.678614257344539812e-02
3.350583076029753915e-01 -4.718476522423250413e-02
3.429690740177547825e-01 -4.757170776994994188e-02
3.509528616394713696e-01 -4.794647876083293209e-02
3.590087831646743277e-01 -4.830859972601706659e-02
3.671359432730831873e-01 -4.865759794956193290e-02
3.753334387270930161e-01 -4.899298893020965356e-02
3.836003584721576765e-01 -4.931428700889104594e-02
3.919357837380436083e-01 -4.962103288184990108e-02
4.003387881409395943e-01 -4.991277634611195058e-02
4.088084377864137364e-01 -5.018906239428296001e-02
4.173437913732044313e-01 -5.044942615527039237e-02
4.259439002978354649e-01 -5.069336806587067951e-02
4.346078087600411255e-01 -5.092040336946174195e-02
4.433345538689928977e-01 -5.113012886238058052e-02
4.521231657503131940e-01 -5.132213292969066420e-02
4.609726676538650203e-01 -5.149593037798436829e-02
4.698820760623064752e-01 -5.165090612701395828e-02
4.788504008003974244e-01 -5.178617180172794682e-02
4.878766451450451402e-01 -5.190099420783127193e-02
4.969598059360780251e-01 -5.199502081415351834e-02
5.060988736877365390e-01 -5.206789747868133256e-02
5.152928327008634568e-01 -5.211919181402011741e-02
5.245406611757882365e-01 -5.214833637779543729e-02
5.338413313258880688e-01 -5.215459703008794301e-02
5.431938094918128401e-01 -5.213754128133565868e-02
5.525970562563653488e-01 -5.209708062787634514e-02
5.620500265600203438e-01 -5.203264557175647786e-02
5.715516698170692855e-01 -5.194314811348306471e-02
5.811009300323815019e-01 -5.182705501855371100e-02
5.906967459187653091e-01 -5.168258870194400445e-02
6.003380510149177729e-01 -5.150936308120625251e-02
6.100237738039482327e-01 -5.130779648345203114e-02
6.197528378324663745e-01 -5.107651697202212487e-02
6.295241618302156450e-01 -5.081319749582577372e-02
6.393366598302444581e-01 -5.051639788571857248e-02
6.491892412895989839e-01 -5.018523886962908409e-02
6.590808112105230876e-01 -4.981963088926300715e-02
6.690102702621547603e-01 -4.941902989577597743e-02
6.789765149027036095e-01 -4.897863790860046418e-02
6.889784375020977514e-01 -4.849363509447598974e-02
6.990149264650814542e-01 -4.796561464395440039e-02
7.090848663547572039e-01 -4.739588921420427592e-02
7.191871380165538730e-01 -4.677806685934830788e-02
7.293206187026060050e-01 -4.610670906194105217e-02
7.394841821965345563e-01 -4.538471380485703532e-02
7.496766989386134394e-01 -4.461200625508220802e-02
7.598970361513051053e-01 -4.377700241675552134e-02
7.701440579651563922e-01 -4.286929919638474834e-02
7.804166255450371015e-01 -4.188471423627042334e-02
7.907135972167069760e-01 -4.081617770882695756e-02
8.010338285937002034e-01 -3.964998234462359383e-02
8.113761727045106786e-01 -3.836356424700984591e-02
8.217394801200630372e-01 -3.692288340721602835e-02
8.321225990814590245e-01 -3.531621634709664059e-02
8.425243756279822138e-01 -3.355995496010331924e-02
8.529436537253458628e-01 -3.164876960110814264e-02
8.633792753941731402e-01 -2.955547112840651094e-02
8.738300808386934015e-01 -2.730630613571478557e-02
8.842949085756387495e-01 -2.497186105590946600e-02
8.947725955633289985e-01 -2.256459645349278426e-02
9.052619773309316109e-01 -2.006059105917403981e-02
9.157618881078770645e-01 -1.752969579303554487e-02
9.262711609534211021e-01 -1.507961814643223389e-02
9.367886278863364335e-01 -1.262171115212105260e-02
9.473131200147204556e-01 -1.001786363825365664e-02
9.578434676659028923e-01 -7.527830209738549556e-03
9.683785005164411430e-01 -5.449574290360387208e-03
9.789170477221889044e-01 -3.264043485460326344e-03
9.894579380484205267e-01 -6.554798109964294532e-04
9.999999999999998890e-01 2.440079430085117965e-04
