9.999999999999998890e-01 1.258430027698928937e-07
9.894579380484205267e-01 -2.183247033683190111e-04
9.789170477221889044e-01 -1.153143661251067819e-04
9.683785005164411430e-01 2.397856014521219481e-04
9.578434676659028923e-01 7.413214147734097093e-04
9.473131200147204556e-01 1.319735067708559294e-03
9.367886278863364335e-01 2.024045843516690882e-03
9.262711609534211021e-01 2.897327952313660977e-03
9.157618881078770645e-01 3.923840155917195441e-03
9.052619773309316109e-01 5.076632147648369418e-03
8.947725955633289985e-01 6.323087939954125623e-03
8.842949085756387495e-01 7.645051708851205094e-03
8.738300808386934015e-01 9.048192895628848903e-03
8.633792753941731402e-01 1.053393126717174985e-02
8.529436537253458628e-01 1.209533583691992618e-02
8.425243756279822138e-01 1.372960749717451988e-02
8.321225990814590245e-01 1.543914546426175018e-02
8.217394801200630372e-01 1.722407754444717567e-02
8.113761727045106786e-01 1.908221285791705454e-02
8.010338285937002034e-01 2.101301468521269561e-02
7.907135972167069760e-01 2.301714459656726067e-02
7.804166255450371015e-01 2.509275864898655173e-02
7.701440579651563922e-01 2.723608357774930447e-02
7.598970361513051053e-01 2.944125244374166256e-02
7.496766989386134394e-01 3.170224291067238326e-02
7.394841821965345563e-01 3.402103893279206925e-02
7.293206187026060050e-01 3.640116511090365353e-02
7.191871380165538730e-01 3.883159176436428578e-02
7.090848663547572039e-01 4.129657786110440404e-02
6.990149264650814542e-01 4.378591677943994426e-02
6.889784375020977514e-01 4.629302392425527907e-02
6.789765149027036095e-01 4.881911562672910238e-02
6.690102702621547603e-01 5.136606189011656137e-02
6.590808112105230876e-01 5.393055664547231204e-02
6.491892412895989839e-01 5.650825035263967039e-02
6.393366598302444581e-01 5.909511544355554313e-02
6.295241618302156450e-01 6.168900036736944120e-02
6.197528378324663745e-01 6.429216401415827065e-02
6.100237738039482327e-01 6.690477584594543836e-02
6.003380510149177729e-01 6.952134091408333771e-02
5.906967459187653091e-01 7.212968890139415112e-02
5.811009300323815019e-01 7.470762610105334545e-02
5.715516698170692855e-01 7.724069701107874608e-02
5.620500265600203438e-01 7.972712080069468965e-02
5.525970562563653488e-01 8.217234902879613778e-02
5.431938094918128401e-01 8.458813228348210922e-02
5.338413313258880688e-01 8.695678809166670908e-02
5.245406611757882365e-01 8.923105779420811845e-02
5.152928327008634568e-01 9.137681679947085023e-02
5.060988736877365390e-01 9.337375370644473982e-02
4.969598059360780251e-01 9.522065842285945547e-02
4.878766451450451402e-01 9.692904538288395211e-02
4.788504008003974244e-01 9.850203694819573141e-02
4.698820760623064752e-01 9.993744957195360712e-02
4.609726676538650203e-01 1.012329130385694054e-01
4.521231657503131940e-01 1.023864229835399070e-01
4.433345538689928977e-01 1.033989232694926680e-01
4.346078087600411255e-01 1.042726262317023589e-01
4.259439002978354649e-01 1.050098216840447823e-01
4.173437913732044313e-01 1.056130362242201914e-01
4.088084377864137364e-01 1.060857832205638479e-01
4.003387881409395943e-01 1.064371529730968741e-01
3.919357837380436083e-01 1.066965796031583980e-01
3.836003584721576765e-01 1.068901918041749166e-01
3.753334387270930161e-01 1.070181314969179398e-01
3.671359432730831873e-01 1.070778124390231872e-01
3.590087831646743277e-01 1.070729674620072985e-01
3.509528616394713696e-01 1.070069242817772714e-01
3.429690740177547825e-01 1.068798708712167256e-01
3.350583076029753915e-01 1.066898779703238237e-01
3.272214415831418144e-01 1.064319609647290943e-01
3.194593469331089564e-01 1.061041136045033917e-01
3.117728863177794407e-01 1.057093791285628609e-01
3.041629139962280792e-01 1.052504101112357454e-01
2.966302757267624823e-01 1.047288168011956400e-01
2.891758086729252497e-01 1.041465622318871187e-01
2.818003413104546162e-01 1.035060731936141981e-01
2.745046933352085494e-01 1.028098712446758323e-01
2.672896755720651774e-01 1.020605324801224373e-01
2.601560898848094272e-01 1.012604657647436096e-01
2.531047290870154232e-01 1.004119233525572336e-01
2.461363768539343022e-01 9.951685763082160352e-02
2.392518076353984391e-01 9.857710272310424293e-02
2.324517865697500740e-01 9.759519609355953029e-02
2.257370693988056676e-01 9.657366907589803873e-02
2.191084023838638650e-01 9.551207623589594298e-02
2.125665222227673956e-01 9.440902024559609529e-02
2.061121559680280102e-01 9.326564872020631780e-02
1.997460209460230063e-01 9.208414680094216542e-02
1.934688246772731102e-01 9.086703005732625626e-02
1.872812647978095990e-01 8.961681094490940580e-02
1.811840289816407656e-01 8.833555811780262335e-02
1.751777948643248317e-01 8.702549693072120229e-02
1.692632299676588570e-01 8.568978446101495339e-02
1.634409916254914164e-01 8.433182279068182630e-02
1.577117269106679265e-01 8.295514037740714386e-02
1.520760725631161714e-01 8.156246977027750700e-02
1.465346549190801317e-01 8.015463134210148999e-02
1.410880898415101115e-01 7.873344233599281761e-02
1.357369826516168221e-01 7.730317505172945580e-02
1.304819280615971966e-01 7.586567492482521047e-02
1.253235101085391490e-01 7.441821537343912274e-02
1.202623020895129402e-01 7.295271980480234897e-02
1.152988664978553679e-01 7.145464729845386886e-02
1.104337549606562163e-01 6.991986960737785195e-02
1.056675081774507419e-01 6.835680042067508733e-02
1.010006558601274085e-01 6.677080190802042736e-02
9.643371667405697956e-02 6.516361770198293712e-02
9.196719818044885031e-02 6.353828709135921071e-02
8.760159677994161509e-02 6.189926550521177712e-02
8.333739765743386485e-02 6.025379395062490512e-02
7.917507472816209813e-02 5.861084315937029054e-02
7.511509058502996439e-02 5.697744188518277103e-02
7.115789644719716645e-02 5.535875710440291142e-02
6.730393210993146358e-02 5.375419269634481440e-02
6.355362589573076981e-02 5.216195356669245387e-02
5.990739460672012129e-02 5.059114365958133908e-02
5.636564347832906385e-02 4.905057308902502355e-02
5.292876613425423482e-02 4.752292644306618102e-02
4.959714454271368922e-02 4.598188101937995126e-02
4.637114897399441382e-02 4.440061467974355802e-02
4.325113795930202176e-02 4.276157193345868357e-02
4.023745825091396000e-02 4.108199575107358142e-02
3.733044478364233587e-02 3.938169568999193987e-02
3.453042063760936031e-02 3.766376478467205885e-02
3.183769700234129196e-02 3.593237710758645509e-02
2.925257314218321358e-02 3.420249818183595386e-02
2.677533636303963682e-02 3.249412617645898449e-02
2.440626198044326678e-02 3.083427718798270253e-02
2.214561328895736647e-02 2.924659689340180363e-02
1.999364153291383062e-02 2.774684854582482041e-02
1.795058587848985532e-02 2.633041114711059949e-02
1.601667338712764455e-02 2.496499932998682419e-02
1.419211899029970692e-02 2.366480563661155917e-02
1.247712546562085301e-02 2.249876734205070658e-02
1.087188341431266636e-02 2.138481567495082586e-02
9.376571240020115106e-03 2.008492791250107712e-02
7.991355128984078959e-03 1.848355336120601974e-02
6.716389031571567969e-03 1.658612894487760878e-02
5.551814645166519568e-03 1.447876821753555504e-02
4.497761398421062928e-03 1.230021517357031587e-02
3.554346436871580472e-03 1.013666450674668984e-02
2.721674609919344512e-03 8.041870872598246706e-03
1.999838459177394334e-03 6.083100181591461625e-03
1.388918208186096237e-03 4.331623716404759024e-03
8.889817534969424173e-04 2.833913922996530738e-03
5.000846571264760954e-04 1.625007750633907606e-03
2.222701403818971855e-04 7.372163025003499208e-04
5.556907905679420168e-05 1.979904892687479596e-04
0.000000000000000000e+00 1.592577239527834262e-05
0.000000000000000000e+00 -4.559682754094078740e-06
5.556907905679420168e-05 -1.577319996879109412e-04
2.222701403818971855e-04 -6.003642746062181224e-04
5.000846571264760954e-04 -1.316319105209322196e-03
8.889817534969424173e-04 -2.241946701981498407e-03
1.388918208186096237e-03 -3.304499030003129126e-03
1.999838459177394334e-03 -4.432908832404985379e-03
2.721674609919344512e-03 -5.521868529558771055e-03
3.554346436871580472e-03 -6.389024316981982421e-03
4.497761398421062928e-03 -6.970106977522378365e-03
5.551814645166519568e-03 -7.443278084038587074e-03
6.716389031571567969e-03 -7.936258968698439026e-03
7.991355128984078959e-03 -8.453744685257721242e-03
9.376571240020115106e-03 -8.988165058961364653e-03
1.087188341431266636e-02 -9.530154408375377667e-03
1.247712546562085301e-02 -1.007038528664944317e-02
1.419211899029970692e-02 -1.059981270358754425e-02
1.601667338712764455e-02 -1.111146647173032014e-02
1.795058587848985532e-02 -1.160063058729115561e-02
1.999364153291383062e-02 -1.206731010626725838e-02
2.214561328895736647e-02 -1.251445524020917445e-02
2.440626198044326678e-02 -1.293547502768939081e-02
2.677533636303963682e-02 -1.331792939697349319e-02
2.925257314218321358e-02 -1.365581818479153636e-02
3.183769700234129196e-02 -1.394549771227464145e-02
3.453042063760936031e-02 -1.417255114403710194e-02
3.733044478364233587e-02 -1.432460361162072281e-02
4.023745825091396000e-02 -1.443538352125910834e-02
4.325113795930202176e-02 -1.455068569216680721e-02
4.637114897399441382e-02 -1.468382703383945553e-02
4.959714454271368922e-02 -1.483667898816781738e-02
5.292876613425423482e-02 -1.500770008453688326e-02
5.636564347832906385e-02 -1.519636313691438007e-02
5.990739460672012129e-02 -1.540902432827465432e-02
6.355362589573076981e-02 -1.564878129513486149e-02
6.730393210993146358e-02 -1.590465433848933796e-02
7.115789644719716645e-02 -1.616149785112963241e-02
7.511509058502996439e-02 -1.640032955056696523e-02
7.917507472816209813e-02 -1.660858830550574622e-02
8.333739765743386485e-02 -1.678789770563062639e-02
8.760159677994161509e-02 -1.693882338271261723e-02
9.196719818044885031e-02 -1.705720280006293998e-02
9.643371667405697956e-02 -1.713861752036393085e-02
1.010006558601274085e-01 -1.717941588766154840e-02
1.056675081774507419e-01 -1.719163599680298415e-02
1.104337549606562163e-01 -1.720553720565041675e-02
1.152988664978553679e-01 -1.723684433863840321e-02
1.202623020895129402e-01 -1.728535803738495344e-02
1.253235101085391490e-01 -1.735020017024074823e-02
1.304819280615971966e-01 -1.743082636729141946e-02
1.357369826516168221e-01 -1.753084254173020023e-02
1.410880898415101115e-01 -1.765549792570885249e-02
1.465346549190801317e-01 -1.779548031322047627e-02
1.520760725631161714e-01 -1.793296536738685221e-02
1.577117269106679265e-01 -1.805339316775519953e-02
1.634409916254914164e-01 -1.814561564423024242e-02
1.692632299676588570e-01 -1.821022535032226081e-02
1.751777948643248317e-01 -1.825120357093590329e-02
1.811840289816407656e-01 -1.826340812392562504e-02
1.872812647978095990e-01 -1.824113070288465796e-02
1.934688246772731102e-01 -1.819112399165769348e-02
1.997460209460230063e-01 -1.812737809080995979e-02
2.061121559680280102e-01 -1.807772005831712742e-02
2.125665222227673956e-01 -1.806515939586502903e-02
2.191084023838638650e-01 -1.808688716160479146e-02
2.257370693988056676e-01 -1.813831321210297373e-02
2.324517865697500740e-01 -1.822356454364321837e-02
2.392518076353984391e-01 -1.834667953102235224e-02
2.461363768539343022e-01 -1.850828773405918323e-02
2.531047290870154232e-01 -1.869598842911500761e-02
2.601560898848094272e-01 -1.887465639461615233e-02
2.672896755720651774e-01 -1.902227328339868226e-02
2.745046933352085494e-01 -1.914059138524743311e-02
2.818003413104546162e-01 -1.923105843189827288e-02
2.891758086729252497e-01 -1.929209269118398531e-02
2.966302757267624823e-01 -1.932102663873954199e-02
3.041629139962280792e-01 -1.931483045110926264e-02
3.117728863177794407e-01 -1.928240386178040403e-02
3.194593469331089564e-01 -1.924293299647412969e-02
3.272214415831418144e-01 -1.920514561189223465e-02
3.350583076029753915e-01 -1.916932509448527819e-02
3.429690740177547825e-01 -1.913528080097379180e-02
3.509528616394713696e-01 -1.910272087758095594e-02
3.590087831646743277e-01 -1.907195746166551187e-02
3.671359432730831873e-01 -1.904342261359191074e-02
3.753334387270930161e-01 -1.901594084840042831e-02
3.836003584721576765e-01 -1.898782763976624224e-02
3.919357837380436083e-01 -1.895880729799690259e-02
4.003387881409395943e-01 -1.892902699841422093e-02
4.088084377864137364e-01 -1.889805084153963963e-02
4.173437913732044313e-01 -1.886561838112876810e-02
4.259439002978354649e-01 -1.883296471795334673e-02
4.346078087600411255e-01 -1.879913250319486043e-02
4.433345538689928977e-01 -1.875432849474505809e-02
4.521231657503131940e-01 -1.868963331996199850e-02
4.609726676538650203e-01 -1.860394538376166848e-02
4.698820760623064752e-01 -1.849718724648689167e-02
4.788504008003974244e-01 -1.836846686307489276e-02
4.878766451450451402e-01 -1.821729138781906857e-02
4.969598059360780251e-01 -1.804423887554059552e-02
5.060988736877365390e-01 -1.785413771023199384e-02
5.152928327008634568e-01 -1.765847241406465554e-02
5.245406611757882365e-01 -1.746343545873219050e-02
5.338413313258880688e-01 -1.726708406372575236e-02
5.431938094918128401e-01 -1.706836304808903929e-02
5.525970562563653488e-01 -1.686794881703843757e-02
5.620500265600203438e-01 -1.666661157492499087e-02
5.715516698170692855e-01 -1.646513998831814971e-02
5.811009300323815019e-01 -1.626469630496136728e-02
5.906967459187653091e-01 -1.606666911132201281e-02
6.003380510149177729e-01 -1.587136700550981216e-02
6.100237738039482327e-01 -1.567838270759591007e-02
6.197528378324663745e-01 -1.548776554681948088e-02
6.295241618302156450e-01 -1.529928324617270408e-02
6.393366598302444581e-01 -1.510809463152401264e-02
6.491892412895989839e-01 -1.490792028422950263e-02
6.590808112105230876e-01 -1.469803914305446019e-02
6.690102702621547603e-01 -1.447966079482334266e-02
6.789765149027036095e-01 -1.425204581816632773e-02
6.889784375020977514e-01 -1.401460317208522849e-02
6.990149264650814542e-01 -1.377040223865186840e-02
7.090848663547572039e-01 -1.352276535123844714e-02
7.191871380165538730e-01 -1.327214505709487131e-02
7.293206187026060050e-01 -1.301846181320531586e-02
7.394841821965345563e-01 -1.276203686668761494e-02
7.496766989386134394e-01 -1.250296299598268636e-02
7.598970361513051053e-01 -1.224056664320502530e-02
7.701440579651563922e-01 -1.197475173503775685e-02
7.804166255450371015e-01 -1.170687398521845675e-02
7.907135972167069760e-01 -1.143703542577715650e-02
8.010338285937002034e-01 -1.116269387151823389e-02
8.113761727045106786e-01 -1.087530040647661546e-02
8.217394801200630372e-01 -1.055798757064646543e-02
8.321225990814590245e-01 -1.019994819719408780e-02
8.425243756279822138e-01 -9.799187924324159749e-03
8.529436537253458628e-01 -9.364332351841003765e-03
8.633792753941731402e-01 -8.914422085676474566e-03
8.738300808386934015e-01 -8.465199513114182728e-03
8.842949085756387495e-01 -8.027829752339205038e-03
8.947725955633289985e-01 -7.596130024673131143e-03
9.052619773309316109e-01 -7.149860388843071526e-03
9.157618881078770645e-01 -6.655499046723922091e-03
9.262711609534211021e-01 -6.079405347232451524e-03
9.367886278863364335e-01 -5.460265411306995144e-03
9.473131200147204556e-01 -4.863469800809277002e-03
9.578434676659028923e-01 -4.270357427527421250e-03
9.683785005164411430e-01 -3.617992611858265439e-03
9.789170477221889044e-01 -2.801815343192883435e-03
9.894579380484205267e-01 -1.679711909907116198e-03
9.999999999999998890e-01 -9.437858010294588770e-07
