9.999999999999998890e-01 1.599999889871355158e-03
9.894579380484205267e-01 3.650169403825038062e-03
9.789170477221889044e-01 5.687406977889166229e-03
9.683785005164411430e-01 7.710149645893378187e-03
9.578434676659028923e-01 9.716817389508840969e-03
9.473131200147204556e-01 1.170584278111545112e-02
9.367886278863364335e-01 1.367570219281052588e-02
9.262711609534211021e-01 1.562486459407382879e-02
9.157618881078770645e-01 1.755176608541433869e-02
9.052619773309316109e-01 1.945490879930332831e-02
8.947725955633289985e-01 2.133293942500314941e-02
8.842949085756387495e-01 2.318522092537428358e-02
8.738300808386934015e-01 2.501222762979153982e-02
8.633792753941731402e-01 2.681447890877838164e-02
8.529436537253458628e-01 2.859242345276871017e-02
8.425243756279822138e-01 3.034653455033150746e-02
8.321225990814590245e-01 3.207731846072328641e-02
8.217394801200630372e-01 3.378527592009043790e-02
8.113761727045106786e-01 3.547090037416815445e-02
8.010338285937002034e-01 3.713467939268783741e-02
7.907135972167069760e-01 3.877708451176210824e-02
7.804166255450371015e-01 4.039844417503488105e-02
7.701440579651563922e-01 4.199899312886607589e-02
7.598970361513051053e-01 4.357899273931768042e-02
7.496766989386134394e-01 4.513871828680350584e-02
7.394841821965345563e-01 4.667842763988189897e-02
7.293206187026060050e-01 4.819837502417328307e-02
7.191871380165538730e-01 4.969884491449277214e-02
7.090848663547572039e-01 5.118012219153766917e-02
6.990149264650814542e-01 5.264243084786014021e-02
6.889784375020977514e-01 5.408576605291735145e-02
6.789765149027036095e-01 5.550921979287752606e-02
6.690102702621547603e-01 5.691166822612949566e-02
6.590808112105230876e-01 5.829208805754015899e-02
6.491892412895989839e-01 5.964947892468197566e-02
6.393366598302444581e-01 6.098284224575887397e-02
6.295241618302156450e-01 6.229121410542423631e-02
6.197528378324663745e-01 6.357371419083514275e-02
6.100237738039482327e-01 6.482945909410944840e-02
6.003380510149177729e-01 6.605753748682059723e-02
5.906967459187653091e-01 6.725732866317717107e-02
5.811009300323815019e-01 6.842871406895896513e-02
5.715516698170692855e-01 6.957168537401173247e-02
5.620500265600203438e-01 7.068632216446379957e-02
5.525970562563653488e-01 7.177271068403646981e-02
5.431938094918128401e-01 7.283093701224152561e-02
5.338413313258880688e-01 7.386108629699780770e-02
5.245406611757882365e-01 7.486324633030834452e-02
5.152928327008634568e-01 7.583756842063051062e-02
5.060988736877365390e-01 7.678424672562514375e-02
4.969598059360780251e-01 7.770331715723986787e-02
4.878766451450451402e-01 7.859466776495194207e-02
4.788504008003974244e-01 7.945783930666426575e-02
4.698820760623064752e-01 8.029217923893031128e-02
4.609726676538650203e-01 8.109717463120239000e-02
4.521231657503131940e-01 8.187238709420063820e-02
4.433345538689928977e-01 8.261739120362357469e-02
4.346078087600411255e-01 8.333177884121932555e-02
4.259439002978354649e-01 8.401521044341714317e-02
4.173437913732044313e-01 8.466738416261455902e-02
4.088084377864137364e-01 8.528806123839599573e-02
4.003387881409395943e-01 8.587701989041471307e-02
3.919357837380436083e-01 8.643403281641741376e-02
3.836003584721576765e-01 8.695886454257609199e-02
3.753334387270930161e-01 8.745125796248606753e-02
3.671359432730831873e-01 8.791098550331018224e-02
3.590087831646743277e-01 8.833790845602847164e-02
3.509528616394713696e-01 8.873192346939756669e-02
3.429690740177547825e-01 8.909297336127230960e-02
3.350583076029753915e-01 8.942104395592294364e-02
3.272214415831418144e-01 8.971618898843837508e-02
3.194593469331089564e-01 8.997849537716523516e-02
3.117728863177794407e-01 9.020809122271462865e-02
3.041629139962280792e-01 9.040515929397252570e-02
2.966302757267624823e-01 9.056992276695334521e-02
2.891758086729252497e-01 9.070191523669768330e-02
2.818003413104546162e-01 9.079992490802331340e-02
2.745046933352085494e-01 9.086289883040558901e-02
2.672896755720651774e-01 9.088996559663040098e-02
2.601560898848094272e-01 9.088026994209566500e-02
2.531047290870154232e-01 9.083301749758943000e-02
2.461363768539343022e-01 9.074804697476819559e-02
2.392518076353984391e-01 9.062571012764093770e-02
2.324517865697500740e-01 9.046730527519326881e-02
2.257370693988056676e-01 9.027457966273956524e-02
2.191084023838638650e-01 9.004878702573138050e-02
2.125665222227673956e-01 8.979106510850834444e-02
2.061121559680280102e-01 8.950324469703703489e-02
1.997460209460230063e-01 8.918698641038906583e-02
1.934688246772731102e-01 8.884175270323362017e-02
1.872812647978095990e-01 8.846601376289157936e-02
1.811840289816407656e-01 8.805699685928428111e-02
1.751777948643248317e-01 8.761186949165995774e-02
1.692632299676588570e-01 8.712870074109944907e-02
1.634409916254914164e-01 8.660589767971806074e-02
1.577117269106679265e-01 8.604227804229878929e-02
1.520760725631161714e-01 8.543671498076244042e-02
1.465346549190801317e-01 8.478803659116221358e-02
1.410880898415101115e-01 8.409433388332690495e-02
1.357369826516168221e-01 8.335227293261975035e-02
1.304819280615971966e-01 8.255894659724866136e-02
1.253235101085391490e-01 8.171243185723904567e-02
1.202623020895129402e-01 8.081132984518007989e-02
1.152988664978553679e-01 7.985484998753308861e-02
1.104337549606562163e-01 7.884253091652730638e-02
1.056675081774507419e-01 7.777428708417354064e-02
1.010006558601274085e-01 7.665102052358591100e-02
9.643371667405697956e-02 7.547478800802047416e-02
9.196719818044885031e-02 7.425108240780046998e-02
8.760159677994161509e-02 7.298817300761775706e-02
8.333739765743386485e-02 7.169387580175212715e-02
7.917507472816209813e-02 7.037547390242968048e-02
7.511509058502996439e-02 6.903863708034099766e-02
7.115789644719716645e-02 6.768655810804086181e-02
6.730393210993146358e-02 6.630977298338507075e-02
6.355362589573076981e-02 6.489357949073233656e-02
5.990739460672012129e-02 6.342984280242100481e-02
5.636564347832906385e-02 6.191288320630296965e-02
5.292876613425423482e-02 6.033561488299021142e-02
4.959714454271368922e-02 5.869417175358801475e-02
4.637114897399441382e-02 5.700132949443298402e-02
4.325113795930202176e-02 5.527633113230272233e-02
4.023745825091396000e-02 5.354504893422384892e-02
3.733044478364233587e-02 5.183211758305922984e-02
3.453042063760936031e-02 5.015371535374540946e-02
3.183769700234129196e-02 4.852417558655841567e-02
2.925257314218321358e-02 4.695721213047511500e-02
2.677533636303963682e-02 4.546337068567329193e-02
2.440626198044326678e-02 4.404624970694412389e-02
2.214561328895736647e-02 4.266734697785874719e-02
1.999364153291383062e-02 4.121592648170409323e-02
1.795058587848985532e-02 3.960030722187782987e-02
1.601667338712764455e-02 3.776853051962122260e-02
1.419211899029970692e-02 3.569172797977444161e-02
1.247712546562085301e-02 3.336654510910506272e-02
1.087188341431266636e-02 3.080796518708298418e-02
9.376571240020115106e-03 2.804920484634994965e-02
7.991355128984078959e-03 2.513521206882162948e-02
6.716389031571567969e-03 2.212103112685415152e-02
5.551814645166519568e-03 1.906811981772295328e-02
4.497761398421062928e-03 1.604254697592963005e-02
3.554346436871580472e-03 1.311115637811225386e-02
2.721674609919344512e-03 1.034076122151101479e-02
1.999838459177394334e-03 7.794137023630323853e-03
1.388918208186096237e-03 5.530813384650060810e-03
8.889817534969424173e-04 3.602252598215251005e-03
5.000846571264760954e-04 2.054418933402245382e-03
2.222701403818971855e-04 9.217419496552558102e-04
5.556907905679420168e-05 2.318657252472493442e-04
0.000000000000000000e+00 -5.402572320140232222e-09
0.000000000000000000e+00 1.786557308262307454e-09
5.556907905679420168e-05 -9.663973650586963227e-05
2.222701403818971855e-04 -3.846686422502166702e-04
5.000846571264760954e-04 -8.590571086355118123e-04
8.889817534969424173e-04 -1.510645440882898028e-03
1.388918208186096237e-03 -2.327994542024004569e-03
1.999838459177394334e-03 -3.295763939469647640e-03
2.721674609919344512e-03 -4.396694172937115619e-03
3.554346436871580472e-03 -5.610661135796915673e-03
4.497761398421062928e-03 -6.916261103835327426e-03
5.551814645166519568e-03 -8.290411019337785847e-03
6.716389031571567969e-03 -9.709664294328779893e-03
7.991355128984078959e-03 -1.115031741618922531e-02
9.376571240020115106e-03 -1.258963452478972615e-02
1.087188341431266636e-02 -1.400628983183254718e-02
1.247712546562085301e-02 -1.538149222131660054e-02
1.419211899029970692e-02 -1.669942632568408025e-02
1.601667338712764455e-02 -1.794916786657599697e-02
1.795058587848985532e-02 -1.912472773493927719e-02
1.999364153291383062e-02 -2.022707861222630688e-02
2.214561328895736647e-02 -2.126351743553436813e-02
2.440626198044326678e-02 -2.225244747638884663e-02
2.677533636303963682e-02 -2.321794909797599005e-02
2.925257314218321358e-02 -2.416731323106437179e-02
3.183769700234129196e-02 -2.509833558196945466e-02
3.453042063760936031e-02 -2.600959723422334099e-02
3.733044478364233587e-02 -2.690034006003998515e-02
4.023745825091396000e-02 -2.777132110947514582e-02
4.325113795930202176e-02 -2.862449095110599154e-02
4.637114897399441382e-02 -2.946493305320791248e-02
4.959714454271368922e-02 -3.029850970579581887e-02
5.292876613425423482e-02 -3.113001422201132004e-02
5.636564347832906385e-02 -3.196277924896337441e-02
5.990739460672012129e-02 -3.279596746351635950e-02
6.355362589573076981e-02 -3.362832073869125027e-02
6.730393210993146358e-02 -3.446006955553172074e-02
7.115789644719716645e-02 -3.529175186418874455e-02
7.511509058502996439e-02 -3.612398787814030676e-02
7.917507472816209813e-02 -3.695679835985309775e-02
8.333739765743386485e-02 -3.778895758201995109e-02
8.760159677994161509e-02 -3.861887391238080780e-02
9.196719818044885031e-02 -3.944458974040149918e-02
9.643371667405697956e-02 -4.026410834161608943e-02
1.010006558601274085e-01 -4.107544805619340461e-02
1.056675081774507419e-01 -4.187729030093281096e-02
1.104337549606562163e-01 -4.266912748744382949e-02
1.152988664978553679e-01 -4.345077043617869006e-02
1.202623020895129402e-01 -4.422231630112442857e-02
1.253235101085391490e-01 -4.498406789602490963e-02
1.304819280615971966e-01 -4.573650387789838373e-02
1.357369826516168221e-01 -4.648024336559288677e-02
1.410880898415101115e-01 -4.721605506079738779e-02
1.465346549190801317e-01 -4.794526727385873405e-02
1.520760725631161714e-01 -4.866932563121315058e-02
1.577117269106679265e-01 -4.938776868935988718e-02
1.634409916254914164e-01 -5.009904764426319906e-02
1.692632299676588570e-01 -5.080082697033405648e-02
1.751777948643248317e-01 -5.149047028472989590e-02
1.811840289816407656e-01 -5.216551563662706614e-02
1.872812647978095990e-01 -5.282344641745443520e-02
1.934688246772731102e-01 -5.346120016160345323e-02
1.997460209460230063e-01 -5.407573379397351970e-02
2.061121559680280102e-01 -5.466469227507654571e-02
2.125665222227673956e-01 -5.522616644546591430e-02
2.191084023838638650e-01 -5.575913628219646145e-02
2.257370693988056676e-01 -5.626270822509768510e-02
2.324517865697500740e-01 -5.673585923876620085e-02
2.392518076353984391e-01 -5.717755453804783394e-02
2.461363768539343022e-01 -5.758678210506799899e-02
2.531047290870154232e-01 -5.796278643147548260e-02
2.601560898848094272e-01 -5.830528074341468497e-02
2.672896755720651774e-01 -5.861434357905276338e-02
2.745046933352085494e-01 -5.889053797193608691e-02
2.818003413104546162e-01 -5.913447995491238895e-02
2.891758086729252497e-01 -5.934680704871073131e-02
2.966302757267624823e-01 -5.952831950345244261e-02
3.041629139962280792e-01 -5.967996410955568598e-02
3.117728863177794407e-01 -5.980211201445766178e-02
3.194593469331089564e-01 -5.989460216798624115e-02
3.272214415831418144e-01 -5.995732666156308732e-02
3.350583076029753915e-01 -5.999023802512139930e-02
3.429690740177547825e-01 -5.999333503734995132e-02
3.509528616394713696e-01 -5.996665440489137161e-02
3.590087831646743277e-01 -5.991031517011773805e-02
3.671359432730831873e-01 -5.982448654026440577e-02
3.753334387270930161e-01 -5.970937855502554681e-02
3.836003584721576765e-01 -5.956524046834956593e-02
3.919357837380436083e-01 -5.939244949909346094e-02
4.003387881409395943e-01 -5.919140634787669469e-02
4.088084377864137364e-01 -5.896238411642332200e-02
4.173437913732044313e-01 -5.870558854338397969e-02
4.259439002978354649e-01 -5.842111269835559978e-02
4.346078087600411255e-01 -5.810904761707356286e-02
4.433345538689928977e-01 -5.776957765816833484e-02
4.521231657503131940e-01 -5.740291924572134274e-02
4.609726676538650203e-01 -5.700932311710957268e-02
4.698820760623064752e-01 -5.658906248959971047e-02
4.788504008003974244e-01 -5.614244957313602180e-02
4.878766451450451402e-01 -5.566984284966101232e-02
4.969598059360780251e-01 -5.517167948345211986e-02
5.060988736877365390e-01 -5.464832652601057245e-02
5.152928327008634568e-01 -5.410001969984813697e-02
5.245406611757882365e-01 -5.352694044281604974e-02
5.338413313258880688e-01 -5.292921343365511455e-02
5.431938094918128401e-01 -5.230700513673185170e-02
5.525970562563653488e-01 -5.166053582399141031e-02
5.620500265600203438e-01 -5.099003248379496700e-02
5.715516698170692855e-01 -5.029572827311069166e-02
5.811009300323815019e-01 -4.957789914969512601e-02
5.906967459187653091e-01 -4.883685538355364564e-02
6.003380510149177729e-01 -4.807289433165750497e-02
6.100237738039482327e-01 -4.728628697299646494e-02
6.197528378324663745e-01 -4.647713350592189152e-02
6.295241618302156450e-01 -4.564543892889134924e-02
6.393366598302444581e-01 -4.479124886593469773e-02
6.491892412895989839e-01 -4.391462986733229990e-02
6.590808112105230876e-01 -4.301565058153700161e-02
6.690102702621547603e-01 -4.209438524943018983e-02
6.789765149027036095e-01 -4.115093433487227587e-02
6.889784375020977514e-01 -4.018540798610821529e-02
6.990149264650814542e-01 -3.919791977161809354e-02
7.090848663547572039e-01 -3.818862229980612977e-02
7.191871380165538730e-01 -3.715780909735446474e-02
7.293206187026060050e-01 -3.610581201006973079e-02
7.394841821965345563e-01 -3.503298040775026240e-02
7.496766989386134394e-01 -3.393967962268053251e-02
7.598970361513051053e-01 -3.282630689912902078e-02
7.701440579651563922e-01 -3.169325827238229920e-02
7.804166255450371015e-01 -3.054091729421633261e-02
7.907135972167069760e-01 -2.936971200827191014e-02
8.010338285937002034e-01 -2.818014472803374165e-02
8.113761727045106786e-01 -2.697235303818077204e-02
8.217394801200630372e-01 -2.574592084418074814e-02
8.321225990814590245e-01 -2.450033078841106632e-02
8.425243756279822138e-01 -2.323499572035146038e-02
8.529436537253458628e-01 -2.194934675071858951e-02
8.633792753941731402e-01 -2.064283879462314522e-02
8.738300808386934015e-01 -1.931492642487791719e-02
8.842949085756387495e-01 -1.796506211740100944e-02
8.947725955633289985e-01 -1.659268704029639649e-02
9.052619773309316109e-01 -1.519726376578458063e-02
9.157618881078770645e-01 -1.377859087236656295e-02
9.262711609534211021e-01 -1.233668425957866119e-02
9.367886278863364335e-01 -1.087161148389481115e-02
9.473131200147204556e-01 -9.383465001215616705e-03
9.578434676659028923e-01 -7.872332668836230438e-03
9.683785005164411430e-01 -6.338304020842482588e-03
9.789170477221889044e-01 -4.781491171528955662e-03
9.894579380484205267e-01 -3.202015143561066143e-03
9.999999999999998890e-01 -1.599999966980903939e-03
