9.999999999999998890e-01 8.000020549269188774e-04
9.894579380484205267e-01 3.319986335062456544e-03
9.789170477221889044e-01 5.671596093954707832e-03
9.683785005164411430e-01 7.881672136249903010e-03
9.578434676659028923e-01 9.977566511394048848e-03
9.473131200147204556e-01 1.198652663565660977e-02
9.367886278863364335e-01 1.393522984983050148e-02
9.262711609534211021e-01 1.585060670587188150e-02
9.157618881078770645e-01 1.776036871913884430e-02
9.052619773309316109e-01 1.969117164173131082e-02
8.947725955633289985e-01 2.166726529894543590e-02
8.842949085756387495e-01 2.369964248772521431e-02
8.738300808386934015e-01 2.577868100950308702e-02
8.633792753941731402e-01 2.789401102643092323e-02
8.529436537253458628e-01 3.003669656081333142e-02
8.425243756279822138e-01 3.219750528350872470e-02
8.321225990814590245e-01 3.436677015235799909e-02
8.217394801200630372e-01 3.653506202947735815e-02
8.113761727045106786e-01 3.869321668506187084e-02
8.010338285937002034e-01 4.083233649434460377e-02
7.907135972167069760e-01 4.294395700553748502e-02
7.804166255450371015e-01 4.502243467799209309e-02
7.701440579651563922e-01 4.706399867500384027e-02
7.598970361513051053e-01 4.906462641589828116e-02
7.496766989386134394e-01 5.102017249243782221e-02
7.394841821965345563e-01 5.292680873424486510e-02
7.293206187026060050e-01 5.478084378027767154e-02
7.191871380165538730e-01 5.657849235633982676e-02
7.090848663547572039e-01 5.831602078869996264e-02
6.990149264650814542e-01 5.999016412252227565e-02
6.889784375020977514e-01 6.159918547635231251e-02
6.789765149027036095e-01 6.314729155009982109e-02
6.690102702621547603e-01 6.464016937624468551e-02
6.590808112105230876e-01 6.608305805881005413e-02
6.491892412895989839e-01 6.748113470243106982e-02
6.393366598302444581e-01 6.883968644399779402e-02
6.295241618302156450e-01 7.016384993626643973e-02
6.197528378324663745e-01 7.145834734946189537e-02
6.100237738039482327e-01 7.272803151480755623e-02
6.003380510149177729e-01 7.397812121399782725e-02
5.906967459187653091e-01 7.521188136967150994e-02
5.811009300323815019e-01 7.642916346510127135e-02
5.715516698170692855e-01 7.762904258337308128e-02
5.620500265600203438e-01 7.880996506590408346e-02
5.525970562563653488e-01 7.997058550833915924e-02
5.431938094918128401e-01 8.110986379875287366e-02
5.338413313258880688e-01 8.222666723238987452e-02
5.245406611757882365e-01 8.331976227506671107e-02
5.152928327008634568e-01 8.438812517478815056e-02
5.060988736877365390e-01 8.543089424523847564e-02
4.969598059360780251e-01 8.644690818998178317e-02
4.878766451450451402e-01 8.743471987044885985e-02
4.788504008003974244e-01 8.839218171350536613e-02
4.698820760623064752e-01 8.931676456709247702e-02
4.609726676538650203e-01 9.020629360158190224e-02
4.521231657503131940e-01 9.105877187560987296e-02
4.433345538689928977e-01 9.187216212275235716e-02
4.346078087600411255e-01 9.264447752285064064e-02
4.259439002978354649e-01 9.337411989023333692e-02
4.173437913732044313e-01 9.405956575471773051e-02
4.088084377864137364e-01 9.469899862567074389e-02
4.003387881409395943e-01 9.529090097935667691e-02
3.919357837380436083e-01 9.583523504762540834e-02
3.836003584721576765e-01 9.633284496735543267e-02
3.753334387270930161e-01 9.678624267156997474e-02
3.671359432730831873e-01 9.719807042222419757e-02
3.590087831646743277e-01 9.757044723170363310e-02
3.509528616394713696e-01 9.790546043765208095e-02
3.429690740177547825e-01 9.820531261166302872e-02
3.350583076029753915e-01 9.847214261419125203e-02
3.272214415831418144e-01 9.870794422501068255e-02
3.194593469331089564e-01 9.891464621496932896e-02
3.117728863177794407e-01 9.909410204829727231e-02
3.041629139962280792e-01 9.924818867928486554e-02
2.966302757267624823e-01 9.937866990925327271e-02
2.891758086729252497e-01 9.948322543064620771e-02
2.818003413104546162e-01 9.955510595799547946e-02
2.745046933352085494e-01 9.958771521332289434e-02
2.672896755720651774e-01 9.957483876769734898e-02
2.601560898848094272e-01 9.951080847367357873e-02
2.531047290870154232e-01 9.939041887855820656e-02
2.461363768539343022e-01 9.920905705376727168e-02
2.392518076353984391e-01 9.896253266200764898e-02
2.324517865697500740e-01 9.864706521422307584e-02
2.257370693988056676e-01 9.825920764385386030e-02
2.191084023838638650e-01 9.779636724695486838e-02
2.125665222227673956e-01 9.725631924113342652e-02
2.061121559680280102e-01 9.663670256328212027e-02
1.997460209460230063e-01 9.593567484956977420e-02
1.934688246772731102e-01 9.515428355162987295e-02
1.872812647978095990e-01 9.429501471342310870e-02
1.811840289816407656e-01 9.336254690715342641e-02
1.751777948643248317e-01 9.236191816151848033e-02
1.692632299676588570e-01 9.129744618838976644e-02
1.634409916254914164e-01 9.017332415807044477e-02
1.577117269106679265e-01 8.899382881929039646e-02
1.520760725631161714e-01 8.776327206708756101e-02
1.465346549190801317e-01 8.648601707495146007e-02
1.410880898415101115e-01 8.516683049478124268e-02
1.357369826516168221e-01 8.381125418382900927e-02
1.304819280615971966e-01 8.242478510767914379e-02
1.253235101085391490e-01 8.101268794564604747e-02
1.202623020895129402e-01 7.957974505604345494e-02
1.152988664978553679e-01 7.813011648766761408e-02
1.104337549606562163e-01 7.666839502242502047e-02
1.056675081774507419e-01 7.519964224093599048e-02
1.010006558601274085e-01 7.372695034314558082e-02
9.643371667405697956e-02 7.225050795834918327e-02
9.196719818044885031e-02 7.075469373097670323e-02
8.760159677994161509e-02 6.921125224596656744e-02
8.333739765743386485e-02 6.759693870129926396e-02
7.917507472816209813e-02 6.589278758960499804e-02
7.511509058502996439e-02 6.408503910742724408e-02
7.115789644719716645e-02 6.216569855061685607e-02
6.730393210993146358e-02 6.014949438389662756e-02
6.355362589573076981e-02 5.806152075709947874e-02
5.990739460672012129e-02 5.592157133363939714e-02
5.636564347832906385e-02 5.374727215884923109e-02
5.292876613425423482e-02 5.155646190982079297e-02
4.959714454271368922e-02 4.936531609897607670e-02
4.637114897399441382e-02 4.718219624833608350e-02
4.325113795930202176e-02 4.501229621562610750e-02
4.023745825091396000e-02 4.285721201051630180e-02
3.733044478364233587e-02 4.071840366286673396e-02
3.453042063760936031e-02 3.859945547722418158e-02
3.183769700234129196e-02 3.650437553393676149e-02
2.925257314218321358e-02 3.443722449895245119e-02
2.677533636303963682e-02 3.240240165955833584e-02
2.440626198044326678e-02 3.040490882536203351e-02
2.214561328895736647e-02 2.844165958577783704e-02
1.999364153291383062e-02 2.649526434816903281e-02
1.795058587848985532e-02 2.455229658815346813e-02
1.601667338712764455e-02 2.260748834903430690e-02
1.419211899029970692e-02 2.066057115751959369e-02
1.247712546562085301e-02 1.871683648344451070e-02
1.087188341431266636e-02 1.678532435193099553e-02
9.376571240020115106e-03 1.487877541556835957e-02
7.991355128984078959e-03 1.301225664865486228e-02
6.716389031571567969e-03 1.120281735235992802e-02
5.551814645166519568e-03 9.468546299474840319e-03
4.497761398421062928e-03 7.828239690043205593e-03
3.554346436871580472e-03 6.300471213204268672e-03
2.721674609919344512e-03 4.903512729870836140e-03
1.999838459177394334e-03 3.654280784201919315e-03
1.388918208186096237e-03 2.568665491719525698e-03
8.889817534969424173e-04 1.660290283852767059e-03
5.000846571264760954e-04 9.412606372527081459e-04
2.222701403818971855e-04 4.205974525964410499e-04
5.556907905679420168e-05 1.055217143532200723e-04
0.000000000000000000e+00 -1.396487149386120238e-09
0.000000000000000000e+00 1.694512240396818004e-09
5.556907905679420168e-05 -4.733998860468568553e-05
2.222701403818971855e-04 -1.875673433920651645e-04
5.000846571264760954e-04 -4.159193809921656591e-04
8.889817534969424173e-04 -7.237497576757943776e-04
1.388918208186096237e-03 -1.100308463226785634e-03
1.999838459177394334e-03 -1.531285716887033528e-03
2.721674609919344512e-03 -2.000709551633579348e-03
3.554346436871580472e-03 -2.490197550861720371e-03
4.497761398421062928e-03 -2.980474175560686532e-03
5.551814645166519568e-03 -3.451205735415901945e-03
6.716389031571567969e-03 -3.882256983990608774e-03
7.991355128984078959e-03 -4.254036925660079939e-03
9.376571240020115106e-03 -4.548733496915601665e-03
1.087188341431266636e-02 -4.750970718214275572e-03
1.247712546562085301e-02 -4.849003369558634730e-03
1.419211899029970692e-02 -4.835287514332962250e-03
1.601667338712764455e-02 -4.708682695036486322e-03
1.795058587848985532e-02 -4.474476287833235345e-03
1.999364153291383062e-02 -4.146785513353520337e-03
2.214561328895736647e-02 -3.747714510759736235e-03
2.440626198044326678e-02 -3.313095043188157753e-03
2.677533636303963682e-02 -2.885295092941038940e-03
2.925257314218321358e-02 -2.481239350564305984e-03
3.183769700234129196e-02 -2.102949806902928813e-03
3.453042063760936031e-02 -1.749406698725973139e-03
3.733044478364233587e-02 -1.418128124134489200e-03
4.023745825091396000e-02 -1.106002669009788350e-03
4.325113795930202176e-02 -8.088847328283455896e-04
4.637114897399441382e-02 -5.184800355353810439e-04
4.959714454271368922e-02 -2.257317268909183174e-04
5.292876613425423482e-02 7.583729887317890378e-05
5.636564347832906385e-02 3.900198383413414093e-04
5.990739460672012129e-02 7.135365201725123434e-04
6.355362589573076981e-02 1.041956737663185225e-03
6.730393210993146358e-02 1.372085928484006361e-03
7.115789644719716645e-02 1.700055789833047936e-03
7.511509058502996439e-02 2.019823282372241059e-03
7.917507472816209813e-02 2.327603681027900009e-03
8.333739765743386485e-02 2.624871046309056825e-03
8.760159677994161509e-02 2.914268566809778607e-03
9.196719818044885031e-02 3.199360208469672565e-03
9.643371667405697956e-02 3.484539841695930441e-03
1.010006558601274085e-01 3.775176622659760436e-03
1.056675081774507419e-01 4.073898888912649494e-03
1.104337549606562163e-01 4.379905916003817845e-03
1.152988664978553679e-01 4.691539078634257738e-03
1.202623020895129402e-01 5.006465984000356764e-03
1.253235101085391490e-01 5.322197152816452066e-03
1.304819280615971966e-01 5.636118241719893958e-03
1.357369826516168221e-01 5.945397487222711663e-03
1.410880898415101115e-01 6.246979706651263273e-03
1.465346549190801317e-01 6.537068099790023512e-03
1.520760725631161714e-01 6.811776689489960207e-03
1.577117269106679265e-01 7.070314691879477607e-03
1.634409916254914164e-01 7.313679397758109449e-03
1.692632299676588570e-01 7.544312403336036511e-03
1.751777948643248317e-01 7.765215293004177136e-03
1.811840289816407656e-01 7.979108997596337516e-03
1.872812647978095990e-01 8.188897295840819393e-03
1.934688246772731102e-01 8.398806443264898725e-03
1.997460209460230063e-01 8.612945400615931377e-03
2.061121559680280102e-01 8.833485663967839338e-03
2.125665222227673956e-01 9.061269892748469168e-03
2.191084023838638650e-01 9.294404777464956163e-03
2.257370693988056676e-01 9.530649221673447372e-03
2.324517865697500740e-01 9.768268052345150873e-03
2.392518076353984391e-01 1.000538013752153184e-02
2.461363768539343022e-01 1.023960618369652159e-02
2.531047290870154232e-01 1.046848650494756026e-02
2.601560898848094272e-01 1.068953180941342208e-02
2.672896755720651774e-01 1.090008605531891765e-02
2.745046933352085494e-01 1.109723926628274071e-02
2.818003413104546162e-01 1.127795262434913223e-02
2.891758086729252497e-01 1.143904305883204110e-02
2.966302757267624823e-01 1.157717135478835042e-02
3.041629139962280792e-01 1.168898424591719928e-02
3.117728863177794407e-01 1.177401508556870195e-02
3.194593469331089564e-01 1.183447244679616817e-02
3.272214415831418144e-01 1.187290077977812795e-02
3.350583076029753915e-01 1.189203931052157381e-02
3.429690740177547825e-01 1.189476196554874708e-02
3.509528616394713696e-01 1.188407180228492552e-02
3.590087831646743277e-01 1.186339007146978639e-02
3.671359432730831873e-01 1.183634916872662937e-02
3.753334387270930161e-01 1.180645356136125236e-02
3.836003584721576765e-01 1.177732158254426315e-02
3.919357837380436083e-01 1.175364221703162348e-02
4.003387881409395943e-01 1.173996206629371319e-02
4.088084377864137364e-01 1.173804425126084156e-02
4.173437913732044313e-01 1.174813409366591045e-02
4.259439002978354649e-01 1.176781641620089879e-02
4.346078087600411255e-01 1.179418011136178050e-02
4.433345538689928977e-01 1.182498339599215124e-02
4.521231657503131940e-01 1.185791885882647202e-02
4.609726676538650203e-01 1.189008871433690911e-02
4.698820760623064752e-01 1.191857765579915594e-02
4.788504008003974244e-01 1.194067052720224238e-02
4.878766451450451402e-01 1.195340095876373104e-02
4.969598059360780251e-01 1.195326480068862295e-02
5.060988736877365390e-01 1.193749507664287196e-02
5.152928327008634568e-01 1.190465037123501595e-02
5.245406611757882365e-01 1.185385809392265795e-02
5.338413313258880688e-01 1.178485645696694326e-02
5.431938094918128401e-01 1.169724008431959929e-02
5.525970562563653488e-01 1.159038995709128772e-02
5.620500265600203438e-01 1.146381356594695922e-02
5.715516698170692855e-01 1.131714561557171060e-02
5.811009300323815019e-01 1.114986934305567910e-02
5.906967459187653091e-01 1.096136336068311880e-02
6.003380510149177729e-01 1.075133827951682899e-02
6.100237738039482327e-01 1.051990951430162476e-02
6.197528378324663745e-01 1.026894299176394493e-02
6.295241618302156450e-01 1.000131190435638896e-02
6.393366598302444581e-01 9.719745896986558067e-03
6.491892412895989839e-01 9.426933671792873254e-03
6.590808112105230876e-01 9.125805683337689239e-03
6.690102702621547603e-01 8.819382300140791303e-03
6.789765149027036095e-01 8.510631992043115462e-03
6.889784375020977514e-01 8.202576113953618728e-03
6.990149264650814542e-01 7.898553684099375236e-03
7.090848663547572039e-01 7.601076223789558078e-03
7.191871380165538730e-01 7.309262901894978369e-03
7.293206187026060050e-01 7.021375149643506626e-03
7.394841821965345563e-01 6.735450809550122715e-03
7.496766989386134394e-01 6.449471795029537886e-03
7.598970361513051053e-01 6.161386227256560391e-03
7.701440579651563922e-01 5.869166033065585306e-03
7.804166255450371015e-01 5.570842368147516273e-03
7.907135972167069760e-01 5.264278036651987708e-03
8.010338285937002034e-01 4.947057683096810383e-03
8.113761727045106786e-01 4.618440477512080790e-03
8.217394801200630372e-01 4.280218890300406011e-03
8.321225990814590245e-01 3.934676472408370901e-03
8.425243756279822138e-01 3.584451959642766944e-03
8.529436537253458628e-01 3.232131984867949847e-03
8.633792753941731402e-01 2.880227256394763020e-03
8.738300808386934015e-01 2.531292618226040330e-03
8.842949085756387495e-01 2.187930741036749581e-03
8.947725955633289985e-01 1.852822102817164567e-03
9.052619773309316109e-01 1.528588362180764758e-03
9.157618881078770645e-01 1.216545655722856088e-03
9.262711609534211021e-01 9.171691274710959754e-04
9.367886278863364335e-01 6.307670223671530112e-04
9.473131200147204556e-01 3.575745704744598148e-04
9.578434676659028923e-01 9.788753299315756397e-05
9.683785005164411430e-01 -1.479792623191792235e-04
9.789170477221889044e-01 -3.797582796617786035e-04
9.894579380484205267e-01 -5.971934489656090337e-04
9.999999999999998890e-01 -7.999998493771500168e-04
