9.999999999999998890e-01 2.876871356112784314e-10
9.894579380484205267e-01 2.612725804745863467e-03
9.789170477221889044e-01 5.155927349189050324e-03
9.683785005164411430e-01 7.635824714801790064e-03
9.578434676659028923e-01 1.005872612170593747e-02
9.473131200147204556e-01 1.243093413778271865e-02
9.367886278863364335e-01 1.475868659590162668e-02
9.262711609534211021e-01 1.704826033640194707e-02
9.157618881078770645e-01 1.930604382805347491e-02
9.052619773309316109e-01 2.153827743462171165e-02
8.947725955633289985e-01 2.375086293371251461e-02
8.842949085756387495e-01 2.594780799227919613e-02
8.738300808386934015e-01 2.813017478556561340e-02
8.633792753941731402e-01 3.029895201342467856e-02
8.529436537253458628e-01 3.245537444926937382e-02
8.425243756279822138e-01 3.460053936901262561e-02
8.321225990814590245e-01 3.673537853923924956e-02
8.217394801200630372e-01 3.886100407712116123e-02
8.113761727045106786e-01 4.097867931961292343e-02
8.010338285937002034e-01 4.308921217788467400e-02
7.907135972167069760e-01 4.519278944461532083e-02
7.804166255450371015e-01 4.728648885878029146e-02
7.701440579651563922e-01 4.936533680812991293e-02
7.598970361513051053e-01 5.142473445790354120e-02
7.496766989386134394e-01 5.346031606264575742e-02
7.394841821965345563e-01 5.546770286481861323e-02
7.293206187026060050e-01 5.744252010799603958e-02
7.191871380165538730e-01 5.938046665324100276e-02
7.090848663547572039e-01 6.127734365065645727e-02
6.990149264650814542e-01 6.312933717495970709e-02
6.889784375020977514e-01 6.493390399453874418e-02
6.789765149027036095e-01 6.669345043418876962e-02
6.690102702621547603e-01 6.841160243642342709e-02
6.590808112105230876e-01 7.009156617654668797e-02
6.491892412895989839e-01 7.173650647368477740e-02
6.393366598302444581e-01 7.334974053061152355e-02
6.295241618302156450e-01 7.493447613586182166e-02
6.197528378324663745e-01 7.649358776083052536e-02
6.100237738039482327e-01 7.803008020077996376e-02
6.003380510149177729e-01 7.954730194013409639e-02
5.906967459187653091e-01 8.104688518888876481e-02
5.811009300323815019e-01 8.252746088037483940e-02
5.715516698170692855e-01 8.398705986426623082e-02
5.620500265600203438e-01 8.542327796216166169e-02
5.525970562563653488e-01 8.683388636057404186e-02
5.431938094918128401e-01 8.821690874056682674e-02
5.338413313258880688e-01 8.957038961468195837e-02
5.245406611757882365e-01 9.089238429494861382e-02
5.152928327008634568e-01 9.218103501215368922e-02
5.060988736877365390e-01 9.343457297811459672e-02
4.969598059360780251e-01 9.465143115080168479e-02
4.878766451450451402e-01 9.583022888291994890e-02
4.788504008003974244e-01 9.697004186472424347e-02
4.698820760623064752e-01 9.807021250548728086e-02
4.609726676538650203e-01 9.913000838727815955e-02
4.521231657503131940e-01 1.001486901743953301e-01
4.433345538689928977e-01 1.011257501910370615e-01
4.346078087600411255e-01 1.020607488639027477e-01
4.259439002978354649e-01 1.029530722089535000e-01
4.173437913732044313e-01 1.038021664516961401e-01
4.088084377864137364e-01 1.046080481753939029e-01
4.003387881409395943e-01 1.053705149564746618e-01
3.919357837380436083e-01 1.060878807701604309e-01
3.836003584721576765e-01 1.067576127674775555e-01
3.753334387270930161e-01 1.073756247088888255e-01
3.671359432730831873e-01 1.079378394502626126e-01
3.590087831646743277e-01 1.084410101592707537e-01
3.509528616394713696e-01 1.088820576622347852e-01
3.429690740177547825e-01 1.092579774400667808e-01
3.350583076029753915e-01 1.095659995148191429e-01
3.272214415831418144e-01 1.098037669132461286e-01
3.194593469331089564e-01 1.099691039163557954e-01
3.117728863177794407e-01 1.100600513615268561e-01
3.041629139962280792e-01 1.100748899520123392e-01
2.966302757267624823e-01 1.100122731633561141e-01
2.891758086729252497e-01 1.098731978316028618e-01
2.818003413104546162e-01 1.096611879770535841e-01
2.745046933352085494e-01 1.093798406864712330e-01
2.672896755720651774e-01 1.090326968540931418e-01
2.601560898848094272e-01 1.086232023625573750e-01
2.531047290870154232e-01 1.081547268529363393e-01
2.461363768539343022e-01 1.076305903683612980e-01
2.392518076353984391e-01 1.070540661916748459e-01
2.324517865697500740e-01 1.064282802921498600e-01
2.257370693988056676e-01 1.057562829551613320e-01
2.191084023838638650e-01 1.050411595451508501e-01
2.125665222227673956e-01 1.042859508397635387e-01
2.061121559680280102e-01 1.034933210474788812e-01
1.997460209460230063e-01 1.026660219483999242e-01
1.934688246772731102e-01 1.018079739021989921e-01
1.872812647978095990e-01 1.009237828643689827e-01
1.811840289816407656e-01 1.000193729824635641e-01
1.751777948643248317e-01 9.910050814162282840e-02
1.692632299676588570e-01 9.817123084132070576e-02
1.634409916254914164e-01 9.723575516087988591e-02
1.577117269106679265e-01 9.629981473799302527e-02
1.520760725631161714e-01 9.536737926713856339e-02
1.465346549190801317e-01 9.443759241541983818e-02
1.410880898415101115e-01 9.350213667791877625e-02
1.357369826516168221e-01 9.253945232106811081e-02
1.304819280615971966e-01 9.152908617430134675e-02
1.253235101085391490e-01 9.045497553512600597e-02
1.202623020895129402e-01 8.930323279704718842e-02
1.152988664978553679e-01 8.806242593106207439e-02
1.104337549606562163e-01 8.672158629164834764e-02
1.056675081774507419e-01 8.527034539494091070e-02
1.010006558601274085e-01 8.370435547478413674e-02
9.643371667405697956e-02 8.202660034392691979e-02
9.196719818044885031e-02 8.026433809474825543e-02
8.760159677994161509e-02 7.846440179568113515e-02
8.333739765743386485e-02 7.666953951643022680e-02
7.917507472816209813e-02 7.491759500095518387e-02
7.511509058502996439e-02 7.322963887048566933e-02
7.115789644719716645e-02 7.161310760727850055e-02
6.730393210993146358e-02 7.004386240561365218e-02
6.355362589573076981e-02 6.848461754659654344e-02
5.990739460672012129e-02 6.691362829235313059e-02
5.636564347832906385e-02 6.531512789605115055e-02
5.292876613425423482e-02 6.367093126180027596e-02
4.959714454271368922e-02 6.196658307462197396e-02
4.637114897399441382e-02 6.020812948787236663e-02
4.325113795930202176e-02 5.840940802618270478e-02
4.023745825091396000e-02 5.659177238639895996e-02
3.733044478364233587e-02 5.477610448466808252e-02
3.453042063760936031e-02 5.297654187927078318e-02
3.183769700234129196e-02 5.120600089973213753e-02
2.925257314218321358e-02 4.947753599307486150e-02
2.677533636303963682e-02 4.780167108689140770e-02
2.440626198044326678e-02 4.618311215955773347e-02
2.214561328895736647e-02 4.458756554776807657e-02
1.999364153291383062e-02 4.291369421729197137e-02
1.795058587848985532e-02 4.107820907509597552e-02
1.601667338712764455e-02 3.903523293756572948e-02
1.419211899029970692e-02 3.676060630109091731e-02
1.247712546562085301e-02 3.425415969505018338e-02
1.087188341431266636e-02 3.153291902033526772e-02
9.376571240020115106e-03 2.863099957497809711e-02
7.991355128984078959e-03 2.559344729915447730e-02
6.716389031571567969e-03 2.247470424317197374e-02
5.551814645166519568e-03 1.933509020560714858e-02
4.497761398421062928e-03 1.623913091370235429e-02
3.554346436871580472e-03 1.325188001446364443e-02
2.721674609919344512e-03 1.043821029977319570e-02
1.999838459177394334e-03 7.858950892916579181e-03
1.388918208186096237e-03 5.571710797018520310e-03
8.889817534969424173e-04 3.626233207308303310e-03
5.000846571264760954e-04 2.066914804014761010e-03
2.222701403818971855e-04 9.269884322213550699e-04
5.556907905679420168e-05 2.331264919769002490e-04
0.000000000000000000e+00 -5.209975952813081395e-09
0.000000000000000000e+00 2.231550698983821468e-09
5.556907905679420168e-05 -9.112767509579111516e-05
2.222701403818971855e-04 -3.621485940848558700e-04
5.000846571264760954e-04 -8.067818691134717420e-04
8.889817534969424173e-04 -1.413606541963946354e-03
1.388918208186096237e-03 -2.168389612076557140e-03
1.999838459177394334e-03 -3.052110500264142417e-03
2.721674609919344512e-03 -4.043449848360663144e-03
3.554346436871580472e-03 -5.117701469864881919e-03
4.497761398421062928e-03 -6.248761137695749146e-03
5.551814645166519568e-03 -7.408761183912740758e-03
6.716389031571567969e-03 -8.569721922812557902e-03
7.991355128984078959e-03 -9.703839270987051069e-03
9.376571240020115106e-03 -1.078505798841518197e-02
1.087188341431266636e-02 -1.178977326258746211e-02
1.247712546562085301e-02 -1.269832269085350435e-02
1.419211899029970692e-02 -1.349563344654574649e-02
1.601667338712764455e-02 -1.417384666484075399e-02
1.795058587848985532e-02 -1.473236275695667501e-02
1.999364153291383062e-02 -1.518069843651026485e-02
2.214561328895736647e-02 -1.553753384704859020e-02
2.440626198044326678e-02 -1.583739478343034607e-02
2.677533636303963682e-02 -1.612258253779709494e-02
2.925257314218321358e-02 -1.640828651503170935e-02
3.183769700234129196e-02 -1.669403386085197352e-02
3.453042063760936031e-02 -1.697790031939916400e-02
3.733044478364233587e-02 -1.725743746559283559e-02
4.023745825091396000e-02 -1.753071173771841157e-02
4.325113795930202176e-02 -1.779585389703128989e-02
4.637114897399441382e-02 -1.805025457262977862e-02
4.959714454271368922e-02 -1.829131519240922987e-02
5.292876613425423482e-02 -1.851753329728115377e-02
5.636564347832906385e-02 -1.872841227452033686e-02
5.990739460672012129e-02 -1.892598127539420194e-02
6.355362589573076981e-02 -1.911279248333562150e-02
6.730393210993146358e-02 -1.929128736658739310e-02
7.115789644719716645e-02 -1.946486386624606685e-02
7.511509058502996439e-02 -1.963928456445621432e-02
7.917507472816209813e-02 -1.981834943343073474e-02
8.333739765743386485e-02 -2.000113069568672242e-02
8.760159677994161509e-02 -2.018462143062873387e-02
9.196719818044885031e-02 -2.036324151685681150e-02
9.643371667405697956e-02 -2.053079095356201769e-02
1.010006558601274085e-01 -2.068061512829194246e-02
1.056675081774507419e-01 -2.080848982157203209e-02
1.104337549606562163e-01 -2.091320046859019080e-02
1.152988664978553679e-01 -2.099445882874863278e-02
1.202623020895129402e-01 -2.105273506694490399e-02
1.253235101085391490e-01 -2.108847291200771287e-02
1.304819280615971966e-01 -2.110208677163100469e-02
1.357369826516168221e-01 -2.109429922640835425e-02
1.410880898415101115e-01 -2.106608965611369080e-02
1.465346549190801317e-01 -2.101879233742846506e-02
1.520760725631161714e-01 -2.095385007224422058e-02
1.577117269106679265e-01 -2.087180898011574762e-02
1.634409916254914164e-01 -2.077271628168999087e-02
1.692632299676588570e-01 -2.065633822054457544e-02
1.751777948643248317e-01 -2.052235677744223066e-02
1.811840289816407656e-01 -2.037064615685765107e-02
1.872812647978095990e-01 -2.020114999271313896e-02
1.934688246772731102e-01 -2.001381815944254863e-02
1.997460209460230063e-01 -1.980862112223964050e-02
2.061121559680280102e-01 -1.958560164048606111e-02
2.125665222227673956e-01 -1.934482143190755649e-02
2.191084023838638650e-01 -1.908634727480653867e-02
2.257370693988056676e-01 -1.881027984104683207e-02
2.324517865697500740e-01 -1.851680628246737612e-02
2.392518076353984391e-01 -1.820615365959805942e-02
2.461363768539343022e-01 -1.787860601192748852e-02
2.531047290870154232e-01 -1.753449404082996210e-02
2.601560898848094272e-01 -1.717422069228952478e-02
2.672896755720651774e-01 -1.679823765327564597e-02
2.745046933352085494e-01 -1.640706092868971649e-02
2.818003413104546162e-01 -1.600126171905367697e-02
2.891758086729252497e-01 -1.558147760688802404e-02
2.966302757267624823e-01 -1.514840572638087579e-02
3.041629139962280792e-01 -1.470279527943331964e-02
3.117728863177794407e-01 -1.424523744612542046e-02
3.194593469331089564e-01 -1.377617812903066986e-02
3.272214415831418144e-01 -1.329609847523321835e-02
3.350583076029753915e-01 -1.280551470668055657e-02
3.429690740177547825e-01 -1.230498518141882706e-02
3.509528616394713696e-01 -1.179510055839228140e-02
3.590087831646743277e-01 -1.127650212466981862e-02
3.671359432730831873e-01 -1.074986388830054089e-02
3.753334387270930161e-01 -1.021589981339118477e-02
3.836003584721576765e-01 -9.675353111573832890e-03
3.919357837380436083e-01 -9.129035425215054761e-03
4.003387881409395943e-01 -8.577781657799210535e-03
4.088084377864137364e-01 -8.022412696493886469e-03
4.173437913732044313e-01 -7.463744925855736283e-03
4.259439002978354649e-01 -6.902594457145987475e-03
4.346078087600411255e-01 -6.339790045415830480e-03
4.433345538689928977e-01 -5.776204008973108775e-03
4.521231657503131940e-01 -5.212738924000493053e-03
4.609726676538650203e-01 -4.650356603659327841e-03
4.698820760623064752e-01 -4.090026260076827340e-03
4.788504008003974244e-01 -3.532710611550662211e-03
4.878766451450451402e-01 -2.979441216529125566e-03
4.969598059360780251e-01 -2.431383144461678365e-03
5.060988736877365390e-01 -1.889479903355837298e-03
5.152928327008634568e-01 -1.354281982237266931e-03
5.245406611757882365e-01 -8.261699371396027600e-04
5.338413313258880688e-01 -3.053408739409371698e-04
5.431938094918128401e-01 2.079834771804862231e-04
5.525970562563653488e-01 7.135371674993597419e-04
5.620500265600203438e-01 1.211056522668324704e-03
5.715516698170692855e-01 1.700285195218857954e-03
5.811009300323815019e-01 2.181011165723794124e-03
5.906967459187653091e-01 2.653047702765184979e-03
6.003380510149177729e-01 3.116061866340937188e-03
6.100237738039482327e-01 3.569528918412308641e-03
6.197528378324663745e-01 4.012009676381364520e-03
6.295241618302156450e-01 4.441538384511425387e-03
6.393366598302444581e-01 4.856223009513773239e-03
6.491892412895989839e-01 5.254197025041343512e-03
6.590808112105230876e-01 5.633499340900611704e-03
6.690102702621547603e-01 5.992126510994892630e-03
6.789765149027036095e-01 6.328056210926150983e-03
6.889784375020977514e-01 6.639253465211754877e-03
6.990149264650814542e-01 6.923655120831798473e-03
7.090848663547572039e-01 7.179138612054706235e-03
7.191871380165538730e-01 7.403390812068638173e-03
7.293206187026060050e-01 7.594057391121122012e-03
7.394841821965345563e-01 7.748792648646575694e-03
7.496766989386134394e-01 7.865206618937605615e-03
7.598970361513051053e-01 7.940793699412232801e-03
7.701440579651563922e-01 7.973108304674840496e-03
7.804166255450371015e-01 7.959866585633567151e-03
7.907135972167069760e-01 7.898573176218195296e-03
8.010338285937002034e-01 7.786366671710258022e-03
8.113761727045106786e-01 7.622643435488084956e-03
8.217394801200630372e-01 7.410214712169304468e-03
8.321225990814590245e-01 7.152574490476581309e-03
8.425243756279822138e-01 6.853721811602400855e-03
8.529436537253458628e-01 6.517594895942419031e-03
8.633792753941731402e-01 6.148040545616711983e-03
8.738300808386934015e-01 5.749016768522457500e-03
8.842949085756387495e-01 5.324587495989451316e-03
8.947725955633289985e-01 4.878863855065138262e-03
9.052619773309316109e-01 4.415936217608325970e-03
9.157618881078770645e-01 3.939293772282830529e-03
9.262711609534211021e-01 3.452039423196559889e-03
9.367886278863364335e-01 2.957208955456833242e-03
9.473131200147204556e-01 2.457813473770921030e-03
9.578434676659028923e-01 1.956919570084934661e-03
9.683785005164411430e-01 1.457615909906261010e-03
9.789170477221889044e-01 9.629760568468182045e-04
9.894579380484205267e-01 4.760725501761500452e-04
9.999999999999998890e-01 9.100171337414196846e-11
