9.999999999999998890e-01 -3.300000403657429859e-02
9.894579380484205267e-01 -3.180236144644474350e-02
9.789170477221889044e-01 -3.005595465471697786e-02
9.683785005164411430e-01 -2.782903992625920461e-02
9.578434676659028923e-01 -2.519095419602108976e-02
9.473131200147204556e-01 -2.221086730059834702e-02
9.367886278863364335e-01 -1.895689116162802001e-02
9.262711609534211021e-01 -1.549764299990009399e-02
9.157618881078770645e-01 -1.190326833594750229e-02
9.052619773309316109e-01 -8.241834650701175199e-03
8.947725955633289985e-01 -4.576695515732067711e-03
8.842949085756387495e-01 -9.463464353970680448e-04
8.738300808386934015e-01 2.649335671340782069e-03
8.633792753941731402e-01 6.211851815079906351e-03
8.529436537253458628e-01 9.739994703155403777e-03
8.425243756279822138e-01 1.323334242905653373e-02
8.321225990814590245e-01 1.669254933443580988e-02
8.217394801200630372e-01 2.011784412438338485e-02
8.113761727045106786e-01 2.350900441062011431e-02
8.010338285937002034e-01 2.686593591013046456e-02
7.907135972167069760e-01 3.018853520397693502e-02
7.804166255450371015e-01 3.347513528558707097e-02
7.701440579651563922e-01 3.672304319435614611e-02
7.598970361513051053e-01 3.992986712785535214e-02
7.496766989386134394e-01 4.309338942647411574e-02
7.394841821965345563e-01 4.621133052161323362e-02
7.293206187026060050e-01 4.928139905711548252e-02
7.191871380165538730e-01 5.230142308694260556e-02
7.090848663547572039e-01 5.526929532962057690e-02
6.990149264650814542e-01 5.818299994845808898e-02
6.889784375020977514e-01 6.104074666681041927e-02
6.789765149027036095e-01 6.384159119628179946e-02
6.690102702621547603e-01 6.658482095328838168e-02
6.590808112105230876e-01 6.926973435953351355e-02
6.491892412895989839e-01 7.189564891332930752e-02
6.393366598302444581e-01 7.446193109413692945e-02
6.295241618302156450e-01 7.696799514439743584e-02
6.197528378324663745e-01 7.941334972994593122e-02
6.100237738039482327e-01 8.179749018811453831e-02
6.003380510149177729e-01 8.411986173447012771e-02
5.906967459187653091e-01 8.638034517199263962e-02
5.811009300323815019e-01 8.857957494978349611e-02
5.715516698170692855e-01 9.071831718436622338e-02
5.620500265600203438e-01 9.279742295017724685e-02
5.525970562563653488e-01 9.481779526946837455e-02
5.431938094918128401e-01 9.678038648546713474e-02
5.338413313258880688e-01 9.868602086877562019e-02
5.245406611757882365e-01 1.005354084454470331e-01
5.152928327008634568e-01 1.023295961917757291e-01
5.060988736877365390e-01 1.040698469003595444e-01
4.969598059360780251e-01 1.057563594188833250e-01
4.878766451450451402e-01 1.073883442095612539e-01
4.788504008003974244e-01 1.089627203291368418e-01
4.698820760623064752e-01 1.104751261449672534e-01
4.609726676538650203e-01 1.119220740446894014e-01
4.521231657503131940e-01 1.133005029609422676e-01
4.433345538689928977e-01 1.146071497280626850e-01
4.346078087600411255e-01 1.158387900290322597e-01
4.259439002978354649e-01 1.169929195251987325e-01
4.173437913732044313e-01 1.180671777243119946e-01
4.088084377864137364e-01 1.190586863424138581e-01
4.003387881409395943e-01 1.199650721707629653e-01
3.919357837380436083e-01 1.207864874748286466e-01
3.836003584721576765e-01 1.215245028556903861e-01
3.753334387270930161e-01 1.221832601366175941e-01
3.671359432730831873e-01 1.227670911491824390e-01
3.590087831646743277e-01 1.232794924798210207e-01
3.509528616394713696e-01 1.237239271906294819e-01
3.429690740177547825e-01 1.241040792673023113e-01
3.350583076029753915e-01 1.244235121404509981e-01
3.272214415831418144e-01 1.246855154528102999e-01
3.194593469331089564e-01 1.248933389137628497e-01
3.117728863177794407e-01 1.250502127929119522e-01
3.041629139962280792e-01 1.251592561632601242e-01
2.966302757267624823e-01 1.252233255570682768e-01
2.891758086729252497e-01 1.252420131104629297e-01
2.818003413104546162e-01 1.252113852500995050e-01
2.745046933352085494e-01 1.251276693595376743e-01
2.672896755720651774e-01 1.249874285751702424e-01
2.601560898848094272e-01 1.247875974553463024e-01
2.531047290870154232e-01 1.245254219296405979e-01
2.461363768539343022e-01 1.241985386577526690e-01
2.392518076353984391e-01 1.238048726007546646e-01
2.324517865697500740e-01 1.233427104834613208e-01
2.257370693988056676e-01 1.228105911974514963e-01
2.191084023838638650e-01 1.222074823757579171e-01
2.125665222227673956e-01 1.215325913478560171e-01
2.061121559680280102e-01 1.207853993271525428e-01
1.997460209460230063e-01 1.199656336896564313e-01
1.934688246772731102e-01 1.190737410661726059e-01
1.872812647978095990e-01 1.181105213181677938e-01
1.811840289816407656e-01 1.170773002618974851e-01
1.751777948643248317e-01 1.159756032196646580e-01
1.692632299676588570e-01 1.148071706812515136e-01
1.634409916254914164e-01 1.135738393775722055e-01
1.577117269106679265e-01 1.122775888625342916e-01
1.520760725631161714e-01 1.109206204370686566e-01
1.465346549190801317e-01 1.095056010780211114e-01
1.410880898415101115e-01 1.080357064027185343e-01
1.357369826516168221e-01 1.065149787901657763e-01
1.304819280615971966e-01 1.049475545826177719e-01
1.253235101085391490e-01 1.033375550485090832e-01
1.202623020895129402e-01 1.016889192072483600e-01
1.152988664978553679e-01 1.000053483919836339e-01
1.104337549606562163e-01 9.829091664338841794e-02
1.056675081774507419e-01 9.655009992819245379e-02
1.010006558601274085e-01 9.478620435508454400e-02
9.643371667405697956e-02 9.300090210668086887e-02
9.196719818044885031e-02 9.118811503720831990e-02
8.760159677994161509e-02 8.933561747496336636e-02
8.333739765743386485e-02 8.743414118600058293e-02
7.917507472816209813e-02 8.547682390965377630e-02
7.511509058502996439e-02 8.345892962217033029e-02
7.115789644719716645e-02 8.137781585876106838e-02
6.730393210993146358e-02 7.923803278784664894e-02
6.355362589573076981e-02 7.704746221679893703e-02
5.990739460672012129e-02 7.481265790864331799e-02
5.636564347832906385e-02 7.254000941929926449e-02
5.292876613425423482e-02 7.023804500010813467e-02
4.959714454271368922e-02 6.791466329269638114e-02
4.637114897399441382e-02 6.557165649935313423e-02
4.325113795930202176e-02 6.320868092465468935e-02
4.023745825091396000e-02 6.082383868559404494e-02
3.733044478364233587e-02 5.841607206042713496e-02
3.453042063760936031e-02 5.598798621748959231e-02
3.183769700234129196e-02 5.354361945865408062e-02
2.925257314218321358e-02 5.108887570158190256e-02
2.677533636303963682e-02 4.863023821125296575e-02
2.440626198044326678e-02 4.617460764411384505e-02
2.214561328895736647e-02 4.371225836873881415e-02
1.999364153291383062e-02 4.120426712586868628e-02
1.795058587848985532e-02 3.862098920011260150e-02
1.601667338712764455e-02 3.595120052247677972e-02
1.419211899029970692e-02 3.319415470701696236e-02
1.247712546562085301e-02 3.036063663659868336e-02
1.087188341431266636e-02 2.746959219209410552e-02
9.376571240020115106e-03 2.454805300778754168e-02
7.991355128984078959e-03 2.162795093575378691e-02
6.716389031571567969e-03 1.874538825793065078e-02
5.551814645166519568e-03 1.593875866748624415e-02
4.497761398421062928e-03 1.324802110956163105e-02
3.554346436871580472e-03 1.071265085306560318e-02
2.721674609919344512e-03 8.371476977824390125e-03
1.999838459177394334e-03 6.260475287187378633e-03
1.388918208186096237e-03 4.413453315181761240e-03
8.889817534969424173e-04 2.859392350294318822e-03
5.000846571264760954e-04 1.624043804490934518e-03
2.222701403818971855e-04 7.266046388187016565e-04
5.556907905679420168e-05 1.824439573817404148e-04
0.000000000000000000e+00 -2.996946543676088218e-09
0.000000000000000000e+00 3.861883247496042507e-09
5.556907905679420168e-05 -1.571785006113805610e-04
2.222701403818971855e-04 -6.246197271765894284e-04
5.000846571264760954e-04 -1.391439410210584858e-03
8.889817534969424173e-04 -2.437865236152823856e-03
1.388918208186096237e-03 -3.739286208056193453e-03
1.999838459177394334e-03 -5.262878031406968520e-03
2.721674609919344512e-03 -6.971931090301877743e-03
3.554346436871580472e-03 -8.824059086398274368e-03
4.497761398421062928e-03 -1.077465063531199939e-02
5.551814645166519568e-03 -1.277636729335856342e-02
6.716389031571567969e-03 -1.478202112928624773e-02
7.991355128984078959e-03 -1.674522980906639064e-02
9.376571240020115106e-03 -1.862317162996967798e-02
1.087188341431266636e-02 -2.037794683570204324e-02
1.247712546562085301e-02 -2.197927887829895927e-02
1.419211899029970692e-02 -2.340573323585868823e-02
1.601667338712764455e-02 -2.464944253859754908e-02
1.795058587848985532e-02 -2.571618058000550017e-02
1.999364153291383062e-02 -2.663073813153494368e-02
2.214561328895736647e-02 -2.743509262665378215e-02
2.440626198044326678e-02 -2.820052270820833443e-02
2.677533636303963682e-02 -2.901194876913889414e-02
2.925257314218321358e-02 -2.989696751265413094e-02
3.183769700234129196e-02 -3.084940557149542031e-02
3.453042063760936031e-02 -3.185460898885738440e-02
3.733044478364233587e-02 -3.289381137443709441e-02
4.023745825091396000e-02 -3.394653316587539077e-02
4.325113795930202176e-02 -3.498906164635547794e-02
4.637114897399441382e-02 -3.598418935308560218e-02
4.959714454271368922e-02 -3.689319967018834384e-02
5.292876613425423482e-02 -3.768996818595690690e-02
5.636564347832906385e-02 -3.836075906123503909e-02
5.990739460672012129e-02 -3.892381782063315115e-02
6.355362589573076981e-02 -3.940385555749182506e-02
6.730393210993146358e-02 -3.982370090114836780e-02
7.115789644719716645e-02 -4.021198106028938540e-02
7.511509058502996439e-02 -4.061218045595235693e-02
7.917507472816209813e-02 -4.105342467749333729e-02
8.333739765743386485e-02 -4.153109108602558164e-02
8.760159677994161509e-02 -4.203316517429202953e-02
9.196719818044885031e-02 -4.254196412659225907e-02
9.643371667405697956e-02 -4.303701526403715810e-02
1.010006558601274085e-01 -4.349493645740192677e-02
1.056675081774507419e-01 -4.390193088727969983e-02
1.104337549606562163e-01 -4.425615903641811483e-02
1.152988664978553679e-01 -4.455905435196311909e-02
1.202623020895129402e-01 -4.481466299141580178e-02
1.253235101085391490e-01 -4.502717143708968861e-02
1.304819280615971966e-01 -4.520086261773628711e-02
1.357369826516168221e-01 -4.534106446740669011e-02
1.410880898415101115e-01 -4.545401103907651535e-02
1.465346549190801317e-01 -4.554756931304120710e-02
1.520760725631161714e-01 -4.563004249114517574e-02
1.577117269106679265e-01 -4.570503236023341909e-02
1.634409916254914164e-01 -4.577349815044739340e-02
1.692632299676588570e-01 -4.583473250700235979e-02
1.751777948643248317e-01 -4.588744335365456395e-02
1.811840289816407656e-01 -4.593100120727419688e-02
1.872812647978095990e-01 -4.596490479424351211e-02
1.934688246772731102e-01 -4.598815302109237474e-02
1.997460209460230063e-01 -4.599974323817390687e-02
2.061121559680280102e-01 -4.599922869976945383e-02
2.125665222227673956e-01 -4.598644808406557316e-02
2.191084023838638650e-01 -4.596172125555917504e-02
2.257370693988056676e-01 -4.592546039481432835e-02
2.324517865697500740e-01 -4.587807054797072431e-02
2.392518076353984391e-01 -4.582001036224264690e-02
2.461363768539343022e-01 -4.575185847164808112e-02
2.531047290870154232e-01 -4.567424356384663237e-02
2.601560898848094272e-01 -4.558785787090305353e-02
2.672896755720651774e-01 -4.549345862142777086e-02
2.745046933352085494e-01 -4.539189388280948784e-02
2.818003413104546162e-01 -4.528407479093125854e-02
2.891758086729252497e-01 -4.517098668634317304e-02
2.966302757267624823e-01 -4.505368965700140560e-02
3.041629139962280792e-01 -4.493329827077468391e-02
3.117728863177794407e-01 -4.481050000147766832e-02
3.194593469331089564e-01 -4.468558776884491018e-02
3.272214415831418144e-01 -4.455886056596129047e-02
3.350583076029753915e-01 -4.443063499918856879e-02
3.429690740177547825e-01 -4.430124591667720935e-02
3.509528616394713696e-01 -4.417104267926324351e-02
3.590087831646743277e-01 -4.404040192405235532e-02
3.671359432730831873e-01 -4.390971674267961367e-02
3.753334387270930161e-01 -4.377939264898413063e-02
3.836003584721576765e-01 -4.364984821581141539e-02
3.919357837380436083e-01 -4.352154794854171116e-02
4.003387881409395943e-01 -4.339496315979776003e-02
4.088084377864137364e-01 -4.327051115031185780e-02
4.173437913732044313e-01 -4.314858360471281185e-02
4.259439002978354649e-01 -4.302953656029616381e-02
4.346078087600411255e-01 -4.291372059512031656e-02
4.433345538689928977e-01 -4.280149933309795179e-02
4.521231657503131940e-01 -4.269325337085838612e-02
4.609726676538650203e-01 -4.258940335149645484e-02
4.698820760623064752e-01 -4.249035525858866486e-02
4.788504008003974244e-01 -4.239646471832835689e-02
4.878766451450451402e-01 -4.230815641104788971e-02
4.969598059360780251e-01 -4.222599979032638090e-02
5.060988736877365390e-01 -4.215023867419800951e-02
5.152928327008634568e-01 -4.208054907034455144e-02
5.245406611757882365e-01 -4.201635768820426164e-02
5.338413313258880688e-01 -4.195681968662024613e-02
5.431938094918128401e-01 -4.190108640932765915e-02
5.525970562563653488e-01 -4.184832758463632313e-02
5.620500265600203438e-01 -4.179770570860667778e-02
5.715516698170692855e-01 -4.174836711169908204e-02
5.811009300323815019e-01 -4.169932315445405019e-02
5.906967459187653091e-01 -4.164949768428975047e-02
6.003380510149177729e-01 -4.159812577753840140e-02
6.100237738039482327e-01 -4.154486277518827653e-02
6.197528378324663745e-01 -4.149142646437159465e-02
6.295241618302156450e-01 -4.144071720080565180e-02
6.393366598302444581e-01 -4.139542603124279213e-02
6.491892412895989839e-01 -4.135817006194526801e-02
6.590808112105230876e-01 -4.133181151286707128e-02
6.690102702621547603e-01 -4.131930054170566968e-02
6.789765149027036095e-01 -4.132351651668820375e-02
6.889784375020977514e-01 -4.134737746819606985e-02
6.990149264650814542e-01 -4.139408405465697799e-02
7.090848663547572039e-01 -4.146607944303256493e-02
7.191871380165538730e-01 -4.156270990447136215e-02
7.293206187026060050e-01 -4.168252032830276760e-02
7.394841821965345563e-01 -4.182379555633911061e-02
7.496766989386134394e-01 -4.198478654430707474e-02
7.598970361513051053e-01 -4.216378325698678237e-02
7.701440579651563922e-01 -4.235903145053158264e-02
7.804166255450371015e-01 -4.256867116807977469e-02
7.907135972167069760e-01 -4.279085041559325259e-02
8.010338285937002034e-01 -4.302374592451100460e-02
8.113761727045106786e-01 -4.326506411339411939e-02
8.217394801200630372e-01 -4.351180502880402229e-02
8.321225990814590245e-01 -4.376074906866745523e-02
8.425243756279822138e-01 -4.400847832169065693e-02
8.529436537253458628e-01 -4.425168658097648755e-02
8.633792753941731402e-01 -4.448718241367524001e-02
8.738300808386934015e-01 -4.471147730868561126e-02
8.842949085756387495e-01 -4.492085755325633811e-02
8.947725955633289985e-01 -4.511223455476187638e-02
9.052619773309316109e-01 -4.528219550288349604e-02
9.157618881078770645e-01 -4.541833139504439926e-02
9.262711609534211021e-01 -4.550244314460915457e-02
9.367886278863364335e-01 -4.551523849597290117e-02
9.473131200147204556e-01 -4.543694421121956956e-02
9.578434676659028923e-01 -4.524814663375972129e-02
9.683785005164411430e-01 -4.492955469904839905e-02
9.789170477221889044e-01 -4.446165058236838108e-02
9.894579380484205267e-01 -4.382488943812133664e-02
9.999999999999998890e-01 -4.300000094249077642e-02
