9.999999999999998890e-01 9.843152117131266280e-06
9.894579380484205267e-01 1.629280179611611703e-03
9.789170477221889044e-01 2.371843763964566303e-03
9.683785005164411430e-01 3.062673198942432104e-03
9.578434676659028923e-01 3.791451323647188846e-03
9.473131200147204556e-01 4.518706562818349155e-03
9.367886278863364335e-01 5.265117156289940772e-03
9.262711609534211021e-01 6.049545687533670543e-03
9.157618881078770645e-01 6.863818163045666207e-03
9.052619773309316109e-01 7.703196908964556229e-03
8.947725955633289985e-01 8.576413667183565084e-03
8.842949085756387495e-01 9.488639173721048065e-03
8.738300808386934015e-01 1.043702592521187147e-02
8.633792753941731402e-01 1.141886792090616998e-02
8.529436537253458628e-01 1.243246749106970486e-02
8.425243756279822138e-01 1.347237653100487320e-02
8.321225990814590245e-01 1.452908806813284735e-02
8.217394801200630372e-01 1.559819493120967113e-02
8.113761727045106786e-01 1.668043405968674953e-02
8.010338285937002034e-01 1.777799133699130285e-02
7.907135972167069760e-01 1.889330967603277539e-02
7.804166255450371015e-01 2.001964300828171922e-02
7.701440579651563922e-01 2.114398440019776837e-02
7.598970361513051053e-01 2.225288080783504457e-02
7.496766989386134394e-01 2.333419596663473955e-02
7.394841821965345563e-01 2.438767562196748201e-02
7.293206187026060050e-01 2.541793864032507871e-02
7.191871380165538730e-01 2.642468074756470706e-02
7.090848663547572039e-01 2.740604823607544968e-02
6.990149264650814542e-01 2.836234706591203927e-02
6.889784375020977514e-01 2.929251334148388897e-02
6.789765149027036095e-01 3.018649286198194642e-02
6.690102702621547603e-01 3.103469957162536402e-02
6.590808112105230876e-01 3.183786150214184402e-02
6.491892412895989839e-01 3.259817313519148413e-02
6.393366598302444581e-01 3.331539899457808263e-02
6.295241618302156450e-01 3.398924203069221550e-02
6.197528378324663745e-01 3.462033703055660688e-02
6.100237738039482327e-01 3.520942110486795923e-02
6.003380510149177729e-01 3.575717238235009976e-02
5.906967459187653091e-01 3.626551289406174106e-02
5.811009300323815019e-01 3.673845816651496315e-02
5.715516698170692855e-01 3.717838521540591662e-02
5.620500265600203438e-01 3.758504582116733994e-02
5.525970562563653488e-01 3.795846152591952904e-02
5.431938094918128401e-01 3.829922678914607359e-02
5.338413313258880688e-01 3.860804516410702714e-02
5.245406611757882365e-01 3.888565475539883243e-02
5.152928327008634568e-01 3.913205392071504585e-02
5.060988736877365390e-01 3.934686940404607397e-02
4.969598059360780251e-01 3.953334610464237509e-02
4.878766451450451402e-01 3.969708398132254512e-02
4.788504008003974244e-01 3.984074379107215708e-02
4.698820760623064752e-01 3.996510895797922291e-02
4.609726676538650203e-01 4.007048799544476320e-02
4.521231657503131940e-01 4.015699979342905040e-02
4.433345538689928977e-01 4.022503706569063170e-02
4.346078087600411255e-01 4.027508504114598459e-02
4.259439002978354649e-01 4.030748771846625472e-02
4.173437913732044313e-01 4.032255745447790168e-02
4.088084377864137364e-01 4.032069277298200999e-02
4.003387881409395943e-01 4.030230779100384131e-02
3.919357837380436083e-01 4.026777974866225379e-02
3.836003584721576765e-01 4.021748568628517873e-02
3.753334387270930161e-01 4.015183012320162892e-02
3.671359432730831873e-01 4.007122023595074273e-02
3.590087831646743277e-01 3.997605593848879701e-02
3.509528616394713696e-01 3.986674071533981983e-02
3.429690740177547825e-01 3.974368840454318291e-02
3.350583076029753915e-01 3.960731237599608712e-02
3.272214415831418144e-01 3.945802299835412391e-02
3.194593469331089564e-01 3.929625071083178017e-02
3.117728863177794407e-01 3.912244069408876007e-02
3.041629139962280792e-01 3.893640688918882653e-02
2.966302757267624823e-01 3.873717734592413420e-02
2.891758086729252497e-01 3.852458622471866684e-02
2.818003413104546162e-01 3.829939110993273166e-02
2.745046933352085494e-01 3.806214203812600949e-02
2.672896755720651774e-01 3.781316959466150124e-02
2.601560898848094272e-01 3.755301632483742241e-02
2.531047290870154232e-01 3.728236972856169978e-02
2.461363768539343022e-01 3.700161391715280079e-02
2.392518076353984391e-01 3.671099544567292539e-02
2.324517865697500740e-01 3.641135285909066766e-02
2.257370693988056676e-01 3.610357681685162634e-02
2.191084023838638650e-01 3.578648381505329656e-02
2.125665222227673956e-01 3.545821378777877508e-02
2.061121559680280102e-01 3.511859951174801930e-02
1.997460209460230063e-01 3.476814907564771545e-02
1.934688246772731102e-01 3.440751493159881907e-02
1.872812647978095990e-01 3.403741777399887231e-02
1.811840289816407656e-01 3.365867441939612847e-02
1.751777948643248317e-01 3.327200635837112425e-02
1.692632299676588570e-01 3.287772346937609114e-02
1.634409916254914164e-01 3.247636499053479370e-02
1.577117269106679265e-01 3.206936499462884060e-02
1.520760725631161714e-01 3.165746030812152667e-02
1.465346549190801317e-01 3.123937537890558724e-02
1.410880898415101115e-01 3.081294399394441524e-02
1.357369826516168221e-01 3.037485025083017792e-02
1.304819280615971966e-01 2.992386428551679564e-02
1.253235101085391490e-01 2.946238426134069679e-02
1.202623020895129402e-01 2.899208389771228134e-02
1.152988664978553679e-01 2.851319352173717001e-02
1.104337549606562163e-01 2.802665339116228518e-02
1.056675081774507419e-01 2.753431119888906375e-02
1.010006558601274085e-01 2.703706682318746113e-02
9.643371667405697956e-02 2.653493591914440203e-02
9.196719818044885031e-02 2.602958019243001991e-02
8.760159677994161509e-02 2.552368861548532861e-02
8.333739765743386485e-02 2.501514215487764259e-02
7.917507472816209813e-02 2.449890773540622929e-02
7.511509058502996439e-02 2.397479470476385904e-02
7.115789644719716645e-02 2.344503664145974539e-02
6.730393210993146358e-02 2.290808147542372844e-02
6.355362589573076981e-02 2.236061028718775573e-02
5.990739460672012129e-02 2.180006260676239233e-02
5.636564347832906385e-02 2.122503778749812789e-02
5.292876613425423482e-02 2.063875091632603673e-02
4.959714454271368922e-02 2.004543100505736669e-02
4.637114897399441382e-02 1.944680410298093784e-02
4.325113795930202176e-02 1.884442478683981056e-02
4.023745825091396000e-02 1.824181478647331905e-02
3.733044478364233587e-02 1.763997390176301819e-02
3.453042063760936031e-02 1.703082963715524603e-02
3.183769700234129196e-02 1.640989096943811995e-02
2.925257314218321358e-02 1.578603375441876844e-02
2.677533636303963682e-02 1.516138347027637563e-02
2.440626198044326678e-02 1.451956061318804281e-02
2.214561328895736647e-02 1.385092421871749434e-02
1.999364153291383062e-02 1.316183726797894721e-02
1.795058587848985532e-02 1.245943519898705734e-02
1.601667338712764455e-02 1.174965545216668204e-02
1.419211899029970692e-02 1.104090127702257382e-02
1.247712546562085301e-02 1.034444977239024586e-02
1.087188341431266636e-02 9.663480795146948618e-03
9.376571240020115106e-03 8.991905592214329349e-03
7.991355128984078959e-03 8.313141965130011954e-03
6.716389031571567969e-03 7.604306688470147992e-03
5.551814645166519568e-03 6.880264934765326426e-03
4.497761398421062928e-03 6.178954488999533964e-03
3.554346436871580472e-03 5.477766398976639285e-03
2.721674609919344512e-03 4.727239229973452875e-03
1.999838459177394334e-03 3.982970843613714215e-03
1.388918208186096237e-03 3.328415462461544252e-03
8.889817534969424173e-04 2.643860130492686148e-03
5.000846571264760954e-04 1.774180734564732376e-03
2.222701403818971855e-04 8.872616693174579855e-04
5.556907905679420168e-05 2.484993248546190150e-04
0.000000000000000000e+00 2.034518615896238318e-05
0.000000000000000000e+00 -2.034518615896238318e-05
5.556907905679420168e-05 -2.484993248546190150e-04
2.222701403818971855e-04 -8.872616693174579855e-04
5.000846571264760954e-04 -1.774180734564732376e-03
8.889817534969424173e-04 -2.643860130492686148e-03
1.388918208186096237e-03 -3.328415462461544252e-03
1.999838459177394334e-03 -3.982970843613714215e-03
2.721674609919344512e-03 -4.727239229973452875e-03
3.554346436871580472e-03 -5.477766398976639285e-03
4.497761398421062928e-03 -6.178954488999533964e-03
5.551814645166519568e-03 -6.880264934765326426e-03
6.716389031571567969e-03 -7.604306688470147992e-03
7.991355128984078959e-03 -8.313141965130011954e-03
9.376571240020115106e-03 -8.991905592214329349e-03
1.087188341431266636e-02 -9.663480795146948618e-03
1.247712546562085301e-02 -1.034444977239024586e-02
1.419211899029970692e-02 -1.104090127702257382e-02
1.601667338712764455e-02 -1.174965545216668204e-02
1.795058587848985532e-02 -1.245943519898705734e-02
1.999364153291383062e-02 -1.316183726797894721e-02
2.214561328895736647e-02 -1.385092421871749434e-02
2.440626198044326678e-02 -1.451956061318804281e-02
2.677533636303963682e-02 -1.516138347027637563e-02
2.925257314218321358e-02 -1.578603375441876844e-02
3.183769700234129196e-02 -1.640989096943811995e-02
3.453042063760936031e-02 -1.703082963715524603e-02
3.733044478364233587e-02 -1.763997390176301819e-02
4.023745825091396000e-02 -1.824181478647331905e-02
4.325113795930202176e-02 -1.884442478683981056e-02
4.637114897399441382e-02 -1.944680410298093784e-02
4.959714454271368922e-02 -2.004543100505736669e-02
5.292876613425423482e-02 -2.063875091632603673e-02
5.636564347832906385e-02 -2.122503778749812789e-02
5.990739460672012129e-02 -2.180006260676239233e-02
6.355362589573076981e-02 -2.236061028718775573e-02
6.730393210993146358e-02 -2.290808147542372844e-02
7.115789644719716645e-02 -2.344503664145974539e-02
7.511509058502996439e-02 -2.397479470476385904e-02
7.917507472816209813e-02 -2.449890773540622929e-02
8.333739765743386485e-02 -2.501514215487764259e-02
8.760159677994161509e-02 -2.552368861548532861e-02
9.196719818044885031e-02 -2.602958019243001991e-02
9.643371667405697956e-02 -2.653493591914440203e-02
1.010006558601274085e-01 -2.703706682318746113e-02
1.056675081774507419e-01 -2.753431119888906375e-02
1.104337549606562163e-01 -2.802665339116228518e-02
1.152988664978553679e-01 -2.851319352173717001e-02
1.202623020895129402e-01 -2.899208389771228134e-02
1.253235101085391490e-01 -2.946238426134069679e-02
1.304819280615971966e-01 -2.992386428551679564e-02
1.357369826516168221e-01 -3.037485025083017792e-02
1.410880898415101115e-01 -3.081294399394441524e-02
1.465346549190801317e-01 -3.123937537890558724e-02
1.520760725631161714e-01 -3.165746030812152667e-02
1.577117269106679265e-01 -3.206936499462884060e-02
1.634409916254914164e-01 -3.247636499053479370e-02
1.692632299676588570e-01 -3.287772346937609114e-02
1.751777948643248317e-01 -3.327200635837112425e-02
1.811840289816407656e-01 -3.365867441939612847e-02
1.872812647978095990e-01 -3.403741777399887231e-02
1.934688246772731102e-01 -3.440751493159881907e-02
1.997460209460230063e-01 -3.476814907564771545e-02
2.061121559680280102e-01 -3.511859951174801930e-02
2.125665222227673956e-01 -3.545821378777877508e-02
2.191084023838638650e-01 -3.578648381505329656e-02
2.257370693988056676e-01 -3.610357681685162634e-02
2.324517865697500740e-01 -3.641135285909066766e-02
2.392518076353984391e-01 -3.671099544567292539e-02
2.461363768539343022e-01 -3.700161391715280079e-02
2.531047290870154232e-01 -3.728236972856169978e-02
2.601560898848094272e-01 -3.755301632483742241e-02
2.672896755720651774e-01 -3.781316959466150124e-02
2.745046933352085494e-01 -3.806214203812600949e-02
2.818003413104546162e-01 -3.829939110993273166e-02
2.891758086729252497e-01 -3.852458622471866684e-02
2.966302757267624823e-01 -3.873717734592413420e-02
3.041629139962280792e-01 -3.893640688918882653e-02
3.117728863177794407e-01 -3.912244069408876007e-02
3.194593469331089564e-01 -3.929625071083178017e-02
3.272214415831418144e-01 -3.945802299835412391e-02
3.350583076029753915e-01 -3.960731237599608712e-02
3.429690740177547825e-01 -3.974368840454318291e-02
3.509528616394713696e-01 -3.986674071533981983e-02
3.590087831646743277e-01 -3.997605593848879701e-02
3.671359432730831873e-01 -4.007122023595074273e-02
3.753334387270930161e-01 -4.015183012320162892e-02
3.836003584721576765e-01 -4.021748568628517873e-02
3.919357837380436083e-01 -4.026777974866225379e-02
4.003387881409395943e-01 -4.030230779100384131e-02
4.088084377864137364e-01 -4.032069277298200999e-02
4.173437913732044313e-01 -4.032255745447790168e-02
4.259439002978354649e-01 -4.030748771846625472e-02
4.346078087600411255e-01 -4.027508504114598459e-02
4.433345538689928977e-01 -4.022503706569063170e-02
4.521231657503131940e-01 -4.015699979342905040e-02
4.609726676538650203e-01 -4.007048799544476320e-02
4.698820760623064752e-01 -3.996510895797922291e-02
4.788504008003974244e-01 -3.984074379107215708e-02
4.878766451450451402e-01 -3.969708398132254512e-02
4.969598059360780251e-01 -3.953334610464237509e-02
5.060988736877365390e-01 -3.934686940404607397e-02
5.152928327008634568e-01 -3.913205392071504585e-02
5.245406611757882365e-01 -3.888565475539883243e-02
5.338413313258880688e-01 -3.860804516410702714e-02
5.431938094918128401e-01 -3.829922678914607359e-02
5.525970562563653488e-01 -3.795846152591952904e-02
5.620500265600203438e-01 -3.758504582116733994e-02
5.715516698170692855e-01 -3.717838521540591662e-02
5.811009300323815019e-01 -3.673845816651496315e-02
5.906967459187653091e-01 -3.626551289406174106e-02
6.003380510149177729e-01 -3.575717238235009976e-02
6.100237738039482327e-01 -3.520942110486795923e-02
6.197528378324663745e-01 -3.462033703055660688e-02
6.295241618302156450e-01 -3.398924203069221550e-02
6.393366598302444581e-01 -3.331539899457808263e-02
6.491892412895989839e-01 -3.259817313519148413e-02
6.590808112105230876e-01 -3.183786150214184402e-02
6.690102702621547603e-01 -3.103469957162536402e-02
6.789765149027036095e-01 -3.018649286198194642e-02
6.889784375020977514e-01 -2.929251334148388897e-02
6.990149264650814542e-01 -2.836234706591203927e-02
7.090848663547572039e-01 -2.740604823607544968e-02
7.191871380165538730e-01 -2.642468074756470706e-02
7.293206187026060050e-01 -2.541793864032507871e-02
7.394841821965345563e-01 -2.438767562196748201e-02
7.496766989386134394e-01 -2.333419596663473955e-02
7.598970361513051053e-01 -2.225288080783504457e-02
7.701440579651563922e-01 -2.114398440019776837e-02
7.804166255450371015e-01 -2.001964300828171922e-02
7.907135972167069760e-01 -1.889330967603277539e-02
8.010338285937002034e-01 -1.777799133699130285e-02
8.113761727045106786e-01 -1.668043405968674953e-02
8.217394801200630372e-01 -1.559819493120967113e-02
8.321225990814590245e-01 -1.452908806813284735e-02
8.425243756279822138e-01 -1.347237653100487320e-02
8.529436537253458628e-01 -1.243246749106970486e-02
8.633792753941731402e-01 -1.141886792090616998e-02
8.738300808386934015e-01 -1.043702592521187147e-02
8.842949085756387495e-01 -9.488639173721048065e-03
8.947725955633289985e-01 -8.576413667183565084e-03
9.052619773309316109e-01 -7.703196908964556229e-03
9.157618881078770645e-01 -6.863818163045666207e-03
9.262711609534211021e-01 -6.049545687533670543e-03
9.367886278863364335e-01 -5.265117156289940772e-03
9.473131200147204556e-01 -4.518706562818349155e-03
9.578434676659028923e-01 -3.791451323647188846e-03
9.683785005164411430e-01 -3.062673198942432104e-03
9.789170477221889044e-01 -2.371843763964566303e-03
9.894579380484205267e-01 -1.629280179611611703e-03
9.999999999999998890e-01 -9.843152117131266280e-06
