9.999999999999998890e-01 -2.979379941842900239e-10
9.894579380484205267e-01 1.939440240680983781e-03
9.789170477221889044e-01 3.827972045217455880e-03
9.683785005164411430e-01 5.667264331782276114e-03
9.578434676659028923e-01 7.458937137836796349e-03
9.473131200147204556e-01 9.204637317242666053e-03
9.367886278863364335e-01 1.090611212181240471e-02
9.262711609534211021e-01 1.256507253798169743e-02
9.157618881078770645e-01 1.418311047729826913e-02
9.052619773309316109e-01 1.576196172325065523e-02
8.947725955633289985e-01 1.730369099978428318e-02
8.842949085756387495e-01 1.881202823392303866e-02
8.738300808386934015e-01 2.029328898943500575e-02
8.633792753941731402e-01 2.175392081683812789e-02
8.529436537253458628e-01 2.320023626432211189e-02
8.425243756279822138e-01 2.463840770100106034e-02
8.321225990814590245e-01 2.607447050764720442e-02
8.217394801200630372e-01 2.751467556774784065e-02
8.113761727045106786e-01 2.896542710603386417e-02
8.010338285937002034e-01 3.043219859207988223e-02
7.907135972167069760e-01 3.191914219523380586e-02
7.804166255450371015e-01 3.342335170941912459e-02
7.701440579651563922e-01 3.493725568235193923e-02
7.598970361513051053e-01 3.645407018153939277e-02
7.496766989386134394e-01 3.796748363067222604e-02
7.394841821965345563e-01 3.947098934465673864e-02
7.293206187026060050e-01 4.095802274360427903e-02
7.191871380165538730e-01 4.242225957743811504e-02
7.090848663547572039e-01 4.385752748458188188e-02
6.990149264650814542e-01 4.525795210211988606e-02
6.889784375020977514e-01 4.661876851921840231e-02
6.789765149027036095e-01 4.793958752315270744e-02
6.690102702621547603e-01 4.922114107291759161e-02
6.590808112105230876e-01 5.046394291640572682e-02
6.491892412895989839e-01 5.166848737151204934e-02
6.393366598302444581e-01 5.283535428157703356e-02
6.295241618302156450e-01 5.396514232007553619e-02
6.197528378324663745e-01 5.505845770132444805e-02
6.100237738039482327e-01 5.611586899608385359e-02
6.003380510149177729e-01 5.713787107849874897e-02
5.906967459187653091e-01 5.812535018126695902e-02
5.811009300323815019e-01 5.907987575480456305e-02
5.715516698170692855e-01 6.000314464445422741e-02
5.620500265600203438e-01 6.089693976631491840e-02
5.525970562563653488e-01 6.176301087870948725e-02
5.431938094918128401e-01 6.260305638191152044e-02
5.338413313258880688e-01 6.341869334801915337e-02
5.245406611757882365e-01 6.421146449094862485e-02
5.152928327008634568e-01 6.498300559642740393e-02
5.060988736877365390e-01 6.573499971600986480e-02
4.969598059360780251e-01 6.646864485970295500e-02
4.878766451450451402e-01 6.718469093927018077e-02
4.788504008003974244e-01 6.788285716518956125e-02
4.698820760623064752e-01 6.856227184339262759e-02
4.609726676538650203e-01 6.922232828083117739e-02
4.521231657503131940e-01 6.986255399517976583e-02
4.433345538689928977e-01 7.048243905518639107e-02
4.346078087600411255e-01 7.108146437546267182e-02
4.259439002978354649e-01 7.165915221415875003e-02
4.173437913732044313e-01 7.221507339199356723e-02
4.088084377864137364e-01 7.274895736913748745e-02
4.003387881409395943e-01 7.326047890142320385e-02
3.919357837380436083e-01 7.374892402280952552e-02
3.836003584721576765e-01 7.421333334177625252e-02
3.753334387270930161e-01 7.465226584395807941e-02
3.671359432730831873e-01 7.506429288408712763e-02
3.590087831646743277e-01 7.544826837235321659e-02
3.509528616394713696e-01 7.580311259082138375e-02
3.429690740177547825e-01 7.612779160395405365e-02
3.350583076029753915e-01 7.642135592759591312e-02
3.272214415831418144e-01 7.668300042642181569e-02
3.194593469331089564e-01 7.691199615702742909e-02
3.117728863177794407e-01 7.710770932317578819e-02
3.041629139962280792e-01 7.726958192418266480e-02
2.966302757267624823e-01 7.739716196156935790e-02
2.891758086729252497e-01 7.749049901512727878e-02
2.818003413104546162e-01 7.755018331998921044e-02
2.745046933352085494e-01 7.757685285198474834e-02
2.672896755720651774e-01 7.757116869588100150e-02
2.601560898848094272e-01 7.753385668250224738e-02
2.531047290870154232e-01 7.746568798193904926e-02
2.461363768539343022e-01 7.736738426974888727e-02
2.392518076353984391e-01 7.723965414733381663e-02
2.324517865697500740e-01 7.708339428231084089e-02
2.257370693988056676e-01 7.689956535681018168e-02
2.191084023838638650e-01 7.668883096855552695e-02
2.125665222227673956e-01 7.645183653244343180e-02
2.061121559680280102e-01 7.618995738469963586e-02
1.997460209460230063e-01 7.590435802230252604e-02
1.934688246772731102e-01 7.559372894199836712e-02
1.872812647978095990e-01 7.525553891271535845e-02
1.811840289816407656e-01 7.488542131920153389e-02
1.751777948643248317e-01 7.447894957588438447e-02
1.692632299676588570e-01 7.403312519375357392e-02
1.634409916254914164e-01 7.354528755060442402e-02
1.577117269106679265e-01 7.301286945790172456e-02
1.520760725631161714e-01 7.243376829075524881e-02
1.465346549190801317e-01 7.180694117560518230e-02
1.410880898415101115e-01 7.113232992914807207e-02
1.357369826516168221e-01 7.041151057108523126e-02
1.304819280615971966e-01 6.964628732077210449e-02
1.253235101085391490e-01 6.883852823216216055e-02
1.202623020895129402e-01 6.799013681041958523e-02
1.152988664978553679e-01 6.710306660406784030e-02
1.104337549606562163e-01 6.617955676956523148e-02
1.056675081774507419e-01 6.522215382474383372e-02
1.010006558601274085e-01 6.423293532116355897e-02
9.643371667405697956e-02 6.321318633826569777e-02
9.196719818044885031e-02 6.215891212080290607e-02
8.760159677994161509e-02 6.106191807362870011e-02
8.333739765743386485e-02 5.991601549794756121e-02
7.917507472816209813e-02 5.871664535317370343e-02
7.511509058502996439e-02 5.746066148861844053e-02
7.115789644719716645e-02 5.614602777586977234e-02
6.730393210993146358e-02 5.477317176912730595e-02
6.355362589573076981e-02 5.334386407045083045e-02
5.990739460672012129e-02 5.186078813780221203e-02
5.636564347832906385e-02 5.032710175305289690e-02
5.292876613425423482e-02 4.874652814883233959e-02
4.959714454271368922e-02 4.712339323292916160e-02
4.637114897399441382e-02 4.546386921634309325e-02
4.325113795930202176e-02 4.377493412483952906e-02
4.023745825091396000e-02 4.206462849036740614e-02
3.733044478364233587e-02 4.034105293735664594e-02
3.453042063760936031e-02 3.861174161029692908e-02
3.183769700234129196e-02 3.688412167815929149e-02
2.925257314218321358e-02 3.516562111606037072e-02
2.677533636303963682e-02 3.346350907072092457e-02
2.440626198044326678e-02 3.178454835779394999e-02
2.214561328895736647e-02 3.012053049756392015e-02
1.999364153291383062e-02 2.843711903400596500e-02
1.795058587848985532e-02 2.670656577011580601e-02
1.601667338712764455e-02 2.491505296078684248e-02
1.419211899029970692e-02 2.305755654359784371e-02
1.247712546562085301e-02 2.113887362221846325e-02
1.087188341431266636e-02 1.917038034784988507e-02
9.376571240020115106e-03 1.716995219444203066e-02
7.991355128984078959e-03 1.515970785731468075e-02
6.716389031571567969e-03 1.316540181652492252e-02
5.551814645166519568e-03 1.121481990827000522e-02
4.497761398421062928e-03 9.337168479830210144e-03
3.554346436871580472e-03 7.561577803523228739e-03
2.721674609919344512e-03 5.916886062396105317e-03
1.999838459177394334e-03 4.429930996136891182e-03
1.388918208186096237e-03 3.126008104528941057e-03
8.889817534969424173e-04 2.026878543249122956e-03
5.000846571264760954e-04 1.151919113089249717e-03
2.222701403818971855e-04 5.155947745776125234e-04
5.556907905679420168e-05 1.294970405113296530e-04
0.000000000000000000e+00 -2.236069736254396932e-09
0.000000000000000000e+00 2.056424583966828948e-09
5.556907905679420168e-05 -4.853930093710029625e-05
2.222701403818971855e-04 -1.919818695324639936e-04
5.000846571264760954e-04 -4.245501690079928146e-04
8.889817534969424173e-04 -7.357631068301317186e-04
1.388918208186096237e-03 -1.112603087488064956e-03
1.999838459177394334e-03 -1.537772114386023407e-03
2.721674609919344512e-03 -1.991999445897577915e-03
3.554346436871580472e-03 -2.453175327269283001e-03
4.497761398421062928e-03 -2.898196302489896865e-03
5.551814645166519568e-03 -3.302825156512203490e-03
6.716389031571567969e-03 -3.643218186253547024e-03
7.991355128984078959e-03 -3.896413619662399130e-03
9.376571240020115106e-03 -4.041850683704021827e-03
1.087188341431266636e-02 -4.062233897590853370e-03
1.247712546562085301e-02 -3.945018612320836185e-03
1.419211899029970692e-02 -3.683146123582134966e-03
1.601667338712764455e-02 -3.277824673236103513e-03
1.795058587848985532e-02 -2.738554272847062467e-03
1.999364153291383062e-02 -2.086179039610670718e-03
2.214561328895736647e-02 -1.351794119602347686e-03
2.440626198044326678e-02 -5.840189079724130263e-04
2.677533636303963682e-02 1.601621708738633332e-04
2.925257314218321358e-02 8.560271967155461776e-04
3.183769700234129196e-02 1.497695839486224518e-03
3.453042063760936031e-02 2.082701356350673966e-03
3.733044478364233587e-02 2.610279853623508322e-03
4.023745825091396000e-02 3.080846367134727065e-03
4.325113795930202176e-02 3.496068061019589300e-03
4.637114897399441382e-02 3.861766543941925339e-03
4.959714454271368922e-02 4.185133392976293602e-03
5.292876613425423482e-02 4.473399682713304591e-03
5.636564347832906385e-02 4.733447000554755896e-03
5.990739460672012129e-02 4.970876331733524271e-03
6.355362589573076981e-02 5.191760181786269322e-03
6.730393210993146358e-02 5.404397686315561694e-03
7.115789644719716645e-02 5.618922405235538854e-03
7.511509058502996439e-02 5.848907171692397690e-03
7.917507472816209813e-02 6.102613953402422770e-03
8.333739765743386485e-02 6.376442760376027294e-03
8.760159677994161509e-02 6.663817378780989911e-03
9.196719818044885031e-02 6.955515292212935061e-03
9.643371667405697956e-02 7.240791815917282416e-03
1.010006558601274085e-01 7.507265643728043905e-03
1.056675081774507419e-01 7.748210868023169134e-03
1.104337549606562163e-01 7.963948800880757753e-03
1.152988664978553679e-01 8.156725667815093242e-03
1.202623020895129402e-01 8.330337537072348558e-03
1.253235101085391490e-01 8.488913749747461004e-03
1.304819280615971966e-01 8.636854253320279048e-03
1.357369826516168221e-01 8.779161364913280752e-03
1.410880898415101115e-01 8.921408733339863256e-03
1.465346549190801317e-01 9.070692961760039655e-03
1.520760725631161714e-01 9.234403941513447470e-03
1.577117269106679265e-01 9.414537037636111841e-03
1.634409916254914164e-01 9.610013194680159729e-03
1.692632299676588570e-01 9.817535739831491706e-03
1.751777948643248317e-01 1.003296110308656702e-02
1.811840289816407656e-01 1.025264384028196432e-02
1.872812647978095990e-01 1.047279208100580263e-02
1.934688246772731102e-01 1.068810039208098472e-02
1.997460209460230063e-01 1.089331121638712797e-02
2.061121559680280102e-01 1.108505214837124213e-02
2.125665222227673956e-01 1.126120238701786534e-02
2.191084023838638650e-01 1.142217205254164245e-02
2.257370693988056676e-01 1.156866050887728724e-02
2.324517865697500740e-01 1.170081369412174707e-02
2.392518076353984391e-01 1.181886753669264371e-02
2.461363768539343022e-01 1.192345022147628039e-02
2.531047290870154232e-01 1.201521346843267141e-02
2.601560898848094272e-01 1.209475931862434919e-02
2.672896755720651774e-01 1.216279510672534959e-02
2.745046933352085494e-01 1.222019897588769340e-02
2.818003413104546162e-01 1.226790430414374106e-02
2.891758086729252497e-01 1.230690082894200441e-02
2.966302757267624823e-01 1.233827979014701266e-02
3.041629139962280792e-01 1.236321424095126846e-02
3.117728863177794407e-01 1.238238924604315346e-02
3.194593469331089564e-01 1.239603947020768114e-02
3.272214415831418144e-01 1.240442640212297692e-02
3.350583076029753915e-01 1.240784599526404720e-02
3.429690740177547825e-01 1.240660248132827333e-02
3.509528616394713696e-01 1.240101219721991173e-02
3.590087831646743277e-01 1.239145996174073096e-02
3.671359432730831873e-01 1.237836294737320805e-02
3.753334387270930161e-01 1.236209988755699110e-02
3.836003584721576765e-01 1.234306223385468054e-02
3.919357837380436083e-01 1.232182958406499718e-02
4.003387881409395943e-01 1.229894651346579056e-02
4.088084377864137364e-01 1.227441779900901100e-02
4.173437913732044313e-01 1.224795129981862650e-02
4.259439002978354649e-01 1.221872820981542707e-02
4.346078087600411255e-01 1.218583042463214014e-02
4.433345538689928977e-01 1.214846847030003757e-02
4.521231657503131940e-01 1.210582602445325028e-02
4.609726676538650203e-01 1.205693309426912260e-02
4.698820760623064752e-01 1.200082690042032080e-02
4.788504008003974244e-01 1.193662408026830053e-02
4.878766451450451402e-01 1.186333635358384139e-02
4.969598059360780251e-01 1.177975333798596605e-02
5.060988736877365390e-01 1.168506599748085802e-02
5.152928327008634568e-01 1.157917340472164845e-02
5.245406611757882365e-01 1.146227983963847390e-02
5.338413313258880688e-01 1.133491939940641305e-02
5.431938094918128401e-01 1.119760100934546684e-02
5.525970562563653488e-01 1.105077741929108223e-02
5.620500265600203438e-01 1.089492953495184782e-02
5.715516698170692855e-01 1.073057375438066056e-02
5.811009300323815019e-01 1.055830532709381778e-02
5.906967459187653091e-01 1.037876888270624319e-02
6.003380510149177729e-01 1.019241637024474907e-02
6.100237738039482327e-01 9.999429872392917237e-03
6.197528378324663745e-01 9.798614073124399526e-03
6.295241618302156450e-01 9.587988009932359168e-03
6.393366598302444581e-01 9.365745633997951333e-03
6.491892412895989839e-01 9.130139861626073230e-03
6.590808112105230876e-01 8.879208409734768229e-03
6.690102702621547603e-01 8.610930245286021675e-03
6.789765149027036095e-01 8.323447409120297846e-03
6.889784375020977514e-01 8.014860454033767567e-03
6.990149264650814542e-01 7.682833444859598834e-03
7.090848663547572039e-01 7.326489344998243780e-03
7.191871380165538730e-01 6.950803489290681078e-03
7.293206187026060050e-01 6.562226892993525476e-03
7.394841821965345563e-01 6.167584152432612800e-03
7.496766989386134394e-01 5.773891732487742082e-03
7.598970361513051053e-01 5.388470720993987842e-03
7.701440579651563922e-01 5.018513192314418350e-03
7.804166255450371015e-01 4.670847800148953712e-03
7.907135972167069760e-01 4.352984678928612829e-03
8.010338285937002034e-01 4.073590652250820392e-03
8.113761727045106786e-01 3.834721985837462148e-03
8.217394801200630372e-01 3.628428757632039519e-03
8.321225990814590245e-01 3.444943074679881426e-03
8.425243756279822138e-01 3.273236726862725939e-03
8.529436537253458628e-01 3.102256552489751715e-03
8.633792753941731402e-01 2.921021507165045845e-03
8.738300808386934015e-01 2.718833903488799761e-03
8.842949085756387495e-01 2.485143258238248481e-03
8.947725955633289985e-01 2.207942073177133254e-03
9.052619773309316109e-01 1.876021324906787741e-03
9.157618881078770645e-01 1.499511460208485933e-03
9.262711609534211021e-01 1.102279335308318717e-03
9.367886278863364335e-01 7.108069425672624382e-04
9.473131200147204556e-01 3.527255719129720806e-04
9.578434676659028923e-01 5.478969582222718886e-05
9.683785005164411430e-01 -1.565329383436987200e-04
9.789170477221889044e-01 -2.541498319344133493e-04
9.894579380484205267e-01 -2.108542907317753081e-04
9.999999999999998890e-01 -2.271166847457559011e-09
