9.999999999999998890e-01 -8.694092244064312866e-04
9.894579380484205267e-01 4.232192702138627693e-03
9.789170477221889044e-01 1.028078982468751124e-02
9.683785005164411430e-01 1.608400060991045655e-02
9.578434676659028923e-01 2.151300544073386431e-02
9.473131200147204556e-01 2.663310462308224671e-02
9.367886278863364335e-01 3.144256109700672985e-02
9.262711609534211021e-01 3.592928812087597262e-02
9.157618881078770645e-01 4.008382369191842987e-02
9.052619773309316109e-01 4.394680277576589605e-02
8.947725955633289985e-01 4.765217379840514661e-02
8.842949085756387495e-01 5.128979892464306106e-02
8.738300808386934015e-01 5.486301568671649725e-02
8.633792753941731402e-01 5.836835847774519276e-02
8.529436537253458628e-01 6.180372827152316034e-02
8.425243756279822138e-01 6.517269638409460553e-02
8.321225990814590245e-01 6.848495644890104095e-02
8.217394801200630372e-01 7.174695422046548088e-02
8.113761727045106786e-01 7.496157890548563185e-02
8.010338285937002034e-01 7.812918693994685970e-02
7.907135972167069760e-01 8.124832189706988894e-02
7.804166255450371015e-01 8.431883817109075974e-02
7.701440579651563922e-01 8.734142896032845438e-02
7.598970361513051053e-01 9.031598547691085943e-02
7.496766989386134394e-01 9.324201864443949772e-02
7.394841821965345563e-01 9.611970401813188514e-02
7.293206187026060050e-01 9.894942816997065460e-02
7.191871380165538730e-01 1.017308907470486495e-01
7.090848663547572039e-01 1.044637329100328998e-01
6.990149264650814542e-01 1.071487209326749124e-01
6.889784375020977514e-01 1.097864702048522295e-01
6.789765149027036095e-01 1.123753485399628382e-01
6.690102702621547603e-01 1.149124531336799260e-01
6.590808112105230876e-01 1.173925222232743149e-01
6.491892412895989839e-01 1.198116790869469261e-01
6.393366598302444581e-01 1.221716545915237373e-01
6.295241618302156450e-01 1.244740585522643023e-01
6.197528378324663745e-01 1.267177181534439034e-01
6.100237738039482327e-01 1.289024459009832368e-01
6.003380510149177729e-01 1.310308653164493076e-01
5.906967459187653091e-01 1.331030155055858422e-01
5.811009300323815019e-01 1.351139544968225081e-01
5.715516698170692855e-01 1.370583787181914037e-01
5.620500265600203438e-01 1.389312885184793844e-01
5.525970562563653488e-01 1.407319119788965345e-01
5.431938094918128401e-01 1.424640715184117001e-01
5.338413313258880688e-01 1.441204035700776043e-01
5.245406611757882365e-01 1.456825441389524023e-01
5.152928327008634568e-01 1.471437389157842501e-01
5.060988736877365390e-01 1.485075193110016178e-01
4.969598059360780251e-01 1.497759741951642798e-01
4.878766451450451402e-01 1.509499220698410638e-01
4.788504008003974244e-01 1.520303518960287037e-01
4.698820760623064752e-01 1.530185431407592722e-01
4.609726676538650203e-01 1.539172340421164353e-01
4.521231657503131940e-01 1.547287328917403004e-01
4.433345538689928977e-01 1.554471699548961861e-01
4.346078087600411255e-01 1.560644480689046265e-01
4.259439002978354649e-01 1.565796205277757980e-01
4.173437913732044313e-01 1.569944040797423279e-01
4.088084377864137364e-01 1.573111308313059620e-01
4.003387881409395943e-01 1.575322131740874432e-01
3.919357837380436083e-01 1.576596843461653408e-01
3.836003584721576765e-01 1.576955688409744927e-01
3.753334387270930161e-01 1.576421524344633063e-01
3.671359432730831873e-01 1.575017319962890849e-01
3.590087831646743277e-01 1.572764981609797996e-01
3.509528616394713696e-01 1.569686739751570970e-01
3.429690740177547825e-01 1.565805905803605291e-01
3.350583076029753915e-01 1.561145610886423840e-01
3.272214415831418144e-01 1.555728408628370141e-01
3.194593469331089564e-01 1.549577528103146806e-01
3.117728863177794407e-01 1.542717298356336142e-01
3.041629139962280792e-01 1.535170950673902801e-01
2.966302757267624823e-01 1.526960310667600240e-01
2.891758086729252497e-01 1.518110716168614427e-01
2.818003413104546162e-01 1.508649601301623455e-01
2.745046933352085494e-01 1.498568147069317402e-01
2.672896755720651774e-01 1.487826831647610371e-01
2.601560898848094272e-01 1.476427030484224745e-01
2.531047290870154232e-01 1.464402422212756905e-01
2.461363768539343022e-01 1.451783293115849749e-01
2.392518076353984391e-01 1.438596909851382055e-01
2.324517865697500740e-01 1.424868153981695140e-01
2.257370693988056676e-01 1.410621807946910999e-01
2.191084023838638650e-01 1.395891595677483943e-01
2.125665222227673956e-01 1.380711893416744496e-01
2.061121559680280102e-01 1.365095809895100765e-01
1.997460209460230063e-01 1.349042462863899450e-01
1.934688246772731102e-01 1.332521226386691460e-01
1.872812647978095990e-01 1.315506493503326713e-01
1.811840289816407656e-01 1.298032521748620494e-01
1.751777948643248317e-01 1.280145761976129171e-01
1.692632299676588570e-01 1.261881127116549484e-01
1.634409916254914164e-01 1.243267702862896479e-01
1.577117269106679265e-01 1.224325119256360478e-01
1.520760725631161714e-01 1.205084772692796430e-01
1.465346549190801317e-01 1.185609303363565209e-01
1.410880898415101115e-01 1.165927665583921941e-01
1.357369826516168221e-01 1.145993687776051123e-01
1.304819280615971966e-01 1.125734751076096080e-01
1.253235101085391490e-01 1.105050836223984700e-01
1.202623020895129402e-01 1.083917974819788715e-01
1.152988664978553679e-01 1.062420207081934409e-01
1.104337549606562163e-01 1.040624581443092278e-01
1.056675081774507419e-01 1.018568961425824065e-01
1.010006558601274085e-01 9.962870596869752293e-02
9.643371667405697956e-02 9.738119866927316681e-02
9.196719818044885031e-02 9.512081106773563610e-02
8.760159677994161509e-02 9.285587080269500082e-02
8.333739765743386485e-02 9.058553281284596748e-02
7.917507472816209813e-02 8.830207423701685876e-02
7.511509058502996439e-02 8.599344655829828377e-02
7.115789644719716645e-02 8.364726278609829757e-02
6.730393210993146358e-02 8.126864316368113961e-02
6.355362589573076981e-02 7.887059494448374342e-02
5.990739460672012129e-02 7.646117527877401010e-02
5.636564347832906385e-02 7.404609880514739784e-02
5.292876613425423482e-02 7.162950897612840873e-02
4.959714454271368922e-02 6.921677371036757953e-02
4.637114897399441382e-02 6.682116133335966324e-02
4.325113795930202176e-02 6.445248614009674304e-02
4.023745825091396000e-02 6.209956479486901382e-02
3.733044478364233587e-02 5.974149858866931173e-02
3.453042063760936031e-02 5.734260175547226113e-02
3.183769700234129196e-02 5.488238921810049964e-02
2.925257314218321358e-02 5.238589668218986140e-02
2.677533636303963682e-02 4.987930626511970916e-02
2.440626198044326678e-02 4.737627412527634085e-02
2.214561328895736647e-02 4.488767348912092031e-02
1.999364153291383062e-02 4.242241805649868414e-02
1.795058587848985532e-02 3.999742678710203891e-02
1.601667338712764455e-02 3.764108982946642867e-02
1.419211899029970692e-02 3.535805870076179358e-02
1.247712546562085301e-02 3.312141292027193096e-02
1.087188341431266636e-02 3.088342753730628082e-02
9.376571240020115106e-03 2.858063777448813236e-02
7.991355128984078959e-03 2.622573561080389359e-02
6.716389031571567969e-03 2.389708636171615150e-02
5.551814645166519568e-03 2.163519229035096303e-02
4.497761398421062928e-03 1.944101855772868703e-02
3.554346436871580472e-03 1.720895869555780222e-02
2.721674609919344512e-03 1.480606610563075902e-02
1.999838459177394334e-03 1.245249683316190965e-02
1.388918208186096237e-03 1.047569591089565766e-02
8.889817534969424173e-04 8.623371176093791793e-03
5.000846571264760954e-04 6.440664479171894462e-03
2.222701403818971855e-04 3.793268093477925301e-03
5.556907905679420168e-05 1.007484041998963449e-03
0.000000000000000000e+00 7.534285744642858166e-05
0.000000000000000000e+00 -2.142701416910765963e-05
5.556907905679420168e-05 -6.150259113739997606e-04
2.222701403818971855e-04 -2.211658477214491041e-03
5.000846571264760954e-04 -3.774945987781330291e-03
8.889817534969424173e-04 -5.182730697261704947e-03
1.388918208186096237e-03 -6.467793907226438398e-03
1.999838459177394334e-03 -7.572984436210753768e-03
2.721674609919344512e-03 -8.468133928962943979e-03
3.554346436871580472e-03 -9.218445785699788675e-03
4.497761398421062928e-03 -9.887885438745748837e-03
5.551814645166519568e-03 -1.051301542746839630e-02
6.716389031571567969e-03 -1.111355158600177070e-02
7.991355128984078959e-03 -1.168733284214221527e-02
9.376571240020115106e-03 -1.223237332064732591e-02
1.087188341431266636e-02 -1.274953902124518861e-02
1.247712546562085301e-02 -1.324045873685263455e-02
1.419211899029970692e-02 -1.370697046161460132e-02
1.601667338712764455e-02 -1.414195425008702052e-02
1.795058587848985532e-02 -1.453026257306103304e-02
1.999364153291383062e-02 -1.486467142601261004e-02
2.214561328895736647e-02 -1.514539413912160265e-02
2.440626198044326678e-02 -1.538288071842683173e-02
2.677533636303963682e-02 -1.559259886186425796e-02
2.925257314218321358e-02 -1.577273127239868164e-02
3.183769700234129196e-02 -1.591195193890844461e-02
3.453042063760936031e-02 -1.600178226638857004e-02
3.733044478364233587e-02 -1.603660240743689375e-02
4.023745825091396000e-02 -1.602013471201593764e-02
4.325113795930202176e-02 -1.595907948239930207e-02
4.637114897399441382e-02 -1.585639002754785434e-02
4.959714454271368922e-02 -1.571245571009683567e-02
5.292876613425423482e-02 -1.552190058862701165e-02
5.636564347832906385e-02 -1.527857351486362932e-02
5.990739460672012129e-02 -1.497911141491607007e-02
6.355362589573076981e-02 -1.462353040233632662e-02
6.730393210993146358e-02 -1.421994329996490586e-02
7.115789644719716645e-02 -1.377458090435001829e-02
7.511509058502996439e-02 -1.328547800179436487e-02
7.917507472816209813e-02 -1.274910230473601247e-02
8.333739765743386485e-02 -1.216125578861772943e-02
8.760159677994161509e-02 -1.152006316663057445e-02
9.196719818044885031e-02 -1.082776348810084513e-02
9.643371667405697956e-02 -1.008795250030095243e-02
1.010006558601274085e-01 -9.305495967635045440e-03
1.056675081774507419e-01 -8.482053246240822686e-03
1.104337549606562163e-01 -7.615266619337966204e-03
1.152988664978553679e-01 -6.701927747516690792e-03
1.202623020895129402e-01 -5.738587388420179555e-03
1.253235101085391490e-01 -4.728552920884694470e-03
1.304819280615971966e-01 -3.680708571523420587e-03
1.357369826516168221e-01 -2.600746981535187463e-03
1.410880898415101115e-01 -1.491675533258888468e-03
1.465346549190801317e-01 -3.538829701067642045e-04
1.520760725631161714e-01 8.138704062800459138e-04
1.577117269106679265e-01 2.013426866039724761e-03
1.634409916254914164e-01 3.245533342269441620e-03
1.692632299676588570e-01 4.501234580387056781e-03
1.751777948643248317e-01 5.768792595302356038e-03
1.811840289816407656e-01 7.044142781807674787e-03
1.872812647978095990e-01 8.326083420859208342e-03
1.934688246772731102e-01 9.614092496702567395e-03
1.997460209460230063e-01 1.090782030007952756e-02
2.061121559680280102e-01 1.220681950674788567e-02
2.125665222227673956e-01 1.350955019500825992e-02
2.191084023838638650e-01 1.481108476949928587e-02
2.257370693988056676e-01 1.610701921561468603e-02
2.324517865697500740e-01 1.739608161406087233e-02
2.392518076353984391e-01 1.867738373331130630e-02
2.461363768539343022e-01 1.994976814708951732e-02
2.531047290870154232e-01 2.121217578961299630e-02
2.601560898848094272e-01 2.246377391073316188e-02
2.672896755720651774e-01 2.370268749145744772e-02
2.745046933352085494e-01 2.492543520897393464e-02
2.818003413104546162e-01 2.612956672077892256e-02
2.891758086729252497e-01 2.731413048170910907e-02
2.966302757267624823e-01 2.847800042671650919e-02
3.041629139962280792e-01 2.961976866023059013e-02
3.117728863177794407e-01 3.073834472344225480e-02
3.194593469331089564e-01 3.183277119373785491e-02
3.272214415831418144e-01 3.289949502442630208e-02
3.350583076029753915e-01 3.393317831717163752e-02
3.429690740177547825e-01 3.493121458842152194e-02
3.509528616394713696e-01 3.589275602863020026e-02
3.590087831646743277e-01 3.681643677592975200e-02
3.671359432730831873e-01 3.770063642652767694e-02
3.753334387270930161e-01 3.854408328234302378e-02
3.836003584721576765e-01 3.934586164101371714e-02
3.919357837380436083e-01 4.010625909600608330e-02
4.003387881409395943e-01 4.082577683479790553e-02
4.088084377864137364e-01 4.150367958464727669e-02
4.173437913732044313e-01 4.213872638400770199e-02
4.259439002978354649e-01 4.272919613919539533e-02
4.346078087600411255e-01 4.327368281126439675e-02
4.433345538689928977e-01 4.377228799548738003e-02
4.521231657503131940e-01 4.422675972659759203e-02
4.609726676538650203e-01 4.464258340335826997e-02
4.698820760623064752e-01 4.502356960475654979e-02
4.788504008003974244e-01 4.536805608042257520e-02
4.878766451450451402e-01 4.567416149354244781e-02
4.969598059360780251e-01 4.594112180471260354e-02
5.060988736877365390e-01 4.616883549264907266e-02
5.152928327008634568e-01 4.635807966767362814e-02
5.245406611757882365e-01 4.650980789387167136e-02
5.338413313258880688e-01 4.662506979003925439e-02
5.431938094918128401e-01 4.670384174799574462e-02
5.525970562563653488e-01 4.674486214631951714e-02
5.620500265600203438e-01 4.674731908142024106e-02
5.715516698170692855e-01 4.671088350531040628e-02
5.811009300323815019e-01 4.663475681840990872e-02
5.906967459187653091e-01 4.651775339380843227e-02
6.003380510149177729e-01 4.635894192932831642e-02
6.100237738039482327e-01 4.615763189188595850e-02
6.197528378324663745e-01 4.591369446598652510e-02
6.295241618302156450e-01 4.562705641336306517e-02
6.393366598302444581e-01 4.529540199307892367e-02
6.491892412895989839e-01 4.491550984341152741e-02
6.590808112105230876e-01 4.448549349047202506e-02
6.690102702621547603e-01 4.400418069687367373e-02
6.789765149027036095e-01 4.347129387356012120e-02
6.889784375020977514e-01 4.288669740279297399e-02
6.990149264650814542e-01 4.224952752001264605e-02
7.090848663547572039e-01 4.155888294036993308e-02
7.191871380165538730e-01 4.081448065660587404e-02
7.293206187026060050e-01 4.001598461428303166e-02
7.394841821965345563e-01 3.916246257418724147e-02
7.496766989386134394e-01 3.825371617128535406e-02
7.598970361513051053e-01 3.729168611048654797e-02
7.701440579651563922e-01 3.627802421097482688e-02
7.804166255450371015e-01 3.521306993464037166e-02
7.907135972167069760e-01 3.409681679512994307e-02
8.010338285937002034e-01 3.292894423986476166e-02
8.113761727045106786e-01 3.170927925770709171e-02
8.217394801200630372e-01 3.043791522441523234e-02
8.321225990814590245e-01 2.911497349662324485e-02
8.425243756279822138e-01 2.774054211320925098e-02
8.529436537253458628e-01 2.631366404791059613e-02
8.633792753941731402e-01 2.483233089788345824e-02
8.738300808386934015e-01 2.329539504031085187e-02
8.842949085756387495e-01 2.170253053107572272e-02
8.947725955633289985e-01 2.005359379691053906e-02
9.052619773309316109e-01 1.834851588197161307e-02
9.157618881078770645e-01 1.658677015052757026e-02
9.262711609534211021e-01 1.476695367002034930e-02
9.367886278863364335e-01 1.288238925089905257e-02
9.473131200147204556e-01 1.092359919446275404e-02
9.578434676659028923e-01 8.880980618213412878e-03
9.683785005164411430e-01 6.739777615548209373e-03
9.789170477221889044e-01 4.454948312640120631e-03
9.894579380484205267e-01 1.955677506128429815e-03
9.999999999999998890e-01 -9.001314372805870436e-04
