9.999999999999998890e-01 7.827620840278481538e-04
9.894579380484205267e-01 2.060488643645080886e-03
9.789170477221889044e-01 3.390300659507022949e-03
9.683785005164411430e-01 4.769537019123540333e-03
9.578434676659028923e-01 6.195513457965544542e-03
9.473131200147204556e-01 7.665534764245273726e-03
9.367886278863364335e-01 9.176888848617878458e-03
9.262711609534211021e-01 1.072685603212535609e-02
9.157618881078770645e-01 1.231270588463956837e-02
9.052619773309316109e-01 1.393170577550694421e-02
8.947725955633289985e-01 1.558112170555877099e-02
8.842949085756387495e-01 1.725821935347761002e-02
8.738300808386934015e-01 1.896026438577198825e-02
8.633792753941731402e-01 2.068453311520497551e-02
8.529436537253458628e-01 2.242831617766541039e-02
8.425243756279822138e-01 2.418890743359951301e-02
8.321225990814590245e-01 2.596360514061996430e-02
8.217394801200630372e-01 2.774974728243517763e-02
8.113761727045106786e-01 2.954470130848826578e-02
8.010338285937002034e-01 3.134570612596436490e-02
7.907135972167069760e-01 3.314989622974476302e-02
7.804166255450371015e-01 3.495440158961617139e-02
7.701440579651563922e-01 3.675635683091443839e-02
7.598970361513051053e-01 3.855295284344299744e-02
7.496766989386134394e-01 4.034141871093542553e-02
7.394841821965345563e-01 4.211903326533349839e-02
7.293206187026060050e-01 4.388310700672654746e-02
7.191871380165538730e-01 4.563100335980142808e-02
7.090848663547572039e-01 4.736012302614215491e-02
6.990149264650814542e-01 4.906795303376435685e-02
6.889784375020977514e-01 5.075201630613549592e-02
6.789765149027036095e-01 5.240986875254215888e-02
6.690102702621547603e-01 5.403911971413728754e-02
6.590808112105230876e-01 5.563753698552543342e-02
6.491892412895989839e-01 5.720289582868076650e-02
6.393366598302444581e-01 5.873289061998487881e-02
6.295241618302156450e-01 6.022543590074166259e-02
6.197528378324663745e-01 6.167902155622453225e-02
6.100237738039482327e-01 6.309260011579345684e-02
6.003380510149177729e-01 6.446588889058464666e-02
5.906967459187653091e-01 6.579861464120430325e-02
5.811009300323815019e-01 6.709036391200395855e-02
5.715516698170692855e-01 6.834079017704186576e-02
5.620500265600203438e-01 6.954966223981288997e-02
5.525970562563653488e-01 7.071675391976837977e-02
5.431938094918128401e-01 7.184183643348712733e-02
5.338413313258880688e-01 7.292472938950397832e-02
5.245406611757882365e-01 7.396530334496582981e-02
5.152928327008634568e-01 7.496345675516205564e-02
5.060988736877365390e-01 7.591911278773301464e-02
4.969598059360780251e-01 7.683223176088335715e-02
4.878766451450451402e-01 7.770280474439460183e-02
4.788504008003974244e-01 7.853087052060830908e-02
4.698820760623064752e-01 7.931649853998305744e-02
4.609726676538650203e-01 8.005977569310905595e-02
4.521231657503131940e-01 8.076081101183239797e-02
4.433345538689928977e-01 8.141980738860533917e-02
4.346078087600411255e-01 8.203698452990282330e-02
4.259439002978354649e-01 8.261243056912918881e-02
4.173437913732044313e-01 8.314615338867964445e-02
4.088084377864137364e-01 8.363800332302076534e-02
4.003387881409395943e-01 8.408781832804393397e-02
3.919357837380436083e-01 8.449556568079114038e-02
3.836003584721576765e-01 8.486125633970298399e-02
3.753334387270930161e-01 8.518494122685121850e-02
3.671359432730831873e-01 8.546670837000026888e-02
3.590087831646743277e-01 8.570672259716112518e-02
3.509528616394713696e-01 8.590518788497825131e-02
3.429690740177547825e-01 8.606236685363211070e-02
3.350583076029753915e-01 8.617855908334137727e-02
3.272214415831418144e-01 8.625411828508265655e-02
3.194593469331089564e-01 8.628944605812170765e-02
3.117728863177794407e-01 8.628500917348472243e-02
3.041629139962280792e-01 8.624129924956756843e-02
2.966302757267624823e-01 8.615883575161842334e-02
2.891758086729252497e-01 8.603821663913366335e-02
2.818003413104546162e-01 8.588012163278811728e-02
2.745046933352085494e-01 8.568519749258755869e-02
2.672896755720651774e-01 8.545407102852431436e-02
2.601560898848094272e-01 8.518758255246379474e-02
2.531047290870154232e-01 8.488669272629975615e-02
2.461363768539343022e-01 8.455182197228709728e-02
2.392518076353984391e-01 8.418297748518198398e-02
2.324517865697500740e-01 8.377961726121366248e-02
2.257370693988056676e-01 8.334095300237506776e-02
2.191084023838638650e-01 8.286658190579133942e-02
2.125665222227673956e-01 8.235629663940192968e-02
2.061121559680280102e-01 8.180999870336921886e-02
1.997460209460230063e-01 8.122766664369610035e-02
1.934688246772731102e-01 8.060946076913415304e-02
1.872812647978095990e-01 7.995565823112522896e-02
1.811840289816407656e-01 7.926678382204714601e-02
1.751777948643248317e-01 7.854339468625100296e-02
1.692632299676588570e-01 7.778593810762327032e-02
1.634409916254914164e-01 7.699462999419089126e-02
1.577117269106679265e-01 7.616909880237593411e-02
1.520760725631161714e-01 7.530905950257391068e-02
1.465346549190801317e-01 7.441467344856399213e-02
1.410880898415101115e-01 7.348625780218137615e-02
1.357369826516168221e-01 7.252431208599940948e-02
1.304819280615971966e-01 7.152951653105274477e-02
1.253235101085391490e-01 7.050281641022999868e-02
1.202623020895129402e-01 6.944529691037810981e-02
1.152988664978553679e-01 6.835820822212859693e-02
1.104337549606562163e-01 6.724297867547344987e-02
1.056675081774507419e-01 6.610115444093200843e-02
1.010006558601274085e-01 6.493259547776791818e-02
9.643371667405697956e-02 6.373553139469592677e-02
9.196719818044885031e-02 6.250876455164131040e-02
8.760159677994161509e-02 6.125166912852322842e-02
8.333739765743386485e-02 5.996413203723139490e-02
7.917507472816209813e-02 5.864645804267129559e-02
7.511509058502996439e-02 5.729968439045773909e-02
7.115789644719716645e-02 5.592529062793569206e-02
6.730393210993146358e-02 5.452489271830797402e-02
6.355362589573076981e-02 5.310035859831938043e-02
5.990739460672012129e-02 5.165481161911442132e-02
5.636564347832906385e-02 5.019124935714172620e-02
5.292876613425423482e-02 4.870916305178903810e-02
4.959714454271368922e-02 4.720694372047389009e-02
4.637114897399441382e-02 4.568340350027839253e-02
4.325113795930202176e-02 4.413789809484131021e-02
4.023745825091396000e-02 4.257135617277323092e-02
3.733044478364233587e-02 4.098573302965029946e-02
3.453042063760936031e-02 3.938500621202326718e-02
3.183769700234129196e-02 3.777318560892826277e-02
2.925257314218321358e-02 3.615340384344129659e-02
2.677533636303963682e-02 3.453082839647950847e-02
2.440626198044326678e-02 3.291513249532124902e-02
2.214561328895736647e-02 3.131045036249860414e-02
1.999364153291383062e-02 2.971010209129701374e-02
1.795058587848985532e-02 2.810443129532699466e-02
1.601667338712764455e-02 2.648117471643724949e-02
1.419211899029970692e-02 2.483404916427764744e-02
1.247712546562085301e-02 2.316479125129857972e-02
1.087188341431266636e-02 2.148277404083270142e-02
9.376571240020115106e-03 1.980460916000299082e-02
7.991355128984078959e-03 1.814192444405125781e-02
6.716389031571567969e-03 1.650299390105783304e-02
5.551814645166519568e-03 1.491589542450644408e-02
4.497761398421062928e-03 1.341926086813279885e-02
3.554346436871580472e-03 1.200247262928281870e-02
2.721674609919344512e-03 1.062076834638636322e-02
1.999838459177394334e-03 9.203086038530199076e-03
1.388918208186096237e-03 7.685700607428796668e-03
8.889817534969424173e-04 6.157302083584777035e-03
5.000846571264760954e-04 4.755152912404223692e-03
2.222701403818971855e-04 3.505326768998434390e-03
5.556907905679420168e-05 2.234240230671706746e-03
0.000000000000000000e+00 -3.600073455589261348e-06
0.000000000000000000e+00 -2.899706874021165686e-05
5.556907905679420168e-05 -5.003190294222249019e-04
2.222701403818971855e-04 -1.537769364901646688e-03
5.000846571264760954e-04 -2.339597076845029589e-03
8.889817534969424173e-04 -2.974886040390493838e-03
1.388918208186096237e-03 -3.619828436504501229e-03
1.999838459177394334e-03 -4.254603997922677683e-03
2.721674609919344512e-03 -4.855697903848689434e-03
3.554346436871580472e-03 -5.465879376722070082e-03
4.497761398421062928e-03 -6.108675223187104257e-03
5.551814645166519568e-03 -6.754238103178804124e-03
6.716389031571567969e-03 -7.387471886699432250e-03
7.991355128984078959e-03 -8.025830217794713978e-03
9.376571240020115106e-03 -8.676328412600398804e-03
1.087188341431266636e-02 -9.328311056427536843e-03
1.247712546562085301e-02 -9.974493435098675045e-03
1.419211899029970692e-02 -1.061274677788167330e-02
1.601667338712764455e-02 -1.124043913305349668e-02
1.795058587848985532e-02 -1.185453753997908581e-02
1.999364153291383062e-02 -1.245740345472487812e-02
2.214561328895736647e-02 -1.305540731117946045e-02
2.440626198044326678e-02 -1.365082037997822351e-02
2.677533636303963682e-02 -1.424292321424646367e-02
2.925257314218321358e-02 -1.482958237078516733e-02
3.183769700234129196e-02 -1.540804707575294495e-02
3.453042063760936031e-02 -1.597678113161529745e-02
3.733044478364233587e-02 -1.653488131724047475e-02
4.023745825091396000e-02 -1.708178136458240320e-02
4.325113795930202176e-02 -1.761695136544972479e-02
4.637114897399441382e-02 -1.813935916281982433e-02
4.959714454271368922e-02 -1.864786933481275139e-02
5.292876613425423482e-02 -1.914161200094967319e-02
5.636564347832906385e-02 -1.962002304925215476e-02
5.990739460672012129e-02 -2.008337116733492980e-02
6.355362589573076981e-02 -2.053203759680989962e-02
6.730393210993146358e-02 -2.096618917294211862e-02
7.115789644719716645e-02 -2.138565427588215440e-02
7.511509058502996439e-02 -2.178953327782786470e-02
7.917507472816209813e-02 -2.217703779559754979e-02
8.333739765743386485e-02 -2.254782837944351026e-02
8.760159677994161509e-02 -2.290174728599164364e-02
9.196719818044885031e-02 -2.323884996823833912e-02
9.643371667405697956e-02 -2.355903562423124903e-02
1.010006558601274085e-01 -2.386194961268878201e-02
1.056675081774507419e-01 -2.414721011499584846e-02
1.104337549606562163e-01 -2.441443548611638495e-02
1.152988664978553679e-01 -2.466346697373520899e-02
1.202623020895129402e-01 -2.489437380906631830e-02
1.253235101085391490e-01 -2.510724822843003745e-02
1.304819280615971966e-01 -2.530218180858421345e-02
1.357369826516168221e-01 -2.547910712778324316e-02
1.410880898415101115e-01 -2.563785668445324115e-02
1.465346549190801317e-01 -2.577842455016751341e-02
1.520760725631161714e-01 -2.590092335552258984e-02
1.577117269106679265e-01 -2.600562751392587399e-02
1.634409916254914164e-01 -2.609287337060872680e-02
1.692632299676588570e-01 -2.616285910184693031e-02
1.751777948643248317e-01 -2.621572236952596918e-02
1.811840289816407656e-01 -2.625159266084675647e-02
1.872812647978095990e-01 -2.627063907637435317e-02
1.934688246772731102e-01 -2.627322908594824022e-02
1.997460209460230063e-01 -2.625978338902580991e-02
2.061121559680280102e-01 -2.623070458436403338e-02
2.125665222227673956e-01 -2.618633623519510747e-02
2.191084023838638650e-01 -2.612684860069203197e-02
2.257370693988056676e-01 -2.605241994543271156e-02
2.324517865697500740e-01 -2.596333971503560906e-02
2.392518076353984391e-01 -2.585995683477553334e-02
2.461363768539343022e-01 -2.574270987026467186e-02
2.531047290870154232e-01 -2.561195643174820832e-02
2.601560898848094272e-01 -2.546788448912154154e-02
2.672896755720651774e-01 -2.531065988428697969e-02
2.745046933352085494e-01 -2.514044350501369249e-02
2.818003413104546162e-01 -2.495744548238179247e-02
2.891758086729252497e-01 -2.476194059882841011e-02
2.966302757267624823e-01 -2.455421959438517862e-02
3.041629139962280792e-01 -2.433458670468246696e-02
3.117728863177794407e-01 -2.410336169419979163e-02
3.194593469331089564e-01 -2.386088119807879687e-02
3.272214415831418144e-01 -2.360753063892847420e-02
3.350583076029753915e-01 -2.334373531172686048e-02
3.429690740177547825e-01 -2.306995044446442239e-02
3.509528616394713696e-01 -2.278664049254476576e-02
3.590087831646743277e-01 -2.249417936528224152e-02
3.671359432730831873e-01 -2.219289646530923921e-02
3.753334387270930161e-01 -2.188316071820964326e-02
3.836003584721576765e-01 -2.156536537904870515e-02
3.919357837380436083e-01 -2.123994077057086982e-02
4.003387881409395943e-01 -2.090732543736423255e-02
4.088084377864137364e-01 -2.056792827339295332e-02
4.173437913732044313e-01 -2.022214748700310039e-02
4.259439002978354649e-01 -1.987037577465423574e-02
4.346078087600411255e-01 -1.951302390196298087e-02
4.433345538689928977e-01 -1.915056937375218121e-02
4.521231657503131940e-01 -1.878346942129817052e-02
4.609726676538650203e-01 -1.841208343338757505e-02
4.698820760623064752e-01 -1.803672696843168152e-02
4.788504008003974244e-01 -1.765765309918997106e-02
4.878766451450451402e-01 -1.727512352573404297e-02
4.969598059360780251e-01 -1.688943443615795528e-02
5.060988736877365390e-01 -1.650088499293737160e-02
5.152928327008634568e-01 -1.610977228019501092e-02
5.245406611757882365e-01 -1.571637610574410163e-02
5.338413313258880688e-01 -1.532095408218820710e-02
5.431938094918128401e-01 -1.492380694103561528e-02
5.525970562563653488e-01 -1.452528255997884155e-02
5.620500265600203438e-01 -1.412561799914805599e-02
5.715516698170692855e-01 -1.372493037907947418e-02
5.811009300323815019e-01 -1.332319626932950557e-02
5.906967459187653091e-01 -1.292027930959311829e-02
6.003380510149177729e-01 -1.251603688584882260e-02
6.100237738039482327e-01 -1.211033679443866175e-02
6.197528378324663745e-01 -1.170317420224463792e-02
6.295241618302156450e-01 -1.129463690976559298e-02
6.393366598302444581e-01 -1.088495991630679047e-02
6.491892412895989839e-01 -1.047444510365047599e-02
6.590808112105230876e-01 -1.006336057140852329e-02
6.690102702621547603e-01 -9.651953763532625588e-03
6.789765149027036095e-01 -9.240436050181679434e-03
6.889784375020977514e-01 -8.828996828841915653e-03
6.990149264650814542e-01 -8.417781837150077606e-03
7.090848663547572039e-01 -8.006937645779102497e-03
7.191871380165538730e-01 -7.596659316131448673e-03
7.293206187026060050e-01 -7.187206478995647636e-03
7.394841821965345563e-01 -6.779001607857253892e-03
7.496766989386134394e-01 -6.372497906742113222e-03
7.598970361513051053e-01 -5.968147697236347686e-03
7.701440579651563922e-01 -5.566350351317857041e-03
7.804166255450371015e-01 -5.167392846634070828e-03
7.907135972167069760e-01 -4.771452476671636002e-03
8.010338285937002034e-01 -4.378541805336591368e-03
8.113761727045106786e-01 -3.988853363061166737e-03
8.217394801200630372e-01 -3.602875793005484370e-03
8.321225990814590245e-01 -3.221276394568452477e-03
8.425243756279822138e-01 -2.844918240620062169e-03
8.529436537253458628e-01 -2.474736469446769602e-03
8.633792753941731402e-01 -2.111715039183728864e-03
8.738300808386934015e-01 -1.756574218161732282e-03
8.842949085756387495e-01 -1.409856384728348268e-03
8.947725955633289985e-01 -1.072942617326882011e-03
9.052619773309316109e-01 -7.478688109399068626e-04
9.157618881078770645e-01 -4.369165343809173672e-04
9.262711609534211021e-01 -1.426904368085317324e-04
9.367886278863364335e-01 1.306030366987698059e-04
9.473131200147204556e-01 3.779043435168726408e-04
9.578434676659028923e-01 5.940937377623967119e-04
9.683785005164411430e-01 7.716808772686553543e-04
9.789170477221889044e-01 8.892598747127375631e-04
9.894579380484205267e-01 9.144897391731068295e-04
9.999999999999998890e-01 7.866880967750007874e-04
