9.999999999999998890e-01 9.525462637965697362e-04
9.894579380484205267e-01 1.864257515382607058e-03
9.789170477221889044e-01 2.808517563137510539e-03
9.683785005164411430e-01 3.785872566068699749e-03
9.578434676659028923e-01 4.796868875437711177e-03
9.473131200147204556e-01 5.842037144015995755e-03
9.367886278863364335e-01 6.921865161571698864e-03
9.262711609534211021e-01 8.036838571386180699e-03
9.157618881078770645e-01 9.187454131096726637e-03
9.052619773309316109e-01 1.037416570413502576e-02
8.947725955633289985e-01 1.159734405591566347e-02
8.842949085756387495e-01 1.285741518820679788e-02
8.738300808386934015e-01 1.415489014558363699e-02
8.633792753941731402e-01 1.548956852609251027e-02
8.529436537253458628e-01 1.686028462682138268e-02
8.425243756279822138e-01 1.826571001782365672e-02
8.321225990814590245e-01 1.970440805455899239e-02
8.217394801200630372e-01 2.117492803581542959e-02
8.113761727045106786e-01 2.267581649718593620e-02
8.010338285937002034e-01 2.420570136930937089e-02
7.907135972167069760e-01 2.576325921159575844e-02
7.804166255450371015e-01 2.734695909401010580e-02
7.701440579651563922e-01 2.895518056826598338e-02
7.598970361513051053e-01 3.058681052767057637e-02
7.496766989386134394e-01 3.224071219627699242e-02
7.394841821965345563e-01 3.391327692167207114e-02
7.293206187026060050e-01 3.559955078553633800e-02
7.191871380165538730e-01 3.729348264711990213e-02
7.090848663547572039e-01 3.898870437009262918e-02
6.990149264650814542e-01 4.067944750653471053e-02
6.889784375020977514e-01 4.236010746561989088e-02
6.789765149027036095e-01 4.402493704442145966e-02
6.690102702621547603e-01 4.566826820315755125e-02
6.590808112105230876e-01 4.728485192226383055e-02
6.491892412895989839e-01 4.886946838421908634e-02
6.393366598302444581e-01 5.041671099019317398e-02
6.295241618302156450e-01 5.192154240891554140e-02
6.197528378324663745e-01 5.337991710299718612e-02
6.100237738039482327e-01 5.478914716726418499e-02
6.003380510149177729e-01 5.614900110281748069e-02
5.906967459187653091e-01 5.745934550463831225e-02
5.811009300323815019e-01 5.871970936111774175e-02
5.715516698170692855e-01 5.992971839298795456e-02
5.620500265600203438e-01 6.108918418993722343e-02
5.525970562563653488e-01 6.219793925799339124e-02
5.431938094918128401e-01 6.325582371883166355e-02
5.338413313258880688e-01 6.426266907632952052e-02
5.245406611757882365e-01 6.521830915803440709e-02
5.152928327008634568e-01 6.612278261279561087e-02
5.060988736877365390e-01 6.697626744415223488e-02
4.969598059360780251e-01 6.777844420675130377e-02
4.878766451450451402e-01 6.852858476106457597e-02
4.788504008003974244e-01 6.922547406148428506e-02
4.698820760623064752e-01 6.986760099483857456e-02
4.609726676538650203e-01 7.045341088606234259e-02
4.521231657503131940e-01 7.098152344936264901e-02
4.433345538689928977e-01 7.145191474332523995e-02
4.346078087600411255e-01 7.186536782217251007e-02
4.259439002978354649e-01 7.222397407997152574e-02
4.173437913732044313e-01 7.253018956898937830e-02
4.088084377864137364e-01 7.278601673240958636e-02
4.003387881409395943e-01 7.299336381142412788e-02
3.919357837380436083e-01 7.315428683078276095e-02
3.836003584721576765e-01 7.327083935321956898e-02
3.753334387270930161e-01 7.334495402652543850e-02
3.671359432730831873e-01 7.337832476669566006e-02
3.590087831646743277e-01 7.337208146816216747e-02
3.509528616394713696e-01 7.332724327182446600e-02
3.429690740177547825e-01 7.324478721719793195e-02
3.350583076029753915e-01 7.312570384210727303e-02
3.272214415831418144e-01 7.297101848225276410e-02
3.194593469331089564e-01 7.278175875470528633e-02
3.117728863177794407e-01 7.255895032996759197e-02
3.041629139962280792e-01 7.230362773176986224e-02
2.966302757267624823e-01 7.201681871766821286e-02
2.891758086729252497e-01 7.169905564665567110e-02
2.818003413104546162e-01 7.135033459248275867e-02
2.745046933352085494e-01 7.097069888801896265e-02
2.672896755720651774e-01 7.056026528855884050e-02
2.601560898848094272e-01 7.011922857433386391e-02
2.531047290870154232e-01 6.964784828139439221e-02
2.461363768539343022e-01 6.914645928376217388e-02
2.392518076353984391e-01 6.861545360814200190e-02
2.324517865697500740e-01 6.805530848964841395e-02
2.257370693988056676e-01 6.746655540979271115e-02
2.191084023838638650e-01 6.684978705299127189e-02
2.125665222227673956e-01 6.620564128733588682e-02
2.061121559680280102e-01 6.553486328703685138e-02
1.997460209460230063e-01 6.483823151572259968e-02
1.934688246772731102e-01 6.411648633641517381e-02
1.872812647978095990e-01 6.337034859406973086e-02
1.811840289816407656e-01 6.260050804214814524e-02
1.751777948643248317e-01 6.180768078338283456e-02
1.692632299676588570e-01 6.099270085270027536e-02
1.634409916254914164e-01 6.015645456836150179e-02
1.577117269106679265e-01 5.929990488885662769e-02
1.520760725631161714e-01 5.842404895348079358e-02
1.465346549190801317e-01 5.752993028682376608e-02
1.410880898415101115e-01 5.661831018226325812e-02
1.357369826516168221e-01 5.568938504704204484e-02
1.304819280615971966e-01 5.474341561151146313e-02
1.253235101085391490e-01 5.378087833188246319e-02
1.202623020895129402e-01 5.280235725022613263e-02
1.152988664978553679e-01 5.180856202305524072e-02
1.104337549606562163e-01 5.080034750661293480e-02
1.056675081774507419e-01 4.977872980843899009e-02
1.010006558601274085e-01 4.874478858929770508e-02
9.643371667405697956e-02 4.769966881069846731e-02
9.196719818044885031e-02 4.664471286801595562e-02
8.760159677994161509e-02 4.558141694002112304e-02
8.333739765743386485e-02 4.451117596886012412e-02
7.917507472816209813e-02 4.343536318008671404e-02
7.511509058502996439e-02 4.235588990387447600e-02
7.115789644719716645e-02 4.127458786108995775e-02
6.730393210993146358e-02 4.019001968633053451e-02
6.355362589573076981e-02 3.909919499418224725e-02
5.990739460672012129e-02 3.799950423922205528e-02
5.636564347832906385e-02 3.688873253227319127e-02
5.292876613425423482e-02 3.576594469712132685e-02
4.959714454271368922e-02 3.463084720485331419e-02
4.637114897399441382e-02 3.348407404220527656e-02
4.325113795930202176e-02 3.232665502790463968e-02
4.023745825091396000e-02 3.116012109234320843e-02
3.733044478364233587e-02 2.998651213569951055e-02
3.453042063760936031e-02 2.880906707033999842e-02
3.183769700234129196e-02 2.763096553739006686e-02
2.925257314218321358e-02 2.645466860652828656e-02
2.677533636303963682e-02 2.528381092539807098e-02
2.440626198044326678e-02 2.412469213750082636e-02
2.214561328895736647e-02 2.298013325419125813e-02
1.999364153291383062e-02 2.184615031995019649e-02
1.795058587848985532e-02 2.071422599437220194e-02
1.601667338712764455e-02 1.957036717651963395e-02
1.419211899029970692e-02 1.840792760027414043e-02
1.247712546562085301e-02 1.723002396936522060e-02
1.087188341431266636e-02 1.604111166870766936e-02
9.376571240020115106e-03 1.484657950046319556e-02
7.991355128984078959e-03 1.365500149035719230e-02
6.716389031571567969e-03 1.247617767796617080e-02
5.551814645166519568e-03 1.129744614415106353e-02
4.497761398421062928e-03 1.009464917183440676e-02
3.554346436871580472e-03 8.904080948544907531e-03
2.721674609919344512e-03 7.784899703521925250e-03
1.999838459177394334e-03 6.657463360396831918e-03
1.388918208186096237e-03 5.386906790325812072e-03
8.889817534969424173e-04 3.972133200819484393e-03
5.000846571264760954e-04 2.496658621388266486e-03
2.222701403818971855e-04 1.193821556650561224e-03
5.556907905679420168e-05 3.236076747036196956e-04
0.000000000000000000e+00 8.690922422510972945e-06
0.000000000000000000e+00 -3.831713740435854738e-05
5.556907905679420168e-05 -6.202459816947034554e-04
2.222701403818971855e-04 -1.016122501785765228e-03
5.000846571264760954e-04 -1.636408102468205799e-03
8.889817534969424173e-04 -2.492719678973452993e-03
1.388918208186096237e-03 -3.521458193727598513e-03
1.999838459177394334e-03 -4.677534918557139758e-03
2.721674609919344512e-03 -5.910329200383996479e-03
3.554346436871580472e-03 -7.149507973734502142e-03
4.497761398421062928e-03 -8.310472860313127333e-03
5.551814645166519568e-03 -9.288111987574917613e-03
6.716389031571567969e-03 -1.006186496801788829e-02
7.991355128984078959e-03 -1.074798747417595075e-02
9.376571240020115106e-03 -1.142668980558938022e-02
1.087188341431266636e-02 -1.211329190847476762e-02
1.247712546562085301e-02 -1.280662039658613492e-02
1.419211899029970692e-02 -1.349234702540987735e-02
1.601667338712764455e-02 -1.416304001942323906e-02
1.795058587848985532e-02 -1.481835955288862000e-02
1.999364153291383062e-02 -1.545589329434889428e-02
2.214561328895736647e-02 -1.607178946728698293e-02
2.440626198044326678e-02 -1.666774987954850948e-02
2.677533636303963682e-02 -1.724912578878236985e-02
2.925257314218321358e-02 -1.781997714295082899e-02
3.183769700234129196e-02 -1.838321043267884813e-02
3.453042063760936031e-02 -1.893871905009164580e-02
3.733044478364233587e-02 -1.948525285315692510e-02
4.023745825091396000e-02 -2.002337400395534997e-02
4.325113795930202176e-02 -2.055448597174073730e-02
4.637114897399441382e-02 -2.108063077850081193e-02
4.959714454271368922e-02 -2.160447842390057771e-02
5.292876613425423482e-02 -2.213051219836944389e-02
5.636564347832906385e-02 -2.266267442402158938e-02
5.990739460672012129e-02 -2.320123765391009923e-02
6.355362589573076981e-02 -2.374559456569821231e-02
6.730393210993146358e-02 -2.429495073184052834e-02
7.115789644719716645e-02 -2.484851595672584942e-02
7.511509058502996439e-02 -2.540559363474177365e-02
7.917507472816209813e-02 -2.596549344996979328e-02
8.333739765743386485e-02 -2.652750979238378479e-02
8.760159677994161509e-02 -2.709096220332989774e-02
9.196719818044885031e-02 -2.765521652645186804e-02
9.643371667405697956e-02 -2.821965739773340739e-02
1.010006558601274085e-01 -2.878369094678539380e-02
1.056675081774507419e-01 -2.934675868566256896e-02
1.104337549606562163e-01 -2.990834416638680007e-02
1.152988664978553679e-01 -3.046796409955818130e-02
1.202623020895129402e-01 -3.102516934856515765e-02
1.253235101085391490e-01 -3.157956351498567016e-02
1.304819280615971966e-01 -3.213079723894372852e-02
1.357369826516168221e-01 -3.267856312424851500e-02
1.410880898415101115e-01 -3.322259100843447804e-02
1.465346549190801317e-01 -3.376269633161906036e-02
1.520760725631161714e-01 -3.429874912787293090e-02
1.577117269106679265e-01 -3.483064493206934620e-02
1.634409916254914164e-01 -3.535831739332581658e-02
1.692632299676588570e-01 -3.588187792210136701e-02
1.751777948643248317e-01 -3.640147224277520688e-02
1.811840289816407656e-01 -3.691701088977755035e-02
1.872812647978095990e-01 -3.742823505011245305e-02
1.934688246772731102e-01 -3.793448322979434129e-02
1.997460209460230063e-01 -3.843500136284706825e-02
2.061121559680280102e-01 -3.892913152409304550e-02
2.125665222227673956e-01 -3.941621992659231216e-02
2.191084023838638650e-01 -3.989555260656953151e-02
2.257370693988056676e-01 -4.036640970183256322e-02
2.324517865697500740e-01 -4.082808704755604839e-02
2.392518076353984391e-01 -4.127987284685322861e-02
2.461363768539343022e-01 -4.172103306852595339e-02
2.531047290870154232e-01 -4.215083054683775587e-02
2.601560898848094272e-01 -4.256852761422116188e-02
2.672896755720651774e-01 -4.297337870086317263e-02
2.745046933352085494e-01 -4.336462616160682154e-02
2.818003413104546162e-01 -4.374151028299368138e-02
2.891758086729252497e-01 -4.410326962274799950e-02
2.966302757267624823e-01 -4.444913250994734361e-02
3.041629139962280792e-01 -4.477831651310441169e-02
3.117728863177794407e-01 -4.509004410237858751e-02
3.194593469331089564e-01 -4.538354116817180928e-02
3.272214415831418144e-01 -4.565800968469361371e-02
3.350583076029753915e-01 -4.591263644652331805e-02
3.429690740177547825e-01 -4.614664911348707876e-02
3.509528616394713696e-01 -4.635927694125991511e-02
3.590087831646743277e-01 -4.654951103773911220e-02
3.671359432730831873e-01 -4.671619658616849025e-02
3.753334387270930161e-01 -4.685806234051465013e-02
3.836003584721576765e-01 -4.697378332675462842e-02
3.919357837380436083e-01 -4.706202808242592600e-02
4.003387881409395943e-01 -4.712145678160471057e-02
4.088084377864137364e-01 -4.715069927282516948e-02
4.173437913732044313e-01 -4.714836306691547879e-02
4.259439002978354649e-01 -4.711300254396644932e-02
4.346078087600411255e-01 -4.704316695469495241e-02
4.433345538689928977e-01 -4.693743521370413035e-02
4.521231657503131940e-01 -4.679434065655974084e-02
4.609726676538650203e-01 -4.661227016184912864e-02
4.698820760623064752e-01 -4.638970637769827821e-02
4.788504008003974244e-01 -4.612542379605410331e-02
4.878766451450451402e-01 -4.581903567256176424e-02
4.969598059360780251e-01 -4.547171786148044431e-02
5.060988736877365390e-01 -4.508477165424958771e-02
5.152928327008634568e-01 -4.465940880917299016e-02
5.245406611757882365e-01 -4.419695267244468095e-02
5.338413313258880688e-01 -4.369889365796504610e-02
5.431938094918128401e-01 -4.316676669424298479e-02
5.525970562563653488e-01 -4.260214879249339670e-02
5.620500265600203438e-01 -4.200671694987996585e-02
5.715516698170692855e-01 -4.138224739978413336e-02
5.811009300323815019e-01 -4.073057115466398315e-02
5.906967459187653091e-01 -4.005357000541647644e-02
6.003380510149177729e-01 -3.935324002294381118e-02
6.100237738039482327e-01 -3.863165675788472753e-02
6.197528378324663745e-01 -3.789090202262129087e-02
6.295241618302156450e-01 -3.713321358573472980e-02
6.393366598302444581e-01 -3.636209305870800185e-02
6.491892412895989839e-01 -3.558169576772824555e-02
6.590808112105230876e-01 -3.479639191374672702e-02
6.690102702621547603e-01 -3.401065875313112608e-02
6.789765149027036095e-01 -3.322908680022629985e-02
6.889784375020977514e-01 -3.245631917278298667e-02
6.990149264650814542e-01 -3.169706257239483793e-02
7.090848663547572039e-01 -3.095437128816393504e-02
7.191871380165538730e-01 -3.022511902066083236e-02
7.293206187026060050e-01 -2.950482418306402468e-02
7.394841821965345563e-01 -2.878922999997095278e-02
7.496766989386134394e-01 -2.807371925135911800e-02
7.598970361513051053e-01 -2.735264986379416785e-02
7.701440579651563922e-01 -2.661938155870043760e-02
7.804166255450371015e-01 -2.586551275704865663e-02
7.907135972167069760e-01 -2.508296130197618101e-02
8.010338285937002034e-01 -2.426457904423376735e-02
8.113761727045106786e-01 -2.340210701675425609e-02
8.217394801200630372e-01 -2.248564485878177047e-02
8.321225990814590245e-01 -2.151036502262655345e-02
8.425243756279822138e-01 -2.047809497266362896e-02
8.529436537253458628e-01 -1.939484954088339236e-02
8.633792753941731402e-01 -1.827049859561110517e-02
8.738300808386934015e-01 -1.711283462209027897e-02
8.842949085756387495e-01 -1.592764259297965376e-02
8.947725955633289985e-01 -1.472071509010683225e-02
9.052619773309316109e-01 -1.349759648126596864e-02
9.157618881078770645e-01 -1.226038113835067195e-02
9.262711609534211021e-01 -1.100983578582672394e-02
9.367886278863364335e-01 -9.754319563382175123e-03
9.473131200147204556e-01 -8.502654177659656198e-03
9.578434676659028923e-01 -7.237745416268079324e-03
9.683785005164411430e-01 -5.924698985035791593e-03
9.789170477221889044e-01 -4.491007549356930591e-03
9.894579380484205267e-01 -2.854027191487645918e-03
9.999999999999998890e-01 -9.488529217862414411e-04
