9.999999999999998890e-01 -2.520419346281148158e-03
9.894579380484205267e-01 2.514056077261199256e-04
9.789170477221889044e-01 3.385147780752507159e-03
9.683785005164411430e-01 6.535504469798927331e-03
9.578434676659028923e-01 9.589130261962636875e-03
9.473131200147204556e-01 1.250668493302404052e-02
9.367886278863364335e-01 1.532048516672042740e-02
9.262711609534211021e-01 1.807100020069770524e-02
9.157618881078770645e-01 2.078970958603239272e-02
9.052619773309316109e-01 2.349871637795602694e-02
8.947725955633289985e-01 2.620469052674062604e-02
8.842949085756387495e-01 2.891119189088231858e-02
8.738300808386934015e-01 3.161954958236558311e-02
8.633792753941731402e-01 3.433024201113819146e-02
8.529436537253458628e-01 3.704284511842248495e-02
8.425243756279822138e-01 3.975603480119561245e-02
8.321225990814590245e-01 4.246752892349579811e-02
8.217394801200630372e-01 4.517472029256492522e-02
8.113761727045106786e-01 4.787474901327559706e-02
8.010338285937002034e-01 5.056487758222433931e-02
7.907135972167069760e-01 5.324248875952251187e-02
7.804166255450371015e-01 5.590513944251691153e-02
7.701440579651563922e-01 5.855041587718744223e-02
7.598970361513051053e-01 6.117505888209774645e-02
7.496766989386134394e-01 6.377537114558244624e-02
7.394841821965345563e-01 6.634798941059918964e-02
7.293206187026060050e-01 6.888949407115285695e-02
7.191871380165538730e-01 7.139506793350638980e-02
7.090848663547572039e-01 7.385932359746803788e-02
6.990149264650814542e-01 7.627678281440164465e-02
6.889784375020977514e-01 7.864163280275994483e-02
6.789765149027036095e-01 8.094674089452909282e-02
6.690102702621547603e-01 8.318368258475970778e-02
6.590808112105230876e-01 8.534070492460631152e-02
6.491892412895989839e-01 8.740559521035159984e-02
6.393366598302444581e-01 8.936697304087265481e-02
6.295241618302156450e-01 9.121628336485497479e-02
6.197528378324663745e-01 9.295148580946897832e-02
6.100237738039482327e-01 9.457124732734845107e-02
6.003380510149177729e-01 9.607372053417309599e-02
5.906967459187653091e-01 9.745905709449366461e-02
5.811009300323815019e-01 9.873095837827954024e-02
5.715516698170692855e-01 9.989530777314123422e-02
5.620500265600203438e-01 1.009605954573388614e-01
5.525970562563653488e-01 1.019346974537552464e-01
5.431938094918128401e-01 1.028244446855275107e-01
5.338413313258880688e-01 1.036351616130709308e-01
5.245406611757882365e-01 1.043707093491742788e-01
5.152928327008634568e-01 1.050350473220638542e-01
5.060988736877365390e-01 1.056321895652087006e-01
4.969598059360780251e-01 1.061649737172200708e-01
4.878766451450451402e-01 1.066352382633027340e-01
4.788504008003974244e-01 1.070432494650929989e-01
4.698820760623064752e-01 1.073883646975219014e-01
4.609726676538650203e-01 1.076702438518998689e-01
4.521231657503131940e-01 1.078889651281952772e-01
4.433345538689928977e-01 1.080464009234748252e-01
4.346078087600411255e-01 1.081452596476178002e-01
4.259439002978354649e-01 1.081886655285789200e-01
4.173437913732044313e-01 1.081798516007933253e-01
4.088084377864137364e-01 1.081218771234497833e-01
4.003387881409395943e-01 1.080172878646362550e-01
3.919357837380436083e-01 1.078668494931887267e-01
3.836003584721576765e-01 1.076708394965093379e-01
3.753334387270930161e-01 1.074293447338769275e-01
3.671359432730831873e-01 1.071424885232493962e-01
3.590087831646743277e-01 1.068105896411953026e-01
3.509528616394713696e-01 1.064341543422148706e-01
3.429690740177547825e-01 1.060140296770566981e-01
3.350583076029753915e-01 1.055511452076195594e-01
3.272214415831418144e-01 1.050464990676459737e-01
3.194593469331089564e-01 1.045010944477153397e-01
3.117728863177794407e-01 1.039159241160855646e-01
3.041629139962280792e-01 1.032917132156280782e-01
2.966302757267624823e-01 1.026288447747627092e-01
2.891758086729252497e-01 1.019277543261534608e-01
2.818003413104546162e-01 1.011889621948417334e-01
2.745046933352085494e-01 1.004130486666218874e-01
2.672896755720651774e-01 9.960064877110186288e-02
2.601560898848094272e-01 9.875245160509352194e-02
2.531047290870154232e-01 9.786919193389284621e-02
2.461363768539343022e-01 9.695166744398658887e-02
2.392518076353984391e-01 9.600072539359114088e-02
2.324517865697500740e-01 9.501730013400266905e-02
2.257370693988056676e-01 9.400231943580709959e-02
2.191084023838638650e-01 9.295630293083179119e-02
2.125665222227673956e-01 9.187960156137334189e-02
2.061121559680280102e-01 9.077267943233308101e-02
1.997460209460230063e-01 8.963607504537519921e-02
1.934688246772731102e-01 8.847048326677801888e-02
1.872812647978095990e-01 8.727663114942729727e-02
1.811840289816407656e-01 8.605517463216839913e-02
1.751777948643248317e-01 8.480676521293929737e-02
1.692632299676588570e-01 8.353210262203558667e-02
1.634409916254914164e-01 8.223200478468009611e-02
1.577117269106679265e-01 8.090759404035330338e-02
1.520760725631161714e-01 7.955982761715113538e-02
1.465346549190801317e-01 7.818914883257326032e-02
1.410880898415101115e-01 7.679588431542622162e-02
1.357369826516168221e-01 7.538027964773562350e-02
1.304819280615971966e-01 7.394280392636302934e-02
1.253235101085391490e-01 7.248430897560687036e-02
1.202623020895129402e-01 7.100565988603163570e-02
1.152988664978553679e-01 6.950768888752281716e-02
1.104337549606562163e-01 6.799116531592470924e-02
1.056675081774507419e-01 6.645680659422439907e-02
1.010006558601274085e-01 6.490574378631809582e-02
9.643371667405697956e-02 6.333950166317633967e-02
9.196719818044885031e-02 6.175933841365158217e-02
8.760159677994161509e-02 6.016618431455590665e-02
8.333739765743386485e-02 5.855976175667561290e-02
7.917507472816209813e-02 5.693905837405489889e-02
7.511509058502996439e-02 5.530412327552158142e-02
7.115789644719716645e-02 5.365566124146955301e-02
6.730393210993146358e-02 5.199456265358126661e-02
6.355362589573076981e-02 5.032202935935982391e-02
5.990739460672012129e-02 4.864076364628935889e-02
5.636564347832906385e-02 4.695395889562444663e-02
5.292876613425423482e-02 4.526412876928836287e-02
4.959714454271368922e-02 4.357405531982318919e-02
4.637114897399441382e-02 4.188877040707488647e-02
4.325113795930202176e-02 4.021152100916392663e-02
4.023745825091396000e-02 3.853661056710334931e-02
3.733044478364233587e-02 3.685673985904947686e-02
3.453042063760936031e-02 3.516603268976810359e-02
3.183769700234129196e-02 3.345974465955262045e-02
2.925257314218321358e-02 3.173533308966834665e-02
2.677533636303963682e-02 2.999442070295487220e-02
2.440626198044326678e-02 2.824671459509719290e-02
2.214561328895736647e-02 2.650539881047156432e-02
1.999364153291383062e-02 2.478796056568831688e-02
1.795058587848985532e-02 2.311089378604952102e-02
1.601667338712764455e-02 2.148841836597194591e-02
1.419211899029970692e-02 1.992920252517152088e-02
1.247712546562085301e-02 1.843406519359491388e-02
1.087188341431266636e-02 1.697460720375341958e-02
9.376571240020115106e-03 1.549369682927319997e-02
7.991355128984078959e-03 1.396211151018449462e-02
6.716389031571567969e-03 1.237762889384319900e-02
5.551814645166519568e-03 1.075234428305301033e-02
4.497761398421062928e-03 9.109330325851710750e-03
3.554346436871580472e-03 7.482400892015567476e-03
2.721674609919344512e-03 5.912129839295491955e-03
1.999838459177394334e-03 4.440470055574596321e-03
1.388918208186096237e-03 3.109638937320234088e-03
8.889817534969424173e-04 1.958879858677426214e-03
5.000846571264760954e-04 1.024674097055145111e-03
2.222701403818971855e-04 3.349268733360233840e-04
5.556907905679420168e-05 -8.762193629959558791e-05
0.000000000000000000e+00 -2.300561244318669312e-04
0.000000000000000000e+00 -2.614019302647643361e-04
5.556907905679420168e-05 -1.050302367996540278e-03
2.222701403818971855e-04 -3.165723104060140774e-03
5.000846571264760954e-04 -5.383288551244155319e-03
8.889817534969424173e-04 -7.065060839362625154e-03
1.388918208186096237e-03 -7.978504417321398770e-03
1.999838459177394334e-03 -8.666048320651273743e-03
2.721674609919344512e-03 -9.550489401452916596e-03
3.554346436871580472e-03 -1.048825090148423553e-02
4.497761398421062928e-03 -1.135020149517749870e-02
5.551814645166519568e-03 -1.218155842057329179e-02
6.716389031571567969e-03 -1.301296249317825116e-02
7.991355128984078959e-03 -1.382184262109387163e-02
9.376571240020115106e-03 -1.461230599793732210e-02
1.087188341431266636e-02 -1.542927534370083266e-02
1.247712546562085301e-02 -1.628615726378980846e-02
1.419211899029970692e-02 -1.715834276135641892e-02
1.601667338712764455e-02 -1.803521686912138225e-02
1.795058587848985532e-02 -1.892090528376020112e-02
1.999364153291383062e-02 -1.981175852896217143e-02
2.214561328895736647e-02 -2.069788009294249581e-02
2.440626198044326678e-02 -2.157504886601601529e-02
2.677533636303963682e-02 -2.244284340338978043e-02
2.925257314218321358e-02 -2.329931916976875350e-02
3.183769700234129196e-02 -2.414201350279404981e-02
3.453042063760936031e-02 -2.497152559816715606e-02
3.733044478364233587e-02 -2.579016357005732216e-02
4.023745825091396000e-02 -2.660184899675911707e-02
4.325113795930202176e-02 -2.741040360628985845e-02
4.637114897399441382e-02 -2.821578620577964991e-02
4.959714454271368922e-02 -2.901657879168049667e-02
5.292876613425423482e-02 -2.981088506809252692e-02
5.636564347832906385e-02 -3.059686143877340253e-02
5.990739460672012129e-02 -3.137331130708757160e-02
6.355362589573076981e-02 -3.213922873258702462e-02
6.730393210993146358e-02 -3.289374590377418944e-02
7.115789644719716645e-02 -3.363625827500554138e-02
7.511509058502996439e-02 -3.436674233889606273e-02
7.917507472816209813e-02 -3.508537638422461191e-02
8.333739765743386485e-02 -3.579257897251513637e-02
8.760159677994161509e-02 -3.648930423269493295e-02
9.196719818044885031e-02 -3.717735481110803764e-02
9.643371667405697956e-02 -3.785792146869913777e-02
1.010006558601274085e-01 -3.853118650551303620e-02
1.056675081774507419e-01 -3.919681145810189477e-02
1.104337549606562163e-01 -3.985393501789308290e-02
1.152988664978553679e-01 -4.050196129540833967e-02
1.202623020895129402e-01 -4.114059583154514033e-02
1.253235101085391490e-01 -4.176954102179658568e-02
1.304819280615971966e-01 -4.238850151041135411e-02
1.357369826516168221e-01 -4.299740799808769026e-02
1.410880898415101115e-01 -4.359635854421362033e-02
1.465346549190801317e-01 -4.418549150435732709e-02
1.520760725631161714e-01 -4.476500917104053040e-02
1.577117269106679265e-01 -4.533547259488165254e-02
1.634409916254914164e-01 -4.589755753810161043e-02
1.692632299676588570e-01 -4.645146554563014951e-02
1.751777948643248317e-01 -4.699711426832729744e-02
1.811840289816407656e-01 -4.753395739544791221e-02
1.872812647978095990e-01 -4.806132497173341844e-02
1.934688246772731102e-01 -4.857873442563499095e-02
1.997460209460230063e-01 -4.908574707214638511e-02
2.061121559680280102e-01 -4.958188234430538355e-02
2.125665222227673956e-01 -5.006667316568271658e-02
2.191084023838638650e-01 -5.053972718623066240e-02
2.257370693988056676e-01 -5.100067355925770596e-02
2.324517865697500740e-01 -5.144915921769956102e-02
2.392518076353984391e-01 -5.188485667661554834e-02
2.461363768539343022e-01 -5.230748823856219004e-02
2.531047290870154232e-01 -5.271680121510812639e-02
2.601560898848094272e-01 -5.311257709974751690e-02
2.672896755720651774e-01 -5.349462903967652783e-02
2.745046933352085494e-01 -5.386281390699750732e-02
2.818003413104546162e-01 -5.421701979584935688e-02
2.891758086729252497e-01 -5.455717177350069558e-02
2.966302757267624823e-01 -5.488323466206330992e-02
3.041629139962280792e-01 -5.519521564176096962e-02
3.117728863177794407e-01 -5.549315668292180426e-02
3.194593469331089564e-01 -5.577713340150023541e-02
3.272214415831418144e-01 -5.604727645413472292e-02
3.350583076029753915e-01 -5.630375964536143973e-02
3.429690740177547825e-01 -5.654677384724782901e-02
3.509528616394713696e-01 -5.677646147139173843e-02
3.590087831646743277e-01 -5.699241177537782421e-02
3.671359432730831873e-01 -5.719391311832437014e-02
3.753334387270930161e-01 -5.738026802457255049e-02
3.836003584721576765e-01 -5.755078333246553546e-02
3.919357837380436083e-01 -5.770474372088933712e-02
4.003387881409395943e-01 -5.784142392100656560e-02
4.088084377864137364e-01 -5.796009112582440476e-02
4.173437913732044313e-01 -5.806000860849600681e-02
4.259439002978354649e-01 -5.814043320434093831e-02
4.346078087600411255e-01 -5.820061409230917887e-02
4.433345538689928977e-01 -5.823977996893117681e-02
4.521231657503131940e-01 -5.825716078607263981e-02
4.609726676538650203e-01 -5.825200235544682886e-02
4.698820760623064752e-01 -5.822353005461557846e-02
4.788504008003974244e-01 -5.817091511567828305e-02
4.878766451450451402e-01 -5.809337265126501837e-02
4.969598059360780251e-01 -5.799021098668706575e-02
5.060988736877365390e-01 -5.786017865245328406e-02
5.152928327008634568e-01 -5.770108115309724450e-02
5.245406611757882365e-01 -5.751044804724390891e-02
5.338413313258880688e-01 -5.728555044870023427e-02
5.431938094918128401e-01 -5.702370906885852186e-02
5.525970562563653488e-01 -5.672231430145423942e-02
5.620500265600203438e-01 -5.637853076535854352e-02
5.715516698170692855e-01 -5.598931413792538475e-02
5.811009300323815019e-01 -5.555190410011440205e-02
5.906967459187653091e-01 -5.506370375405554574e-02
6.003380510149177729e-01 -5.452108129549514126e-02
6.100237738039482327e-01 -5.391947670651314056e-02
6.197528378324663745e-01 -5.325226663721940867e-02
6.295241618302156450e-01 -5.251162614712621968e-02
6.393366598302444581e-01 -5.168973645016368412e-02
6.491892412895989839e-01 -5.077881148748263768e-02
6.590808112105230876e-01 -4.977121329258031579e-02
6.690102702621547603e-01 -4.865915366015940990e-02
6.789765149027036095e-01 -4.743368968882163278e-02
6.889784375020977514e-01 -4.608615354076711634e-02
6.990149264650814542e-01 -4.461088151397653301e-02
7.090848663547572039e-01 -4.300404525020815050e-02
7.191871380165538730e-01 -4.126548466775174090e-02
7.293206187026060050e-01 -3.939619075888942112e-02
7.394841821965345563e-01 -3.739809269829332677e-02
7.496766989386134394e-01 -3.527897673519096722e-02
7.598970361513051053e-01 -3.306099059128893985e-02
7.701440579651563922e-01 -3.076819188552616310e-02
7.804166255450371015e-01 -2.842395964284684384e-02
7.907135972167069760e-01 -2.605212586375707517e-02
8.010338285937002034e-01 -2.367749112032956071e-02
8.113761727045106786e-01 -2.132590245228417614e-02
8.217394801200630372e-01 -1.902447000222016321e-02
8.321225990814590245e-01 -1.679535412875803393e-02
8.425243756279822138e-01 -1.465434079496441555e-02
8.529436537253458628e-01 -1.261528008982752865e-02
8.633792753941731402e-01 -1.069042753140589906e-02
8.738300808386934015e-01 -8.892433438103905519e-03
8.842949085756387495e-01 -7.234385609532934837e-03
8.947725955633289985e-01 -5.729651169357658641e-03
9.052619773309316109e-01 -4.391704914931977149e-03
9.157618881078770645e-01 -3.233005224150176018e-03
9.262711609534211021e-01 -2.265636078893961802e-03
9.367886278863364335e-01 -1.504093690158948187e-03
9.473131200147204556e-01 -9.632927650698637229e-04
9.578434676659028923e-01 -6.518906192609627342e-04
9.683785005164411430e-01 -5.834667617247090658e-04
9.789170477221889044e-01 -8.171828865695605600e-04
9.894579380484205267e-01 -1.433830935392213209e-03
9.999999999999998890e-01 -2.538020331811162520e-03
