9.999999999999998890e-01 1.101901687833055452e-03
9.894579380484205267e-01 4.055458812287348128e-03
9.789170477221889044e-01 6.889446034023611644e-03
9.683785005164411430e-01 9.612187661161800123e-03
9.578434676659028923e-01 1.223244520163686670e-02
9.473131200147204556e-01 1.475891987194652595e-02
9.367886278863364335e-01 1.719990498948612695e-02
9.262711609534211021e-01 1.956394112436066895e-02
9.157618881078770645e-01 2.186027774085049294e-02
9.052619773309316109e-01 2.409747364632048444e-02
8.947725955633289985e-01 2.628250169352836993e-02
8.842949085756387495e-01 2.841618296492233464e-02
8.738300808386934015e-01 3.048982555209161366e-02
8.633792753941731402e-01 3.249316468580413370e-02
8.529436537253458628e-01 3.441516156079591632e-02
8.425243756279822138e-01 3.625048392556187715e-02
8.321225990814590245e-01 3.800051914864813196e-02
8.217394801200630372e-01 3.967158039763105104e-02
8.113761727045106786e-01 4.127417891868729455e-02
8.010338285937002034e-01 4.281654615027932764e-02
7.907135972167069760e-01 4.430456795838998846e-02
7.804166255450371015e-01 4.573938051743536848e-02
7.701440579651563922e-01 4.711891067775152153e-02
7.598970361513051053e-01 4.844065523295107423e-02
7.496766989386134394e-01 4.970222017869706937e-02
7.394841821965345563e-01 5.090373398302124042e-02
7.293206187026060050e-01 5.204680535314866463e-02
7.191871380165538730e-01 5.313485607070807248e-02
7.090848663547572039e-01 5.417186248498646883e-02
6.990149264650814542e-01 5.516096245256369573e-02
6.889784375020977514e-01 5.610462393159427325e-02
6.789765149027036095e-01 5.700360856889256922e-02
6.690102702621547603e-01 5.785810109077427210e-02
6.590808112105230876e-01 5.866787422335039554e-02
6.491892412895989839e-01 5.943303453791259905e-02
6.393366598302444581e-01 6.015494009071609138e-02
6.295241618302156450e-01 6.083561724839388341e-02
6.197528378324663745e-01 6.147816391864061036e-02
6.100237738039482327e-01 6.208580783650174267e-02
6.003380510149177729e-01 6.266169931226306389e-02
5.906967459187653091e-01 6.320773791061169711e-02
5.811009300323815019e-01 6.372370156597294277e-02
5.715516698170692855e-01 6.420883224034282244e-02
5.620500265600203438e-01 6.466190571569740975e-02
5.525970562563653488e-01 6.508185854716502794e-02
5.431938094918128401e-01 6.546787289519701014e-02
5.338413313258880688e-01 6.581933688902923130e-02
5.245406611757882365e-01 6.613582977851303890e-02
5.152928327008634568e-01 6.641686889058685817e-02
5.060988736877365390e-01 6.666194527017861582e-02
4.969598059360780251e-01 6.687101768668714252e-02
4.878766451450451402e-01 6.704447368823109044e-02
4.788504008003974244e-01 6.718366387693229524e-02
4.698820760623064752e-01 6.729050101381833793e-02
4.609726676538650203e-01 6.736673784903343676e-02
4.521231657503131940e-01 6.741399859368590874e-02
4.433345538689928977e-01 6.743360917022835077e-02
4.346078087600411255e-01 6.742666183860261675e-02
4.259439002978354649e-01 6.739363935326822541e-02
4.173437913732044313e-01 6.733486294626693514e-02
4.088084377864137364e-01 6.725090511719515607e-02
4.003387881409395943e-01 6.714234498206259061e-02
3.919357837380436083e-01 6.700950452607350172e-02
3.836003584721576765e-01 6.685259897298079235e-02
3.753334387270930161e-01 6.667170111529727161e-02
3.671359432730831873e-01 6.646687862209660347e-02
3.590087831646743277e-01 6.623825982239717192e-02
3.509528616394713696e-01 6.598601793361716372e-02
3.429690740177547825e-01 6.571040334527575300e-02
3.350583076029753915e-01 6.541173255324744806e-02
3.272214415831418144e-01 6.509042481635210486e-02
3.194593469331089564e-01 6.474694276918056823e-02
3.117728863177794407e-01 6.438179767440362078e-02
3.041629139962280792e-01 6.399546035262446142e-02
2.966302757267624823e-01 6.358837719367688157e-02
2.891758086729252497e-01 6.316188438436799724e-02
2.818003413104546162e-01 6.271827625492325253e-02
2.745046933352085494e-01 6.225960899947681482e-02
2.672896755720651774e-01 6.178770171889751833e-02
2.601560898848094272e-01 6.130476797497805969e-02
2.531047290870154232e-01 6.081317336882699487e-02
2.461363768539343022e-01 6.031338687745788074e-02
2.392518076353984391e-01 5.980426496615694198e-02
2.324517865697500740e-01 5.928117242145662658e-02
2.257370693988056676e-01 5.873791166548491399e-02
2.191084023838638650e-01 5.817083513509301723e-02
2.125665222227673956e-01 5.757707292734360466e-02
2.061121559680280102e-01 5.695129654451983048e-02
1.997460209460230063e-01 5.628934057353513626e-02
1.934688246772731102e-01 5.559767059189205107e-02
1.872812647978095990e-01 5.488883167017106351e-02
1.811840289816407656e-01 5.418670589307154895e-02
1.751777948643248317e-01 5.350963784913401883e-02
1.692632299676588570e-01 5.284691993308688468e-02
1.634409916254914164e-01 5.218197811822511412e-02
1.577117269106679265e-01 5.149924115390980273e-02
1.520760725631161714e-01 5.078899280899895619e-02
1.465346549190801317e-01 5.005485480943312748e-02
1.410880898415101115e-01 4.930156002023469014e-02
1.357369826516168221e-01 4.853227686012110548e-02
1.304819280615971966e-01 4.775053801495937611e-02
1.253235101085391490e-01 4.696075622787260206e-02
1.202623020895129402e-01 4.616661183509647437e-02
1.152988664978553679e-01 4.537063373681855111e-02
1.104337549606562163e-01 4.457452457174952698e-02
1.056675081774507419e-01 4.377910903891923250e-02
1.010006558601274085e-01 4.298490457196119802e-02
9.643371667405697956e-02 4.219195231804836327e-02
9.196719818044885031e-02 4.139655019734620606e-02
8.760159677994161509e-02 4.059202010169947472e-02
8.333739765743386485e-02 3.977316470555130462e-02
7.917507472816209813e-02 3.893593234156251387e-02
7.511509058502996439e-02 3.807675173650073436e-02
7.115789644719716645e-02 3.719242480396616618e-02
6.730393210993146358e-02 3.628061512595508881e-02
6.355362589573076981e-02 3.533962747513202246e-02
5.990739460672012129e-02 3.436923293126119272e-02
5.636564347832906385e-02 3.337147606158256258e-02
5.292876613425423482e-02 3.235755958325418208e-02
4.959714454271368922e-02 3.134106075017255300e-02
4.637114897399441382e-02 3.033222176589818464e-02
4.325113795930202176e-02 2.934028793370362445e-02
4.023745825091396000e-02 2.837428165389024523e-02
3.733044478364233587e-02 2.743671415407222119e-02
3.453042063760936031e-02 2.651038610840637799e-02
3.183769700234129196e-02 2.557615906886469975e-02
2.925257314218321358e-02 2.461948284029703490e-02
2.677533636303963682e-02 2.362927308572123491e-02
2.440626198044326678e-02 2.260026689025354876e-02
2.214561328895736647e-02 2.152986257130843489e-02
1.999364153291383062e-02 2.041893420926315164e-02
1.795058587848985532e-02 1.927293907070462900e-02
1.601667338712764455e-02 1.810364327767504528e-02
1.419211899029970692e-02 1.692463077219106410e-02
1.247712546562085301e-02 1.575099849655517761e-02
1.087188341431266636e-02 1.459485791045177748e-02
9.376571240020115106e-03 1.346275789299191533e-02
7.991355128984078959e-03 1.231772701758706776e-02
6.716389031571567969e-03 1.109191138386179248e-02
5.551814645166519568e-03 9.825739329877984304e-03
4.497761398421062928e-03 8.629914244899953429e-03
3.554346436871580472e-03 7.483791748625600801e-03
2.721674609919344512e-03 6.292310774288527135e-03
1.999838459177394334e-03 5.045740994789995985e-03
1.388918208186096237e-03 3.784724228893823327e-03
8.889817534969424173e-04 2.583401541792090285e-03
5.000846571264760954e-04 1.529442076369609202e-03
2.222701403818971855e-04 7.041461896129689929e-04
5.556907905679420168e-05 1.802112677380864481e-04
0.000000000000000000e+00 -1.821392533704323350e-08
0.000000000000000000e+00 5.669270808814772415e-08
5.556907905679420168e-05 -3.278103936759111997e-04
2.222701403818971855e-04 -1.271104745476642119e-03
5.000846571264760954e-04 -2.731788748194354313e-03
8.889817534969424173e-04 -4.536688366164958255e-03
1.388918208186096237e-03 -6.492295908678579787e-03
1.999838459177394334e-03 -8.391932285670044428e-03
2.721674609919344512e-03 -1.005641921230406716e-02
3.554346436871580472e-03 -1.137495079358042532e-02
4.497761398421062928e-03 -1.235972127144490881e-02
5.551814645166519568e-03 -1.323629093544490334e-02
6.716389031571567969e-03 -1.414512448730206526e-02
7.991355128984078959e-03 -1.505427083523355747e-02
9.376571240020115106e-03 -1.593759642216635922e-02
1.087188341431266636e-02 -1.679718775181553853e-02
1.247712546562085301e-02 -1.763602649641595951e-02
1.419211899029970692e-02 -1.845579430020094502e-02
1.601667338712764455e-02 -1.925615432910520938e-02
1.795058587848985532e-02 -2.003537915990783597e-02
1.999364153291383062e-02 -2.079910033491292470e-02
2.214561328895736647e-02 -2.155817887343918632e-02
2.440626198044326678e-02 -2.231458515132363207e-02
2.677533636303963682e-02 -2.306448153510248442e-02
2.925257314218321358e-02 -2.380698171426611637e-02
3.183769700234129196e-02 -2.454302283333163748e-02
3.453042063760936031e-02 -2.527421773617279099e-02
3.733044478364233587e-02 -2.600286520864418527e-02
4.023745825091396000e-02 -2.673367250745318016e-02
4.325113795930202176e-02 -2.747106818207675771e-02
4.637114897399441382e-02 -2.821300882107682581e-02
4.959714454271368922e-02 -2.895529702288923701e-02
5.292876613425423482e-02 -2.969359406473652888e-02
5.636564347832906385e-02 -3.042324850237888845e-02
5.990739460672012129e-02 -3.113863165091567201e-02
6.355362589573076981e-02 -3.183525440805036466e-02
6.730393210993146358e-02 -3.251261740872407602e-02
7.115789644719716645e-02 -3.317185704095785420e-02
7.511509058502996439e-02 -3.381631620621667472e-02
7.917507472816209813e-02 -3.444909096713555385e-02
8.333739765743386485e-02 -3.507205989580420430e-02
8.760159677994161509e-02 -3.568340829036024953e-02
9.196719818044885031e-02 -3.627526587301375949e-02
9.643371667405697956e-02 -3.683844514750479054e-02
1.010006558601274085e-01 -3.736297545190389591e-02
1.056675081774507419e-01 -3.784739159969406630e-02
1.104337549606562163e-01 -3.830084938683401413e-02
1.152988664978553679e-01 -3.873961608781389260e-02
1.202623020895129402e-01 -3.918587064601142256e-02
1.253235101085391490e-01 -3.964976716066492823e-02
1.304819280615971966e-01 -4.013032699422509897e-02
1.357369826516168221e-01 -4.061863777152292798e-02
1.410880898415101115e-01 -4.110081649032262113e-02
1.465346549190801317e-01 -4.156848456682525617e-02
1.520760725631161714e-01 -4.201652490826184028e-02
1.577117269106679265e-01 -4.243845473590739104e-02
1.634409916254914164e-01 -4.282894472111237194e-02
1.692632299676588570e-01 -4.319573710391153704e-02
1.751777948643248317e-01 -4.355269773308333842e-02
1.811840289816407656e-01 -4.391687228730578596e-02
1.872812647978095990e-01 -4.430098120245898330e-02
1.934688246772731102e-01 -4.469230031527038349e-02
1.997460209460230063e-01 -4.507260033014118261e-02
2.061121559680280102e-01 -4.543106121562311139e-02
2.125665222227673956e-01 -4.576132248169392791e-02
2.191084023838638650e-01 -4.606551316973050980e-02
2.257370693988056676e-01 -4.634674567421592090e-02
2.324517865697500740e-01 -4.660631105853513950e-02
2.392518076353984391e-01 -4.684591496787227083e-02
2.461363768539343022e-01 -4.706880516387396129e-02
2.531047290870154232e-01 -4.727760495939826307e-02
2.601560898848094272e-01 -4.747341581762937190e-02
2.672896755720651774e-01 -4.765667068600101114e-02
2.745046933352085494e-01 -4.782702906679627691e-02
2.818003413104546162e-01 -4.798424230388868839e-02
2.891758086729252497e-01 -4.812826461132822115e-02
2.966302757267624823e-01 -4.825904827170315881e-02
3.041629139962280792e-01 -4.837649692946318497e-02
3.117728863177794407e-01 -4.847988072475049870e-02
3.194593469331089564e-01 -4.856789023000248479e-02
3.272214415831418144e-01 -4.863922011473197776e-02
3.350583076029753915e-01 -4.869256084946311375e-02
3.429690740177547825e-01 -4.872631873843256273e-02
3.509528616394713696e-01 -4.873882021657020835e-02
3.590087831646743277e-01 -4.872938393186314332e-02
3.671359432730831873e-01 -4.869792897690319172e-02
3.753334387270930161e-01 -4.864479722084948804e-02
3.836003584721576765e-01 -4.857055687050799292e-02
3.919357837380436083e-01 -4.847599453662736202e-02
4.003387881409395943e-01 -4.836179606027157102e-02
4.088084377864137364e-01 -4.822771876144744257e-02
4.173437913732044313e-01 -4.807302552236425441e-02
4.259439002978354649e-01 -4.789614096167377211e-02
4.346078087600411255e-01 -4.769523886147598174e-02
4.433345538689928977e-01 -4.746838047977632036e-02
4.521231657503131940e-01 -4.721394716242759138e-02
4.609726676538650203e-01 -4.693129551495128088e-02
4.698820760623064752e-01 -4.662037232531170139e-02
4.788504008003974244e-01 -4.628210874408540676e-02
4.878766451450451402e-01 -4.591756560391511977e-02
4.969598059360780251e-01 -4.552777510515065157e-02
5.060988736877365390e-01 -4.511333400468070520e-02
5.152928327008634568e-01 -4.467411931245555967e-02
5.245406611757882365e-01 -4.420954732441925022e-02
5.338413313258880688e-01 -4.371849379698253962e-02
5.431938094918128401e-01 -4.319993882781877903e-02
5.525970562563653488e-01 -4.265305183753092394e-02
5.620500265600203438e-01 -4.207748671358387677e-02
5.715516698170692855e-01 -4.147339399405664678e-02
5.811009300323815019e-01 -4.084144172773086778e-02
5.906967459187653091e-01 -4.018265414971606414e-02
6.003380510149177729e-01 -3.949732828804698725e-02
6.100237738039482327e-01 -3.878507787393001283e-02
6.197528378324663745e-01 -3.804380009566635940e-02
6.295241618302156450e-01 -3.727024513637271219e-02
6.393366598302444581e-01 -3.645996167034985802e-02
6.491892412895989839e-01 -3.560861662051537091e-02
6.590808112105230876e-01 -3.471658179553616802e-02
6.690102702621547603e-01 -3.378704309999009531e-02
6.789765149027036095e-01 -3.282801585940725575e-02
6.889784375020977514e-01 -3.184895493129511618e-02
6.990149264650814542e-01 -3.085840641651187849e-02
7.090848663547572039e-01 -2.986286860733083914e-02
7.191871380165538730e-01 -2.886220788874020379e-02
7.293206187026060050e-01 -2.785410672044985256e-02
7.394841821965345563e-01 -2.683426589330190418e-02
7.496766989386134394e-01 -2.579923141977532447e-02
7.598970361513051053e-01 -2.474865131847089894e-02
7.701440579651563922e-01 -2.368454135058492560e-02
7.804166255450371015e-01 -2.261288721371689653e-02
7.907135972167069760e-01 -2.153995184227581322e-02
8.010338285937002034e-01 -2.047154500907182387e-02
8.113761727045106786e-01 -1.941045118223738708e-02
8.217394801200630372e-01 -1.835499707098147554e-02
8.321225990814590245e-01 -1.730173864275664358e-02
8.425243756279822138e-01 -1.624556182328342965e-02
8.529436537253458628e-01 -1.518359480261072259e-02
8.633792753941731402e-01 -1.411562268690566557e-02
8.738300808386934015e-01 -1.304494621509762371e-02
8.842949085756387495e-01 -1.197784593124732490e-02
8.947725955633289985e-01 -1.092016248657114684e-02
9.052619773309316109e-01 -9.877028595037291511e-03
9.157618881078770645e-01 -8.850188355418025024e-03
9.262711609534211021e-01 -7.839182545341123048e-03
9.367886278863364335e-01 -6.842858826205749923e-03
9.473131200147204556e-01 -5.859757405088277318e-03
9.578434676659028923e-01 -4.888716690050943017e-03
9.683785005164411430e-01 -3.928674120625489687e-03
9.789170477221889044e-01 -2.978365644288569290e-03
9.894579380484205267e-01 -2.036487194027629052e-03
9.999999999999998890e-01 -1.101900732503051979e-03
