9.999999999999998890e-01 9.878390810374323115e-04
9.894579380484205267e-01 2.718970759746613952e-03
9.789170477221889044e-01 4.675098536103015207e-03
9.683785005164411430e-01 6.828863259020289712e-03
9.578434676659028923e-01 9.028216335717448998e-03
9.473131200147204556e-01 1.114032653097884844e-02
9.367886278863364335e-01 1.315461939617332092e-02
9.262711609534211021e-01 1.508466429504855613e-02
9.157618881078770645e-01 1.695198895664313740e-02
9.052619773309316109e-01 1.877732832126408416e-02
8.947725955633289985e-01 2.057769496224764669e-02
8.842949085756387495e-01 2.236022334249191529e-02
8.738300808386934015e-01 2.411717055684383174e-02
8.633792753941731402e-01 2.584615556524539823e-02
8.529436537253458628e-01 2.755368049432091113e-02
8.425243756279822138e-01 2.924522052464580135e-02
8.321225990814590245e-01 3.092429002557254072e-02
8.217394801200630372e-01 3.259212454629786121e-02
8.113761727045106786e-01 3.424792407832290275e-02
8.010338285937002034e-01 3.589138271338895847e-02
7.907135972167069760e-01 3.752263847076749842e-02
7.804166255450371015e-01 3.914161770960911113e-02
7.701440579651563922e-01 4.074810090864681295e-02
7.598970361513051053e-01 4.234192376937095242e-02
7.496766989386134394e-01 4.392296902447611479e-02
7.394841821965345563e-01 4.549123097100936375e-02
7.293206187026060050e-01 4.704670664069628833e-02
7.191871380165538730e-01 4.858907159637979034e-02
7.090848663547572039e-01 5.011801583025388140e-02
6.990149264650814542e-01 5.163397456641728722e-02
6.889784375020977514e-01 5.313718978852249170e-02
6.789765149027036095e-01 5.462601152241264302e-02
6.690102702621547603e-01 5.609828297293285165e-02
6.590808112105230876e-01 5.755186397600602077e-02
6.491892412895989839e-01 5.898533464226919654e-02
6.393366598302444581e-01 6.039937894540632624e-02
6.295241618302156450e-01 6.179453770943793556e-02
6.197528378324663745e-01 6.317007069414545817e-02
6.100237738039482327e-01 6.452573860052131238e-02
6.003380510149177729e-01 6.586269313229352329e-02
5.906967459187653091e-01 6.718095975208199233e-02
5.811009300323815019e-01 6.847831977561388839e-02
5.715516698170692855e-01 6.975048354735333134e-02
5.620500265600203438e-01 7.099062663876226642e-02
5.525970562563653488e-01 7.219567327141626634e-02
5.431938094918128401e-01 7.336727743529969370e-02
5.338413313258880688e-01 7.450657119919044946e-02
5.245406611757882365e-01 7.561382884362861934e-02
5.152928327008634568e-01 7.668860522846947247e-02
5.060988736877365390e-01 7.773007938063619671e-02
4.969598059360780251e-01 7.874028338755698075e-02
4.878766451450451402e-01 7.972236674560299885e-02
4.788504008003974244e-01 8.066918380830885582e-02
4.698820760623064752e-01 8.156805463950428381e-02
4.609726676538650203e-01 8.241276856658862060e-02
4.521231657503131940e-01 8.320096272489024836e-02
4.433345538689928977e-01 8.393379399203974855e-02
4.346078087600411255e-01 8.461362360173096953e-02
4.259439002978354649e-01 8.524120579719764168e-02
4.173437913732044313e-01 8.581686717704185841e-02
4.088084377864137364e-01 8.634159960633308595e-02
4.003387881409395943e-01 8.681667718130704758e-02
3.919357837380436083e-01 8.724371084549520372e-02
3.836003584721576765e-01 8.762225570043244427e-02
3.753334387270930161e-01 8.794509653361436141e-02
3.671359432730831873e-01 8.820634995752581198e-02
3.590087831646743277e-01 8.840714121098457168e-02
3.509528616394713696e-01 8.854944429828939811e-02
3.429690740177547825e-01 8.863460753440316475e-02
3.350583076029753915e-01 8.866401144346784668e-02
3.272214415831418144e-01 8.863924565522737775e-02
3.194593469331089564e-01 8.856188436069185876e-02
3.117728863177794407e-01 8.843344551102944040e-02
3.041629139962280792e-01 8.825550409891232129e-02
2.966302757267624823e-01 8.802959920002652316e-02
2.891758086729252497e-01 8.775415624275312299e-02
2.818003413104546162e-01 8.742441653792666634e-02
2.745046933352085494e-01 8.703962806574271072e-02
2.672896755720651774e-01 8.660281129070074302e-02
2.601560898848094272e-01 8.611613269584027230e-02
2.531047290870154232e-01 8.558102954041851840e-02
2.461363768539343022e-01 8.499942872081274470e-02
2.392518076353984391e-01 8.437355354923831152e-02
2.324517865697500740e-01 8.370529179662428154e-02
2.257370693988056676e-01 8.299639393377687691e-02
2.191084023838638650e-01 8.224898501494944114e-02
2.125665222227673956e-01 8.146497336949988510e-02
2.061121559680280102e-01 8.064386639759520137e-02
1.997460209460230063e-01 7.978479615916062029e-02
1.934688246772731102e-01 7.888962390209833253e-02
1.872812647978095990e-01 7.796089275039320976e-02
1.811840289816407656e-01 7.700039973125465120e-02
1.751777948643248317e-01 7.600999514734299578e-02
1.692632299676588570e-01 7.499237553345226848e-02
1.634409916254914164e-01 7.394989862768071298e-02
1.577117269106679265e-01 7.288345600223548881e-02
1.520760725631161714e-01 7.179488465592827329e-02
1.465346549190801317e-01 7.068881331787277289e-02
1.410880898415101115e-01 6.956593822922571557e-02
1.357369826516168221e-01 6.841850292625668850e-02
1.304819280615971966e-01 6.724110706537402005e-02
1.253235101085391490e-01 6.603387099651505943e-02
1.202623020895129402e-01 6.479872950694255673e-02
1.152988664978553679e-01 6.353940777283886843e-02
1.104337549606562163e-01 6.225941919959587095e-02
1.056675081774507419e-01 6.096184289077168084e-02
1.010006558601274085e-01 5.964897680535973662e-02
9.643371667405697956e-02 5.832250602305610876e-02
9.196719818044885031e-02 5.698631733040762648e-02
8.760159677994161509e-02 5.564572200336537905e-02
8.333739765743386485e-02 5.430051553689386329e-02
7.917507472816209813e-02 5.294604627859430396e-02
7.511509058502996439e-02 5.157192432127071652e-02
7.115789644719716645e-02 5.016632252269483810e-02
6.730393210993146358e-02 4.873295291704180660e-02
6.355362589573076981e-02 4.728220525388506651e-02
5.990739460672012129e-02 4.581786782914956668e-02
5.636564347832906385e-02 4.434183283272637860e-02
5.292876613425423482e-02 4.286055750669693493e-02
4.959714454271368922e-02 4.138084171607898237e-02
4.637114897399441382e-02 3.990402726921361137e-02
4.325113795930202176e-02 3.843229787793919772e-02
4.023745825091396000e-02 3.697662270142928337e-02
3.733044478364233587e-02 3.554076549005890512e-02
3.453042063760936031e-02 3.410031912240878149e-02
3.183769700234129196e-02 3.263400404823349477e-02
2.925257314218321358e-02 3.114201698982813071e-02
2.677533636303963682e-02 2.963150484979447385e-02
2.440626198044326678e-02 2.811715944296078878e-02
2.214561328895736647e-02 2.660949469906584777e-02
1.999364153291383062e-02 2.510993812926285221e-02
1.795058587848985532e-02 2.361735780774578894e-02
1.601667338712764455e-02 2.212855999970855456e-02
1.419211899029970692e-02 2.065301699683177311e-02
1.247712546562085301e-02 1.921553810661379147e-02
1.087188341431266636e-02 1.782425635255276489e-02
9.376571240020115106e-03 1.646797493998320219e-02
7.991355128984078959e-03 1.512102859773381547e-02
6.716389031571567969e-03 1.374764282377622000e-02
5.551814645166519568e-03 1.233970031926228013e-02
4.497761398421062928e-03 1.091577076143390897e-02
3.554346436871580472e-03 9.558670327696579955e-03
2.721674609919344512e-03 8.362824863500954373e-03
1.999838459177394334e-03 7.166370402142698513e-03
1.388918208186096237e-03 5.715441844005454859e-03
8.889817534969424173e-04 4.073771578247523985e-03
5.000846571264760954e-04 2.452641555985745053e-03
2.222701403818971855e-04 1.103770233256811664e-03
5.556907905679420168e-05 2.555366258351543171e-04
0.000000000000000000e+00 -4.821996019975223566e-05
0.000000000000000000e+00 -9.266951128203654124e-05
5.556907905679420168e-05 -2.291240889931354897e-04
2.222701403818971855e-04 -6.315766007013648561e-04
5.000846571264760954e-04 -1.277097645570708260e-03
8.889817534969424173e-04 -2.128419933575457709e-03
1.388918208186096237e-03 -3.137115337642104162e-03
1.999838459177394334e-03 -4.232347738184688742e-03
2.721674609919344512e-03 -5.332701942434771303e-03
3.554346436871580472e-03 -6.342030227690729355e-03
4.497761398421062928e-03 -7.235967173598784920e-03
5.551814645166519568e-03 -8.128908533262467831e-03
6.716389031571567969e-03 -9.087838053601532060e-03
7.991355128984078959e-03 -1.008014620372133310e-02
9.376571240020115106e-03 -1.107547291333672163e-02
1.087188341431266636e-02 -1.205841221529451411e-02
1.247712546562085301e-02 -1.301798804236155641e-02
1.419211899029970692e-02 -1.394811008921704489e-02
1.601667338712764455e-02 -1.486519506117922260e-02
1.795058587848985532e-02 -1.580488923848820740e-02
1.999364153291383062e-02 -1.677233129848517204e-02
2.214561328895736647e-02 -1.774842762121042750e-02
2.440626198044326678e-02 -1.872461934596927544e-02
2.677533636303963682e-02 -1.969978470276592328e-02
2.925257314218321358e-02 -2.067138608594256202e-02
3.183769700234129196e-02 -2.163621661108333302e-02
3.453042063760936031e-02 -2.259276225663795629e-02
3.733044478364233587e-02 -2.353932085040181046e-02
4.023745825091396000e-02 -2.446778807440382064e-02
4.325113795930202176e-02 -2.536881410849886956e-02
4.637114897399441382e-02 -2.623982316862344399e-02
4.959714454271368922e-02 -2.708367338542609290e-02
5.292876613425423482e-02 -2.791711369088966527e-02
5.636564347832906385e-02 -2.875515163207972846e-02
5.990739460672012129e-02 -2.959323735420379270e-02
6.355362589573076981e-02 -3.042458047183245820e-02
6.730393210993146358e-02 -3.124858317801822508e-02
7.115789644719716645e-02 -3.206437017199512823e-02
7.511509058502996439e-02 -3.286764004821133428e-02
7.917507472816209813e-02 -3.365475263462011646e-02
8.333739765743386485e-02 -3.442443242775563433e-02
8.760159677994161509e-02 -3.517410093196167431e-02
9.196719818044885031e-02 -3.589852993384369528e-02
9.643371667405697956e-02 -3.659508260096037274e-02
1.010006558601274085e-01 -3.726532176755173453e-02
1.056675081774507419e-01 -3.791499927995354430e-02
1.104337549606562163e-01 -3.855421555722246540e-02
1.152988664978553679e-01 -3.918572468951117549e-02
1.202623020895129402e-01 -3.980469396621431899e-02
1.253235101085391490e-01 -4.040891915218627894e-02
1.304819280615971966e-01 -4.099861277835196299e-02
1.357369826516168221e-01 -4.157218466722973488e-02
1.410880898415101115e-01 -4.212682825285690713e-02
1.465346549190801317e-01 -4.266130315473033729e-02
1.520760725631161714e-01 -4.317509351671948437e-02
1.577117269106679265e-01 -4.366556611289840184e-02
1.634409916254914164e-01 -4.412963867889779096e-02
1.692632299676588570e-01 -4.456867332047428909e-02
1.751777948643248317e-01 -4.498596236679905380e-02
1.811840289816407656e-01 -4.538499824663451421e-02
1.872812647978095990e-01 -4.576842178980945752e-02
1.934688246772731102e-01 -4.613457288842651161e-02
1.997460209460230063e-01 -4.648101941607124532e-02
2.061121559680280102e-01 -4.680719105700875682e-02
2.125665222227673956e-01 -4.711263607072006809e-02
2.191084023838638650e-01 -4.739585966390442301e-02
2.257370693988056676e-01 -4.765544432232595579e-02
2.324517865697500740e-01 -4.789071470260148483e-02
2.392518076353984391e-01 -4.810071778798546277e-02
2.461363768539343022e-01 -4.828364627691751620e-02
2.531047290870154232e-01 -4.843905638606429975e-02
2.601560898848094272e-01 -4.856917952971362418e-02
2.672896755720651774e-01 -4.867521004744123497e-02
2.745046933352085494e-01 -4.875631833926599018e-02
2.818003413104546162e-01 -4.881169394803380746e-02
2.891758086729252497e-01 -4.884074175900322834e-02
2.966302757267624823e-01 -4.884204782981798471e-02
3.041629139962280792e-01 -4.881328461383412087e-02
3.117728863177794407e-01 -4.875198664424614664e-02
3.194593469331089564e-01 -4.865571958743383080e-02
3.272214415831418144e-01 -4.852379595211910729e-02
3.350583076029753915e-01 -4.835664525355419519e-02
3.429690740177547825e-01 -4.815190556280492945e-02
3.509528616394713696e-01 -4.790550002853846689e-02
3.590087831646743277e-01 -4.761454222666221259e-02
3.671359432730831873e-01 -4.727676256117226833e-02
3.753334387270930161e-01 -4.688949817280659016e-02
3.836003584721576765e-01 -4.645070284508592134e-02
3.919357837380436083e-01 -4.596326602912765430e-02
4.003387881409395943e-01 -4.543285772847528020e-02
4.088084377864137364e-01 -4.486969953741522243e-02
4.173437913732044313e-01 -4.428274454396605164e-02
4.259439002978354649e-01 -4.366970531686786144e-02
4.346078087600411255e-01 -4.302695924247434273e-02
4.433345538689928977e-01 -4.235631740539637369e-02
4.521231657503131940e-01 -4.166090154767672360e-02
4.609726676538650203e-01 -4.094424789473164600e-02
4.698820760623064752e-01 -4.020839845851734151e-02
4.788504008003974244e-01 -3.945172502169452117e-02
4.878766451450451402e-01 -3.867355385269676676e-02
4.969598059360780251e-01 -3.787613649434944801e-02
5.060988736877365390e-01 -3.706349384194679991e-02
5.152928327008634568e-01 -3.624192393540501267e-02
5.245406611757882365e-01 -3.541458460004813513e-02
5.338413313258880688e-01 -3.458003025864341690e-02
5.431938094918128401e-01 -3.373762452256500594e-02
5.525970562563653488e-01 -3.288805147896707581e-02
5.620500265600203438e-01 -3.203167255144581671e-02
5.715516698170692855e-01 -3.116844526049633579e-02
5.811009300323815019e-01 -3.029810132482180923e-02
5.906967459187653091e-01 -2.942029778258105702e-02
6.003380510149177729e-01 -2.853597353757841501e-02
6.100237738039482327e-01 -2.764700439595891776e-02
6.197528378324663745e-01 -2.675566264160313817e-02
6.295241618302156450e-01 -2.586419591971163626e-02
6.393366598302444581e-01 -2.497281862404508376e-02
6.491892412895989839e-01 -2.408087891920332110e-02
6.590808112105230876e-01 -2.318863017081026698e-02
6.690102702621547603e-01 -2.229660694846387001e-02
6.789765149027036095e-01 -2.140483470959085241e-02
6.889784375020977514e-01 -2.051321563058816286e-02
6.990149264650814542e-01 -1.962187842356328052e-02
7.090848663547572039e-01 -1.873187637663428773e-02
7.191871380165538730e-01 -1.784744772445453348e-02
7.293206187026060050e-01 -1.697237976761591105e-02
7.394841821965345563e-01 -1.610683628441443929e-02
7.496766989386134394e-01 -1.525055138499697809e-02
7.598970361513051053e-01 -1.440391366995260984e-02
7.701440579651563922e-01 -1.356727869649969505e-02
7.804166255450371015e-01 -1.274071859712892600e-02
7.907135972167069760e-01 -1.192434320794735769e-02
8.010338285937002034e-01 -1.111839123300206213e-02
8.113761727045106786e-01 -1.032306561329665757e-02
8.217394801200630372e-01 -9.538497304190710763e-03
8.321225990814590245e-01 -8.764829228807646463e-03
8.425243756279822138e-01 -8.002243148987548890e-03
8.529436537253458628e-01 -7.251341840019237019e-03
8.633792753941731402e-01 -6.513134018872796839e-03
8.738300808386934015e-01 -5.787982913729395641e-03
8.842949085756387495e-01 -5.075692443658830731e-03
8.947725955633289985e-01 -4.376514394810473996e-03
9.052619773309316109e-01 -3.690982996947962756e-03
9.157618881078770645e-01 -3.018869934562861540e-03
9.262711609534211021e-01 -2.359641781153091426e-03
9.367886278863364335e-01 -1.714384595351765503e-03
9.473131200147204556e-01 -1.084278322918968843e-03
9.578434676659028923e-01 -4.649389044342921344e-04
9.683785005164411430e-01 1.369789218617173355e-04
9.789170477221889044e-01 6.348031017018075390e-04
9.894579380484205267e-01 9.326446514249149295e-04
9.999999999999998890e-01 1.032604179708275722e-03
