9.999999999999998890e-01 3.000000487672726916e-03
9.894579380484205267e-01 5.664026330347463750e-03
9.789170477221889044e-01 8.257118577029928103e-03
9.683785005164411430e-01 1.078728672429398600e-02
9.578434676659028923e-01 1.326267285027830402e-02
9.473131200147204556e-01 1.569140018775706108e-02
9.367886278863364335e-01 1.808146668695950754e-02
9.262711609534211021e-01 2.044093246989822296e-02
9.157618881078770645e-01 2.277804390003246651e-02
9.052619773309316109e-01 2.510079869680168288e-02
8.947725955633289985e-01 2.741662053003741245e-02
8.842949085756387495e-01 2.972937466704906814e-02
8.738300808386934015e-01 3.203738005533417199e-02
8.633792753941731402e-01 3.433874384559071347e-02
8.529436537253458628e-01 3.663194378097590215e-02
8.425243756279822138e-01 3.891535015959857180e-02
8.321225990814590245e-01 4.118718945442653018e-02
8.217394801200630372e-01 4.344581822819968547e-02
8.113761727045106786e-01 4.568971475896218409e-02
8.010338285937002034e-01 4.791721036713796067e-02
7.907135972167069760e-01 5.012641871844424057e-02
7.804166255450371015e-01 5.231426549765248735e-02
7.701440579651563922e-01 5.447689394380816202e-02
7.598970361513051053e-01 5.661060776630022495e-02
7.496766989386134394e-01 5.871181621812619073e-02
7.394841821965345563e-01 6.077697645514304470e-02
7.293206187026060050e-01 6.280258202532094935e-02
7.191871380165538730e-01 6.478521775413517703e-02
7.090848663547572039e-01 6.672153502233889311e-02
6.990149264650814542e-01 6.860834578113476911e-02
6.889784375020977514e-01 7.044302170103998451e-02
6.789765149027036095e-01 7.222512745998400929e-02
6.690102702621547603e-01 7.395481371209071397e-02
6.590808112105230876e-01 7.563220742008285036e-02
6.491892412895989839e-01 7.725744127666608896e-02
6.393366598302444581e-01 7.883068037768943548e-02
6.295241618302156450e-01 8.035212170190011993e-02
6.197528378324663745e-01 8.182202527750742638e-02
6.100237738039482327e-01 8.324062641008714292e-02
6.003380510149177729e-01 8.460809553257829518e-02
5.906967459187653091e-01 8.592494982596701747e-02
5.811009300323815019e-01 8.719231235430852101e-02
5.715516698170692855e-01 8.841144984643851956e-02
5.620500265600203438e-01 8.958374946773069170e-02
5.525970562563653488e-01 9.071057683990048359e-02
5.431938094918128401e-01 9.179325909094267211e-02
5.338413313258880688e-01 9.283309074950459039e-02
5.245406611757882365e-01 9.383133905284009313e-02
5.152928327008634568e-01 9.478933390090804600e-02
5.060988736877365390e-01 9.570843997831647576e-02
4.969598059360780251e-01 9.658974783526540209e-02
4.878766451450451402e-01 9.743408423705721133e-02
4.788504008003974244e-01 9.824158218850609359e-02
4.698820760623064752e-01 9.901197484424539841e-02
4.609726676538650203e-01 9.974515994482903436e-02
4.521231657503131940e-01 1.004411261416462697e-01
4.433345538689928977e-01 1.010998898618203912e-01
4.346078087600411255e-01 1.017214732445957531e-01
4.259439002978354649e-01 1.023058653256698897e-01
4.173437913732044313e-01 1.028531010083112429e-01
4.088084377864137364e-01 1.033634844366601580e-01
4.003387881409395943e-01 1.038372190607359663e-01
3.919357837380436083e-01 1.042738183252599621e-01
3.836003584721576765e-01 1.046723153078388119e-01
3.753334387270930161e-01 1.050307463511983286e-01
3.671359432730831873e-01 1.053471324656545527e-01
3.590087831646743277e-01 1.056199718211226213e-01
3.509528616394713696e-01 1.058478529138765223e-01
3.429690740177547825e-01 1.060293940681845404e-01
3.350583076029753915e-01 1.061633549523686160e-01
3.272214415831418144e-01 1.062487472404771705e-01
3.194593469331089564e-01 1.062846605725557697e-01
3.117728863177794407e-01 1.062702680528876398e-01
3.041629139962280792e-01 1.062049390912276625e-01
2.966302757267624823e-01 1.060882496494044425e-01
2.891758086729252497e-01 1.059187648540352439e-01
2.818003413104546162e-01 1.056939416725480169e-01
2.745046933352085494e-01 1.054113725161522908e-01
2.672896755720651774e-01 1.050688473467398520e-01
2.601560898848094272e-01 1.046644853282332477e-01
2.531047290870154232e-01 1.041966807255087502e-01
2.461363768539343022e-01 1.036641297543380025e-01
2.392518076353984391e-01 1.030657518697985636e-01
2.324517865697500740e-01 1.024007557895232623e-01
2.257370693988056676e-01 1.016685542966859757e-01
2.191084023838638650e-01 1.008689209294481026e-01
2.125665222227673956e-01 1.000018214102615793e-01
2.061121559680280102e-01 9.906739303443808098e-02
1.997460209460230063e-01 9.806598206221486813e-02
1.934688246772731102e-01 9.699866268789605894e-02
1.872812647978095990e-01 9.586690830462522850e-02
1.811840289816407656e-01 9.467289794526639879e-02
1.751777948643248317e-01 9.341897884296238019e-02
1.692632299676588570e-01 9.210744630438179315e-02
1.634409916254914164e-01 9.074067552647301083e-02
1.577117269106679265e-01 8.932129901528944316e-02
1.520760725631161714e-01 8.785195524006433887e-02
1.465346549190801317e-01 8.633518757985673975e-02
1.410880898415101115e-01 8.477315781709686415e-02
1.357369826516168221e-01 8.316730841849200029e-02
1.304819280615971966e-01 8.151917811120495960e-02
1.253235101085391490e-01 7.983060545551461107e-02
1.202623020895129402e-01 7.810363626539930382e-02
1.152988664978553679e-01 7.634056613387124601e-02
1.104337549606562163e-01 7.454375275693377045e-02
1.056675081774507419e-01 7.271562409291594531e-02
1.010006558601274085e-01 7.085903713266684945e-02
9.643371667405697956e-02 6.897755355607237959e-02
9.196719818044885031e-02 6.707955157098521859e-02
8.760159677994161509e-02 6.517728599298394654e-02
8.333739765743386485e-02 6.328176255210338219e-02
7.917507472816209813e-02 6.140288008552653720e-02
7.511509058502996439e-02 5.954898566641186192e-02
7.115789644719716645e-02 5.772556050115281584e-02
6.730393210993146358e-02 5.592186583676290318e-02
6.355362589573076981e-02 5.412008976623727124e-02
5.990739460672012129e-02 5.230843828920907906e-02
5.636564347832906385e-02 5.047754089693964191e-02
5.292876613425423482e-02 4.861765414020429582e-02
4.959714454271368922e-02 4.672195318517511492e-02
4.637114897399441382e-02 4.479731888583294436e-02
4.325113795930202176e-02 4.285654836714639787e-02
4.023745825091396000e-02 4.092008178896937992e-02
3.733044478364233587e-02 3.900807979642172130e-02
3.453042063760936031e-02 3.713445396823007033e-02
3.183769700234129196e-02 3.531122108303889201e-02
2.925257314218321358e-02 3.354860520068706636e-02
2.677533636303963682e-02 3.185580863414252950e-02
2.440626198044326678e-02 3.024023201657254079e-02
2.214561328895736647e-02 2.868848602172126977e-02
1.999364153291383062e-02 2.715110060556832905e-02
1.795058587848985532e-02 2.558548354650494808e-02
1.601667338712764455e-02 2.396498152983668820e-02
1.419211899029970692e-02 2.227461436345275561e-02
1.247712546562085301e-02 2.051267930156166000e-02
1.087188341431266636e-02 1.868578936427011533e-02
9.376571240020115106e-03 1.680874335793379817e-02
7.991355128984078959e-03 1.490222538679024204e-02
6.716389031571567969e-03 1.299200538524857354e-02
5.551814645166519568e-03 1.110678611033973258e-02
4.497761398421062928e-03 9.277380740065746534e-03
3.554346436871580472e-03 7.535115302005437367e-03
2.721674609919344512e-03 5.911393605969232287e-03
1.999838459177394334e-03 4.435699788862967549e-03
1.388918208186096237e-03 3.135986361312658507e-03
8.889817534969424173e-04 2.036460269978419748e-03
5.000846571264760954e-04 1.158761372509494510e-03
2.222701403818971855e-04 5.190880461875637709e-04
5.556907905679420168e-05 1.304442063308930855e-04
0.000000000000000000e+00 -2.465154992858107964e-09
0.000000000000000000e+00 3.377501497938617143e-09
5.556907905679420168e-05 -1.073429276166450804e-04
2.222701403818971855e-04 -4.258342676891004215e-04
5.000846571264760954e-04 -9.460836395583664595e-04
8.889817534969424173e-04 -1.651023384561855611e-03
1.388918208186096237e-03 -2.519421547483332094e-03
1.999838459177394334e-03 -3.522993364806488708e-03
2.721674609919344512e-03 -4.630124178663610167e-03
3.554346436871580472e-03 -5.804339929226279629e-03
4.497761398421062928e-03 -7.007321292509111066e-03
5.551814645166519568e-03 -8.198528093966324370e-03
6.716389031571567969e-03 -9.337624630543675530e-03
7.991355128984078959e-03 -1.038507094506613271e-02
9.376571240020115106e-03 -1.130463324471449663e-02
1.087188341431266636e-02 -1.206462848354951378e-02
1.247712546562085301e-02 -1.264005528853126732e-02
1.419211899029970692e-02 -1.301366497927622726e-02
1.601667338712764455e-02 -1.318054798074038553e-02
1.795058587848985532e-02 -1.314814991890403580e-02
1.999364153291383062e-02 -1.294016294989730129e-02
2.214561328895736647e-02 -1.259513368084534679e-02
2.440626198044326678e-02 -1.217904274973406580e-02
2.677533636303963682e-02 -1.177125847761357862e-02
2.925257314218321358e-02 -1.140329120241917633e-02
3.183769700234129196e-02 -1.107842522712053530e-02
3.453042063760936031e-02 -1.079277791154523505e-02
3.733044478364233587e-02 -1.053917059863541082e-02
4.023745825091396000e-02 -1.031014065263159869e-02
4.325113795930202176e-02 -1.009660803987059291e-02
4.637114897399441382e-02 -9.881533253768037470e-03
4.959714454271368922e-02 -9.646533249953027564e-03
5.292876613425423482e-02 -9.378692409740161176e-03
5.636564347832906385e-02 -9.070802796328068796e-03
5.990739460672012129e-02 -8.730711753425348526e-03
6.355362589573076981e-02 -8.369008723585671244e-03
6.730393210993146358e-02 -7.994509177226525459e-03
7.115789644719716645e-02 -7.618043956593136858e-03
7.511509058502996439e-02 -7.256102159620472607e-03
7.917507472816209813e-02 -6.919652887242642297e-03
8.333739765743386485e-02 -6.606705779332677428e-03
8.760159677994161509e-02 -6.312293440723595710e-03
9.196719818044885031e-02 -6.029028924584100765e-03
9.643371667405697956e-02 -5.748094979649276230e-03
1.010006558601274085e-01 -5.459093781844346141e-03
1.056675081774507419e-01 -5.155838261228072421e-03
1.104337549606562163e-01 -4.837419163840158375e-03
1.152988664978553679e-01 -4.504294688848667176e-03
1.202623020895129402e-01 -4.157984534691986853e-03
1.253235101085391490e-01 -3.799836111164706359e-03
1.304819280615971966e-01 -3.431036200104109653e-03
1.357369826516168221e-01 -3.053156041818889943e-03
1.410880898415101115e-01 -2.668069285946440047e-03
1.465346549190801317e-01 -2.277867779397363315e-03
1.520760725631161714e-01 -1.884735713614537700e-03
1.577117269106679265e-01 -1.490543487766335991e-03
1.634409916254914164e-01 -1.097004540261273383e-03
1.692632299676588570e-01 -7.058596631109211863e-04
1.751777948643248317e-01 -3.188819598561496663e-04
1.811840289816407656e-01 6.204085647505414979e-05
1.872812647978095990e-01 4.348902918331849017e-04
1.934688246772731102e-01 7.972256881599484434e-04
1.997460209460230063e-01 1.146673069195608191e-03
2.061121559680280102e-01 1.481589368147280626e-03
2.125665222227673956e-01 1.800874345943941513e-03
2.191084023838638650e-01 2.104591554944854233e-03
2.257370693988056676e-01 2.392951117570404733e-03
2.324517865697500740e-01 2.665944386315444864e-03
2.392518076353984391e-01 2.923628447922486159e-03
2.461363768539343022e-01 3.166281532589890983e-03
2.531047290870154232e-01 3.394218124766219119e-03
2.601560898848094272e-01 3.607766951996298731e-03
2.672896755720651774e-01 3.807334662285009278e-03
2.745046933352085494e-01 3.993446390328572737e-03
2.818003413104546162e-01 4.166683355598351998e-03
2.891758086729252497e-01 4.327689279191262138e-03
2.966302757267624823e-01 4.477191376732229770e-03
3.041629139962280792e-01 4.615991229392950659e-03
3.117728863177794407e-01 4.744652263149035792e-03
3.194593469331089564e-01 4.863519082921412100e-03
3.272214415831418144e-01 4.972988458068962336e-03
3.350583076029753915e-01 5.073506264971994195e-03
3.429690740177547825e-01 5.165546311045318868e-03
3.509528616394713696e-01 5.249610145423386914e-03
3.590087831646743277e-01 5.326296502619583435e-03
3.671359432730831873e-01 5.396253280505374297e-03
3.753334387270930161e-01 5.460099202800884968e-03
3.836003584721576765e-01 5.518479039540040258e-03
3.919357837380436083e-01 5.572282241228531524e-03
4.003387881409395943e-01 5.622366352946677262e-03
4.088084377864137364e-01 5.668956006182977909e-03
4.173437913732044313e-01 5.711930392060138306e-03
4.259439002978354649e-01 5.750562422346114540e-03
4.346078087600411255e-01 5.784013673205069123e-03
4.433345538689928977e-01 5.811603990838966685e-03
4.521231657503131940e-01 5.832637189870195846e-03
4.609726676538650203e-01 5.846276057351255766e-03
4.698820760623064752e-01 5.851685791433933713e-03
4.788504008003974244e-01 5.848094798352643404e-03
4.878766451450451402e-01 5.834660692375091481e-03
4.969598059360780251e-01 5.810388312180305576e-03
5.060988736877365390e-01 5.774538331651667133e-03
5.152928327008634568e-01 5.726825240058971457e-03
5.245406611757882365e-01 5.667171597345145063e-03
5.338413313258880688e-01 5.595727619569659458e-03
5.431938094918128401e-01 5.512598451078874404e-03
5.525970562563653488e-01 5.417820566917617292e-03
5.620500265600203438e-01 5.311502627750858303e-03
5.715516698170692855e-01 5.193823620015287565e-03
5.811009300323815019e-01 5.064887687321410412e-03
5.906967459187653091e-01 4.924752046916184602e-03
6.003380510149177729e-01 4.773703391954248372e-03
6.100237738039482327e-01 4.612309285702057698e-03
6.197528378324663745e-01 4.442363776655357602e-03
6.295241618302156450e-01 4.266366714105619858e-03
6.393366598302444581e-01 4.086717645190799351e-03
6.491892412895989839e-01 3.905791829992244241e-03
6.590808112105230876e-01 3.726162457813197819e-03
6.690102702621547603e-01 3.550472210622462009e-03
6.789765149027036095e-01 3.381298861115469758e-03
6.889784375020977514e-01 3.221268652099759829e-03
6.990149264650814542e-01 3.073325462292985158e-03
7.090848663547572039e-01 2.939473376747473235e-03
7.191871380165538730e-01 2.817908602974188419e-03
7.293206187026060050e-01 2.705859001663308509e-03
7.394841821965345563e-01 2.600284498612207094e-03
7.496766989386134394e-01 2.498065989616912990e-03
7.598970361513051053e-01 2.396013513053606766e-03
7.701440579651563922e-01 2.290962461013659659e-03
7.804166255450371015e-01 2.179822192551872113e-03
7.907135972167069760e-01 2.059276466117425548e-03
8.010338285937002034e-01 1.925634344811954449e-03
8.113761727045106786e-01 1.777281462119754485e-03
8.217394801200630372e-01 1.615747902573633514e-03
8.321225990814590245e-01 1.443117241844758467e-03
8.425243756279822138e-01 1.261847546421544482e-03
8.529436537253458628e-01 1.074420751041568539e-03
8.633792753941731402e-01 8.833111989625985804e-04
8.738300808386934015e-01 6.908439212699195222e-04
8.842949085756387495e-01 4.992527220953873329e-04
8.947725955633289985e-01 3.113614161407758261e-04
9.052619773309316109e-01 1.296744606656020514e-04
9.157618881078770645e-01 -5.190941936620117615e-05
9.262711609534211021e-01 -2.450313038867036079e-04
9.367886278863364335e-01 -4.623884905573143254e-04
9.473131200147204556e-01 -7.171422271949993987e-04
9.578434676659028923e-01 -1.022097425938713793e-03
9.683785005164411430e-01 -1.389940479673024056e-03
9.789170477221889044e-01 -1.833599776680485110e-03
9.894579380484205267e-01 -2.366043367974076956e-03
9.999999999999998890e-01 -2.999999080119399985e-03
