9.999999999999998890e-01 1.500001981006348576e-03
9.894579380484205267e-01 4.733741675880956748e-03
9.789170477221889044e-01 7.686835075100316092e-03
9.683785005164411430e-01 1.039229603730716829e-02
9.578434676659028923e-01 1.288367429892151375e-02
9.473131200147204556e-01 1.519444142422419174e-02
9.367886278863364335e-01 1.735755715389268941e-02
9.262711609534211021e-01 1.940623311450634381e-02
9.157618881078770645e-01 2.137443701879038205e-02
9.052619773309316109e-01 2.329512005489492443e-02
8.947725955633289985e-01 2.519892327851188177e-02
8.842949085756387495e-01 2.710419986288854777e-02
8.738300808386934015e-01 2.901021019982959193e-02
8.633792753941731402e-01 3.091556499914602935e-02
8.529436537253458628e-01 3.282025457230978993e-02
8.425243756279822138e-01 3.472383818782729531e-02
8.321225990814590245e-01 3.662529746694521277e-02
8.217394801200630372e-01 3.852394558749415443e-02
8.113761727045106786e-01 4.041941750178569548e-02
8.010338285937002034e-01 4.231098728960844962e-02
7.907135972167069760e-01 4.419750754710262408e-02
7.804166255450371015e-01 4.607632231134611844e-02
7.701440579651563922e-01 4.794378089657544417e-02
7.598970361513051053e-01 4.979639813651934310e-02
7.496766989386134394e-01 5.163079873052363322e-02
7.394841821965345563e-01 5.344364885316415376e-02
7.293206187026060050e-01 5.523164148553567909e-02
7.191871380165538730e-01 5.699151906747387808e-02
7.090848663547572039e-01 5.872008770355182511e-02
6.990149264650814542e-01 6.041438580564594679e-02
6.889784375020977514e-01 6.207211847323671622e-02
6.789765149027036095e-01 6.369354467369400807e-02
6.690102702621547603e-01 6.527956272636824264e-02
6.590808112105230876e-01 6.683089016592329290e-02
6.491892412895989839e-01 6.834824388111729321e-02
6.393366598302444581e-01 6.983245682843415569e-02
6.295241618302156450e-01 7.128432478315070708e-02
6.197528378324663745e-01 7.270450201947054047e-02
6.100237738039482327e-01 7.409373949664697923e-02
6.003380510149177729e-01 7.545301586238184477e-02
5.906967459187653091e-01 7.678241119306042362e-02
5.811009300323815019e-01 7.808042506576243214e-02
5.715516698170692855e-01 7.934527648415612422e-02
5.620500265600203438e-01 8.057500632483248493e-02
5.525970562563653488e-01 8.176775798285419727e-02
5.431938094918128401e-01 8.292181904886526678e-02
5.338413313258880688e-01 8.403557579612130901e-02
5.245406611757882365e-01 8.510750441396570942e-02
5.152928327008634568e-01 8.613605059740235548e-02
5.060988736877365390e-01 8.711966809565546699e-02
4.969598059360780251e-01 8.805732561478805953e-02
4.878766451450451402e-01 8.894846432891445609e-02
4.788504008003974244e-01 8.979359926669792935e-02
4.698820760623064752e-01 9.059385860385024691e-02
4.609726676538650203e-01 9.135007357322291743e-02
4.521231657503131940e-01 9.206295573782184716e-02
4.433345538689928977e-01 9.273347037556219086e-02
4.346078087600411255e-01 9.336263598539520925e-02
4.259439002978354649e-01 9.395115618620762665e-02
4.173437913732044313e-01 9.449974813530934159e-02
4.088084377864137364e-01 9.500971332742794151e-02
4.003387881409395943e-01 9.548206148733945353e-02
3.919357837380436083e-01 9.591602300116887359e-02
3.836003584721576765e-01 9.630981951429071208e-02
3.753334387270930161e-01 9.665983136423479671e-02
3.671359432730831873e-01 9.696240119026225401e-02
3.590087831646743277e-01 9.721472839362993446e-02
3.509528616394713696e-01 9.741415476824480391e-02
3.429690740177547825e-01 9.755803205607865847e-02
3.350583076029753915e-01 9.764392435130922476e-02
3.272214415831418144e-01 9.766978344743346141e-02
3.194593469331089564e-01 9.763371892832822807e-02
3.117728863177794407e-01 9.753402420662661554e-02
3.041629139962280792e-01 9.736919753201053740e-02
2.966302757267624823e-01 9.713808123928145688e-02
2.891758086729252497e-01 9.684220893715608791e-02
2.818003413104546162e-01 9.648601685655633364e-02
2.745046933352085494e-01 9.607390974310921206e-02
2.672896755720651774e-01 9.561012373095316430e-02
2.601560898848094272e-01 9.509881560257098243e-02
2.531047290870154232e-01 9.454405791570104356e-02
2.461363768539343022e-01 9.394959775127191548e-02
2.392518076353984391e-01 9.331898737067720329e-02
2.324517865697500740e-01 9.265593173889842549e-02
2.257370693988056676e-01 9.196411312348752587e-02
2.191084023838638650e-01 9.124639349820372336e-02
2.125665222227673956e-01 9.050546136619967708e-02
2.061121559680280102e-01 8.974525416691166158e-02
1.997460209460230063e-01 8.896910561472688717e-02
1.934688246772731102e-01 8.817488602816435372e-02
1.872812647978095990e-01 8.735783854464024278e-02
1.811840289816407656e-01 8.650944722496754780e-02
1.751777948643248317e-01 8.562106289379967095e-02
1.692632299676588570e-01 8.468692534782830406e-02
1.634409916254914164e-01 8.370174804102692434e-02
1.577117269106679265e-01 8.265984121582908850e-02
1.520760725631161714e-01 8.155674328537630691e-02
1.465346549190801317e-01 8.039106948634881789e-02
1.410880898415101115e-01 7.916493858503638459e-02
1.357369826516168221e-01 7.788646769170498585e-02
1.304819280615971966e-01 7.656381044851114093e-02
1.253235101085391490e-01 7.520402465376216372e-02
1.202623020895129402e-01 7.381362987836398437e-02
1.152988664978553679e-01 7.239855410545675829e-02
1.104337549606562163e-01 7.096506751284242798e-02
1.056675081774507419e-01 6.951977927564420567e-02
1.010006558601274085e-01 6.806684425273963612e-02
9.643371667405697956e-02 6.660717809333077666e-02
9.196719818044885031e-02 6.512813661370159268e-02
8.760159677994161509e-02 6.360625829918981067e-02
8.333739765743386485e-02 6.202228007775312246e-02
7.917507472816209813e-02 6.036066200564010886e-02
7.511509058502996439e-02 5.861158845873761652e-02
7.115789644719716645e-02 5.677247581024895406e-02
6.730393210993146358e-02 5.487299125386814469e-02
6.355362589573076981e-02 5.295658259232818854e-02
5.990739460672012129e-02 5.105290081711824635e-02
5.636564347832906385e-02 4.918674289952331552e-02
5.292876613425423482e-02 4.738756572377986198e-02
4.959714454271368922e-02 4.567821971577451512e-02
4.637114897399441382e-02 4.404469213637716984e-02
4.325113795930202176e-02 4.245900271106946983e-02
4.023745825091396000e-02 4.087981284918943553e-02
3.733044478364233587e-02 3.926852579257279069e-02
3.453042063760936031e-02 3.760434498486001781e-02
3.183769700234129196e-02 3.587158109640738168e-02
2.925257314218321358e-02 3.405892950829893934e-02
2.677533636303963682e-02 3.215983164489783636e-02
2.440626198044326678e-02 3.017638114449057093e-02
2.214561328895736647e-02 2.811944771821602018e-02
1.999364153291383062e-02 2.601343048719834128e-02
1.795058587848985532e-02 2.388284540052088012e-02
1.601667338712764455e-02 2.175030003783143262e-02
1.419211899029970692e-02 1.963685368752520616e-02
1.247712546562085301e-02 1.756177085551176992e-02
1.087188341431266636e-02 1.554288498488038892e-02
9.376571240020115106e-03 1.359656571732964329e-02
7.991355128984078959e-03 1.173774381028978853e-02
6.716389031571567969e-03 9.980038270339995285e-03
5.551814645166519568e-03 8.335695789643009571e-03
4.497761398421062928e-03 6.815849222059411350e-03
3.554346436871580472e-03 5.430281360963292586e-03
2.721674609919344512e-03 4.187794351259110232e-03
1.999838459177394334e-03 3.095875559156141196e-03
1.388918208186096237e-03 2.161148966629610011e-03
8.889817534969424173e-04 1.388960233155622694e-03
5.000846571264760954e-04 7.838762572617392291e-04
2.222701403818971855e-04 3.491758629458315629e-04
5.556907905679420168e-05 8.742299202831740695e-05
0.000000000000000000e+00 -4.944466351852814119e-10
0.000000000000000000e+00 1.728764710787737153e-09
5.556907905679420168e-05 -5.982345718607555050e-05
2.222701403818971855e-04 -2.374687874792069621e-04
5.000846571264760954e-04 -5.280838013198348602e-04
8.889817534969424173e-04 -9.228408481630871480e-04
1.388918208186096237e-03 -1.410733903663331616e-03
1.999838459177394334e-03 -1.977044595751945022e-03
2.721674609919344512e-03 -2.605260969210709387e-03
3.554346436871580472e-03 -3.276219541304243102e-03
4.497761398421062928e-03 -3.969643678561389499e-03
5.551814645166519568e-03 -4.663839985636047958e-03
6.716389031571567969e-03 -5.336966198929864180e-03
7.991355128984078959e-03 -5.967224400291276827e-03
9.376571240020115106e-03 -6.534081737874687310e-03
1.087188341431266636e-02 -7.018789299388215712e-03
1.247712546562085301e-02 -7.405495225343763400e-03
1.419211899029970692e-02 -7.681726915953266191e-03
1.601667338712764455e-02 -7.840424950099650347e-03
1.795058587848985532e-02 -7.879975309761396221e-03
1.999364153291383062e-02 -7.806274472145757586e-03
2.214561328895736647e-02 -7.632040277561147334e-03
2.440626198044326678e-02 -7.382003275454241710e-03
2.677533636303963682e-02 -7.087134440339841121e-03
2.925257314218321358e-02 -6.761224317293365767e-03
3.183769700234129196e-02 -6.408459661757885499e-03
3.453042063760936031e-02 -6.034757044381497577e-03
3.733044478364233587e-02 -5.647096745005581418e-03
4.023745825091396000e-02 -5.253675565489245025e-03
4.325113795930202176e-02 -4.864252649040072020e-03
4.637114897399441382e-02 -4.494287286451451556e-03
4.959714454271368922e-02 -4.159502194900357823e-03
5.292876613425423482e-02 -3.868684361260845295e-03
5.636564347832906385e-02 -3.623718762461911047e-03
5.990739460672012129e-02 -3.408595522492283755e-03
6.355362589573076981e-02 -3.203515754641584126e-03
6.730393210993146358e-02 -2.989228412455646484e-03
7.115789644719716645e-02 -2.742408005020109760e-03
7.511509058502996439e-02 -2.429646309597802405e-03
7.917507472816209813e-02 -2.029359621091709857e-03
8.333739765743386485e-02 -1.547108408306531978e-03
8.760159677994161509e-02 -9.949448415505054901e-04
9.196719818044885031e-02 -3.904293287642897976e-04
9.643371667405697956e-02 2.456466931089168579e-04
1.010006558601274085e-01 8.889218864361458222e-04
1.056675081774507419e-01 1.524370747052303417e-03
1.104337549606562163e-01 2.148668336275306925e-03
1.152988664978553679e-01 2.761351544779882660e-03
1.202623020895129402e-01 3.364130610856311179e-03
1.253235101085391490e-01 3.958204259161683322e-03
1.304819280615971966e-01 4.544297670859941476e-03
1.357369826516168221e-01 5.123809056804799582e-03
1.410880898415101115e-01 5.698665233333015563e-03
1.465346549190801317e-01 6.271117852079609659e-03
1.520760725631161714e-01 6.843472687484788465e-03
1.577117269106679265e-01 7.416859863167539653e-03
1.634409916254914164e-01 7.991751057141815648e-03
1.692632299676588570e-01 8.568214883517111247e-03
1.751777948643248317e-01 9.146179657158318155e-03
1.811840289816407656e-01 9.725739920652742149e-03
1.872812647978095990e-01 1.030708756592356098e-02
1.934688246772731102e-01 1.089059391710203370e-02
1.997460209460230063e-01 1.147652372395207426e-02
2.061121559680280102e-01 1.206453009436310279e-02
2.125665222227673956e-01 1.265379834819512460e-02
2.191084023838638650e-01 1.324249692865323361e-02
2.257370693988056676e-01 1.382863277594441158e-02
2.324517865697500740e-01 1.441031605941381875e-02
2.392518076353984391e-01 1.498555569451267590e-02
2.461363768539343022e-01 1.555210235843650785e-02
2.531047290870154232e-01 1.610762704903204168e-02
2.601560898848094272e-01 1.664971555259941310e-02
2.672896755720651774e-01 1.717583618077631741e-02
2.745046933352085494e-01 1.768328851767117862e-02
2.818003413104546162e-01 1.816926908232644258e-02
2.891758086729252497e-01 1.863085511565957045e-02
2.966302757267624823e-01 1.906499552246777862e-02
3.041629139962280792e-01 1.946859749616871096e-02
3.117728863177794407e-01 1.984034133824180354e-02
3.194593469331089564e-01 2.018054916606058097e-02
3.272214415831418144e-01 2.048970448372840203e-02
3.350583076029753915e-01 2.076837786764268098e-02
3.429690740177547825e-01 2.101724884495292933e-02
3.509528616394713696e-01 2.123707957798913470e-02
3.590087831646743277e-01 2.142875424317394056e-02
3.671359432730831873e-01 2.159323838866596817e-02
3.753334387270930161e-01 2.173161325086056875e-02
3.836003584721576765e-01 2.184503600334460754e-02
3.919357837380436083e-01 2.193480759352642306e-02
4.003387881409395943e-01 2.200230327310287795e-02
4.088084377864137364e-01 2.204899761578623524e-02
4.173437913732044313e-01 2.207644049429392449e-02
4.259439002978354649e-01 2.208636481508923638e-02
4.346078087600411255e-01 2.208055936818395515e-02
4.433345538689928977e-01 2.206084153182983135e-02
4.521231657503131940e-01 2.202914715225726475e-02
4.609726676538650203e-01 2.198772957784728838e-02
4.698820760623064752e-01 2.193879524064002925e-02
4.788504008003974244e-01 2.188431289371489327e-02
4.878766451450451402e-01 2.182666077749392461e-02
4.969598059360780251e-01 2.176906116646291564e-02
5.060988736877365390e-01 2.171299226094453375e-02
5.152928327008634568e-01 2.165687714166693659e-02
5.245406611757882365e-01 2.159776376423513250e-02
5.338413313258880688e-01 2.153119632803422723e-02
5.431938094918128401e-01 2.145282080736115107e-02
5.525970562563653488e-01 2.135852215136065796e-02
5.620500265600203438e-01 2.124401192869370542e-02
5.715516698170692855e-01 2.110479915825788297e-02
5.811009300323815019e-01 2.093607658644551159e-02
5.906967459187653091e-01 2.073283275940917061e-02
6.003380510149177729e-01 2.049072187587472338e-02
6.100237738039482327e-01 2.020634739386801756e-02
6.197528378324663745e-01 1.988123817878719585e-02
6.295241618302156450e-01 1.951974281150434948e-02
6.393366598302444581e-01 1.912566812563334939e-02
6.491892412895989839e-01 1.870261288244006934e-02
6.590808112105230876e-01 1.825468835080713489e-02
6.690102702621547603e-01 1.778619353891271182e-02
6.789765149027036095e-01 1.730129978615929306e-02
6.889784375020977514e-01 1.680423327080761767e-02
6.990149264650814542e-01 1.629966309112155370e-02
7.090848663547572039e-01 1.579139002725203980e-02
7.191871380165538730e-01 1.527954121840332212e-02
7.293206187026060050e-01 1.476332532251351318e-02
7.394841821965345563e-01 1.424174058613989109e-02
7.496766989386134394e-01 1.371374686899288521e-02
7.598970361513051053e-01 1.317830826900158632e-02
7.701440579651563922e-01 1.263441786995298660e-02
7.804166255450371015e-01 1.208112688064330066e-02
7.907135972167069760e-01 1.151735726544345431e-02
8.010338285937002034e-01 1.094181605953255254e-02
8.113761727045106786e-01 1.035457210169338227e-02
8.217394801200630372e-01 9.757752509577428610e-03
8.321225990814590245e-01 9.153875891264706688e-03
8.425243756279822138e-01 8.545741474760377640e-03
8.529436537253458628e-01 7.936141372809644989e-03
8.633792753941731402e-01 7.327840572037198387e-03
8.738300808386934015e-01 6.723583374563545101e-03
8.842949085756387495e-01 6.126112334813350185e-03
8.947725955633289985e-01 5.538392347937061595e-03
9.052619773309316109e-01 4.963267563918185958e-03
9.157618881078770645e-01 4.400344223931478872e-03
9.262711609534211021e-01 3.847143930711224152e-03
9.367886278863364335e-01 3.300788236685278827e-03
9.473131200147204556e-01 2.758222991509904406e-03
9.578434676659028923e-01 2.216529986537219606e-03
9.683785005164411430e-01 1.672834978877532196e-03
9.789170477221889044e-01 1.124164030045159699e-03
9.894579380484205267e-01 5.675232764442605026e-04
9.999999999999998890e-01 3.491286035955483423e-10
