9.999999999999998890e-01 -9.999861444007224418e-06
9.894579380484205267e-01 4.714664584636874857e-03
9.789170477221889044e-01 9.262809065631814540e-03
9.683785005164411430e-01 1.363856966856924480e-02
9.578434676659028923e-01 1.784621473378453921e-02
9.473131200147204556e-01 2.189004902187961094e-02
9.367886278863364335e-01 2.577440271408445657e-02
9.262711609534211021e-01 2.950367608740914194e-02
9.157618881078770645e-01 3.308241785929886408e-02
9.052619773309316109e-01 3.651512547601400843e-02
8.947725955633289985e-01 3.980620239649117903e-02
8.842949085756387495e-01 4.296270571271256639e-02
8.738300808386934015e-01 4.599592674527757524e-02
8.633792753941731402e-01 4.891756597367517140e-02
8.529436537253458628e-01 5.173936809383347657e-02
8.425243756279822138e-01 5.447306901096406889e-02
8.321225990814590245e-01 5.713037880140217628e-02
8.217394801200630372e-01 5.972274543467113311e-02
8.113761727045106786e-01 6.226139177522079654e-02
8.010338285937002034e-01 6.475790248785388836e-02
7.907135972167069760e-01 6.722359484105222549e-02
7.804166255450371015e-01 6.966279028575188270e-02
7.701440579651563922e-01 7.207500374867391313e-02
7.598970361513051053e-01 7.445893139213290157e-02
7.496766989386134394e-01 7.681290546649953421e-02
7.394841821965345563e-01 7.913565085114626640e-02
7.293206187026060050e-01 8.142604775350677226e-02
7.191871380165538730e-01 8.368276279579557608e-02
7.090848663547572039e-01 8.590444237869218624e-02
6.990149264650814542e-01 8.809007315198302823e-02
6.889784375020977514e-01 9.023849258865571099e-02
6.789765149027036095e-01 9.234741069493659915e-02
6.690102702621547603e-01 9.441418537762809315e-02
6.590808112105230876e-01 9.643600587871875573e-02
6.491892412895989839e-01 9.841006060243426279e-02
6.393366598302444581e-01 1.003336460461803636e-01
6.295241618302156450e-01 1.022041903202814267e-01
6.197528378324663745e-01 1.040193931888159229e-01
6.100237738039482327e-01 1.057768474804478415e-01
6.003380510149177729e-01 1.074738567347371249e-01
5.906967459187653091e-01 1.091085198029204256e-01
5.811009300323815019e-01 1.106803745266067285e-01
5.715516698170692855e-01 1.121902803189617215e-01
5.620500265600203438e-01 1.136407775302334250e-01
5.525970562563653488e-01 1.150341404609268176e-01
5.431938094918128401e-01 1.163721738876708350e-01
5.338413313258880688e-01 1.176568442411416587e-01
5.245406611757882365e-01 1.188903005089669423e-01
5.152928327008634568e-01 1.200745092649278534e-01
5.060988736877365390e-01 1.212112843002042389e-01
4.969598059360780251e-01 1.223025877857083499e-01
4.878766451450451402e-01 1.233503759510195530e-01
4.788504008003974244e-01 1.243553468636578313e-01
4.698820760623064752e-01 1.253174176976853960e-01
4.609726676538650203e-01 1.262363793651548605e-01
4.521231657503131940e-01 1.271119797446535471e-01
4.433345538689928977e-01 1.279440767619822727e-01
4.346078087600411255e-01 1.287325844679541031e-01
4.259439002978354649e-01 1.294774686971163769e-01
4.173437913732044313e-01 1.301787169584214532e-01
4.088084377864137364e-01 1.308363328133780590e-01
4.003387881409395943e-01 1.314503738747363482e-01
3.919357837380436083e-01 1.320210874763487197e-01
3.836003584721576765e-01 1.325482031269000771e-01
3.753334387270930161e-01 1.330296637778541069e-01
3.671359432730831873e-01 1.334630777430512727e-01
3.590087831646743277e-01 1.338461029061342178e-01
3.509528616394713696e-01 1.341765437215818868e-01
3.429690740177547825e-01 1.344525082621577106e-01
3.350583076029753915e-01 1.346722356514928054e-01
3.272214415831418144e-01 1.348341340228514373e-01
3.194593469331089564e-01 1.349367876096967400e-01
3.117728863177794407e-01 1.349790258923233288e-01
3.041629139962280792e-01 1.349597962338210944e-01
2.966302757267624823e-01 1.348781820945314791e-01
2.891758086729252497e-01 1.347335585465506136e-01
2.818003413104546162e-01 1.345256286585647665e-01
2.745046933352085494e-01 1.342545007345493924e-01
2.672896755720651774e-01 1.339206444757625181e-01
2.601560898848094272e-01 1.335245936889070395e-01
2.531047290870154232e-01 1.330669368558450028e-01
2.461363768539343022e-01 1.325484441079378684e-01
2.392518076353984391e-01 1.319700116331430917e-01
2.324517865697500740e-01 1.313326144395933759e-01
2.257370693988056676e-01 1.306372967627656423e-01
2.191084023838638650e-01 1.298853090314640857e-01
2.125665222227673956e-01 1.290779930255447905e-01
2.061121559680280102e-01 1.282166730842729807e-01
1.997460209460230063e-01 1.273027508772257010e-01
1.934688246772731102e-01 1.263380537208163845e-01
1.872812647978095990e-01 1.253240615197058760e-01
1.811840289816407656e-01 1.242602510251619441e-01
1.751777948643248317e-01 1.231456772531834554e-01
1.692632299676588570e-01 1.219797341237127686e-01
1.634409916254914164e-01 1.207619156134801391e-01
1.577117269106679265e-01 1.194917957308526818e-01
1.520760725631161714e-01 1.181695073535161955e-01
1.465346549190801317e-01 1.167964534805189386e-01
1.410880898415101115e-01 1.153729598220518821e-01
1.357369826516168221e-01 1.138968671014450873e-01
1.304819280615971966e-01 1.123647231266555607e-01
1.253235101085391490e-01 1.107714437005100361e-01
1.202623020895129402e-01 1.091127024195948231e-01
1.152988664978553679e-01 1.073854770694060989e-01
1.104337549606562163e-01 1.055882226904702736e-01
1.056675081774507419e-01 1.037209580025964389e-01
1.010006558601274085e-01 1.017826825952520275e-01
9.643371667405697956e-02 9.977168652089522805e-02
9.196719818044885031e-02 9.769262898243664950e-02
8.760159677994161509e-02 9.555594629970648457e-02
8.333739765743386485e-02 9.337813945899160750e-02
7.917507472816209813e-02 9.117981134925513820e-02
7.511509058502996439e-02 8.898137615621387608e-02
7.115789644719716645e-02 8.680129227075740472e-02
6.730393210993146358e-02 8.464321062235490023e-02
6.355362589573076981e-02 8.250000945885699322e-02
5.990739460672012129e-02 8.034120328319906135e-02
5.636564347832906385e-02 7.812971019145094342e-02
5.292876613425423482e-02 7.584468944554172143e-02
4.959714454271368922e-02 7.347095555346877527e-02
4.637114897399441382e-02 7.099385290099195778e-02
4.325113795930202176e-02 6.840753611823331692e-02
4.023745825091396000e-02 6.573821553993275391e-02
3.733044478364233587e-02 6.302025819160665676e-02
3.453042063760936031e-02 6.029028834867922876e-02
3.183769700234129196e-02 5.758023806405291461e-02
2.925257314218321358e-02 5.490910826417880197e-02
2.677533636303963682e-02 5.229756279507018213e-02
2.440626198044326678e-02 4.977380136468820271e-02
2.214561328895736647e-02 4.734877375406767314e-02
1.999364153291383062e-02 4.500074891958950885e-02
1.795058587848985532e-02 4.267480635584681298e-02
1.601667338712764455e-02 4.027279030066130416e-02
1.419211899029970692e-02 3.773025361182524851e-02
1.247712546562085301e-02 3.502976370943308021e-02
1.087188341431266636e-02 3.217006719600913611e-02
9.376571240020115106e-03 2.916480128009951711e-02
7.991355128984078959e-03 2.604586793192239721e-02
6.716389031571567969e-03 2.286122024573056938e-02
5.551814645166519568e-03 1.966537533178826236e-02
4.497761398421062928e-03 1.651767566419136413e-02
3.554346436871580472e-03 1.348113050804585454e-02
2.721674609919344512e-03 1.062057608644430794e-02
1.999838459177394334e-03 7.997144166865663081e-03
1.388918208186096237e-03 5.669018209184555589e-03
8.889817534969424173e-04 3.687307846192099808e-03
5.000846571264760954e-04 2.098050281610679395e-03
2.222701403818971855e-04 9.356752852777638300e-04
5.556907905679420168e-05 2.278442819576690140e-04
0.000000000000000000e+00 -1.000449544897438615e-05
0.000000000000000000e+00 -9.996337367649442217e-06
5.556907905679420168e-05 -1.714614339213793278e-04
2.222701403818971855e-04 -6.521889635665547224e-04
5.000846571264760954e-04 -1.442547767285001130e-03
8.889817534969424173e-04 -2.524889763656277750e-03
1.388918208186096237e-03 -3.877211909159513064e-03
1.999838459177394334e-03 -5.470125872256727077e-03
2.721674609919344512e-03 -7.270548068495136587e-03
3.554346436871580472e-03 -9.239831814271286248e-03
4.497761398421062928e-03 -1.133705689840007989e-02
5.551814645166519568e-03 -1.351844030759737428e-02
6.716389031571567969e-03 -1.573941309590426788e-02
7.991355128984078959e-03 -1.795472728495299194e-02
9.376571240020115106e-03 -2.012171584154440196e-02
1.087188341431266636e-02 -2.220138189492781161e-02
1.247712546562085301e-02 -2.415889785318880295e-02
1.419211899029970692e-02 -2.596441314676730533e-02
1.601667338712764455e-02 -2.760007711054101795e-02
1.795058587848985532e-02 -2.905979377299022434e-02
1.999364153291383062e-02 -3.034704281350208283e-02
2.214561328895736647e-02 -3.147520302371155376e-02
2.440626198044326678e-02 -3.248975300271066818e-02
2.677533636303963682e-02 -3.345614447782682688e-02
2.925257314218321358e-02 -3.442476072298845252e-02
3.183769700234129196e-02 -3.543247420209296589e-02
3.453042063760936031e-02 -3.647868455348576150e-02
3.733044478364233587e-02 -3.754652938745567381e-02
4.023745825091396000e-02 -3.862860318701650392e-02
4.325113795930202176e-02 -3.971988796617449691e-02
4.637114897399441382e-02 -4.080803261069679971e-02
4.959714454271368922e-02 -4.187825752667232587e-02
5.292876613425423482e-02 -4.291568504556718400e-02
5.636564347832906385e-02 -4.390777811498668137e-02
5.990739460672012129e-02 -4.485042470174166462e-02
6.355362589573076981e-02 -4.574209349255767970e-02
6.730393210993146358e-02 -4.658333273352727177e-02
7.115789644719716645e-02 -4.737579678472061268e-02
7.511509058502996439e-02 -4.812290624198815175e-02
7.917507472816209813e-02 -4.882778230427015781e-02
8.333739765743386485e-02 -4.949237896671693226e-02
8.760159677994161509e-02 -5.011679064184960258e-02
9.196719818044885031e-02 -5.069820029953918394e-02
9.643371667405697956e-02 -5.123426453125119046e-02
1.010006558601274085e-01 -5.172372784587861427e-02
1.056675081774507419e-01 -5.216553028996306907e-02
1.104337549606562163e-01 -5.255877787550902042e-02
1.152988664978553679e-01 -5.290331583445940372e-02
1.202623020895129402e-01 -5.319975415899043381e-02
1.253235101085391490e-01 -5.344911025163379820e-02
1.304819280615971966e-01 -5.365275130200392040e-02
1.357369826516168221e-01 -5.381244629823152964e-02
1.410880898415101115e-01 -5.393034525954609748e-02
1.465346549190801317e-01 -5.400965618196881118e-02
1.520760725631161714e-01 -5.405410664513961988e-02
1.577117269106679265e-01 -5.406639426863856651e-02
1.634409916254914164e-01 -5.404841524261545793e-02
1.692632299676588570e-01 -5.400017026823825811e-02
1.751777948643248317e-01 -5.392098307844835764e-02
1.811840289816407656e-01 -5.381090581647066107e-02
1.872812647978095990e-01 -5.367022308127294972e-02
1.934688246772731102e-01 -5.349909767300452257e-02
1.997460209460230063e-01 -5.329773788733373902e-02
2.061121559680280102e-01 -5.306666423523291598e-02
2.125665222227673956e-01 -5.280651100273783122e-02
2.191084023838638650e-01 -5.251803535487413466e-02
2.257370693988056676e-01 -5.220209860921616596e-02
2.324517865697500740e-01 -5.185977214945576563e-02
2.392518076353984391e-01 -5.149224601987924255e-02
2.461363768539343022e-01 -5.110089603959533378e-02
2.531047290870154232e-01 -5.068720934542456091e-02
2.601560898848094272e-01 -5.025283438170668332e-02
2.672896755720651774e-01 -4.979959156552993954e-02
2.745046933352085494e-01 -4.932954021595328115e-02
2.818003413104546162e-01 -4.884480858119465141e-02
2.891758086729252497e-01 -4.834760130291068658e-02
2.966302757267624823e-01 -4.784048860511094792e-02
3.041629139962280792e-01 -4.732637275249247655e-02
3.117728863177794407e-01 -4.680695906009770674e-02
3.194593469331089564e-01 -4.628280968088260838e-02
3.272214415831418144e-01 -4.575406385129627412e-02
3.350583076029753915e-01 -4.522057810811998257e-02
3.429690740177547825e-01 -4.468235378036219951e-02
3.509528616394713696e-01 -4.413948251607993645e-02
3.590087831646743277e-01 -4.359197103435983461e-02
3.671359432730831873e-01 -4.303978457496830667e-02
3.753334387270930161e-01 -4.248293329919670264e-02
3.836003584721576765e-01 -4.192144229733675564e-02
3.919357837380436083e-01 -4.135530053249757143e-02
4.003387881409395943e-01 -4.078449009229341560e-02
4.088084377864137364e-01 -4.020902810413938544e-02
4.173437913732044313e-01 -3.962895144833226968e-02
4.259439002978354649e-01 -3.904433316160647177e-02
4.346078087600411255e-01 -3.845525426910205435e-02
4.433345538689928977e-01 -3.786179097379648723e-02
4.521231657503131940e-01 -3.726401987980661190e-02
4.609726676538650203e-01 -3.666202164420044596e-02
4.698820760623064752e-01 -3.605587765977065484e-02
4.788504008003974244e-01 -3.544566938425420394e-02
4.878766451450451402e-01 -3.483147931142650117e-02
4.969598059360780251e-01 -3.421339195368543196e-02
5.060988736877365390e-01 -3.359149236664672050e-02
5.152928327008634568e-01 -3.296586612614808148e-02
5.245406611757882365e-01 -3.233659940305643604e-02
5.338413313258880688e-01 -3.170377915744672370e-02
5.431938094918128401e-01 -3.106749340090454378e-02
5.525970562563653488e-01 -3.042783132702249135e-02
5.620500265600203438e-01 -2.978488267850308568e-02
5.715516698170692855e-01 -2.913873777198576487e-02
5.811009300323815019e-01 -2.848948859666181402e-02
5.906967459187653091e-01 -2.783722841691257943e-02
6.003380510149177729e-01 -2.718204929033188333e-02
6.100237738039482327e-01 -2.652403894152110045e-02
6.197528378324663745e-01 -2.586324951896074725e-02
6.295241618302156450e-01 -2.519971250843565727e-02
6.393366598302444581e-01 -2.453346111901907531e-02
6.491892412895989839e-01 -2.386452904590344315e-02
6.590808112105230876e-01 -2.319294668448191807e-02
6.690102702621547603e-01 -2.251874350345346026e-02
6.789765149027036095e-01 -2.184195132402911785e-02
6.889784375020977514e-01 -2.116260112065677587e-02
6.990149264650814542e-01 -2.048071645423393469e-02
7.090848663547572039e-01 -1.979633372639489144e-02
7.191871380165538730e-01 -1.910954456373436389e-02
7.293206187026060050e-01 -1.842045612451848752e-02
7.394841821965345563e-01 -1.772918399299020301e-02
7.496766989386134394e-01 -1.703584537343593580e-02
7.598970361513051053e-01 -1.634055751329050940e-02
7.701440579651563922e-01 -1.564343708607469907e-02
7.804166255450371015e-01 -1.494459959403039197e-02
7.907135972167069760e-01 -1.424416494489734279e-02
8.010338285937002034e-01 -1.354226044972755769e-02
8.113761727045106786e-01 -1.283898069025470393e-02
8.217394801200630372e-01 -1.213437039734188358e-02
8.321225990814590245e-01 -1.142846327375862496e-02
8.425243756279822138e-01 -1.072128430107484320e-02
8.529436537253458628e-01 -1.001285870971190504e-02
8.633792753941731402e-01 -9.303212697366733744e-03
8.738300808386934015e-01 -8.592374886813912080e-03
8.842949085756387495e-01 -7.880375315053145258e-03
8.947725955633289985e-01 -7.167233979585701034e-03
9.052619773309316109e-01 -6.452974283628502838e-03
9.157618881078770645e-01 -5.737743168829610024e-03
9.262711609534211021e-01 -5.021767548990091132e-03
9.367886278863364335e-01 -4.305293351403917217e-03
9.473131200147204556e-01 -3.588575004033236083e-03
9.578434676659028923e-01 -2.871860413916823077e-03
9.683785005164411430e-01 -2.155395345858171583e-03
9.789170477221889044e-01 -1.439430151455665940e-03
9.894579380484205267e-01 -7.242160287050978347e-04
9.999999999999998890e-01 -1.000008333195435114e-05
