9.999999999999998890e-01 5.409369775045580997e-10
9.894579380484205267e-01 2.024689308349302344e-03
9.789170477221889044e-01 3.976511694814087623e-03
9.683785005164411430e-01 5.862874072902226480e-03
9.578434676659028923e-01 7.691330222171728626e-03
9.473131200147204556e-01 9.469414689478941605e-03
9.367886278863364335e-01 1.120452743226302804e-02
9.262711609534211021e-01 1.290414183969406173e-02
9.157618881078770645e-01 1.457594638587965570e-02
9.052619773309316109e-01 1.622736026664823097e-02
8.947725955633289985e-01 1.786518584452058064e-02
8.842949085756387495e-01 1.949290461053411472e-02
8.738300808386934015e-01 2.110883700771131952e-02
8.633792753941731402e-01 2.271113651302197542e-02
8.529436537253458628e-01 2.429834201796024495e-02
8.425243756279822138e-01 2.586890295872805792e-02
8.321225990814590245e-01 2.742114212582992885e-02
8.217394801200630372e-01 2.895347219030217772e-02
8.113761727045106786e-01 3.046439691686843310e-02
8.010338285937002034e-01 3.195240798422870065e-02
7.907135972167069760e-01 3.341599100694313956e-02
7.804166255450371015e-01 3.485371242231120187e-02
7.701440579651563922e-01 3.626419480780691817e-02
7.598970361513051053e-01 3.764607448528346778e-02
7.496766989386134394e-01 3.899800274246174175e-02
7.394841821965345563e-01 4.031869221235361705e-02
7.293206187026060050e-01 4.160688687693126636e-02
7.191871380165538730e-01 4.286134536274092965e-02
7.090848663547572039e-01 4.408085436840716853e-02
6.990149264650814542e-01 4.526431818579468302e-02
6.889784375020977514e-01 4.641095538757922245e-02
6.789765149027036095e-01 4.752117699258418676e-02
6.690102702621547603e-01 4.859568825492909666e-02
6.590808112105230876e-01 4.963509476480948424e-02
6.491892412895989839e-01 5.064001556703712215e-02
6.393366598302444581e-01 5.161117418155246328e-02
6.295241618302156450e-01 5.254925156312924978e-02
6.197528378324663745e-01 5.345477943058282028e-02
6.100237738039482327e-01 5.432841739277293608e-02
6.003380510149177729e-01 5.517111561162473671e-02
5.906967459187653091e-01 5.598270470796987142e-02
5.811009300323815019e-01 5.676104533719662087e-02
5.715516698170692855e-01 5.750367855789378924e-02
5.620500265600203438e-01 5.820796518519855134e-02
5.525970562563653488e-01 5.887135180940261669e-02
5.431938094918128401e-01 5.949141509899714964e-02
5.338413313258880688e-01 6.006596941237182796e-02
5.245406611757882365e-01 6.059304798701191375e-02
5.152928327008634568e-01 6.107041820978541952e-02
5.060988736877365390e-01 6.149571227196633932e-02
4.969598059360780251e-01 6.186794871452670763e-02
4.878766451450451402e-01 6.218741543334863064e-02
4.788504008003974244e-01 6.245722359258949058e-02
4.698820760623064752e-01 6.268208824272314406e-02
4.609726676538650203e-01 6.286587686248719387e-02
4.521231657503131940e-01 6.301205462142990543e-02
4.433345538689928977e-01 6.312437994728549440e-02
4.346078087600411255e-01 6.320664620373725451e-02
4.259439002978354649e-01 6.326212628235701463e-02
4.173437913732044313e-01 6.329398838819477735e-02
4.088084377864137364e-01 6.330577214993433899e-02
4.003387881409395943e-01 6.330071462930376980e-02
3.919357837380436083e-01 6.328047114975356158e-02
3.836003584721576765e-01 6.324581958803016102e-02
3.753334387270930161e-01 6.319596190699647287e-02
3.671359432730831873e-01 6.312998277944138759e-02
3.590087831646743277e-01 6.304747661701783079e-02
3.509528616394713696e-01 6.294805807010801779e-02
3.429690740177547825e-01 6.283120645869322285e-02
3.350583076029753915e-01 6.269647251766420626e-02
3.272214415831418144e-01 6.254357020556851332e-02
3.194593469331089564e-01 6.237223497169749886e-02
3.117728863177794407e-01 6.218221021776252494e-02
3.041629139962280792e-01 6.197330221571407949e-02
2.966302757267624823e-01 6.174538969206797012e-02
2.891758086729252497e-01 6.149814211659423296e-02
2.818003413104546162e-01 6.123100006708184773e-02
2.745046933352085494e-01 6.094348473238277164e-02
2.672896755720651774e-01 6.063520675595433784e-02
2.601560898848094272e-01 6.030584911626579725e-02
2.531047290870154232e-01 5.995515759054766830e-02
2.461363768539343022e-01 5.958298772797923637e-02
2.392518076353984391e-01 5.918927069294833282e-02
2.324517865697500740e-01 5.877398477302664404e-02
2.257370693988056676e-01 5.833715540977560399e-02
2.191084023838638650e-01 5.787897503333204463e-02
2.125665222227673956e-01 5.739969750686251676e-02
2.061121559680280102e-01 5.689948486784097287e-02
1.997460209460230063e-01 5.637861636700011725e-02
1.934688246772731102e-01 5.583814174659876284e-02
1.872812647978095990e-01 5.527950675895996341e-02
1.811840289816407656e-01 5.470479344158741403e-02
1.751777948643248317e-01 5.411611007869637086e-02
1.692632299676588570e-01 5.351508870018648750e-02
1.634409916254914164e-01 5.290338551087969687e-02
1.577117269106679265e-01 5.228301168903104479e-02
1.520760725631161714e-01 5.165560584551688594e-02
1.465346549190801317e-01 5.102177306689664044e-02
1.410880898415101115e-01 5.038051940977854998e-02
1.357369826516168221e-01 4.972801311789199624e-02
1.304819280615971966e-01 4.906068699635158376e-02
1.253235101085391490e-01 4.837595757841611777e-02
1.202623020895129402e-01 4.767160990341964139e-02
1.152988664978553679e-01 4.694582068454058316e-02
1.104337549606562163e-01 4.619704379041116027e-02
1.056675081774507419e-01 4.542405766874298145e-02
1.010006558601274085e-01 4.462642558591475850e-02
9.643371667405697956e-02 4.380462902701389577e-02
9.196719818044885031e-02 4.296191365924456607e-02
8.760159677994161509e-02 4.210376204095712949e-02
8.333739765743386485e-02 4.123533132753016278e-02
7.917507472816209813e-02 4.036136835735747164e-02
7.511509058502996439e-02 3.948522938623417328e-02
7.115789644719716645e-02 3.860828628135309221e-02
6.730393210993146358e-02 3.772224872438368487e-02
6.355362589573076981e-02 3.681477202725887132e-02
5.990739460672012129e-02 3.587814951397590157e-02
5.636564347832906385e-02 3.490659053501671966e-02
5.292876613425423482e-02 3.389430299620328074e-02
4.959714454271368922e-02 3.283745191790646972e-02
4.637114897399441382e-02 3.174101349596324811e-02
4.325113795930202176e-02 3.061343904374750485e-02
4.023745825091396000e-02 2.946687860057448788e-02
3.733044478364233587e-02 2.831324946492341788e-02
3.453042063760936031e-02 2.716114813604975781e-02
3.183769700234129196e-02 2.601852447329429385e-02
2.925257314218321358e-02 2.489328244531983231e-02
2.677533636303963682e-02 2.379218683452113264e-02
2.440626198044326678e-02 2.271945179053674879e-02
2.214561328895736647e-02 2.166461815823908857e-02
1.999364153291383062e-02 2.059207837453930559e-02
1.795058587848985532e-02 1.947277871550832928e-02
1.601667338712764455e-02 1.829137382916248139e-02
1.419211899029970692e-02 1.704047294927734518e-02
1.247712546562085301e-02 1.572147036250448951e-02
1.087188341431266636e-02 1.434202604686286679e-02
9.376571240020115106e-03 1.291602257729807662e-02
7.991355128984078959e-03 1.146129536960363224e-02
6.716389031571567969e-03 9.999072443480220770e-03
5.551814645166519568e-03 8.552657013016159299e-03
4.497761398421062928e-03 7.146827273142222943e-03
3.554346436871580472e-03 5.806457635627372028e-03
2.721674609919344512e-03 4.556282756743459603e-03
1.999838459177394334e-03 3.419437083988194001e-03
1.388918208186096237e-03 2.417794878512931258e-03
8.889817534969424173e-04 1.570216165614391271e-03
5.000846571264760954e-04 8.935187199362183263e-04
2.222701403818971855e-04 4.002805958903990187e-04
5.556907905679420168e-05 1.005916738250242875e-04
0.000000000000000000e+00 -1.969031531242604121e-09
0.000000000000000000e+00 1.436630524212823282e-09
5.556907905679420168e-05 -6.337860978234267743e-05
2.222701403818971855e-04 -2.519929089587516187e-04
5.000846571264760954e-04 -5.617974211986161885e-04
8.889817534969424173e-04 -9.854384265214142635e-04
1.388918208186096237e-03 -1.513755313818477373e-03
1.999838459177394334e-03 -2.134514292616125890e-03
2.721674609919344512e-03 -2.834013324329669702e-03
3.554346436871580472e-03 -3.596393180094209756e-03
4.497761398421062928e-03 -4.404919029409246067e-03
5.551814645166519568e-03 -5.241761596329995963e-03
6.716389031571567969e-03 -6.089062869263941330e-03
7.991355128984078959e-03 -6.929141096888334801e-03
9.376571240020115106e-03 -7.745507616011502658e-03
1.087188341431266636e-02 -8.523337037310237119e-03
1.247712546562085301e-02 -9.250442986592312400e-03
1.419211899029970692e-02 -9.917707204155527118e-03
1.601667338712764455e-02 -1.052079188865580502e-02
1.795058587848985532e-02 -1.106016832239875916e-02
1.999364153291383062e-02 -1.154301079216943186e-02
2.214561328895736647e-02 -1.198256053038291094e-02
2.440626198044326678e-02 -1.240249955772820302e-02
2.677533636303963682e-02 -1.283144243655236563e-02
2.925257314218321358e-02 -1.327827080333327317e-02
3.183769700234129196e-02 -1.374031307238162379e-02
3.453042063760936031e-02 -1.421256489360663705e-02
3.733044478364233587e-02 -1.468889938958956726e-02
4.023745825091396000e-02 -1.516269488756572491e-02
4.325113795930202176e-02 -1.562653974710736735e-02
4.637114897399441382e-02 -1.606988229190604855e-02
4.959714454271368922e-02 -1.648162311157140222e-02
5.292876613425423482e-02 -1.685274261057475437e-02
5.636564347832906385e-02 -1.717628125585141108e-02
5.990739460672012129e-02 -1.745061095758507902e-02
6.355362589573076981e-02 -1.767511019543669543e-02
6.730393210993146358e-02 -1.784863276172466220e-02
7.115789644719716645e-02 -1.797048243313531177e-02
7.511509058502996439e-02 -1.804129569887342674e-02
7.917507472816209813e-02 -1.806221357373326980e-02
8.333739765743386485e-02 -1.803500497520418855e-02
8.760159677994161509e-02 -1.796205774945402317e-02
9.196719818044885031e-02 -1.784670228512978338e-02
9.643371667405697956e-02 -1.769322619995088858e-02
1.010006558601274085e-01 -1.750710814023173287e-02
1.056675081774507419e-01 -1.729230048925870997e-02
1.104337549606562163e-01 -1.705079814648252298e-02
1.152988664978553679e-01 -1.678440473674128533e-02
1.202623020895129402e-01 -1.649488249448689825e-02
1.253235101085391490e-01 -1.618460762366440153e-02
1.304819280615971966e-01 -1.585649985764960371e-02
1.357369826516168221e-01 -1.551368089784872610e-02
1.410880898415101115e-01 -1.515949305665057097e-02
1.465346549190801317e-01 -1.479821627819115706e-02
1.520760725631161714e-01 -1.443445855323437048e-02
1.577117269106679265e-01 -1.407076110870859181e-02
1.634409916254914164e-01 -1.370852886162574405e-02
1.692632299676588570e-01 -1.334861790137275087e-02
1.751777948643248317e-01 -1.299169736252455201e-02
1.811840289816407656e-01 -1.263868131765805668e-02
1.872812647978095990e-01 -1.229058264470271264e-02
1.934688246772731102e-01 -1.194847001506212612e-02
1.997460209460230063e-01 -1.161335962407994762e-02
2.061121559680280102e-01 -1.128600314899762952e-02
2.125665222227673956e-01 -1.096692094465501199e-02
2.191084023838638650e-01 -1.065610161911413958e-02
2.257370693988056676e-01 -1.035346280676936216e-02
2.324517865697500740e-01 -1.005901154856221093e-02
2.392518076353984391e-01 -9.772715554380329364e-03
2.461363768539343022e-01 -9.494424846136863272e-03
2.531047290870154232e-01 -9.223963887157302435e-03
2.601560898848094272e-01 -8.961138039133377531e-03
2.672896755720651774e-01 -8.705705774236710548e-03
2.745046933352085494e-01 -8.457355918844011028e-03
2.818003413104546162e-01 -8.215741192750574545e-03
2.891758086729252497e-01 -7.980473381803571478e-03
2.966302757267624823e-01 -7.751111281888632860e-03
3.041629139962280792e-01 -7.527168949727330513e-03
3.117728863177794407e-01 -7.308358524620717570e-03
3.194593469331089564e-01 -7.094574289461971078e-03
3.272214415831418144e-01 -6.885681268321240493e-03
3.350583076029753915e-01 -6.681516373609118660e-03
3.429690740177547825e-01 -6.481914346775126054e-03
3.509528616394713696e-01 -6.286701207176011164e-03
3.590087831646743277e-01 -6.095629831320080461e-03
3.671359432730831873e-01 -5.908421429589751431e-03
3.753334387270930161e-01 -5.724860466389939707e-03
3.836003584721576765e-01 -5.544723046638872117e-03
3.919357837380436083e-01 -5.367553860279716989e-03
4.003387881409395943e-01 -5.192954105824675905e-03
4.088084377864137364e-01 -5.021256924405304890e-03
4.173437913732044313e-01 -4.853210039794849870e-03
4.259439002978354649e-01 -4.690325136750970320e-03
4.346078087600411255e-01 -4.534251813513140092e-03
4.433345538689928977e-01 -4.386432139588673958e-03
4.521231657503131940e-01 -4.248375093384181012e-03
4.609726676538650203e-01 -4.121904118692610447e-03
4.698820760623064752e-01 -4.008785326049070508e-03
4.788504008003974244e-01 -3.910523135917425702e-03
4.878766451450451402e-01 -3.828929839254913408e-03
4.969598059360780251e-01 -3.766474576838595243e-03
5.060988736877365390e-01 -3.724241885756185942e-03
5.152928327008634568e-01 -3.700893521397008706e-03
5.245406611757882365e-01 -3.694005247747570060e-03
5.338413313258880688e-01 -3.699965584915097198e-03
5.431938094918128401e-01 -3.715214007121732127e-03
5.525970562563653488e-01 -3.736344097765404229e-03
5.620500265600203438e-01 -3.759805298968785670e-03
5.715516698170692855e-01 -3.781879221162554559e-03
5.811009300323815019e-01 -3.798552438864481826e-03
5.906967459187653091e-01 -3.805616276235281124e-03
6.003380510149177729e-01 -3.799430709747466436e-03
6.100237738039482327e-01 -3.777173331625098465e-03
6.197528378324663745e-01 -3.740293568525000518e-03
6.295241618302156450e-01 -3.692683023247043169e-03
6.393366598302444581e-01 -3.637734998981342633e-03
6.491892412895989839e-01 -3.578651002992984300e-03
6.590808112105230876e-01 -3.519094813173462982e-03
6.690102702621547603e-01 -3.462885994387467515e-03
6.789765149027036095e-01 -3.413654727504187875e-03
6.889784375020977514e-01 -3.375082811314086394e-03
6.990149264650814542e-01 -3.351374819579782359e-03
7.090848663547572039e-01 -3.345344730986431203e-03
7.191871380165538730e-01 -3.354117185868310536e-03
7.293206187026060050e-01 -3.373368306636499031e-03
7.394841821965345563e-01 -3.398368678347966475e-03
7.496766989386134394e-01 -3.424275311697525491e-03
7.598970361513051053e-01 -3.446153160405002192e-03
7.701440579651563922e-01 -3.459092440363209422e-03
7.804166255450371015e-01 -3.458263179635452395e-03
7.907135972167069760e-01 -3.438531021168228941e-03
8.010338285937002034e-01 -3.394261532337633155e-03
8.113761727045106786e-01 -3.322676178605345459e-03
8.217394801200630372e-01 -3.225320899937737882e-03
8.321225990814590245e-01 -3.104581718193101698e-03
8.425243756279822138e-01 -2.963452351960243168e-03
8.529436537253458628e-01 -2.804816273863427935e-03
8.633792753941731402e-01 -2.631405822593436798e-03
8.738300808386934015e-01 -2.446046999635684890e-03
8.842949085756387495e-01 -2.251660377668713523e-03
8.947725955633289985e-01 -2.051238246810564974e-03
9.052619773309316109e-01 -1.847699472047055914e-03
9.157618881078770645e-01 -1.642557956299546930e-03
9.262711609534211021e-01 -1.436422428228784380e-03
9.367886278863364335e-01 -1.229719499205259589e-03
9.473131200147204556e-01 -1.022797859587335758e-03
9.578434676659028923e-01 -8.160857334424643453e-04
9.683785005164411430e-01 -6.100390502702847254e-04
9.789170477221889044e-01 -4.050677588062606129e-04
9.894579380484205267e-01 -2.015735374145170248e-04
9.999999999999998890e-01 -1.795329312068360386e-10
