9.999999999999998890e-01 1.948275317061954298e-06
9.894579380484205267e-01 5.165089446110470058e-03
9.789170477221889044e-01 8.740982884798350477e-03
9.683785005164411430e-01 1.196074328856307385e-02
9.578434676659028923e-01 1.496089512703512210e-02
9.473131200147204556e-01 1.770352992227213276e-02
9.367886278863364335e-01 2.028864326213868086e-02
9.262711609534211021e-01 2.280060341552679962e-02
9.157618881078770645e-01 2.523583058030596724e-02
9.052619773309316109e-01 2.759637848606843677e-02
8.947725955633289985e-01 2.991756245987207963e-02
8.842949085756387495e-01 3.221838770719994555e-02
8.738300808386934015e-01 3.448628938479414430e-02
8.633792753941731402e-01 3.671521558483243491e-02
8.529436537253458628e-01 3.891135967293577608e-02
8.425243756279822138e-01 4.107552583865180934e-02
8.321225990814590245e-01 4.320170452787540361e-02
8.217394801200630372e-01 4.528837245798376238e-02
8.113761727045106786e-01 4.733843877488794205e-02
8.010338285937002034e-01 4.935198973567152952e-02
7.907135972167069760e-01 5.132694992089897879e-02
7.804166255450371015e-01 5.326426062021364510e-02
7.701440579651563922e-01 5.516686723411755311e-02
7.598970361513051053e-01 5.703696927078096002e-02
7.496766989386134394e-01 5.887613356841355644e-02
7.394841821965345563e-01 6.068444330281773380e-02
7.293206187026060050e-01 6.246137517400132677e-02
7.191871380165538730e-01 6.420701713807849820e-02
7.090848663547572039e-01 6.592164959607832442e-02
6.990149264650814542e-01 6.760528514265305711e-02
6.889784375020977514e-01 6.925790762751565799e-02
6.789765149027036095e-01 7.087975689332157159e-02
6.690102702621547603e-01 7.247110118434359205e-02
6.590808112105230876e-01 7.403206353072658286e-02
6.491892412895989839e-01 7.556271784674616077e-02
6.393366598302444581e-01 7.706308892003503608e-02
6.295241618302156450e-01 7.853328919438036515e-02
6.197528378324663745e-01 7.997366513560263956e-02
6.100237738039482327e-01 8.138437937386389098e-02
6.003380510149177729e-01 8.276513789353623363e-02
5.906967459187653091e-01 8.411466981959578315e-02
5.811009300323815019e-01 8.543016510374770722e-02
5.715516698170692855e-01 8.671015909139259681e-02
5.620500265600203438e-01 8.795532428308525108e-02
5.525970562563653488e-01 8.916632858492018476e-02
5.431938094918128401e-01 9.034361643008362308e-02
5.338413313258880688e-01 9.148716043348628646e-02
5.245406611757882365e-01 9.259655459820730072e-02
5.152928327008634568e-01 9.367294867952319359e-02
5.060988736877365390e-01 9.471835672507372683e-02
4.969598059360780251e-01 9.572815317225270848e-02
4.878766451450451402e-01 9.669338380708095149e-02
4.788504008003974244e-01 9.761045971508437724e-02
4.698820760623064752e-01 9.847923598732821748e-02
4.609726676538650203e-01 9.930057813998438565e-02
4.521231657503131940e-01 1.000757405052938864e-01
4.433345538689928977e-01 1.008052650262089844e-01
4.346078087600411255e-01 1.014895186386625819e-01
4.259439002978354649e-01 1.021296077898606464e-01
4.173437913732044313e-01 1.027267487310671856e-01
4.088084377864137364e-01 1.032814471350044228e-01
4.003387881409395943e-01 1.037915295537390342e-01
3.919357837380436083e-01 1.042453155531895270e-01
3.836003584721576765e-01 1.046326448562707595e-01
3.753334387270930161e-01 1.049554237177442451e-01
3.671359432730831873e-01 1.052169530808694659e-01
3.590087831646743277e-01 1.054179348207167771e-01
3.509528616394713696e-01 1.055591824874164003e-01
3.429690740177547825e-01 1.056426705731834254e-01
3.350583076029753915e-01 1.056702140818573665e-01
3.272214415831418144e-01 1.056430620949952576e-01
3.194593469331089564e-01 1.055627243443963414e-01
3.117728863177794407e-01 1.054310734251531628e-01
3.041629139962280792e-01 1.052450587175632613e-01
2.966302757267624823e-01 1.049954674767382273e-01
2.891758086729252497e-01 1.046792215511707508e-01
2.818003413104546162e-01 1.043002951411244189e-01
2.745046933352085494e-01 1.038613197040775260e-01
2.672896755720651774e-01 1.033634378103851781e-01
2.601560898848094272e-01 1.028088730772256515e-01
2.531047290870154232e-01 1.022006295939677234e-01
2.461363768539343022e-01 1.015405245944031448e-01
2.392518076353984391e-01 1.008297929997362397e-01
2.324517865697500740e-01 1.000716045361301071e-01
2.257370693988056676e-01 9.926946317082190052e-02
2.191084023838638650e-01 9.842132659804826711e-02
2.125665222227673956e-01 9.752355300463433352e-02
2.061121559680280102e-01 9.657832639563149191e-02
1.997460209460230063e-01 9.558884595626843117e-02
1.934688246772731102e-01 9.455219535686641696e-02
1.872812647978095990e-01 9.346435206337487533e-02
1.811840289816407656e-01 9.232471994816672523e-02
1.751777948643248317e-01 9.113439766408359954e-02
1.692632299676588570e-01 8.989723643110607287e-02
1.634409916254914164e-01 8.861722012967447604e-02
1.577117269106679265e-01 8.729704329836576737e-02
1.520760725631161714e-01 8.593942043431736233e-02
1.465346549190801317e-01 8.454764538576731159e-02
1.410880898415101115e-01 8.312516044225524980e-02
1.357369826516168221e-01 8.167552863524139839e-02
1.304819280615971966e-01 8.020179915973732476e-02
1.253235101085391490e-01 7.870607462077221228e-02
1.202623020895129402e-01 7.718687421793879455e-02
1.152988664978553679e-01 7.563807309013347024e-02
1.104337549606562163e-01 7.405920770369131545e-02
1.056675081774507419e-01 7.245669187214383300e-02
1.010006558601274085e-01 7.083443360431741775e-02
9.643371667405697956e-02 6.919369090914283260e-02
9.196719818044885031e-02 6.753899812284852588e-02
8.760159677994161509e-02 6.587703446087334047e-02
8.333739765743386485e-02 6.420580699004266312e-02
7.917507472816209813e-02 6.251797927929239607e-02
7.511509058502996439e-02 6.081411373125070186e-02
7.115789644719716645e-02 5.909898892189047875e-02
6.730393210993146358e-02 5.737330918169391419e-02
6.355362589573076981e-02 5.563584362813604051e-02
5.990739460672012129e-02 5.388602006249468279e-02
5.636564347832906385e-02 5.212450117396508209e-02
5.292876613425423482e-02 5.035719785550334809e-02
4.959714454271368922e-02 4.859128020083058885e-02
4.637114897399441382e-02 4.683155013959251767e-02
4.325113795930202176e-02 4.508250672512013196e-02
4.023745825091396000e-02 4.334998705996514351e-02
3.733044478364233587e-02 4.163213996800441824e-02
3.453042063760936031e-02 3.990273640805291205e-02
3.183769700234129196e-02 3.814360215424032752e-02
2.925257314218321358e-02 3.636864057705463393e-02
2.677533636303963682e-02 3.459412934983470411e-02
2.440626198044326678e-02 3.283087887361720719e-02
2.214561328895736647e-02 3.109324219104241810e-02
1.999364153291383062e-02 2.940266372890337765e-02
1.795058587848985532e-02 2.776117117855957453e-02
1.601667338712764455e-02 2.614121559875350748e-02
1.419211899029970692e-02 2.452305768430716043e-02
1.247712546562085301e-02 2.290034065174274477e-02
1.087188341431266636e-02 2.128362696475632337e-02
9.376571240020115106e-03 1.969876925321896108e-02
7.991355128984078959e-03 1.814113436175762706e-02
6.716389031571567969e-03 1.658277758462656931e-02
5.551814645166519568e-03 1.505913800578226151e-02
4.497761398421062928e-03 1.363981235297937258e-02
3.554346436871580472e-03 1.223734948137239140e-02
2.721674609919344512e-03 1.069747725902747693e-02
1.999838459177394334e-03 9.160354427383330875e-03
1.388918208186096237e-03 7.845186463641750513e-03
8.889817534969424173e-04 6.409419787561672528e-03
5.000846571264760954e-04 4.405819850696619973e-03
2.222701403818971855e-04 2.240195995404435040e-03
5.556907905679420168e-05 6.000414849665463559e-04
0.000000000000000000e+00 1.837764476299751638e-05
0.000000000000000000e+00 -8.073069423880543991e-08
5.556907905679420168e-05 -9.966697711429380469e-05
2.222701403818971855e-04 -3.966764743029740610e-04
5.000846571264760954e-04 -8.604930804670430115e-04
8.889817534969424173e-04 -1.465727767790653323e-03
1.388918208186096237e-03 -2.171107219269050211e-03
1.999838459177394334e-03 -2.889330269104403975e-03
2.721674609919344512e-03 -3.567329341674809265e-03
3.554346436871580472e-03 -4.246936385163685435e-03
4.497761398421062928e-03 -4.955497556052901320e-03
5.551814645166519568e-03 -5.668458071839361199e-03
6.716389031571567969e-03 -6.371146137484945578e-03
7.991355128984078959e-03 -7.073615311998668331e-03
9.376571240020115106e-03 -7.781881584756135915e-03
1.087188341431266636e-02 -8.493588504608844125e-03
1.247712546562085301e-02 -9.204810826866046888e-03
1.419211899029970692e-02 -9.910886832758016018e-03
1.601667338712764455e-02 -1.061500812846398120e-02
1.795058587848985532e-02 -1.132710247167774409e-02
1.999364153291383062e-02 -1.204490186021156539e-02
2.214561328895736647e-02 -1.275703140094201250e-02
2.440626198044326678e-02 -1.346314082725081143e-02
2.677533636303963682e-02 -1.416937444654906356e-02
2.925257314218321358e-02 -1.487077614976373141e-02
3.183769700234129196e-02 -1.555790513106335669e-02
3.453042063760936031e-02 -1.623624487854171544e-02
3.733044478364233587e-02 -1.691637952308804732e-02
4.023745825091396000e-02 -1.759593839704006943e-02
4.325113795930202176e-02 -1.826905381654757299e-02
4.637114897399441382e-02 -1.893849597408254690e-02
4.959714454271368922e-02 -1.960869143110158946e-02
5.292876613425423482e-02 -2.027897274079634715e-02
5.636564347832906385e-02 -2.094768013376950913e-02
5.990739460672012129e-02 -2.161452339600343150e-02
6.355362589573076981e-02 -2.227961584799788633e-02
6.730393210993146358e-02 -2.294335930900495008e-02
7.115789644719716645e-02 -2.360548255228051701e-02
7.511509058502996439e-02 -2.426395035306845582e-02
7.917507472816209813e-02 -2.491719756160735641e-02
8.333739765743386485e-02 -2.556513892815773584e-02
8.760159677994161509e-02 -2.620696111988985583e-02
9.196719818044885031e-02 -2.684035268540911623e-02
9.643371667405697956e-02 -2.746518969874064270e-02
1.010006558601274085e-01 -2.808461183854623830e-02
1.056675081774507419e-01 -2.869938732334687687e-02
1.104337549606562163e-01 -2.930716110414277945e-02
1.152988664978553679e-01 -2.990644661714529987e-02
1.202623020895129402e-01 -3.049675272741141085e-02
1.253235101085391490e-01 -3.107622286615596002e-02
1.304819280615971966e-01 -3.164208014949412839e-02
1.357369826516168221e-01 -3.219551398367608008e-02
1.410880898415101115e-01 -3.274049970173203983e-02
1.465346549190801317e-01 -3.327985822662576920e-02
1.520760725631161714e-01 -3.381516358649910847e-02
1.577117269106679265e-01 -3.434363371348957139e-02
1.634409916254914164e-01 -3.486021353119420768e-02
1.692632299676588570e-01 -3.535944402751636795e-02
1.751777948643248317e-01 -3.583669627804218077e-02
1.811840289816407656e-01 -3.629300534629023578e-02
1.872812647978095990e-01 -3.673171354435495611e-02
1.934688246772731102e-01 -3.715758985369419648e-02
1.997460209460230063e-01 -3.757439377023166771e-02
2.061121559680280102e-01 -3.798040096593664761e-02
2.125665222227673956e-01 -3.837276422697454004e-02
2.191084023838638650e-01 -3.874925746223302492e-02
2.257370693988056676e-01 -3.910809074679501285e-02
2.324517865697500740e-01 -3.944829819683375038e-02
2.392518076353984391e-01 -3.976933054692567693e-02
2.461363768539343022e-01 -4.007125265415564797e-02
2.531047290870154232e-01 -4.035378280740733320e-02
2.601560898848094272e-01 -4.061586667135243245e-02
2.672896755720651774e-01 -4.085688206145757922e-02
2.745046933352085494e-01 -4.107698427102389471e-02
2.818003413104546162e-01 -4.127593263689385145e-02
2.891758086729252497e-01 -4.145288086589139082e-02
2.966302757267624823e-01 -4.160671399100402540e-02
3.041629139962280792e-01 -4.173607958148140007e-02
3.117728863177794407e-01 -4.183985022498686035e-02
3.194593469331089564e-01 -4.191713075378268594e-02
3.272214415831418144e-01 -4.196724505864662946e-02
3.350583076029753915e-01 -4.198966444876093412e-02
3.429690740177547825e-01 -4.198367453680507122e-02
3.509528616394713696e-01 -4.194847021156392769e-02
3.590087831646743277e-01 -4.188355675833232289e-02
3.671359432730831873e-01 -4.178861934333849559e-02
3.753334387270930161e-01 -4.166341039024217680e-02
3.836003584721576765e-01 -4.150737809647964821e-02
3.919357837380436083e-01 -4.131790816861282550e-02
4.003387881409395943e-01 -4.109188280109254965e-02
4.088084377864137364e-01 -4.082761166241898748e-02
4.173437913732044313e-01 -4.052425541093854222e-02
4.259439002978354649e-01 -4.018263955311489333e-02
4.346078087600411255e-01 -3.980369855864131917e-02
4.433345538689928977e-01 -3.938725723626755604e-02
4.521231657503131940e-01 -3.893198538038928486e-02
4.609726676538650203e-01 -3.843396006404713877e-02
4.698820760623064752e-01 -3.788980142354823888e-02
4.788504008003974244e-01 -3.729848091224005624e-02
4.878766451450451402e-01 -3.666000399214273953e-02
4.969598059360780251e-01 -3.597572694119436504e-02
5.060988736877365390e-01 -3.524601725794276885e-02
5.152928327008634568e-01 -3.446938254776491656e-02
5.245406611757882365e-01 -3.364527711443535130e-02
5.338413313258880688e-01 -3.277463062547768952e-02
5.431938094918128401e-01 -3.185618516876089629e-02
5.525970562563653488e-01 -3.088599324438030813e-02
5.620500265600203438e-01 -2.985975156733417651e-02
5.715516698170692855e-01 -2.877309750491638049e-02
5.811009300323815019e-01 -2.762404264248059446e-02
5.906967459187653091e-01 -2.641257042832513210e-02
6.003380510149177729e-01 -2.513865621194966843e-02
6.100237738039482327e-01 -2.380214242685724235e-02
6.197528378324663745e-01 -2.240199287442017073e-02
6.295241618302156450e-01 -2.093716753061381983e-02
6.393366598302444581e-01 -1.941084378790851328e-02
6.491892412895989839e-01 -1.782849905965362344e-02
6.590808112105230876e-01 -1.619709945202425089e-02
6.690102702621547603e-01 -1.452482270491440436e-02
6.789765149027036095e-01 -1.282316838679860120e-02
6.889784375020977514e-01 -1.110456591352319833e-02
6.990149264650814542e-01 -9.380545121140145340e-03
7.090848663547572039e-01 -7.663887567068030857e-03
7.191871380165538730e-01 -5.972941293094614391e-03
7.293206187026060050e-01 -4.324694471982346022e-03
7.394841821965345563e-01 -2.728056905609839693e-03
7.496766989386134394e-01 -1.190713055301661615e-03
7.598970361513051053e-01 2.788719994218786234e-04
7.701440579651563922e-01 1.672759618124417544e-03
7.804166255450371015e-01 2.984382242422345486e-03
7.907135972167069760e-01 4.207838485419479121e-03
8.010338285937002034e-01 5.338085317912028525e-03
8.113761727045106786e-01 6.369584331033725788e-03
8.217394801200630372e-01 7.295900968333221027e-03
8.321225990814590245e-01 8.109395731027311746e-03
8.425243756279822138e-01 8.801066216464214359e-03
8.529436537253458628e-01 9.363148178322353368e-03
8.633792753941731402e-01 9.789531248984547143e-03
8.738300808386934015e-01 1.007900143549628376e-02
8.842949085756387495e-01 1.023453920268999062e-02
8.947725955633289985e-01 1.025790757798378250e-02
9.052619773309316109e-01 1.014910429227737498e-02
9.157618881078770645e-01 9.899745233443828230e-03
9.262711609534211021e-01 9.498545947148301360e-03
9.367886278863364335e-01 8.955433004753363124e-03
9.473131200147204556e-01 8.280402377700439576e-03
9.578434676659028923e-01 7.402208469109367202e-03
9.683785005164411430e-01 6.229897312361985101e-03
9.789170477221889044e-01 4.768524085512791839e-03
9.894579380484205267e-01 2.929884802285949701e-03
9.999999999999998890e-01 6.849122852980237651e-07
