9.999999999999998890e-01 -1.097721454025010652e-07
9.894579380484205267e-01 1.987728688373222377e-03
9.789170477221889044e-01 3.935643574348826265e-03
9.683785005164411430e-01 5.931695851865884106e-03
9.578434676659028923e-01 8.003719993274600875e-03
9.473131200147204556e-01 1.015946915536666134e-02
9.367886278863364335e-01 1.238575402271580375e-02
9.262711609534211021e-01 1.467217098672042412e-02
9.157618881078770645e-01 1.702260331021803949e-02
9.052619773309316109e-01 1.943979905285419044e-02
8.947725955633289985e-01 2.192065273172724357e-02
8.842949085756387495e-01 2.446251010546690932e-02
8.738300808386934015e-01 2.706443339498470699e-02
8.633792753941731402e-01 2.972419281301785093e-02
8.529436537253458628e-01 3.243764310560594971e-02
8.425243756279822138e-01 3.520099322080377097e-02
8.321225990814590245e-01 3.801096655219771830e-02
8.217394801200630372e-01 4.086356194895398447e-02
8.113761727045106786e-01 4.375406504301184579e-02
8.010338285937002034e-01 4.667778604153454552e-02
7.907135972167069760e-01 4.963003504927341464e-02
7.804166255450371015e-01 5.260559603758817315e-02
7.701440579651563922e-01 5.559899682903102214e-02
7.598970361513051053e-01 5.860574221777304499e-02
7.496766989386134394e-01 6.162204781949968263e-02
7.394841821965345563e-01 6.464534106390258661e-02
7.293206187026060050e-01 6.767303676333311091e-02
7.191871380165538730e-01 7.069879297317543942e-02
7.090848663547572039e-01 7.371476827013892508e-02
6.990149264650814542e-01 7.671305372332257178e-02
6.889784375020977514e-01 7.968573173003162813e-02
6.789765149027036095e-01 8.262493761511302548e-02
6.690102702621547603e-01 8.552272743615539630e-02
6.590808112105230876e-01 8.837082411603376653e-02
6.491892412895989839e-01 9.116080648188086555e-02
6.393366598302444581e-01 9.388404767031956200e-02
6.295241618302156450e-01 9.653188541925206145e-02
6.197528378324663745e-01 9.909566334173462721e-02
6.100237738039482327e-01 1.015668059145375113e-01
6.003380510149177729e-01 1.039369097915122803e-01
5.906967459187653091e-01 1.061983385697941457e-01
5.811009300323815019e-01 1.083447623497419271e-01
5.715516698170692855e-01 1.103717028184941079e-01
5.620500265600203438e-01 1.122772043134910441e-01
5.525970562563653488e-01 1.140612137862552639e-01
5.431938094918128401e-01 1.157257960113726586e-01
5.338413313258880688e-01 1.172744164571102865e-01
5.245406611757882365e-01 1.187117928473214873e-01
5.152928327008634568e-01 1.200418607090813772e-01
5.060988736877365390e-01 1.212678300034139844e-01
4.969598059360780251e-01 1.223928316033610769e-01
4.878766451450451402e-01 1.234199087178075999e-01
4.788504008003974244e-01 1.243515940010511134e-01
4.698820760623064752e-01 1.251900917895073795e-01
4.609726676538650203e-01 1.259374467465036451e-01
4.521231657503131940e-01 1.265956011756796395e-01
4.433345538689928977e-01 1.271663355064016065e-01
4.346078087600411255e-01 1.276512923002499633e-01
4.259439002978354649e-01 1.280517197011930564e-01
4.173437913732044313e-01 1.283688248004992982e-01
4.088084377864137364e-01 1.286042741379325172e-01
4.003387881409395943e-01 1.287600737784531102e-01
3.919357837380436083e-01 1.288390195984012998e-01
3.836003584721576765e-01 1.288439619102886846e-01
3.753334387270930161e-01 1.287773216104276253e-01
3.671359432730831873e-01 1.286415005891012875e-01
3.590087831646743277e-01 1.284390708757377764e-01
3.509528616394713696e-01 1.281720840160575359e-01
3.429690740177547825e-01 1.278413925497502157e-01
3.350583076029753915e-01 1.274475352560217045e-01
3.272214415831418144e-01 1.269907777918611869e-01
3.194593469331089564e-01 1.264720042865443983e-01
3.117728863177794407e-01 1.258930944757677417e-01
3.041629139962280792e-01 1.252560748413492908e-01
2.966302757267624823e-01 1.245630338026023770e-01
2.891758086729252497e-01 1.238155588604314961e-01
2.818003413104546162e-01 1.230146891379946261e-01
2.745046933352085494e-01 1.221614884160562298e-01
2.672896755720651774e-01 1.212570679105680893e-01
2.601560898848094272e-01 1.203025294799557054e-01
2.531047290870154232e-01 1.192989756523819972e-01
2.461363768539343022e-01 1.182476186680743585e-01
2.392518076353984391e-01 1.171497275096306107e-01
2.324517865697500740e-01 1.160064313559018706e-01
2.257370693988056676e-01 1.148188009283771099e-01
2.191084023838638650e-01 1.135880487705711595e-01
2.125665222227673956e-01 1.123154184877106082e-01
2.061121559680280102e-01 1.110019425507524637e-01
1.997460209460230063e-01 1.096485710505201161e-01
1.934688246772731102e-01 1.082562448740652522e-01
1.872812647978095990e-01 1.068259455888053988e-01
1.811840289816407656e-01 1.053588358149729343e-01
1.751777948643248317e-01 1.038561423825653807e-01
1.692632299676588570e-01 1.023191509139085437e-01
1.634409916254914164e-01 1.007492199209020362e-01
1.577117269106679265e-01 9.914787765027324729e-02
1.520760725631161714e-01 9.751643450534996926e-02
1.465346549190801317e-01 9.585562051302055908e-02
1.410880898415101115e-01 9.416627422692165628e-02
1.357369826516168221e-01 9.244960869808487025e-02
1.304819280615971966e-01 9.070676259388160689e-02
1.253235101085391490e-01 8.893867977790910484e-02
1.202623020895129402e-01 8.714624741025671362e-02
1.152988664978553679e-01 8.533031050412066831e-02
1.104337549606562163e-01 8.349205775495836812e-02
1.056675081774507419e-01 8.163306695675824620e-02
1.010006558601274085e-01 7.975458613945854425e-02
9.643371667405697956e-02 7.785755301250676941e-02
9.196719818044885031e-02 7.594350128351481932e-02
8.760159677994161509e-02 7.401443034746520155e-02
8.333739765743386485e-02 7.207182205808754238e-02
7.917507472816209813e-02 7.011669527744830710e-02
7.511509058502996439e-02 6.814913285332487025e-02
7.115789644719716645e-02 6.616876269920006493e-02
6.730393210993146358e-02 6.417595495853796461e-02
6.355362589573076981e-02 6.217167513415908231e-02
5.990739460672012129e-02 6.015840717159929435e-02
5.636564347832906385e-02 5.813923459523564347e-02
5.292876613425423482e-02 5.611711900136753112e-02
4.959714454271368922e-02 5.409552582756144840e-02
4.637114897399441382e-02 5.208037544455555723e-02
4.325113795930202176e-02 5.007596660904587577e-02
4.023745825091396000e-02 4.807804520201072046e-02
3.733044478364233587e-02 4.608013364043977295e-02
3.453042063760936031e-02 4.407500809254765589e-02
3.183769700234129196e-02 4.205662969582991267e-02
2.925257314218321358e-02 4.002235587635891850e-02
2.677533636303963682e-02 3.797672343614602597e-02
2.440626198044326678e-02 3.593829923500944934e-02
2.214561328895736647e-02 3.392864048974739838e-02
1.999364153291383062e-02 3.197134909185680995e-02
1.795058587848985532e-02 3.008494305344089348e-02
1.601667338712764455e-02 2.827906367169399568e-02
1.419211899029970692e-02 2.652616866110050348e-02
1.247712546562085301e-02 2.475374979650001722e-02
1.087188341431266636e-02 2.290180432226167698e-02
9.376571240020115106e-03 2.092975179971526614e-02
7.991355128984078959e-03 1.885878159947887087e-02
6.716389031571567969e-03 1.676867063401022914e-02
5.551814645166519568e-03 1.480444602825962790e-02
4.497761398421062928e-03 1.314516286639384225e-02
3.554346436871580472e-03 1.181964393474547494e-02
2.721674609919344512e-03 1.073451330531893962e-02
1.999838459177394334e-03 9.554177083056477129e-03
1.388918208186096237e-03 7.882903060342144608e-03
8.889817534969424173e-04 5.811986976426784801e-03
5.000846571264760954e-04 3.654084839227734766e-03
2.222701403818971855e-04 1.756720103136662431e-03
5.556907905679420168e-05 4.591655882397020511e-04
0.000000000000000000e+00 5.187772701824260688e-08
0.000000000000000000e+00 1.112371970559032746e-06
5.556907905679420168e-05 -5.048658882957561371e-04
2.222701403818971855e-04 -1.788764734393084302e-03
5.000846571264760954e-04 -3.553644450735308786e-03
8.889817534969424173e-04 -5.097281111753598076e-03
1.388918208186096237e-03 -5.942162857373042319e-03
1.999838459177394334e-03 -6.449782157133725560e-03
2.721674609919344512e-03 -7.022627522531768758e-03
3.554346436871580472e-03 -7.833825069197320606e-03
4.497761398421062928e-03 -8.850081428189481361e-03
5.551814645166519568e-03 -9.710639155495932179e-03
6.716389031571567969e-03 -1.024890457158204697e-02
7.991355128984078959e-03 -1.066237696568023315e-02
9.376571240020115106e-03 -1.108533856659288906e-02
1.087188341431266636e-02 -1.152393505552853394e-02
1.247712546562085301e-02 -1.196617978696798423e-02
1.419211899029970692e-02 -1.238989158727604213e-02
1.601667338712764455e-02 -1.277659923357718844e-02
1.795058587848985532e-02 -1.311273684113310745e-02
1.999364153291383062e-02 -1.339846973479277663e-02
2.214561328895736647e-02 -1.364487859727185268e-02
2.440626198044326678e-02 -1.386374566053827188e-02
2.677533636303963682e-02 -1.406629704455469518e-02
2.925257314218321358e-02 -1.425567785220952129e-02
3.183769700234129196e-02 -1.443038978677922343e-02
3.453042063760936031e-02 -1.458845624145157713e-02
3.733044478364233587e-02 -1.472778805222813361e-02
4.023745825091396000e-02 -1.484687063498913058e-02
4.325113795930202176e-02 -1.494452571189646556e-02
4.637114897399441382e-02 -1.502014664175979446e-02
4.959714454271368922e-02 -1.507347150005674055e-02
5.292876613425423482e-02 -1.510491990103085373e-02
5.636564347832906385e-02 -1.511532743107343001e-02
5.990739460672012129e-02 -1.510635490110644706e-02
6.355362589573076981e-02 -1.507991465897710534e-02
6.730393210993146358e-02 -1.503811659275727623e-02
7.115789644719716645e-02 -1.498235818120981049e-02
7.511509058502996439e-02 -1.491221380356504318e-02
7.917507472816209813e-02 -1.482719673887381538e-02
8.333739765743386485e-02 -1.472724981999450067e-02
8.760159677994161509e-02 -1.461236922680249004e-02
9.196719818044885031e-02 -1.448255444773660812e-02
9.643371667405697956e-02 -1.433786127134534759e-02
1.010006558601274085e-01 -1.417842564762310069e-02
1.056675081774507419e-01 -1.400438822718909695e-02
1.104337549606562163e-01 -1.381589547180049095e-02
1.152988664978553679e-01 -1.361327350908220386e-02
1.202623020895129402e-01 -1.339702715718882851e-02
1.253235101085391490e-01 -1.316759579954644016e-02
1.304819280615971966e-01 -1.292534534420865244e-02
1.357369826516168221e-01 -1.267049938860130565e-02
1.410880898415101115e-01 -1.240319418257996957e-02
1.465346549190801317e-01 -1.212371612853405806e-02
1.520760725631161714e-01 -1.183244190631920628e-02
1.577117269106679265e-01 -1.152972785309898385e-02
1.634409916254914164e-01 -1.121591437319353554e-02
1.692632299676588570e-01 -1.089130774856205200e-02
1.751777948643248317e-01 -1.055622114259809757e-02
1.811840289816407656e-01 -1.021108940777610240e-02
1.872812647978095990e-01 -9.856372170141739636e-03
1.934688246772731102e-01 -9.492443696895645072e-03
1.997460209460230063e-01 -9.119648209198064417e-03
2.061121559680280102e-01 -8.738310296966948429e-03
2.125665222227673956e-01 -8.348771631938837687e-03
2.191084023838638650e-01 -7.951442951901263947e-03
2.257370693988056676e-01 -7.546716748860223152e-03
2.324517865697500740e-01 -7.134901898170945521e-03
2.392518076353984391e-01 -6.716318116465974652e-03
2.461363768539343022e-01 -6.291338373874947112e-03
2.531047290870154232e-01 -5.860339150105271094e-03
2.601560898848094272e-01 -5.423690738646592784e-03
2.672896755720651774e-01 -4.981776839275468827e-03
2.745046933352085494e-01 -4.535002758814198759e-03
2.818003413104546162e-01 -4.083776314541988708e-03
2.891758086729252497e-01 -3.628503226338166895e-03
2.966302757267624823e-01 -3.169509092593745213e-03
3.041629139962280792e-01 -2.707034124891415008e-03
3.117728863177794407e-01 -2.241351475788626747e-03
3.194593469331089564e-01 -1.772785532259828472e-03
3.272214415831418144e-01 -1.301917871163777276e-03
3.350583076029753915e-01 -8.295356023897657331e-04
3.429690740177547825e-01 -3.565157836872500882e-04
3.509528616394713696e-01 1.162576719442080743e-04
3.590087831646743277e-01 5.883553355123930829e-04
3.671359432730831873e-01 1.059616956262568683e-03
3.753334387270930161e-01 1.530033681371797396e-03
3.836003584721576765e-01 1.999563083675783958e-03
3.919357837380436083e-01 2.467535120749445900e-03
4.003387881409395943e-01 2.932992375036768719e-03
4.088084377864137364e-01 3.394733898475867529e-03
4.173437913732044313e-01 3.851630892568728547e-03
4.259439002978354649e-01 4.303173428563089944e-03
4.346078087600411255e-01 4.749046722389638382e-03
4.433345538689928977e-01 5.189053231281231908e-03
4.521231657503131940e-01 5.622910173762636285e-03
4.609726676538650203e-01 6.050022631972650812e-03
4.698820760623064752e-01 6.469733257408493039e-03
4.788504008003974244e-01 6.881364310097969929e-03
4.878766451450451402e-01 7.283927135979639811e-03
4.969598059360780251e-01 7.675830095347741661e-03
5.060988736877365390e-01 8.055498217659023963e-03
5.152928327008634568e-01 8.421508127852989772e-03
5.245406611757882365e-01 8.772850920835245300e-03
5.338413313258880688e-01 9.109068692840728912e-03
5.431938094918128401e-01 9.429641830007915587e-03
5.525970562563653488e-01 9.733934142481763876e-03
5.620500265600203438e-01 1.002136020407558281e-02
5.715516698170692855e-01 1.029137774489153299e-02
5.811009300323815019e-01 1.054322245977531297e-02
5.906967459187653091e-01 1.077593516225209581e-02
6.003380510149177729e-01 1.098843834134138192e-02
6.100237738039482327e-01 1.117965921328993757e-02
6.197528378324663745e-01 1.134938183394820430e-02
6.295241618302156450e-01 1.149787697652830502e-02
6.393366598302444581e-01 1.162527378424067434e-02
6.491892412895989839e-01 1.173155305386962798e-02
6.590808112105230876e-01 1.181619015996710972e-02
6.690102702621547603e-01 1.187853090851261929e-02
6.789765149027036095e-01 1.191834564462605599e-02
6.889784375020977514e-01 1.193556619888967545e-02
6.990149264650814542e-01 1.193019986637584157e-02
7.090848663547572039e-01 1.190229925126037001e-02
7.191871380165538730e-01 1.185200622916983068e-02
7.293206187026060050e-01 1.177937256976982830e-02
7.394841821965345563e-01 1.168411136558289258e-02
7.496766989386134394e-01 1.156560294122965966e-02
7.598970361513051053e-01 1.142255024044853094e-02
7.701440579651563922e-01 1.125379387660446241e-02
7.804166255450371015e-01 1.105868673344511353e-02
7.907135972167069760e-01 1.083664678529308936e-02
8.010338285937002034e-01 1.058709082183928799e-02
8.113761727045106786e-01 1.030934623753403459e-02
8.217394801200630372e-01 1.000261261915845294e-02
8.321225990814590245e-01 9.666241608042913658e-03
8.425243756279822138e-01 9.299799303586479826e-03
8.529436537253458628e-01 8.903155750572109076e-03
8.633792753941731402e-01 8.476434044602647669e-03
8.738300808386934015e-01 8.018772041813379547e-03
8.842949085756387495e-01 7.528501967718518109e-03
8.947725955633289985e-01 7.005107681162004406e-03
9.052619773309316109e-01 6.449003705114741795e-03
9.157618881078770645e-01 5.861132365003510723e-03
9.262711609534211021e-01 5.242645437120567811e-03
9.367886278863364335e-01 4.593712529083674237e-03
9.473131200147204556e-01 3.913526473274208523e-03
9.578434676659028923e-01 3.197970069818955804e-03
9.683785005164411430e-01 2.442611460648860117e-03
9.789170477221889044e-01 1.649801968623792288e-03
9.894579380484205267e-01 8.276372170630849449e-04
9.999999999999998890e-01 2.921073236397653583e-08
