9.999999999999998890e-01 4.288129794885972506e-09
9.894579380484205267e-01 5.451326165477413284e-03
9.789170477221889044e-01 1.026304166253553564e-02
9.683785005164411430e-01 1.451044246105727409e-02
9.578434676659028923e-01 1.826998850782267023e-02
9.473131200147204556e-01 2.161797295806890118e-02
9.367886278863364335e-01 2.462958298855224756e-02
9.262711609534211021e-01 2.738054551532249567e-02
9.157618881078770645e-01 2.994821094057599498e-02
9.052619773309316109e-01 3.240773173369646681e-02
8.947725955633289985e-01 3.482924153629825964e-02
8.842949085756387495e-01 3.725459231359733170e-02
8.738300808386934015e-01 3.968163538316354932e-02
8.633792753941731402e-01 4.210654866778868605e-02
8.529436537253458628e-01 4.452845962057402213e-02
8.425243756279822138e-01 4.694565363815293713e-02
8.321225990814590245e-01 4.935526329128088474e-02
8.217394801200630372e-01 5.175497569336491577e-02
8.113761727045106786e-01 5.414304572309253799e-02
8.010338285937002034e-01 5.651744509747900352e-02
7.907135972167069760e-01 5.887592948451534497e-02
7.804166255450371015e-01 6.121661536896861461e-02
7.701440579651563922e-01 6.353785735496682296e-02
7.598970361513051053e-01 6.583791321161887311e-02
7.496766989386134394e-01 6.811499898012411680e-02
7.394841821965345563e-01 7.036745562497992434e-02
7.293206187026060050e-01 7.259367950877036735e-02
7.191871380165538730e-01 7.479204004335103517e-02
7.090848663547572039e-01 7.696092600972125053e-02
6.990149264650814542e-01 7.909888489898210528e-02
6.889784375020977514e-01 8.120499881558228272e-02
6.789765149027036095e-01 8.328043677510835185e-02
6.690102702621547603e-01 8.532687945344603897e-02
6.590808112105230876e-01 8.734582139032891213e-02
6.491892412895989839e-01 8.933875815340755477e-02
6.393366598302444581e-01 9.130730960918934103e-02
6.295241618302156450e-01 9.325300010997003564e-02
6.197528378324663745e-01 9.517706744503358351e-02
6.100237738039482327e-01 9.708093858674470000e-02
6.003380510149177729e-01 9.896648788147624498e-02
5.906967459187653091e-01 1.008337469223420935e-01
5.811009300323815019e-01 1.026795080859246034e-01
5.715516698170692855e-01 1.044998896484366085e-01
5.620500265600203438e-01 1.062905044682534994e-01
5.525970562563653488e-01 1.080472173638605260e-01
5.431938094918128401e-01 1.097662470862129369e-01
5.338413313258880688e-01 1.114438954215632577e-01
5.245406611757882365e-01 1.130765341265154433e-01
5.152928327008634568e-01 1.146606581881475795e-01
5.060988736877365390e-01 1.161928946200770918e-01
4.969598059360780251e-01 1.176702654145936194e-01
4.878766451450451402e-01 1.190901532159180654e-01
4.788504008003974244e-01 1.204507774671721848e-01
4.698820760623064752e-01 1.217508549277770413e-01
4.609726676538650203e-01 1.229890381778607628e-01
4.521231657503131940e-01 1.241639820305075192e-01
4.433345538689928977e-01 1.252746105028387513e-01
4.346078087600411255e-01 1.263199577775715454e-01
4.259439002978354649e-01 1.272990322736387014e-01
4.173437913732044313e-01 1.282109203888852911e-01
4.088084377864137364e-01 1.290551164061182199e-01
4.003387881409395943e-01 1.298310634690641729e-01
3.919357837380436083e-01 1.305375496315855366e-01
3.836003584721576765e-01 1.311729606332087406e-01
3.753334387270930161e-01 1.317349063921396390e-01
3.671359432730831873e-01 1.322210435478833046e-01
3.590087831646743277e-01 1.326295543959146728e-01
3.509528616394713696e-01 1.329587703306831792e-01
3.429690740177547825e-01 1.332071639484822823e-01
3.350583076029753915e-01 1.333733769679656400e-01
3.272214415831418144e-01 1.334563287468174819e-01
3.194593469331089564e-01 1.334551194857858392e-01
3.117728863177794407e-01 1.333690842673060928e-01
3.041629139962280792e-01 1.331976790044474002e-01
2.966302757267624823e-01 1.329405647725765138e-01
2.891758086729252497e-01 1.325994210579047317e-01
2.818003413104546162e-01 1.321781109602820359e-01
2.745046933352085494e-01 1.316805312457081656e-01
2.672896755720651774e-01 1.311105113098078589e-01
2.601560898848094272e-01 1.304719233018297175e-01
2.531047290870154232e-01 1.297686434680395684e-01
2.461363768539343022e-01 1.290041820964848984e-01
2.392518076353984391e-01 1.281818630397752179e-01
2.324517865697500740e-01 1.273055041442361368e-01
2.257370693988056676e-01 1.263790277663777439e-01
2.191084023838638650e-01 1.254050827853954719e-01
2.125665222227673956e-01 1.243861365365233201e-01
2.061121559680280102e-01 1.233271409452031259e-01
1.997460209460230063e-01 1.222321691945828515e-01
1.934688246772731102e-01 1.210960573977675481e-01
1.872812647978095990e-01 1.199089368982048792e-01
1.811840289816407656e-01 1.186534903250911349e-01
1.751777948643248317e-01 1.173121185505521108e-01
1.692632299676588570e-01 1.158728864833656336e-01
1.634409916254914164e-01 1.143248359291236110e-01
1.577117269106679265e-01 1.126563546477662436e-01
1.520760725631161714e-01 1.108582471656024276e-01
1.465346549190801317e-01 1.089273293881166810e-01
1.410880898415101115e-01 1.068691005148603435e-01
1.357369826516168221e-01 1.047043745040886903e-01
1.304819280615971966e-01 1.024536915916958169e-01
1.253235101085391490e-01 1.001342031932168225e-01
1.202623020895129402e-01 9.776220648705985505e-02
1.152988664978553679e-01 9.535322080425520652e-02
1.104337549606562163e-01 9.292174646583539754e-02
1.056675081774507419e-01 9.048108045266564647e-02
1.010006558601274085e-01 8.804267158872373933e-02
9.643371667405697956e-02 8.561562448627267619e-02
9.196719818044885031e-02 8.319907003562442005e-02
8.760159677994161509e-02 8.078410617402928540e-02
8.333739765743386485e-02 7.836394249932485123e-02
7.917507472816209813e-02 7.593359847282483976e-02
7.511509058502996439e-02 7.348976388806871540e-02
7.115789644719716645e-02 7.103125658122284858e-02
6.730393210993146358e-02 6.856652367227723810e-02
6.355362589573076981e-02 6.610829918457768184e-02
5.990739460672012129e-02 6.366635012476437594e-02
5.636564347832906385e-02 6.124937183705133487e-02
5.292876613425423482e-02 5.886693041459356568e-02
4.959714454271368922e-02 5.652733504839034528e-02
4.637114897399441382e-02 5.423190510401890152e-02
4.325113795930202176e-02 5.197917395208743324e-02
4.023745825091396000e-02 4.976463306687805427e-02
3.733044478364233587e-02 4.758414389019988144e-02
3.453042063760936031e-02 4.543684466137838662e-02
3.183769700234129196e-02 4.332281147782138936e-02
2.925257314218321358e-02 4.124292110799079869e-02
2.677533636303963682e-02 3.919881849647863237e-02
2.440626198044326678e-02 3.719332038140157198e-02
2.214561328895736647e-02 3.521334108699876453e-02
1.999364153291383062e-02 3.321768116806191745e-02
1.795058587848985532e-02 3.117320660311830721e-02
1.601667338712764455e-02 2.906323858749108521e-02
1.419211899029970692e-02 2.688131696475847682e-02
1.247712546562085301e-02 2.463237065301036172e-02
1.087188341431266636e-02 2.232905849879633989e-02
9.376571240020115106e-03 1.999168398892227708e-02
7.991355128984078959e-03 1.764550735723444466e-02
6.716389031571567969e-03 1.532003691607035541e-02
5.551814645166519568e-03 1.304719883386548825e-02
4.497761398421062928e-03 1.086061536136464362e-02
3.554346436871580472e-03 8.793854536929025800e-03
2.721674609919344512e-03 6.880170730661414741e-03
1.999838459177394334e-03 5.150537611781031387e-03
1.388918208186096237e-03 3.634164467343154251e-03
8.889817534969424173e-04 2.356188072190904675e-03
5.000846571264760954e-04 1.338996062429675862e-03
2.222701403818971855e-04 5.993064079912338669e-04
5.556907905679420168e-05 1.505184304678111205e-04
0.000000000000000000e+00 -2.591090293089835822e-09
0.000000000000000000e+00 1.949473538062759489e-09
5.556907905679420168e-05 -7.671430984969600155e-05
2.222701403818971855e-04 -3.048012486834100168e-04
5.000846571264760954e-04 -6.787950509039939601e-04
8.889817534969424173e-04 -1.188750536481015998e-03
1.388918208186096237e-03 -1.822267558645714351e-03
1.999838459177394334e-03 -2.562761788163163846e-03
2.721674609919344512e-03 -3.391624980913198091e-03
3.554346436871580472e-03 -4.287254950885171709e-03
4.497761398421062928e-03 -5.226789728024835643e-03
5.551814645166519568e-03 -6.185761984255367871e-03
6.716389031571567969e-03 -7.139524202945643321e-03
7.991355128984078959e-03 -8.063460325640309581e-03
9.376571240020115106e-03 -8.934365004457312659e-03
1.087188341431266636e-02 -9.731024389614593637e-03
1.247712546562085301e-02 -1.043545654325585791e-02
1.419211899029970692e-02 -1.103345105077497591e-02
1.601667338712764455e-02 -1.151687367560229498e-02
1.795058587848985532e-02 -1.188370051276388915e-02
1.999364153291383062e-02 -1.214028842989229792e-02
2.214561328895736647e-02 -1.230062044386704724e-02
2.440626198044326678e-02 -1.239227551030139436e-02
2.677533636303963682e-02 -1.244973444652586539e-02
2.925257314218321358e-02 -1.248643377179561691e-02
3.183769700234129196e-02 -1.250377555279961680e-02
3.453042063760936031e-02 -1.250307771310096155e-02
3.733044478364233587e-02 -1.248587711826564320e-02
4.023745825091396000e-02 -1.245495273456614406e-02
4.325113795930202176e-02 -1.241398893953805059e-02
4.637114897399441382e-02 -1.236885023994063748e-02
4.959714454271368922e-02 -1.232580272369416911e-02
5.292876613425423482e-02 -1.228976176317885666e-02
5.636564347832906385e-02 -1.226403503278952235e-02
5.990739460672012129e-02 -1.224750747112927744e-02
6.355362589573076981e-02 -1.223829669590218577e-02
6.730393210993146358e-02 -1.223515468167529416e-02
7.115789644719716645e-02 -1.223656857509602437e-02
7.511509058502996439e-02 -1.224009682785186064e-02
7.917507472816209813e-02 -1.224306986970698230e-02
8.333739765743386485e-02 -1.224263391301690269e-02
8.760159677994161509e-02 -1.223570115024393869e-02
9.196719818044885031e-02 -1.221880977186348173e-02
9.643371667405697956e-02 -1.218781165242687446e-02
1.010006558601274085e-01 -1.213771456969083007e-02
1.056675081774507419e-01 -1.206633278612227918e-02
1.104337549606562163e-01 -1.197498262554567462e-02
1.152988664978553679e-01 -1.186598138928771778e-02
1.202623020895129402e-01 -1.174247820395603673e-02
1.253235101085391490e-01 -1.160808004010837821e-02
1.304819280615971966e-01 -1.146678013293191481e-02
1.357369826516168221e-01 -1.132291554047362876e-02
1.410880898415101115e-01 -1.118118874587058394e-02
1.465346549190801317e-01 -1.104765308439392343e-02
1.520760725631161714e-01 -1.092862266239931664e-02
1.577117269106679265e-01 -1.082561552912761696e-02
1.634409916254914164e-01 -1.073739701900439450e-02
1.692632299676588570e-01 -1.066062578209234918e-02
1.751777948643248317e-01 -1.059115084823352565e-02
1.811840289816407656e-01 -1.052526873678096518e-02
1.872812647978095990e-01 -1.045908833840068948e-02
1.934688246772731102e-01 -1.038709629451234698e-02
1.997460209460230063e-01 -1.030387065000190443e-02
2.061121559680280102e-01 -1.020616420844831958e-02
2.125665222227673956e-01 -1.009222831479170829e-02
2.191084023838638650e-01 -9.963407390174202488e-03
2.257370693988056676e-01 -9.821425764844305892e-03
2.324517865697500740e-01 -9.667400882319409847e-03
2.392518076353984391e-01 -9.502592456614580158e-03
2.461363768539343022e-01 -9.328785852711378099e-03
2.531047290870154232e-01 -9.147831316323112166e-03
2.601560898848094272e-01 -8.961573781473089820e-03
2.672896755720651774e-01 -8.772024732526691876e-03
2.745046933352085494e-01 -8.581454427443310426e-03
2.818003413104546162e-01 -8.392241030066629678e-03
2.891758086729252497e-01 -8.206879976705097265e-03
2.966302757267624823e-01 -8.028037728525058009e-03
3.041629139962280792e-01 -7.858484265440040389e-03
3.117728863177794407e-01 -7.699518092470828551e-03
3.194593469331089564e-01 -7.551075585976218911e-03
3.272214415831418144e-01 -7.413013313648804392e-03
3.350583076029753915e-01 -7.285161708998971579e-03
3.429690740177547825e-01 -7.167310111414257681e-03
3.509528616394713696e-01 -7.059217975255520881e-03
3.590087831646743277e-01 -6.960611867593553652e-03
3.671359432730831873e-01 -6.871193670503702305e-03
3.753334387270930161e-01 -6.790612682133311331e-03
3.836003584721576765e-01 -6.718491333452332633e-03
3.919357837380436083e-01 -6.654434264213056685e-03
4.003387881409395943e-01 -6.598011268262407060e-03
4.088084377864137364e-01 -6.548649942103272267e-03
4.173437913732044313e-01 -6.505693331570798488e-03
4.259439002978354649e-01 -6.468319332510281613e-03
4.346078087600411255e-01 -6.435663864444671547e-03
4.433345538689928977e-01 -6.406866035512282995e-03
4.521231657503131940e-01 -6.381019234129669572e-03
4.609726676538650203e-01 -6.357085676138730240e-03
4.698820760623064752e-01 -6.334034669726815343e-03
4.788504008003974244e-01 -6.310905081122209978e-03
4.878766451450451402e-01 -6.286592955852168818e-03
4.969598059360780251e-01 -6.259703034469033672e-03
5.060988736877365390e-01 -6.229401123220497036e-03
5.152928327008634568e-01 -6.195839755827651195e-03
5.245406611757882365e-01 -6.159619613194478559e-03
5.338413313258880688e-01 -6.121831939522117544e-03
5.431938094918128401e-01 -6.083514798790420897e-03
5.525970562563653488e-01 -6.045605635504957588e-03
5.620500265600203438e-01 -6.009112047568677777e-03
5.715516698170692855e-01 -5.975118906404459050e-03
5.811009300323815019e-01 -5.944756749139998991e-03
5.906967459187653091e-01 -5.919184509276162985e-03
6.003380510149177729e-01 -5.899472720718532820e-03
6.100237738039482327e-01 -5.886549773247561068e-03
6.197528378324663745e-01 -5.880524970041903395e-03
6.295241618302156450e-01 -5.881040204740221010e-03
6.393366598302444581e-01 -5.887841433356928895e-03
6.491892412895989839e-01 -5.900717482089941519e-03
6.590808112105230876e-01 -5.919381287455551151e-03
6.690102702621547603e-01 -5.943519965812531919e-03
6.789765149027036095e-01 -5.972850561829248957e-03
6.889784375020977514e-01 -6.007087318494548807e-03
6.990149264650814542e-01 -6.045885937516569560e-03
7.090848663547572039e-01 -6.088995690173150226e-03
7.191871380165538730e-01 -6.136572958349967820e-03
7.293206187026060050e-01 -6.188868018525092198e-03
7.394841821965345563e-01 -6.246130423534011593e-03
7.496766989386134394e-01 -6.308626443379909514e-03
7.598970361513051053e-01 -6.376664726296108962e-03
7.701440579651563922e-01 -6.450518800720519107e-03
7.804166255450371015e-01 -6.530375663920023714e-03
7.907135972167069760e-01 -6.616531260221605697e-03
8.010338285937002034e-01 -6.709465202643252399e-03
8.113761727045106786e-01 -6.808197238476787136e-03
8.217394801200630372e-01 -6.909542690960518256e-03
8.321225990814590245e-01 -7.009720676620901335e-03
8.425243756279822138e-01 -7.104441690004115011e-03
8.529436537253458628e-01 -7.189738890377407425e-03
8.633792753941731402e-01 -7.261982924922441747e-03
8.738300808386934015e-01 -7.316877469712802784e-03
8.842949085756387495e-01 -7.349621365910433655e-03
8.947725955633289985e-01 -7.356876344135131890e-03
9.052619773309316109e-01 -7.334617660287813881e-03
9.157618881078770645e-01 -7.258588492687785380e-03
9.262711609534211021e-01 -7.091506693580540248e-03
9.367886278863364335e-01 -6.793604578011044372e-03
9.473131200147204556e-01 -6.324020150576697454e-03
9.578434676659028923e-01 -5.642712295322857563e-03
9.683785005164411430e-01 -4.709917667809379940e-03
9.789170477221889044e-01 -3.485342951896490665e-03
9.894579380484205267e-01 -1.928624145767767742e-03
9.999999999999998890e-01 -2.141817307770767443e-09
