9.999999999999998890e-01 4.681623468591589567e-04
9.894579380484205267e-01 4.536731674288074496e-04
9.789170477221889044e-01 5.228558662502689114e-04
9.683785005164411430e-01 6.755924681816560199e-04
9.578434676659028923e-01 9.118562189449552161e-04
9.473131200147204556e-01 1.231566781571664070e-03
9.367886278863364335e-01 1.634447065124891183e-03
9.262711609534211021e-01 2.120271939221406339e-03
9.157618881078770645e-01 2.689007019602522499e-03
9.052619773309316109e-01 3.340405521964886094e-03
8.947725955633289985e-01 4.073775258752598306e-03
8.842949085756387495e-01 4.888784718885382831e-03
8.738300808386934015e-01 5.785736130096919005e-03
8.633792753941731402e-01 6.764240324228827303e-03
8.529436537253458628e-01 7.822426913087971931e-03
8.425243756279822138e-01 8.944520809103463990e-03
8.321225990814590245e-01 1.010007814180638799e-02
8.217394801200630372e-01 1.127693857589409654e-02
8.113761727045106786e-01 1.248075166903585970e-02
8.010338285937002034e-01 1.371219325679131316e-02
7.907135972167069760e-01 1.496769341266829256e-02
7.804166255450371015e-01 1.624751916820306105e-02
7.701440579651563922e-01 1.755391531628047383e-02
7.598970361513051053e-01 1.888228608249496038e-02
7.496766989386134394e-01 2.022470028051510244e-02
7.394841821965345563e-01 2.157773346526754496e-02
7.293206187026060050e-01 2.294031062801047544e-02
7.191871380165538730e-01 2.431257522862006332e-02
7.090848663547572039e-01 2.569487680769220669e-02
6.990149264650814542e-01 2.708614193096901823e-02
6.889784375020977514e-01 2.848541470535300921e-02
6.789765149027036095e-01 2.989426519876514643e-02
6.690102702621547603e-01 3.131228715857106021e-02
6.590808112105230876e-01 3.272961151911037148e-02
6.491892412895989839e-01 3.413660350490210077e-02
6.393366598302444581e-01 3.553050265506495914e-02
6.295241618302156450e-01 3.691055418953968076e-02
6.197528378324663745e-01 3.827782425095146990e-02
6.100237738039482327e-01 3.963269037039090364e-02
6.003380510149177729e-01 4.097359789927057516e-02
5.906967459187653091e-01 4.230039306664024057e-02
5.811009300323815019e-01 4.361562906842401249e-02
5.715516698170692855e-01 4.491829176234076598e-02
5.620500265600203438e-01 4.620188044856128606e-02
5.525970562563653488e-01 4.745954348624232405e-02
5.431938094918128401e-01 4.868470644420122562e-02
5.338413313258880688e-01 4.987534022175970500e-02
5.245406611757882365e-01 5.103393413569624892e-02
5.152928327008634568e-01 5.216142219542829056e-02
5.060988736877365390e-01 5.325726004867006869e-02
4.969598059360780251e-01 5.432132521671748787e-02
4.878766451450451402e-01 5.535392144315094687e-02
4.788504008003974244e-01 5.635627789837570345e-02
4.698820760623064752e-01 5.732952652606067290e-02
4.609726676538650203e-01 5.826915892888288873e-02
4.521231657503131940e-01 5.916845639283440511e-02
4.433345538689928977e-01 6.002536435360665557e-02
4.346078087600411255e-01 6.083995363320811312e-02
4.259439002978354649e-01 6.161303920363127296e-02
4.173437913732044313e-01 6.234562440177242315e-02
4.088084377864137364e-01 6.303837570505189947e-02
4.003387881409395943e-01 6.369187114186274090e-02
3.919357837380436083e-01 6.430672730494133016e-02
3.836003584721576765e-01 6.488372331192937548e-02
3.753334387270930161e-01 6.542412072656125788e-02
3.671359432730831873e-01 6.592750671877101176e-02
3.590087831646743277e-01 6.638883390608837920e-02
3.509528616394713696e-01 6.680445679023294669e-02
3.429690740177547825e-01 6.717543051173412161e-02
3.350583076029753915e-01 6.750313358638689032e-02
3.272214415831418144e-01 6.778840582415757154e-02
3.194593469331089564e-01 6.803225579172283988e-02
3.117728863177794407e-01 6.823603109862659555e-02
3.041629139962280792e-01 6.840080241960307117e-02
2.966302757267624823e-01 6.852727008971355727e-02
2.891758086729252497e-01 6.861677804376864476e-02
2.818003413104546162e-01 6.867120752368902070e-02
2.745046933352085494e-01 6.868867428998226554e-02
2.672896755720651774e-01 6.866407280379267786e-02
2.601560898848094272e-01 6.859628071744477973e-02
2.531047290870154232e-01 6.848730839909830670e-02
2.461363768539343022e-01 6.833859838813924337e-02
2.392518076353984391e-01 6.815124126819949169e-02
2.324517865697500740e-01 6.792700614720059704e-02
2.257370693988056676e-01 6.766788440911512825e-02
2.191084023838638650e-01 6.737470802550721283e-02
2.125665222227673956e-01 6.704816445401706737e-02
2.061121559680280102e-01 6.669133505456487088e-02
1.997460209460230063e-01 6.630659058997248612e-02
1.934688246772731102e-01 6.588809039615325935e-02
1.872812647978095990e-01 6.542893290204297718e-02
1.811840289816407656e-01 6.492857690615039257e-02
1.751777948643248317e-01 6.438838326587818794e-02
1.692632299676588570e-01 6.381056407920669693e-02
1.634409916254914164e-01 6.319760156288188602e-02
1.577117269106679265e-01 6.255222468505207412e-02
1.520760725631161714e-01 6.187655485222431223e-02
1.465346549190801317e-01 6.117119795212058730e-02
1.410880898415101115e-01 6.043828095263947819e-02
1.357369826516168221e-01 5.968326832583769476e-02
1.304819280615971966e-01 5.890688013480030460e-02
1.253235101085391490e-01 5.810143308193548711e-02
1.202623020895129402e-01 5.726025940579201196e-02
1.152988664978553679e-01 5.637932311818046049e-02
1.104337549606562163e-01 5.545921135963849391e-02
1.056675081774507419e-01 5.450561061443669891e-02
1.010006558601274085e-01 5.352285087899107813e-02
9.643371667405697956e-02 5.251362780941019881e-02
9.196719818044885031e-02 5.148033651628081825e-02
8.760159677994161509e-02 5.042535022338420769e-02
8.333739765743386485e-02 4.935325721868998039e-02
7.917507472816209813e-02 4.826960458686165023e-02
7.511509058502996439e-02 4.717386336486471821e-02
7.115789644719716645e-02 4.606096254407460872e-02
6.730393210993146358e-02 4.491793892291635198e-02
6.355362589573076981e-02 4.373081034597666589e-02
5.990739460672012129e-02 4.250460594147180415e-02
5.636564347832906385e-02 4.125092771634239486e-02
5.292876613425423482e-02 3.997460567599495779e-02
4.959714454271368922e-02 3.867882467541070013e-02
4.637114897399441382e-02 3.736977198443983128e-02
4.325113795930202176e-02 3.605397506878868508e-02
4.023745825091396000e-02 3.473609730705608245e-02
3.733044478364233587e-02 3.342091844183267546e-02
3.453042063760936031e-02 3.211486264459236656e-02
3.183769700234129196e-02 3.081400625153624465e-02
2.925257314218321358e-02 2.948755863855977849e-02
2.677533636303963682e-02 2.811650367967196903e-02
2.440626198044326678e-02 2.671541576490868430e-02
2.214561328895736647e-02 2.530016665827975603e-02
1.999364153291383062e-02 2.388131839357987563e-02
1.795058587848985532e-02 2.246354305163524023e-02
1.601667338712764455e-02 2.104375353047641464e-02
1.419211899029970692e-02 1.962439491003796152e-02
1.247712546562085301e-02 1.821584911468739770e-02
1.087188341431266636e-02 1.683504536128386381e-02
9.376571240020115106e-03 1.550304551884537120e-02
7.991355128984078959e-03 1.419908355086527477e-02
6.716389031571567969e-03 1.286767425302090886e-02
5.551814645166519568e-03 1.149079432354762308e-02
4.497761398421062928e-03 1.008426229349624996e-02
3.554346436871580472e-03 8.718768264594195516e-03
2.721674609919344512e-03 7.477912163332439341e-03
1.999838459177394334e-03 6.254842355746510416e-03
1.388918208186096237e-03 4.875699176633571316e-03
8.889817534969424173e-04 3.412768147387671997e-03
5.000846571264760954e-04 2.045480610772175585e-03
2.222701403818971855e-04 9.419776947212236745e-04
5.556907905679420168e-05 2.457689161892716344e-04
0.000000000000000000e+00 1.596029973102659798e-06
0.000000000000000000e+00 -4.511252579106095643e-05
5.556907905679420168e-05 -1.773122599037598899e-04
2.222701403818971855e-04 -5.795118612423285406e-04
5.000846571264760954e-04 -1.182879057847847784e-03
8.889817534969424173e-04 -1.958676394456142136e-03
1.388918208186096237e-03 -2.845636527419920150e-03
1.999838459177394334e-03 -3.671693206004339634e-03
2.721674609919344512e-03 -4.316862048535441594e-03
3.554346436871580472e-03 -4.821547092627771584e-03
4.497761398421062928e-03 -5.253423307557386797e-03
5.551814645166519568e-03 -5.689286650066622056e-03
6.716389031571567969e-03 -6.160128327210159967e-03
7.991355128984078959e-03 -6.622969363957714045e-03
9.376571240020115106e-03 -7.045960451742602076e-03
1.087188341431266636e-02 -7.421346672084183117e-03
1.247712546562085301e-02 -7.755099040650803577e-03
1.419211899029970692e-02 -8.066537586598676243e-03
1.601667338712764455e-02 -8.370446665991126967e-03
1.795058587848985532e-02 -8.675952068375651291e-03
1.999364153291383062e-02 -8.981499436443758297e-03
2.214561328895736647e-02 -9.277544469465286506e-03
2.440626198044326678e-02 -9.559465761263626418e-03
2.677533636303963682e-02 -9.826456290889967402e-03
2.925257314218321358e-02 -1.008100123366947529e-02
3.183769700234129196e-02 -1.032695675166958593e-02
3.453042063760936031e-02 -1.056456081683345566e-02
3.733044478364233587e-02 -1.079207506827719286e-02
4.023745825091396000e-02 -1.100615802797236427e-02
4.325113795930202176e-02 -1.120333413122258197e-02
4.637114897399441382e-02 -1.138273507695407825e-02
4.959714454271368922e-02 -1.154611205025690875e-02
5.292876613425423482e-02 -1.170284717246680359e-02
5.636564347832906385e-02 -1.186156050604897372e-02
5.990739460672012129e-02 -1.202082049081340878e-02
6.355362589573076981e-02 -1.217798472592445530e-02
6.730393210993146358e-02 -1.233341976544263634e-02
7.115789644719716645e-02 -1.248748547889257272e-02
7.511509058502996439e-02 -1.263918725059182818e-02
7.917507472816209813e-02 -1.278759334875452167e-02
8.333739765743386485e-02 -1.293231078594918662e-02
8.760159677994161509e-02 -1.307297078387965709e-02
9.196719818044885031e-02 -1.320912824925675293e-02
9.643371667405697956e-02 -1.334002535017358299e-02
1.010006558601274085e-01 -1.346451147678132641e-02
1.056675081774507419e-01 -1.358287834043853462e-02
1.104337549606562163e-01 -1.369716008890823483e-02
1.152988664978553679e-01 -1.380863509476282398e-02
1.202623020895129402e-01 -1.391767546198318696e-02
1.253235101085391490e-01 -1.402408423940689972e-02
1.304819280615971966e-01 -1.412723392767169066e-02
1.357369826516168221e-01 -1.422681352557321303e-02
1.410880898415101115e-01 -1.432272578702265160e-02
1.465346549190801317e-01 -1.441459902432272108e-02
1.520760725631161714e-01 -1.450192914317615517e-02
1.577117269106679265e-01 -1.458453623212140407e-02
1.634409916254914164e-01 -1.466232747881845988e-02
1.692632299676588570e-01 -1.473465648625843678e-02
1.751777948643248317e-01 -1.480086676058259623e-02
1.811840289816407656e-01 -1.486158936483554689e-02
1.872812647978095990e-01 -1.491792701242854353e-02
1.934688246772731102e-01 -1.497105844707083064e-02
1.997460209460230063e-01 -1.502185846061095294e-02
2.061121559680280102e-01 -1.506994771932118442e-02
2.125665222227673956e-01 -1.511480813925559531e-02
2.191084023838638650e-01 -1.515643766154273209e-02
2.257370693988056676e-01 -1.519483982148665639e-02
2.324517865697500740e-01 -1.522976530576019769e-02
2.392518076353984391e-01 -1.526098176541229937e-02
2.461363768539343022e-01 -1.528838308713241674e-02
2.531047290870154232e-01 -1.531184611030814158e-02
2.601560898848094272e-01 -1.533118636471532577e-02
2.672896755720651774e-01 -1.534622960440712447e-02
2.745046933352085494e-01 -1.535682724151895238e-02
2.818003413104546162e-01 -1.536283088754436185e-02
2.891758086729252497e-01 -1.536408907703591328e-02
2.966302757267624823e-01 -1.536043602952550172e-02
3.041629139962280792e-01 -1.535169264351131380e-02
3.117728863177794407e-01 -1.533772022726736552e-02
3.194593469331089564e-01 -1.531841217230548065e-02
3.272214415831418144e-01 -1.529357624228750573e-02
3.350583076029753915e-01 -1.526296826449677173e-02
3.429690740177547825e-01 -1.522652560362451439e-02
3.509528616394713696e-01 -1.518426236066075519e-02
3.590087831646743277e-01 -1.513579162286543892e-02
3.671359432730831873e-01 -1.508069415249628162e-02
3.753334387270930161e-01 -1.501997713818694832e-02
3.836003584721576765e-01 -1.495514818865524564e-02
3.919357837380436083e-01 -1.488676768908947685e-02
4.003387881409395943e-01 -1.481498173602680511e-02
4.088084377864137364e-01 -1.473967267157672359e-02
4.173437913732044313e-01 -1.466067405275027664e-02
4.259439002978354649e-01 -1.457796154856375731e-02
4.346078087600411255e-01 -1.449152601668824390e-02
4.433345538689928977e-01 -1.440128382206580168e-02
4.521231657503131940e-01 -1.430715084209459656e-02
4.609726676538650203e-01 -1.420908660981634770e-02
4.698820760623064752e-01 -1.410704727829533399e-02
4.788504008003974244e-01 -1.400096315041265624e-02
4.878766451450451402e-01 -1.389077362804234939e-02
4.969598059360780251e-01 -1.377644298669974433e-02
5.060988736877365390e-01 -1.365792088481027414e-02
5.152928327008634568e-01 -1.353512907369722879e-02
5.245406611757882365e-01 -1.340802674260847295e-02
5.338413313258880688e-01 -1.327662902161366211e-02
5.431938094918128401e-01 -1.314097099522698424e-02
5.525970562563653488e-01 -1.300110355415402298e-02
5.620500265600203438e-01 -1.285701812065845502e-02
5.715516698170692855e-01 -1.270864807930635783e-02
5.811009300323815019e-01 -1.255594880471274689e-02
5.906967459187653091e-01 -1.239889553618162173e-02
6.003380510149177729e-01 -1.223745810143852392e-02
6.100237738039482327e-01 -1.207160178207771634e-02
6.197528378324663745e-01 -1.190128836787354878e-02
6.295241618302156450e-01 -1.172648042996943252e-02
6.393366598302444581e-01 -1.154716347026129089e-02
6.491892412895989839e-01 -1.136332752863493042e-02
6.590808112105230876e-01 -1.117491744252508030e-02
6.690102702621547603e-01 -1.098187717993380844e-02
6.789765149027036095e-01 -1.078424762548701489e-02
6.889784375020977514e-01 -1.058206172836315476e-02
6.990149264650814542e-01 -1.037516835967590943e-02
7.090848663547572039e-01 -1.016346727320980269e-02
7.191871380165538730e-01 -9.947237719353832844e-03
7.293206187026060050e-01 -9.726533970183803834e-03
7.394841821965345563e-01 -9.500456113822127943e-03
7.496766989386134394e-01 -9.268045569036948567e-03
7.598970361513051053e-01 -9.028655463320579833e-03
7.701440579651563922e-01 -8.781911638966511530e-03
7.804166255450371015e-01 -8.527911811078906293e-03
7.907135972167069760e-01 -8.266758908765185418e-03
8.010338285937002034e-01 -7.998458240083524198e-03
8.113761727045106786e-01 -7.722926102030769867e-03
8.217394801200630372e-01 -7.439969659210581357e-03
8.321225990814590245e-01 -7.149675394576200139e-03
8.425243756279822138e-01 -6.852462943687524094e-03
8.529436537253458628e-01 -6.548094453581712084e-03
8.633792753941731402e-01 -6.235461724146421081e-03
8.738300808386934015e-01 -5.910520906915548572e-03
8.842949085756387495e-01 -5.566998169412389584e-03
8.947725955633289985e-01 -5.203514469305592013e-03
9.052619773309316109e-01 -4.822227287549277035e-03
9.157618881078770645e-01 -4.423165986000741727e-03
9.262711609534211021e-01 -4.003008915605517359e-03
9.367886278863364335e-01 -3.540854250452968657e-03
9.473131200147204556e-01 -3.008566067871990424e-03
9.578434676659028923e-01 -2.392833491097640444e-03
9.683785005164411430e-01 -1.693532419576405284e-03
9.789170477221889044e-01 -9.496990577110829036e-04
9.894579380484205267e-01 -2.107250720055465305e-04
9.999999999999998890e-01 4.934719175023820044e-04
