9.999999999999998890e-01 -1.918616098614693880e-04
9.894579380484205267e-01 1.245310876370629618e-03
9.789170477221889044e-01 3.058312156567699006e-03
9.683785005164411430e-01 5.118934294476853823e-03
9.578434676659028923e-01 7.339067651267904523e-03
9.473131200147204556e-01 9.651242143774942453e-03
9.367886278863364335e-01 1.202176448509078253e-02
9.262711609534211021e-01 1.442390884370707213e-02
9.157618881078770645e-01 1.683384583691472508e-02
9.052619773309316109e-01 1.923033969989546010e-02
8.947725955633289985e-01 2.159629558749272260e-02
8.842949085756387495e-01 2.391410851073769508e-02
8.738300808386934015e-01 2.616461973381324288e-02
8.633792753941731402e-01 2.832806446812759227e-02
8.529436537253458628e-01 3.038440796909296429e-02
8.425243756279822138e-01 3.232382494115957489e-02
8.321225990814590245e-01 3.414808541436179651e-02
8.217394801200630372e-01 3.586064041475683917e-02
8.113761727045106786e-01 3.746625210951729651e-02
8.010338285937002034e-01 3.897448166001352826e-02
7.907135972167069760e-01 4.039859223179227687e-02
7.804166255450371015e-01 4.175053544473963929e-02
7.701440579651563922e-01 4.304080428594669883e-02
7.598970361513051053e-01 4.427496246873460772e-02
7.496766989386134394e-01 4.545585195211589158e-02
7.394841821965345563e-01 4.658680290389619061e-02
7.293206187026060050e-01 4.767114641815965725e-02
7.191871380165538730e-01 4.871063327005691057e-02
7.090848663547572039e-01 4.970640276134324909e-02
6.990149264650814542e-01 5.065966740099207138e-02
6.889784375020977514e-01 5.157170780550345696e-02
6.789765149027036095e-01 5.244399319308146179e-02
6.690102702621547603e-01 5.327811429063902815e-02
6.590808112105230876e-01 5.407591283421887829e-02
6.491892412895989839e-01 5.483917405248734528e-02
6.393366598302444581e-01 5.556935212009699726e-02
6.295241618302156450e-01 5.626751435228169451e-02
6.197528378324663745e-01 5.693393280496847342e-02
6.100237738039482327e-01 5.756880814047687228e-02
6.003380510149177729e-01 5.817243804846949917e-02
5.906967459187653091e-01 5.874518045562145824e-02
5.811009300323815019e-01 5.928747711666283032e-02
5.715516698170692855e-01 5.979983855932584358e-02
5.620500265600203438e-01 6.028286178518267591e-02
5.525970562563653488e-01 6.073713801396183470e-02
5.431938094918128401e-01 6.116323702208541213e-02
5.338413313258880688e-01 6.156157529708944365e-02
5.245406611757882365e-01 6.193241344487399047e-02
5.152928327008634568e-01 6.227598946056160656e-02
5.060988736877365390e-01 6.259253050698863896e-02
4.969598059360780251e-01 6.288229903429075340e-02
4.878766451450451402e-01 6.314558637743608593e-02
4.788504008003974244e-01 6.338271702554407194e-02
4.698820760623064752e-01 6.359403929552398527e-02
4.609726676538650203e-01 6.377993617672204907e-02
4.521231657503131940e-01 6.394080206903543506e-02
4.433345538689928977e-01 6.407698869298207589e-02
4.346078087600411255e-01 6.418879058734773546e-02
4.259439002978354649e-01 6.427628039417876415e-02
4.173437913732044313e-01 6.433946677703518413e-02
4.088084377864137364e-01 6.437842585158352893e-02
4.003387881409395943e-01 6.439326096953296164e-02
3.919357837380436083e-01 6.438410439064655433e-02
3.836003584721576765e-01 6.435111476142274523e-02
3.753334387270930161e-01 6.429451238485116293e-02
3.671359432730831873e-01 6.421454310335020232e-02
3.590087831646743277e-01 6.411148779443869017e-02
3.509528616394713696e-01 6.398563205299591383e-02
3.429690740177547825e-01 6.383725834934220189e-02
3.350583076029753915e-01 6.366654854649707318e-02
3.272214415831418144e-01 6.347350221315807561e-02
3.194593469331089564e-01 6.325814715748906414e-02
3.117728863177794407e-01 6.302058487044234769e-02
3.041629139962280792e-01 6.276094431396905815e-02
2.966302757267624823e-01 6.247938179799665537e-02
2.891758086729252497e-01 6.217605260192905769e-02
2.818003413104546162e-01 6.185111033560500293e-02
2.745046933352085494e-01 6.150473679515940095e-02
2.672896755720651774e-01 6.113714491390942474e-02
2.601560898848094272e-01 6.074862564995574254e-02
2.531047290870154232e-01 6.033951099107485311e-02
2.461363768539343022e-01 5.990991369145173134e-02
2.392518076353984391e-01 5.945980414351195037e-02
2.324517865697500740e-01 5.898916662529784388e-02
2.257370693988056676e-01 5.849801270783552137e-02
2.191084023838638650e-01 5.798649294755405664e-02
2.125665222227673956e-01 5.745481253257412463e-02
2.061121559680280102e-01 5.690312148149054977e-02
1.997460209460230063e-01 5.633154697983583370e-02
1.934688246772731102e-01 5.574020766383824821e-02
1.872812647978095990e-01 5.512926645681358317e-02
1.811840289816407656e-01 5.449908162497456993e-02
1.751777948643248317e-01 5.385003700306612018e-02
1.692632299676588570e-01 5.318243002938154856e-02
1.634409916254914164e-01 5.249647303931561509e-02
1.577117269106679265e-01 5.179219024762161949e-02
1.520760725631161714e-01 5.106967600076507685e-02
1.465346549190801317e-01 5.032926727738368244e-02
1.410880898415101115e-01 4.957136411581400393e-02
1.357369826516168221e-01 4.879641912220508693e-02
1.304819280615971966e-01 4.800468755797081266e-02
1.253235101085391490e-01 4.719609337635408131e-02
1.202623020895129402e-01 4.637068272524818430e-02
1.152988664978553679e-01 4.552871858595389232e-02
1.104337549606562163e-01 4.467063385088959615e-02
1.056675081774507419e-01 4.379703637653478698e-02
1.010006558601274085e-01 4.290843488103123632e-02
9.643371667405697956e-02 4.200522870461322750e-02
9.196719818044885031e-02 4.108778018976089186e-02
8.760159677994161509e-02 4.015646909030237688e-02
8.333739765743386485e-02 3.921225104672069334e-02
7.917507472816209813e-02 3.825640152416402012e-02
7.511509058502996439e-02 3.728934636261864444e-02
7.115789644719716645e-02 3.631090183898436075e-02
6.730393210993146358e-02 3.532000995270771077e-02
6.355362589573076981e-02 3.431536767459170134e-02
5.990739460672012129e-02 3.329688896283948540e-02
5.636564347832906385e-02 3.226503670694553377e-02
5.292876613425423482e-02 3.122053903793952159e-02
4.959714454271368922e-02 3.016465658597529756e-02
4.637114897399441382e-02 2.910064075048476515e-02
4.325113795930202176e-02 2.803200622166103842e-02
4.023745825091396000e-02 2.696117292467592463e-02
3.733044478364233587e-02 2.589107025801982293e-02
3.453042063760936031e-02 2.482694498961910204e-02
3.183769700234129196e-02 2.377034394151354355e-02
2.925257314218321358e-02 2.271235075690211311e-02
2.677533636303963682e-02 2.164396105285160479e-02
2.440626198044326678e-02 2.055942556839413654e-02
2.214561328895736647e-02 1.945421776128804930e-02
1.999364153291383062e-02 1.832536650081282095e-02
1.795058587848985532e-02 1.717667114770651468e-02
1.601667338712764455e-02 1.602175546650555851e-02
1.419211899029970692e-02 1.487570763788677655e-02
1.247712546562085301e-02 1.375451321714485017e-02
1.087188341431266636e-02 1.267568548791391664e-02
9.376571240020115106e-03 1.165744527948475370e-02
7.991355128984078959e-03 1.070225838016063136e-02
6.716389031571567969e-03 9.796746427461573356e-03
5.551814645166519568e-03 8.901384818316301906e-03
4.497761398421062928e-03 7.959750833433318698e-03
3.554346436871580472e-03 6.941097285611534662e-03
2.721674609919344512e-03 5.839892646444067720e-03
1.999838459177394334e-03 4.729430768982414816e-03
1.388918208186096237e-03 3.714603729746193076e-03
8.889817534969424173e-04 2.828355341592162821e-03
5.000846571264760954e-04 2.050610997249632285e-03
2.222701403818971855e-04 1.236245702290382281e-03
5.556907905679420168e-05 3.367366740133058574e-04
0.000000000000000000e+00 -3.803420571786570101e-06
0.000000000000000000e+00 -1.288849186869017099e-05
5.556907905679420168e-05 -7.731817681958137733e-04
2.222701403818971855e-04 -1.327326572546400898e-03
5.000846571264760954e-04 -1.734408521744879072e-03
8.889817534969424173e-04 -2.150893855354826540e-03
1.388918208186096237e-03 -2.688403060269114152e-03
1.999838459177394334e-03 -3.281898965667733384e-03
2.721674609919344512e-03 -3.862882375014456329e-03
3.554346436871580472e-03 -4.422611338757384027e-03
4.497761398421062928e-03 -4.969962968493147303e-03
5.551814645166519568e-03 -5.531424965205794693e-03
6.716389031571567969e-03 -6.123793483396513561e-03
7.991355128984078959e-03 -6.745305477199441471e-03
9.376571240020115106e-03 -7.390625559034727857e-03
1.087188341431266636e-02 -8.051895667087258582e-03
1.247712546562085301e-02 -8.722605033798533011e-03
1.419211899029970692e-02 -9.397946672480686492e-03
1.601667338712764455e-02 -1.007288691885449734e-02
1.795058587848985532e-02 -1.074218934799772013e-02
1.999364153291383062e-02 -1.140219567952762032e-02
2.214561328895736647e-02 -1.205058283306379222e-02
2.440626198044326678e-02 -1.268580614473615621e-02
2.677533636303963682e-02 -1.330713351534804773e-02
2.925257314218321358e-02 -1.391689656729502497e-02
3.183769700234129196e-02 -1.451909862191982925e-02
3.453042063760936031e-02 -1.511727377227233340e-02
3.733044478364233587e-02 -1.571409460897665519e-02
4.023745825091396000e-02 -1.630818906292789972e-02
4.325113795930202176e-02 -1.689683475488858860e-02
4.637114897399441382e-02 -1.747861526768589718e-02
4.959714454271368922e-02 -1.805248845569391164e-02
5.292876613425423482e-02 -1.861717467326163070e-02
5.636564347832906385e-02 -1.917151281775920577e-02
5.990739460672012129e-02 -1.971499249342153343e-02
6.355362589573076981e-02 -2.024731421335251164e-02
6.730393210993146358e-02 -2.076837385380852011e-02
7.115789644719716645e-02 -2.127838971899070897e-02
7.511509058502996439e-02 -2.177827922165991026e-02
7.917507472816209813e-02 -2.226908540222757513e-02
8.333739765743386485e-02 -2.275188569510020603e-02
8.760159677994161509e-02 -2.322708493149128195e-02
9.196719818044885031e-02 -2.369393945375746630e-02
9.643371667405697956e-02 -2.415181291059032009e-02
1.010006558601274085e-01 -2.460038334726534492e-02
1.056675081774507419e-01 -2.503937026891397966e-02
1.104337549606562163e-01 -2.546852118576503621e-02
1.152988664978553679e-01 -2.588775395798830273e-02
1.202623020895129402e-01 -2.629716349727045238e-02
1.253235101085391490e-01 -2.669694207407629499e-02
1.304819280615971966e-01 -2.708737582006856548e-02
1.357369826516168221e-01 -2.746898421766561654e-02
1.410880898415101115e-01 -2.784245604359392862e-02
1.465346549190801317e-01 -2.820850755123339298e-02
1.520760725631161714e-01 -2.856778341522435427e-02
1.577117269106679265e-01 -2.892018772316042388e-02
1.634409916254914164e-01 -2.926526760480557474e-02
1.692632299676588570e-01 -2.960271419697508774e-02
1.751777948643248317e-01 -2.993227908039267429e-02
1.811840289816407656e-01 -3.025370171384716977e-02
1.872812647978095990e-01 -3.056673363969520524e-02
1.934688246772731102e-01 -3.087120331477515023e-02
1.997460209460230063e-01 -3.116696716412118914e-02
2.061121559680280102e-01 -3.145390280544241302e-02
2.125665222227673956e-01 -3.173191959199317402e-02
2.191084023838638650e-01 -3.200101133189150321e-02
2.257370693988056676e-01 -3.226117927297623977e-02
2.324517865697500740e-01 -3.251239995632262264e-02
2.392518076353984391e-01 -3.275456878450362652e-02
2.461363768539343022e-01 -3.298741293215868425e-02
2.531047290870154232e-01 -3.321066662722171881e-02
2.601560898848094272e-01 -3.342411761455222480e-02
2.672896755720651774e-01 -3.362756264337132817e-02
2.745046933352085494e-01 -3.382080408307026886e-02
2.818003413104546162e-01 -3.400366544321273277e-02
2.891758086729252497e-01 -3.417599746833518276e-02
2.966302757267624823e-01 -3.433766653876127450e-02
3.041629139962280792e-01 -3.448855523641276150e-02
3.117728863177794407e-01 -3.462856886719655608e-02
3.194593469331089564e-01 -3.475763422414464288e-02
3.272214415831418144e-01 -3.487569862598668274e-02
3.350583076029753915e-01 -3.498272694163701013e-02
3.429690740177547825e-01 -3.507871068101230810e-02
3.509528616394713696e-01 -3.516366080554719775e-02
3.590087831646743277e-01 -3.523761042083475847e-02
3.671359432730831873e-01 -3.530060912386286803e-02
3.753334387270930161e-01 -3.535274088605757509e-02
3.836003584721576765e-01 -3.539410780233672588e-02
3.919357837380436083e-01 -3.542482706560363265e-02
4.003387881409395943e-01 -3.544503287963740590e-02
4.088084377864137364e-01 -3.545491654990207131e-02
4.173437913732044313e-01 -3.545467699019601293e-02
4.259439002978354649e-01 -3.544446986447036263e-02
4.346078087600411255e-01 -3.542434159794672494e-02
4.433345538689928977e-01 -3.539400305928404322e-02
4.521231657503131940e-01 -3.535310844816501319e-02
4.609726676538650203e-01 -3.530135464663224087e-02
4.698820760623064752e-01 -3.523843761850353751e-02
4.788504008003974244e-01 -3.516403359490290204e-02
4.878766451450451402e-01 -3.507782021190878480e-02
4.969598059360780251e-01 -3.497948337443429478e-02
5.060988736877365390e-01 -3.486870724899152063e-02
5.152928327008634568e-01 -3.474517158857658161e-02
5.245406611757882365e-01 -3.460855692838252229e-02
5.338413313258880688e-01 -3.445854547673413842e-02
5.431938094918128401e-01 -3.429482024456424749e-02
5.525970562563653488e-01 -3.411706498496359929e-02
5.620500265600203438e-01 -3.392496233571593023e-02
5.715516698170692855e-01 -3.371819416191703528e-02
5.811009300323815019e-01 -3.349644846038035695e-02
5.906967459187653091e-01 -3.325941766918685122e-02
6.003380510149177729e-01 -3.300678545463932301e-02
6.100237738039482327e-01 -3.273823206293064586e-02
6.197528378324663745e-01 -3.245346662145739275e-02
6.295241618302156450e-01 -3.215219913884413000e-02
6.393366598302444581e-01 -3.183400645034342030e-02
6.491892412895989839e-01 -3.149836577312539743e-02
6.590808112105230876e-01 -3.114452668991772935e-02
6.690102702621547603e-01 -3.077167928498768940e-02
6.789765149027036095e-01 -3.037919807802886424e-02
6.889784375020977514e-01 -2.996645029843086200e-02
6.990149264650814542e-01 -2.953248772051284346e-02
7.090848663547572039e-01 -2.907644205073802932e-02
7.191871380165538730e-01 -2.859806834995340732e-02
7.293206187026060050e-01 -2.809654057205034777e-02
7.394841821965345563e-01 -2.756881698322305452e-02
7.496766989386134394e-01 -2.701055858630582382e-02
7.598970361513051053e-01 -2.641521242341047029e-02
7.701440579651563922e-01 -2.577621304305531200e-02
7.804166255450371015e-01 -2.508768990117261899e-02
7.907135972167069760e-01 -2.434344168374955389e-02
8.010338285937002034e-01 -2.353654218659606903e-02
8.113761727045106786e-01 -2.266072532073087203e-02
8.217394801200630372e-01 -2.171094597770063458e-02
8.321225990814590245e-01 -2.068695858925718306e-02
8.425243756279822138e-01 -1.959435278844396180e-02
8.529436537253458628e-01 -1.843808135639176185e-02
8.633792753941731402e-01 -1.722210690138106445e-02
8.738300808386934015e-01 -1.595161616588338521e-02
8.842949085756387495e-01 -1.463279491774840957e-02
8.947725955633289985e-01 -1.326995997672428609e-02
9.052619773309316109e-01 -1.186633842726605124e-02
9.157618881078770645e-01 -1.042894938397529933e-02
9.262711609534211021e-01 -8.966290595548291262e-03
9.367886278863364335e-01 -7.478502027395229901e-03
9.473131200147204556e-01 -5.966745213559321998e-03
9.578434676659028923e-01 -4.471837640595959298e-03
9.683785005164411430e-01 -3.056198069233789696e-03
9.789170477221889044e-01 -1.806430617077019185e-03
9.894579380484205267e-01 -8.150238967532299475e-04
9.999999999999998890e-01 -1.600604538261294360e-04
