9.999999999999998890e-01 1.000000674896979035e-03
9.894579380484205267e-01 4.594701504385364718e-03
9.789170477221889044e-01 8.123772598714114335e-03
9.683785005164411430e-01 1.159846556365025372e-02
9.578434676659028923e-01 1.503019936484271610e-02
9.473131200147204556e-01 1.843035582681648230e-02
9.367886278863364335e-01 2.181012225514742872e-02
9.262711609534211021e-01 2.518076095812479473e-02
9.157618881078770645e-01 2.855377501460331507e-02
9.052619773309316109e-01 3.194031627354437103e-02
8.947725955633289985e-01 3.535068671848208555e-02
8.842949085756387495e-01 3.878729989530762395e-02
8.738300808386934015e-01 4.224019409597319641e-02
8.633792753941731402e-01 4.569871604971761231e-02
8.529436537253458628e-01 4.915275469635167760e-02
8.425243756279822138e-01 5.259217819460387799e-02
8.321225990814590245e-01 5.600679484110917400e-02
8.217394801200630372e-01 5.938653974987085499e-02
8.113761727045106786e-01 6.272148898472107437e-02
8.010338285937002034e-01 6.600199534696839232e-02
7.907135972167069760e-01 6.921899541081499851e-02
7.804166255450371015e-01 7.236796269086955002e-02
7.701440579651563922e-01 7.544741799111125136e-02
7.598970361513051053e-01 7.845580363616827535e-02
7.496766989386134394e-01 8.139150040192473512e-02
7.394841821965345563e-01 8.425301216550516725e-02
7.293206187026060050e-01 8.703891828769810823e-02
7.191871380165538730e-01 8.974790512137668930e-02
7.090848663547572039e-01 9.237868279750031941e-02
6.990149264650814542e-01 9.492986474266346120e-02
6.889784375020977514e-01 9.740080118336583159e-02
6.789765149027036095e-01 9.979416564295098824e-02
6.690102702621547603e-01 1.021135241850336522e-01
6.590808112105230876e-01 1.043624231329319946e-01
6.491892412895989839e-01 1.065444617911745634e-01
6.393366598302444581e-01 1.086634072763750236e-01
6.295241618302156450e-01 1.107228054097302156e-01
6.197528378324663745e-01 1.127255917462721690e-01
6.100237738039482327e-01 1.146751692353254887e-01
6.003380510149177729e-01 1.165760373720919341e-01
5.906967459187653091e-01 1.184297772317404601e-01
5.811009300323815019e-01 1.202327420397942825e-01
5.715516698170692855e-01 1.219793489063163983e-01
5.620500265600203438e-01 1.236619923999961457e-01
5.525970562563653488e-01 1.252736586442617372e-01
5.431938094918128401e-01 1.268082399184526921e-01
5.338413313258880688e-01 1.282597695643168112e-01
5.245406611757882365e-01 1.296223717999900882e-01
5.152928327008634568e-01 1.308902111899794274e-01
5.060988736877365390e-01 1.320575814287681671e-01
4.969598059360780251e-01 1.331201147553027209e-01
4.878766451450451402e-01 1.340751637736369573e-01
4.788504008003974244e-01 1.349281951035019023e-01
4.698820760623064752e-01 1.356894270349271459e-01
4.609726676538650203e-01 1.363676402511593555e-01
4.521231657503131940e-01 1.369709070511098692e-01
4.433345538689928977e-01 1.375077183085837706e-01
4.346078087600411255e-01 1.379865514666946957e-01
4.259439002978354649e-01 1.384147779703024106e-01
4.173437913732044313e-01 1.387995523068633053e-01
4.088084377864137364e-01 1.391488434184198486e-01
4.003387881409395943e-01 1.394700269656364566e-01
3.919357837380436083e-01 1.397672796319400501e-01
3.836003584721576765e-01 1.400413714089782935e-01
3.753334387270930161e-01 1.402847106313636072e-01
3.671359432730831873e-01 1.404888022828609806e-01
3.590087831646743277e-01 1.406471199021658014e-01
3.509528616394713696e-01 1.407534356110285434e-01
3.429690740177547825e-01 1.408014804941335740e-01
3.350583076029753915e-01 1.407853253055632303e-01
3.272214415831418144e-01 1.406996782362983089e-01
3.194593469331089564e-01 1.405397081930790382e-01
3.117728863177794407e-01 1.403011845217755627e-01
3.041629139962280792e-01 1.399798270028643210e-01
2.966302757267624823e-01 1.395713422570029338e-01
2.891758086729252497e-01 1.390745699119519951e-01
2.818003413104546162e-01 1.384918174808753566e-01
2.745046933352085494e-01 1.378265274759684356e-01
2.672896755720651774e-01 1.370829988517998921e-01
2.601560898848094272e-01 1.362651400375733957e-01
2.531047290870154232e-01 1.353765370761995657e-01
2.461363768539343022e-01 1.344208354756195045e-01
2.392518076353984391e-01 1.334017236171808618e-01
2.324517865697500740e-01 1.323228762586512175e-01
2.257370693988056676e-01 1.311879141523497605e-01
2.191084023838638650e-01 1.300001084345782654e-01
2.125665222227673956e-01 1.287626695455693360e-01
2.061121559680280102e-01 1.274794206471963620e-01
1.997460209460230063e-01 1.261540067285195632e-01
1.934688246772731102e-01 1.247879895574292991e-01
1.872812647978095990e-01 1.233811968844714807e-01
1.811840289816407656e-01 1.219289778456445483e-01
1.751777948643248317e-01 1.204260632469650594e-01
1.692632299676588570e-01 1.188690528565283927e-01
1.634409916254914164e-01 1.172550808451269244e-01
1.577117269106679265e-01 1.155816636945876524e-01
1.520760725631161714e-01 1.138467223365509512e-01
1.465346549190801317e-01 1.120489844421663911e-01
1.410880898415101115e-01 1.101890527022226368e-01
1.357369826516168221e-01 1.082709831290517566e-01
1.304819280615971966e-01 1.062993621324561933e-01
1.253235101085391490e-01 1.042789868608131471e-01
1.202623020895129402e-01 1.022145835639411693e-01
1.152988664978553679e-01 1.001107539568121124e-01
1.104337549606562163e-01 9.797211360017950288e-02
1.056675081774507419e-01 9.580330252561262971e-02
1.010006558601274085e-01 9.360891004688280670e-02
9.643371667405697956e-02 9.139339805772318803e-02
9.196719818044885031e-02 8.915994858747108842e-02
8.760159677994161509e-02 8.691063860945504038e-02
8.333739765743386485e-02 8.464692965819296810e-02
7.917507472816209813e-02 8.237007181084790575e-02
7.511509058502996439e-02 8.008332611123500366e-02
7.115789644719716645e-02 7.778992311119133085e-02
6.730393210993146358e-02 7.548306572721644181e-02
6.355362589573076981e-02 7.315158697775191177e-02
5.990739460672012129e-02 7.078813332835151573e-02
5.636564347832906385e-02 6.838678557083041620e-02
5.292876613425423482e-02 6.594083492031903304e-02
4.959714454271368922e-02 6.344649512343840392e-02
4.637114897399441382e-02 6.091433657760102899e-02
4.325113795930202176e-02 5.836344228999573031e-02
4.023745825091396000e-02 5.582946826498632470e-02
3.733044478364233587e-02 5.334874644193338122e-02
3.453042063760936031e-02 5.094796584545788903e-02
3.183769700234129196e-02 4.864834821011980448e-02
2.925257314218321358e-02 4.646194199276565406e-02
2.677533636303963682e-02 4.440254954744528998e-02
2.440626198044326678e-02 4.249021541938408780e-02
2.214561328895736647e-02 4.070555610647746264e-02
1.999364153291383062e-02 3.895840554953199086e-02
1.795058587848985532e-02 3.716081338923316740e-02
1.601667338712764455e-02 3.523956189976917841e-02
1.419211899029970692e-02 3.314963454895315798e-02
1.247712546562085301e-02 3.088030100997359029e-02
1.087188341431266636e-02 2.843628673246675551e-02
9.376571240020115106e-03 2.583707298937936922e-02
7.991355128984078959e-03 2.311638509759400897e-02
6.716389031571567969e-03 2.032038708609094912e-02
5.551814645166519568e-03 1.750113469789104509e-02
4.497761398421062928e-03 1.471497728216764056e-02
3.554346436871580472e-03 1.202055491637763103e-02
2.721674609919344512e-03 9.477498448057772307e-03
1.999838459177394334e-03 7.141945789161446498e-03
1.388918208186096237e-03 5.067245196293162016e-03
8.889817534969424173e-04 3.299960520055283779e-03
5.000846571264760954e-04 1.881893610932757008e-03
2.222701403818971855e-04 8.443246585195938103e-04
5.556907905679420168e-05 2.123778969239908108e-04
0.000000000000000000e+00 -4.350706340963385407e-09
0.000000000000000000e+00 2.244041936813025296e-09
5.556907905679420168e-05 -1.025818844919395689e-04
2.222701403818971855e-04 -4.080306113385907883e-04
5.000846571264760954e-04 -9.102567806950277425e-04
8.889817534969424173e-04 -1.598145314715585658e-03
1.388918208186096237e-03 -2.457821877890659264e-03
1.999838459177394334e-03 -3.470704077922985575e-03
2.721674609919344512e-03 -4.615875056501219688e-03
3.554346436871580472e-03 -5.868918911472069573e-03
4.497761398421062928e-03 -7.203899415807285024e-03
5.551814645166519568e-03 -8.592909130884491750e-03
6.716389031571567969e-03 -1.000755616415831273e-02
7.991355128984078959e-03 -1.141905966236791622e-02
9.376571240020115106e-03 -1.279994733701091299e-02
1.087188341431266636e-02 -1.412463868149770388e-02
1.247712546562085301e-02 -1.537040581438976240e-02
1.419211899029970692e-02 -1.651789226201483968e-02
1.601667338712764455e-02 -1.755421900505932734e-02
1.795058587848985532e-02 -1.847295792166010059e-02
1.999364153291383062e-02 -1.927508799922937263e-02
2.214561328895736647e-02 -1.996863522600713509e-02
2.440626198044326678e-02 -2.057785626580963673e-02
2.677533636303963682e-02 -2.113580194811975205e-02
2.925257314218321358e-02 -2.165546653533962848e-02
3.183769700234129196e-02 -2.213790458274694437e-02
3.453042063760936031e-02 -2.258056174471591293e-02
3.733044478364233587e-02 -2.297969475465011860e-02
4.023745825091396000e-02 -2.333452236289215373e-02
4.325113795930202176e-02 -2.364571570311532062e-02
4.637114897399441382e-02 -2.391540510751249612e-02
4.959714454271368922e-02 -2.414620553259828883e-02
5.292876613425423482e-02 -2.434076415169892163e-02
5.636564347832906385e-02 -2.450004581665331249e-02
5.990739460672012129e-02 -2.461899690537761726e-02
6.355362589573076981e-02 -2.469179657793171140e-02
6.730393210993146358e-02 -2.471429960729963626e-02
7.115789644719716645e-02 -2.468169331692522325e-02
7.511509058502996439e-02 -2.458682064222440442e-02
7.917507472816209813e-02 -2.442629706637922463e-02
8.333739765743386485e-02 -2.420514064134485568e-02
8.760159677994161509e-02 -2.393098494069300156e-02
9.196719818044885031e-02 -2.361423216900721683e-02
9.643371667405697956e-02 -2.326790221678554788e-02
1.010006558601274085e-01 -2.290816872973951146e-02
1.056675081774507419e-01 -2.254449735176580760e-02
1.104337549606562163e-01 -2.217785724883513526e-02
1.152988664978553679e-01 -2.180633569533657612e-02
1.202623020895129402e-01 -2.142561578104573358e-02
1.253235101085391490e-01 -2.103160088619418500e-02
1.304819280615971966e-01 -2.062042663007458351e-02
1.357369826516168221e-01 -2.018755364201139935e-02
1.410880898415101115e-01 -1.972785415582806179e-02
1.465346549190801317e-01 -1.923518664234824885e-02
1.520760725631161714e-01 -1.870319992216605207e-02
1.577117269106679265e-01 -1.812898520440101718e-02
1.634409916254914164e-01 -1.751164428200514128e-02
1.692632299676588570e-01 -1.685203267147550310e-02
1.751777948643248317e-01 -1.615168377379902140e-02
1.811840289816407656e-01 -1.541177529398274348e-02
1.872812647978095990e-01 -1.463352371691860505e-02
1.934688246772731102e-01 -1.381891920113368678e-02
1.997460209460230063e-01 -1.297008367035545201e-02
2.061121559680280102e-01 -1.208877656304609485e-02
2.125665222227673956e-01 -1.117653102080389850e-02
2.191084023838638650e-01 -1.023443926179153432e-02
2.257370693988056676e-01 -9.263630262818831063e-03
2.324517865697500740e-01 -8.265558636658582731e-03
2.392518076353984391e-01 -7.241787222682533401e-03
2.461363768539343022e-01 -6.194001238491506252e-03
2.531047290870154232e-01 -5.124019626839886911e-03
2.601560898848094272e-01 -4.033878018720528022e-03
2.672896755720651774e-01 -2.925740014297404431e-03
2.745046933352085494e-01 -1.801933967116970845e-03
2.818003413104546162e-01 -6.649442364324788420e-04
2.891758086729252497e-01 4.825559797629343749e-04
2.966302757267624823e-01 1.637742533334659613e-03
3.041629139962280792e-01 2.797701618518242794e-03
3.117728863177794407e-01 3.960730241956502556e-03
3.194593469331089564e-01 5.126245325110015925e-03
3.272214415831418144e-01 6.293712397118358948e-03
3.350583076029753915e-01 7.462598820692382083e-03
3.429690740177547825e-01 8.632329378344119272e-03
3.509528616394713696e-01 9.802307278309496663e-03
3.590087831646743277e-01 1.097199453228561543e-02
3.671359432730831873e-01 1.214086643506509522e-02
3.753334387270930161e-01 1.330825311988325689e-02
3.836003584721576765e-01 1.447346563769704927e-02
3.919357837380436083e-01 1.563610823921197240e-02
4.003387881409395943e-01 1.679566196149247237e-02
4.088084377864137364e-01 1.795041912239701831e-02
4.173437913732044313e-01 1.909803138914805201e-02
4.259439002978354649e-01 2.023504544184831500e-02
4.346078087600411255e-01 2.135778495087786027e-02
4.433345538689928977e-01 2.246279315261347220e-02
4.521231657503131940e-01 2.354649702208540599e-02
4.609726676538650203e-01 2.460486213421535229e-02
4.698820760623064752e-01 2.563388064611240094e-02
4.788504008003974244e-01 2.662979402288566388e-02
4.878766451450451402e-01 2.758844137076147188e-02
4.969598059360780251e-01 2.850482812511472702e-02
5.060988736877365390e-01 2.937568034493935609e-02
5.152928327008634568e-01 3.020073303018959085e-02
5.245406611757882365e-01 3.098084073718766415e-02
5.338413313258880688e-01 3.171801696353442751e-02
5.431938094918128401e-01 3.241424271646130284e-02
5.525970562563653488e-01 3.307136353255533262e-02
5.620500265600203438e-01 3.369125129438056698e-02
5.715516698170692855e-01 3.427584193793637574e-02
5.811009300323815019e-01 3.482758603332003489e-02
5.906967459187653091e-01 3.534925909959815704e-02
6.003380510149177729e-01 3.584233747852987040e-02
6.100237738039482327e-01 3.630679208889393134e-02
6.197528378324663745e-01 3.673653368626667720e-02
6.295241618302156450e-01 3.712202071391937364e-02
6.393366598302444581e-01 3.745448506477856709e-02
6.491892412895989839e-01 3.772545282763737490e-02
6.590808112105230876e-01 3.792572337072658284e-02
6.690102702621547603e-01 3.804581669535608834e-02
6.789765149027036095e-01 3.807636179854208963e-02
6.889784375020977514e-01 3.800792171362497862e-02
6.990149264650814542e-01 3.783059471870374446e-02
7.090848663547572039e-01 3.753676569877879149e-02
7.191871380165538730e-01 3.712776410601054122e-02
7.293206187026060050e-01 3.660708416606341803e-02
7.394841821965345563e-01 3.597851417236679061e-02
7.496766989386134394e-01 3.524593426636280641e-02
7.598970361513051053e-01 3.441331610440435951e-02
7.701440579651563922e-01 3.348474118878325134e-02
7.804166255450371015e-01 3.246449266967583319e-02
7.907135972167069760e-01 3.135689393202489156e-02
8.010338285937002034e-01 3.016630746654084400e-02
8.113761727045106786e-01 2.889779608620280521e-02
8.217394801200630372e-01 2.755745869836538631e-02
8.321225990814590245e-01 2.615160045612436104e-02
8.425243756279822138e-01 2.468668411712948360e-02
8.529436537253458628e-01 2.316929270578041780e-02
8.633792753941731402e-01 2.160612456633696082e-02
8.738300808386934015e-01 2.000386304460291531e-02
8.842949085756387495e-01 1.836919702095526213e-02
8.947725955633289985e-01 1.670915621396438372e-02
9.052619773309316109e-01 1.503059247028116184e-02
9.157618881078770645e-01 1.333547788473929234e-02
9.262711609534211021e-01 1.162266110659333426e-02
9.367886278863364335e-01 9.890552539695273218e-03
9.473131200147204556e-01 8.137380563802421030e-03
9.578434676659028923e-01 6.361547938755700293e-03
9.683785005164411430e-01 4.561519177481452268e-03
9.789170477221889044e-01 2.735663688542402071e-03
9.894579380484205267e-01 8.823373307062331965e-04
9.999999999999998890e-01 -9.999996008932543218e-04
