9.999999999999998890e-01 -2.989467557977480547e-06
9.894579380484205267e-01 2.922029521996187193e-03
9.789170477221889044e-01 6.221367015297845672e-03
9.683785005164411430e-01 9.503433135395047970e-03
9.578434676659028923e-01 1.266459897443115816e-02
9.473131200147204556e-01 1.568305582675690729e-02
9.367886278863364335e-01 1.859854871179771052e-02
9.262711609534211021e-01 2.145391177415558598e-02
9.157618881078770645e-01 2.427541913682937369e-02
9.052619773309316109e-01 2.708332847411563937e-02
8.947725955633289985e-01 2.989073363430598887e-02
8.842949085756387495e-01 3.270442974181931445e-02
8.738300808386934015e-01 3.552251069525039218e-02
8.633792753941731402e-01 3.834403028558389104e-02
8.529436537253458628e-01 4.117032497128585156e-02
8.425243756279822138e-01 4.400188986766486593e-02
8.321225990814590245e-01 4.683806355016502387e-02
8.217394801200630372e-01 4.967754522731693267e-02
8.113761727045106786e-01 5.251836375869398804e-02
8.010338285937002034e-01 5.535661641503240166e-02
7.907135972167069760e-01 5.818719639722173126e-02
7.804166255450371015e-01 6.100901115360363169e-02
7.701440579651563922e-01 6.382350381670824635e-02
7.598970361513051053e-01 6.663014939270447967e-02
7.496766989386134394e-01 6.942753770778681277e-02
7.394841821965345563e-01 7.221630992590183373e-02
7.293206187026060050e-01 7.499626768791109455e-02
7.191871380165538730e-01 7.775552239239548469e-02
7.090848663547572039e-01 8.047988827656082922e-02
6.990149264650814542e-01 8.316742221148433478e-02
6.889784375020977514e-01 8.581965944592359619e-02
6.789765149027036095e-01 8.843581451030711749e-02
6.690102702621547603e-01 9.101510107923180271e-02
6.590808112105230876e-01 9.355896329776504372e-02
6.491892412895989839e-01 9.606804311992951650e-02
6.393366598302444581e-01 9.853915285097172849e-02
6.295241618302156450e-01 1.009634673587322951e-01
6.197528378324663745e-01 1.033202003431964444e-01
6.100237738039482327e-01 1.055975468024180769e-01
6.003380510149177729e-01 1.078054289960338336e-01
5.906967459187653091e-01 1.099434520847434038e-01
5.811009300323815019e-01 1.119894214885902434e-01
5.715516698170692855e-01 1.139319122808308410e-01
5.620500265600203438e-01 1.157776562773440709e-01
5.525970562563653488e-01 1.175244513171662952e-01
5.431938094918128401e-01 1.191574189324741129e-01
5.338413313258880688e-01 1.206562517377501031e-01
5.245406611757882365e-01 1.219968198755428390e-01
5.152928327008634568e-01 1.231715133212117064e-01
5.060988736877365390e-01 1.241876886247210432e-01
4.969598059360780251e-01 1.250613852956766192e-01
4.878766451450451402e-01 1.258135893145233275e-01
4.788504008003974244e-01 1.264546568516384528e-01
4.698820760623064752e-01 1.269883431506863558e-01
4.609726676538650203e-01 1.274178918221765822e-01
4.521231657503131940e-01 1.277473152161594239e-01
4.433345538689928977e-01 1.279874753559865075e-01
4.346078087600411255e-01 1.281501922192368748e-01
4.259439002978354649e-01 1.282361349076870383e-01
4.173437913732044313e-01 1.282434928238102012e-01
4.088084377864137364e-01 1.281773068578718755e-01
4.003387881409395943e-01 1.280438596336150592e-01
3.919357837380436083e-01 1.278465083470333719e-01
3.836003584721576765e-01 1.275876217202362162e-01
3.753334387270930161e-01 1.272686648451255564e-01
3.671359432730831873e-01 1.268909690870975993e-01
3.590087831646743277e-01 1.264559838976326012e-01
3.509528616394713696e-01 1.259651985562634524e-01
3.429690740177547825e-01 1.254201480702456517e-01
3.350583076029753915e-01 1.248224237933604486e-01
3.272214415831418144e-01 1.241737092547486598e-01
3.194593469331089564e-01 1.234757108545036647e-01
3.117728863177794407e-01 1.227301531187938305e-01
3.041629139962280792e-01 1.219386886431864797e-01
2.966302757267624823e-01 1.211028850351218017e-01
2.891758086729252497e-01 1.202245730523593681e-01
2.818003413104546162e-01 1.193057530334645788e-01
2.745046933352085494e-01 1.183459864586553362e-01
2.672896755720651774e-01 1.173427718870883874e-01
2.601560898848094272e-01 1.162964177376343694e-01
2.531047290870154232e-01 1.152094259889118871e-01
2.461363768539343022e-01 1.140837762009058176e-01
2.392518076353984391e-01 1.129211187521709098e-01
2.324517865697500740e-01 1.117235674532502804e-01
2.257370693988056676e-01 1.104934032148826711e-01
2.191084023838638650e-01 1.092322245687627619e-01
2.125665222227673956e-01 1.079415555339216098e-01
2.061121559680280102e-01 1.066243951827369613e-01
1.997460209460230063e-01 1.052824923532537371e-01
1.934688246772731102e-01 1.039084277187461852e-01
1.872812647978095990e-01 1.024941446911535187e-01
1.811840289816407656e-01 1.010409628647276764e-01
1.751777948643248317e-01 9.955232200218196159e-02
1.692632299676588570e-01 9.803057583877536341e-02
1.634409916254914164e-01 9.647821951378678096e-02
1.577117269106679265e-01 9.489880242870324389e-02
1.520760725631161714e-01 9.329525486961365299e-02
1.465346549190801317e-01 9.166863223163840280e-02
1.410880898415101115e-01 9.002157459857450250e-02
1.357369826516168221e-01 8.836026484984213503e-02
1.304819280615971966e-01 8.668471552064795083e-02
1.253235101085391490e-01 8.498422103450459231e-02
1.202623020895129402e-01 8.325203072411009597e-02
1.152988664978553679e-01 8.148831585845719983e-02
1.104337549606562163e-01 7.969580935234221730e-02
1.056675081774507419e-01 7.787961501596851743e-02
1.010006558601274085e-01 7.604433517761861883e-02
9.643371667405697956e-02 7.419389179734654782e-02
9.196719818044885031e-02 7.233126869156235317e-02
8.760159677994161509e-02 7.045891517157674977e-02
8.333739765743386485e-02 6.858214470363893644e-02
7.917507472816209813e-02 6.670753344770961879e-02
7.511509058502996439e-02 6.483392657941440540e-02
7.115789644719716645e-02 6.295509576104695026e-02
6.730393210993146358e-02 6.106059524311145681e-02
6.355362589573076981e-02 5.914043127728022681e-02
5.990739460672012129e-02 5.720132778377360477e-02
5.636564347832906385e-02 5.525533648195388864e-02
5.292876613425423482e-02 5.330610073402885368e-02
4.959714454271368922e-02 5.135357490851014811e-02
4.637114897399441382e-02 4.939402557329912458e-02
4.325113795930202176e-02 4.742514466729097489e-02
4.023745825091396000e-02 4.545372988317605834e-02
3.733044478364233587e-02 4.348879446393149467e-02
3.453042063760936031e-02 4.153966541889441560e-02
3.183769700234129196e-02 3.960709365000412291e-02
2.925257314218321358e-02 3.767005321926115285e-02
2.677533636303963682e-02 3.571498713365069827e-02
2.440626198044326678e-02 3.375124085179086880e-02
2.214561328895736647e-02 3.179286829451505314e-02
1.999364153291383062e-02 2.985688914626107027e-02
1.795058587848985532e-02 2.794844399568908663e-02
1.601667338712764455e-02 2.605474378033678998e-02
1.419211899029970692e-02 2.416630300321549393e-02
1.247712546562085301e-02 2.228050035141760851e-02
1.087188341431266636e-02 2.041848313601419412e-02
9.376571240020115106e-03 1.862364575889834117e-02
7.991355128984078959e-03 1.689615411640086468e-02
6.716389031571567969e-03 1.519707736413712824e-02
5.551814645166519568e-03 1.349092834730885627e-02
4.497761398421062928e-03 1.175191033192848726e-02
3.554346436871580472e-03 1.002286714936384375e-02
2.721674609919344512e-03 8.385919980639618479e-03
1.999838459177394334e-03 6.888450530427987079e-03
1.388918208186096237e-03 5.537168726380608738e-03
8.889817534969424173e-04 4.179119517003296314e-03
5.000846571264760954e-04 2.662464714156922638e-03
2.222701403818971855e-04 1.259314491751256778e-03
5.556907905679420168e-05 3.413817138514575224e-04
0.000000000000000000e+00 7.630021976904003425e-06
0.000000000000000000e+00 -1.476375099213262699e-04
5.556907905679420168e-05 -6.328193045513933954e-04
2.222701403818971855e-04 -1.869092077627669199e-03
5.000846571264760954e-04 -2.811036777992016126e-03
8.889817534969424173e-04 -3.567300532105864390e-03
1.388918208186096237e-03 -4.400921855359255126e-03
1.999838459177394334e-03 -5.348839446646212401e-03
2.721674609919344512e-03 -6.391284889784419436e-03
3.554346436871580472e-03 -7.466393843347276550e-03
4.497761398421062928e-03 -8.502947446532377329e-03
5.551814645166519568e-03 -9.424106501662268820e-03
6.716389031571567969e-03 -1.022423334670245071e-02
7.991355128984078959e-03 -1.101056726026425694e-02
9.376571240020115106e-03 -1.184832603462305199e-02
1.087188341431266636e-02 -1.273316587196517830e-02
1.247712546562085301e-02 -1.365775023023720405e-02
1.419211899029970692e-02 -1.461681882994460453e-02
1.601667338712764455e-02 -1.560497455889524494e-02
1.795058587848985532e-02 -1.661651847211563157e-02
1.999364153291383062e-02 -1.764469254005006371e-02
2.214561328895736647e-02 -1.868198305095965586e-02
2.440626198044326678e-02 -1.972192026334408654e-02
2.677533636303963682e-02 -2.075842738716274574e-02
2.925257314218321358e-02 -2.178221502611580804e-02
3.183769700234129196e-02 -2.278280942870080511e-02
3.453042063760936031e-02 -2.375482832113158527e-02
3.733044478364233587e-02 -2.469857571281053321e-02
4.023745825091396000e-02 -2.563530698976395836e-02
4.325113795930202176e-02 -2.658955365945044752e-02
4.637114897399441382e-02 -2.755953474938930767e-02
4.959714454271368922e-02 -2.853662665796083756e-02
5.292876613425423482e-02 -2.951992623231701127e-02
5.636564347832906385e-02 -3.050958840006453079e-02
5.990739460672012129e-02 -3.150210343963581738e-02
6.355362589573076981e-02 -3.249366791012862909e-02
6.730393210993146358e-02 -3.348200947797208560e-02
7.115789644719716645e-02 -3.446493441515122852e-02
7.511509058502996439e-02 -3.543975558434139111e-02
7.917507472816209813e-02 -3.640326373681152666e-02
8.333739765743386485e-02 -3.735139610802944155e-02
8.760159677994161509e-02 -3.828452407899881477e-02
9.196719818044885031e-02 -3.921065965521831898e-02
9.643371667405697956e-02 -4.013418287717714777e-02
1.010006558601274085e-01 -4.105321362344727804e-02
1.056675081774507419e-01 -4.196568702142449564e-02
1.104337549606562163e-01 -4.286989306503401209e-02
1.152988664978553679e-01 -4.376405941443774900e-02
1.202623020895129402e-01 -4.464632312759351379e-02
1.253235101085391490e-01 -4.551471987595449853e-02
1.304819280615971966e-01 -4.636721890252507028e-02
1.357369826516168221e-01 -4.720202353088583797e-02
1.410880898415101115e-01 -4.801743472719775807e-02
1.465346549190801317e-01 -4.881096394557207091e-02
1.520760725631161714e-01 -4.958047425015497944e-02
1.577117269106679265e-01 -5.033100782205318646e-02
1.634409916254914164e-01 -5.107027750003371308e-02
1.692632299676588570e-01 -5.179907605640759333e-02
1.751777948643248317e-01 -5.251538415043636304e-02
1.811840289816407656e-01 -5.321801026170573656e-02
1.872812647978095990e-01 -5.390599268906772629e-02
1.934688246772731102e-01 -5.457805816546860284e-02
1.997460209460230063e-01 -5.523287805051862315e-02
2.061121559680280102e-01 -5.586926107891269921e-02
2.125665222227673956e-01 -5.648602303352171644e-02
2.191084023838638650e-01 -5.708189733058497556e-02
2.257370693988056676e-01 -5.765561654455203522e-02
2.324517865697500740e-01 -5.820595370930625040e-02
2.392518076353984391e-01 -5.873167265634920975e-02
2.461363768539343022e-01 -5.923150296645707941e-02
2.531047290870154232e-01 -5.970418715573138496e-02
2.601560898848094272e-01 -6.014849914046899171e-02
2.672896755720651774e-01 -6.056318714485514620e-02
2.745046933352085494e-01 -6.094695635423596353e-02
2.818003413104546162e-01 -6.129856668162492889e-02
2.891758086729252497e-01 -6.161684920114834235e-02
2.966302757267624823e-01 -6.190052374232198062e-02
3.041629139962280792e-01 -6.214819885005985062e-02
3.117728863177794407e-01 -6.235877884310530445e-02
3.194593469331089564e-01 -6.253130777282632502e-02
3.272214415831418144e-01 -6.266275563613925292e-02
3.350583076029753915e-01 -6.274865383239219829e-02
3.429690740177547825e-01 -6.278658127906738828e-02
3.509528616394713696e-01 -6.277545009349425054e-02
3.590087831646743277e-01 -6.271390761114370438e-02
3.671359432730831873e-01 -6.260047428674545000e-02
3.753334387270930161e-01 -6.243390420800623564e-02
3.836003584721576765e-01 -6.221299842630250571e-02
3.919357837380436083e-01 -6.193618333255664077e-02
4.003387881409395943e-01 -6.160205680764101882e-02
4.088084377864137364e-01 -6.121080696913630548e-02
4.173437913732044313e-01 -6.075767839456872738e-02
4.259439002978354649e-01 -6.021527040219120525e-02
4.346078087600411255e-01 -5.955654487538484393e-02
4.433345538689928977e-01 -5.877586223423029999e-02
4.521231657503131940e-01 -5.787228629395382157e-02
4.609726676538650203e-01 -5.684528547756687727e-02
4.698820760623064752e-01 -5.570675151312876744e-02
4.788504008003974244e-01 -5.449745789756126058e-02
4.878766451450451402e-01 -5.324440490086037453e-02
4.969598059360780251e-01 -5.193954313756482533e-02
5.060988736877365390e-01 -5.057746603022506698e-02
5.152928327008634568e-01 -4.916383763631623771e-02
5.245406611757882365e-01 -4.770647253292109591e-02
5.338413313258880688e-01 -4.621451095447588059e-02
5.431938094918128401e-01 -4.469021941854799812e-02
5.525970562563653488e-01 -4.312810246012540455e-02
5.620500265600203438e-01 -4.153062610376576091e-02
5.715516698170692855e-01 -3.990855592269895724e-02
5.811009300323815019e-01 -3.827335137740753290e-02
5.906967459187653091e-01 -3.663609313072428708e-02
6.003380510149177729e-01 -3.499922475543953276e-02
6.100237738039482327e-01 -3.335944925652264276e-02
6.197528378324663745e-01 -3.171648661242428696e-02
6.295241618302156450e-01 -3.007184492325272462e-02
6.393366598302444581e-01 -2.842657390335653900e-02
6.491892412895989839e-01 -2.678111144282442624e-02
6.590808112105230876e-01 -2.513338707706949324e-02
6.690102702621547603e-01 -2.348316190223359232e-02
6.789765149027036095e-01 -2.184585065267236059e-02
6.889784375020977514e-01 -2.023936585944570432e-02
6.990149264650814542e-01 -1.866889154686296112e-02
7.090848663547572039e-01 -1.713567092082283680e-02
7.191871380165538730e-01 -1.563960179617396307e-02
7.293206187026060050e-01 -1.418066605285065764e-02
7.394841821965345563e-01 -1.276005031161467872e-02
7.496766989386134394e-01 -1.137866233350252540e-02
7.598970361513051053e-01 -1.003613033449583108e-02
7.701440579651563922e-01 -8.732705931878336977e-03
7.804166255450371015e-01 -7.470354946564713994e-03
7.907135972167069760e-01 -6.249592083172644981e-03
8.010338285937002034e-01 -5.068058103800355749e-03
8.113761727045106786e-01 -3.926763825393464295e-03
8.217394801200630372e-01 -2.832324112795175323e-03
8.321225990814590245e-01 -1.797924105369571148e-03
8.425243756279822138e-01 -8.439087236124094516e-04
8.529436537253458628e-01 2.116831906584691549e-05
8.633792753941731402e-01 8.014720272573446153e-04
8.738300808386934015e-01 1.498175983663794109e-03
8.842949085756387495e-01 2.109303239344073079e-03
8.947725955633289985e-01 2.633506505174916523e-03
9.052619773309316109e-01 3.068304159691166537e-03
9.157618881078770645e-01 3.392193938703555369e-03
9.262711609534211021e-01 3.574806619365566030e-03
9.367886278863364335e-01 3.613749669122921868e-03
9.473131200147204556e-01 3.519178924366607106e-03
9.578434676659028923e-01 3.284335288690850511e-03
9.683785005164411430e-01 2.885336608886475158e-03
9.789170477221889044e-01 2.241407663397778499e-03
9.894579380484205267e-01 1.273030919926143156e-03
9.999999999999998890e-01 8.269182090367057915e-06
