9.999999999999998890e-01 4.999992383246152456e-04
9.894579380484205267e-01 1.780886353732060107e-03
9.789170477221889044e-01 3.138604871143317772e-03
9.683785005164411430e-01 4.561386376543829710e-03
9.578434676659028923e-01 6.037268751587892765e-03
9.473131200147204556e-01 7.554326743380635791e-03
9.367886278863364335e-01 9.100843578394746114e-03
9.262711609534211021e-01 1.066501815326334479e-02
9.157618881078770645e-01 1.223478169800831621e-02
9.052619773309316109e-01 1.379836577708555556e-02
8.947725955633289985e-01 1.534462963438542639e-02
8.842949085756387495e-01 1.686182091595501628e-02
8.738300808386934015e-01 1.833724048872801757e-02
8.633792753941731402e-01 1.976372020885445308e-02
8.529436537253458628e-01 2.114165062271336146e-02
8.425243756279822138e-01 2.247327216361724375e-02
8.321225990814590245e-01 2.376229221294456559e-02
8.217394801200630372e-01 2.501192842347835579e-02
8.113761727045106786e-01 2.622487489961247004e-02
8.010338285937002034e-01 2.740408564222888976e-02
7.907135972167069760e-01 2.855272409512187720e-02
7.804166255450371015e-01 2.967375962695346578e-02
7.701440579651563922e-01 3.077003245722566976e-02
7.598970361513051053e-01 3.184444180526326690e-02
7.496766989386134394e-01 3.289990868848070849e-02
7.394841821965345563e-01 3.393925069517750304e-02
7.293206187026060050e-01 3.496523349900847871e-02
7.191871380165538730e-01 3.598060577291731926e-02
7.090848663547572039e-01 3.698809242134048353e-02
6.990149264650814542e-01 3.799032804253551360e-02
6.889784375020977514e-01 3.898990367941155416e-02
6.789765149027036095e-01 3.998934995843479029e-02
6.690102702621547603e-01 4.099121591721266444e-02
6.590808112105230876e-01 4.199817206125926183e-02
6.491892412895989839e-01 4.301032663550950069e-02
6.393366598302444581e-01 4.402017387126265502e-02
6.295241618302156450e-01 4.501682521524980746e-02
6.197528378324663745e-01 4.598457395600562964e-02
6.100237738039482327e-01 4.691227318186511064e-02
6.003380510149177729e-01 4.779965658690753239e-02
5.906967459187653091e-01 4.865921547402311809e-02
5.811009300323815019e-01 4.952286101294466752e-02
5.715516698170692855e-01 5.042112011588947840e-02
5.620500265600203438e-01 5.137982231102575931e-02
5.525970562563653488e-01 5.242422228216051666e-02
5.431938094918128401e-01 5.357728582242138327e-02
5.338413313258880688e-01 5.481379736869045061e-02
5.245406611757882365e-01 5.606007266680386458e-02
5.152928327008634568e-01 5.724945676654386723e-02
5.060988736877365390e-01 5.832254975026023025e-02
4.969598059360780251e-01 5.921113631605695593e-02
4.878766451450451402e-01 5.984766011687348702e-02
4.788504008003974244e-01 6.024214409329008146e-02
4.698820760623064752e-01 6.045451019295934592e-02
4.609726676538650203e-01 6.056755458838477407e-02
4.521231657503131940e-01 6.067182504581843105e-02
4.433345538689928977e-01 6.083299894239852651e-02
4.346078087600411255e-01 6.109435792531098947e-02
4.259439002978354649e-01 6.143212826183039321e-02
4.173437913732044313e-01 6.179960072086174844e-02
4.088084377864137364e-01 6.215357766473184747e-02
4.003387881409395943e-01 6.245611838920087783e-02
3.919357837380436083e-01 6.268553390945613701e-02
3.836003584721576765e-01 6.283227687494273572e-02
3.753334387270930161e-01 6.291290324201032069e-02
3.671359432730831873e-01 6.294633867878243749e-02
3.590087831646743277e-01 6.294418384655485477e-02
3.509528616394713696e-01 6.291741667923575476e-02
3.429690740177547825e-01 6.287818096413477775e-02
3.350583076029753915e-01 6.283225365386924111e-02
3.272214415831418144e-01 6.277352116386343550e-02
3.194593469331089564e-01 6.269614565386930072e-02
3.117728863177794407e-01 6.259663402342795224e-02
3.041629139962280792e-01 6.247089128853169221e-02
2.966302757267624823e-01 6.231389976520484292e-02
2.891758086729252497e-01 6.212359700011905322e-02
2.818003413104546162e-01 6.190123539865925034e-02
2.745046933352085494e-01 6.164870588739369828e-02
2.672896755720651774e-01 6.136832976751616098e-02
2.601560898848094272e-01 6.106238598802629647e-02
2.531047290870154232e-01 6.073304644163491500e-02
2.461363768539343022e-01 6.038175283197166204e-02
2.392518076353984391e-01 6.000936131313830413e-02
2.324517865697500740e-01 5.961568852907796895e-02
2.257370693988056676e-01 5.920004624182385183e-02
2.191084023838638650e-01 5.876219661159676894e-02
2.125665222227673956e-01 5.830210559228510281e-02
2.061121559680280102e-01 5.781970826841965894e-02
1.997460209460230063e-01 5.731496413128251560e-02
1.934688246772731102e-01 5.678801767759753677e-02
1.872812647978095990e-01 5.623909691351030443e-02
1.811840289816407656e-01 5.566853447020634477e-02
1.751777948643248317e-01 5.507670636789704227e-02
1.692632299676588570e-01 5.446404419399456659e-02
1.634409916254914164e-01 5.383107260220086621e-02
1.577117269106679265e-01 5.317854546217982981e-02
1.520760725631161714e-01 5.250712926771856914e-02
1.465346549190801317e-01 5.181718804177314758e-02
1.410880898415101115e-01 5.110871900393858941e-02
1.357369826516168221e-01 5.038108834091888782e-02
1.304819280615971966e-01 4.963383381597610139e-02
1.253235101085391490e-01 4.886689873964875086e-02
1.202623020895129402e-01 4.808038397018906535e-02
1.152988664978553679e-01 4.727456031633331390e-02
1.104337549606562163e-01 4.644983458386194031e-02
1.056675081774507419e-01 4.560677010255348440e-02
1.010006558601274085e-01 4.474621178228996299e-02
9.643371667405697956e-02 4.386921516891776479e-02
9.196719818044885031e-02 4.297586930004484995e-02
8.760159677994161509e-02 4.206547157901690398e-02
8.333739765743386485e-02 4.113755164387822988e-02
7.917507472816209813e-02 4.019186134353159440e-02
7.511509058502996439e-02 3.922859428788575548e-02
7.115789644719716645e-02 3.824826374027653214e-02
6.730393210993146358e-02 3.725189858423984951e-02
6.355362589573076981e-02 3.624078372959009531e-02
5.990739460672012129e-02 3.521623109481453184e-02
5.636564347832906385e-02 3.417975503525737258e-02
5.292876613425423482e-02 3.313392126316697800e-02
4.959714454271368922e-02 3.208098136917171550e-02
4.637114897399441382e-02 3.102016567528616611e-02
4.325113795930202176e-02 2.994983980659453662e-02
4.023745825091396000e-02 2.886831115547922391e-02
3.733044478364233587e-02 2.777442466627954090e-02
3.453042063760936031e-02 2.666870827620547793e-02
3.183769700234129196e-02 2.555253387639067064e-02
2.925257314218321358e-02 2.442859919556516698e-02
2.677533636303963682e-02 2.329986271433974118e-02
2.440626198044326678e-02 2.216939122038699000e-02
2.214561328895736647e-02 2.103970784184471671e-02
1.999364153291383062e-02 1.991229131012809198e-02
1.795058587848985532e-02 1.878527876482362705e-02
1.601667338712764455e-02 1.765231112752746120e-02
1.419211899029970692e-02 1.651735232341993223e-02
1.247712546562085301e-02 1.539706981176708345e-02
1.087188341431266636e-02 1.429252599697200012e-02
9.376571240020115106e-03 1.318966690129637180e-02
7.991355128984078959e-03 1.211456508434318249e-02
6.716389031571567969e-03 1.112529110540263870e-02
5.551814645166519568e-03 1.021840818801218569e-02
4.497761398421062928e-03 9.338911293694979882e-03
3.554346436871580472e-03 8.379382990092457129e-03
2.721674609919344512e-03 7.216577254727241965e-03
1.999838459177394334e-03 5.875076842312556419e-03
1.388918208186096237e-03 4.458470296181678109e-03
8.889817534969424173e-04 3.075147027176049035e-03
5.000846571264760954e-04 1.835706567386149665e-03
2.222701403818971855e-04 8.531528609342185895e-04
5.556907905679420168e-05 2.300355806891447343e-04
0.000000000000000000e+00 1.379303692522909776e-05
0.000000000000000000e+00 -6.019785960138353742e-04
5.556907905679420168e-05 -6.989038956458160437e-04
2.222701403818971855e-04 -9.816544940619553999e-04
5.000846571264760954e-04 -1.430408716952423194e-03
8.889817534969424173e-04 -2.009385492267826145e-03
1.388918208186096237e-03 -2.676913877645378196e-03
1.999838459177394334e-03 -3.384224688184550491e-03
2.721674609919344512e-03 -4.083142145862712208e-03
3.554346436871580472e-03 -4.729673338915977958e-03
4.497761398421062928e-03 -5.294214207467186004e-03
5.551814645166519568e-03 -5.773652946501667618e-03
6.716389031571567969e-03 -6.189440803409551606e-03
7.991355128984078959e-03 -6.596710557808498597e-03
9.376571240020115106e-03 -7.025949500369802966e-03
1.087188341431266636e-02 -7.470791664155508431e-03
1.247712546562085301e-02 -7.925764597533368344e-03
1.419211899029970692e-02 -8.389223079696318461e-03
1.601667338712764455e-02 -8.858108496727615591e-03
1.795058587848985532e-02 -9.327894140343379048e-03
1.999364153291383062e-02 -9.795158457459285720e-03
2.214561328895736647e-02 -1.025739835981834269e-02
2.440626198044326678e-02 -1.071192888382511976e-02
2.677533636303963682e-02 -1.115601756293282606e-02
2.925257314218321358e-02 -1.158784455233582457e-02
3.183769700234129196e-02 -1.200616828684381368e-02
3.453042063760936031e-02 -1.241021780730431311e-02
3.733044478364233587e-02 -1.279964750377564180e-02
4.023745825091396000e-02 -1.317542828486211251e-02
4.325113795930202176e-02 -1.353918493079906207e-02
4.637114897399441382e-02 -1.389324666976104669e-02
4.959714454271368922e-02 -1.424075626607300415e-02
5.292876613425423482e-02 -1.458737813684005992e-02
5.636564347832906385e-02 -1.493880096859799209e-02
5.990739460672012129e-02 -1.529837358927817886e-02
6.355362589573076981e-02 -1.566805490939566017e-02
6.730393210993146358e-02 -1.604724994664630255e-02
7.115789644719716645e-02 -1.643522732660502098e-02
7.511509058502996439e-02 -1.683205920477989434e-02
7.917507472816209813e-02 -1.723774090911917717e-02
8.333739765743386485e-02 -1.765186882659513720e-02
8.760159677994161509e-02 -1.807409464681089192e-02
9.196719818044885031e-02 -1.850424504996356703e-02
9.643371667405697956e-02 -1.894208442950423218e-02
1.010006558601274085e-01 -1.938726437042579201e-02
1.056675081774507419e-01 -1.983945526069463491e-02
1.104337549606562163e-01 -2.029835901182445307e-02
1.152988664978553679e-01 -2.076363991040043600e-02
1.202623020895129402e-01 -2.123492178194473501e-02
1.253235101085391490e-01 -2.171182339402014105e-02
1.304819280615971966e-01 -2.219395866809160955e-02
1.357369826516168221e-01 -2.268091338146857247e-02
1.410880898415101115e-01 -2.317225145252966093e-02
1.465346549190801317e-01 -2.366751962689087746e-02
1.520760725631161714e-01 -2.416625132832744133e-02
1.577117269106679265e-01 -2.466795277826367219e-02
1.634409916254914164e-01 -2.517211313208538026e-02
1.692632299676588570e-01 -2.567819871506399343e-02
1.751777948643248317e-01 -2.618566083570675329e-02
1.811840289816407656e-01 -2.669392034226658605e-02
1.872812647978095990e-01 -2.720238243458859492e-02
1.934688246772731102e-01 -2.771042942482969049e-02
1.997460209460230063e-01 -2.821742689524428874e-02
2.061121559680280102e-01 -2.872270176323162005e-02
2.125665222227673956e-01 -2.922556799956160106e-02
2.191084023838638650e-01 -2.972532795401996650e-02
2.257370693988056676e-01 -3.022125763601680309e-02
2.324517865697500740e-01 -3.071257004075678837e-02
2.392518076353984391e-01 -3.119848689963105118e-02
2.461363768539343022e-01 -3.167826975236050918e-02
2.531047290870154232e-01 -3.215103056537201714e-02
2.601560898848094272e-01 -3.261559550509974398e-02
2.672896755720651774e-01 -3.307059529197316217e-02
2.745046933352085494e-01 -3.351440709460304368e-02
2.818003413104546162e-01 -3.394537781738951598e-02
2.891758086729252497e-01 -3.436183960816307364e-02
2.966302757267624823e-01 -3.476203270854495014e-02
3.041629139962280792e-01 -3.514409627750625376e-02
3.117728863177794407e-01 -3.550612739131288331e-02
3.194593469331089564e-01 -3.584618165385347610e-02
3.272214415831418144e-01 -3.616220148806941620e-02
3.350583076029753915e-01 -3.645204198697841319e-02
3.429690740177547825e-01 -3.671354905346407155e-02
3.509528616394713696e-01 -3.694454170023478423e-02
3.590087831646743277e-01 -3.714262865452514634e-02
3.671359432730831873e-01 -3.730532672924734977e-02
3.753334387270930161e-01 -3.743032783707821165e-02
3.836003584721576765e-01 -3.751529964062339656e-02
3.919357837380436083e-01 -3.755726223024141719e-02
4.003387881409395943e-01 -3.755339828145789344e-02
4.088084377864137364e-01 -3.750296120605724204e-02
4.173437913732044313e-01 -3.740629339930565816e-02
4.259439002978354649e-01 -3.726554961212245193e-02
4.346078087600411255e-01 -3.708325824679369748e-02
4.433345538689928977e-01 -3.686161445586514512e-02
4.521231657503131940e-01 -3.660290334642643528e-02
4.609726676538650203e-01 -3.630986620527848485e-02
4.698820760623064752e-01 -3.598533001124209346e-02
4.788504008003974244e-01 -3.563213619394930975e-02
4.878766451450451402e-01 -3.525328970663159367e-02
4.969598059360780251e-01 -3.485211206462993788e-02
5.060988736877365390e-01 -3.443194926867751415e-02
5.152928327008634568e-01 -3.399613428482383543e-02
5.245406611757882365e-01 -3.354831970293203902e-02
5.338413313258880688e-01 -3.309258605016012628e-02
5.431938094918128401e-01 -3.263254563316947410e-02
5.525970562563653488e-01 -3.217113006827541921e-02
5.620500265600203438e-01 -3.170906477080889102e-02
5.715516698170692855e-01 -3.124496161420949394e-02
5.811009300323815019e-01 -3.077773311202950182e-02
5.906967459187653091e-01 -3.030659762357541462e-02
6.003380510149177729e-01 -2.983054439387677892e-02
6.100237738039482327e-01 -2.934840342341755656e-02
6.197528378324663745e-01 -2.885908190023653633e-02
6.295241618302156450e-01 -2.836152345701688227e-02
6.393366598302444581e-01 -2.785458203353166629e-02
6.491892412895989839e-01 -2.733706665181473081e-02
6.590808112105230876e-01 -2.680778296338618208e-02
6.690102702621547603e-01 -2.626552980572655419e-02
6.789765149027036095e-01 -2.570907558966125175e-02
6.889784375020977514e-01 -2.513716798785775933e-02
6.990149264650814542e-01 -2.454850798194655251e-02
7.090848663547572039e-01 -2.394179212258640277e-02
7.191871380165538730e-01 -2.331574906961850213e-02
7.293206187026060050e-01 -2.266907258564009389e-02
7.394841821965345563e-01 -2.200032745767777770e-02
7.496766989386134394e-01 -2.130813260754036570e-02
7.598970361513051053e-01 -2.059130454001306329e-02
7.701440579651563922e-01 -1.984846795890875606e-02
7.804166255450371015e-01 -1.907779250365332704e-02
7.907135972167069760e-01 -1.827860248213161731e-02
8.010338285937002034e-01 -1.745237178131944442e-02
8.113761727045106786e-01 -1.660136100779328883e-02
8.217394801200630372e-01 -1.572866791129237662e-02
8.321225990814590245e-01 -1.483727934601998880e-02
8.425243756279822138e-01 -1.392996500458956732e-02
8.529436537253458628e-01 -1.300962930556374617e-02
8.633792753941731402e-01 -1.207933116026663548e-02
8.738300808386934015e-01 -1.114209957515025634e-02
8.842949085756387495e-01 -1.020093482923557782e-02
8.947725955633289985e-01 -9.258899850640343876e-03
9.052619773309316109e-01 -8.319105135849382340e-03
9.157618881078770645e-01 -7.384659847463905490e-03
9.262711609534211021e-01 -6.458674441047843398e-03
9.367886278863364335e-01 -5.544285084029399249e-03
9.473131200147204556e-01 -4.644641355757556794e-03
9.578434676659028923e-01 -3.762891518608597018e-03
9.683785005164411430e-01 -2.902183532514645680e-03
9.789170477221889044e-01 -2.065667333940801424e-03
9.894579380484205267e-01 -1.256490722637779341e-03
9.999999999999998890e-01 -4.777875762898629148e-04
