9.999999999999998890e-01 1.050000007074168226e-03
9.894579380484205267e-01 2.272961084447309380e-03
9.789170477221889044e-01 3.480949043006570202e-03
9.683785005164411430e-01 4.674000200497047119e-03
9.578434676659028923e-01 5.852159421622364632e-03
9.473131200147204556e-01 7.015475786652332867e-03
9.367886278863364335e-01 8.164005090160840819e-03
9.262711609534211021e-01 9.297808043388288909e-03
9.157618881078770645e-01 1.041695394178681310e-02
9.052619773309316109e-01 1.152151449083847409e-02
8.947725955633289985e-01 1.261156338576020948e-02
8.842949085756387495e-01 1.368715302530362603e-02
8.738300808386934015e-01 1.474830177414236144e-02
8.633792753941731402e-01 1.579503154583046867e-02
8.529436537253458628e-01 1.682737313297534912e-02
8.425243756279822138e-01 1.784536051267309950e-02
8.321225990814590245e-01 1.884903087346134765e-02
8.217394801200630372e-01 1.983842817692860194e-02
8.113761727045106786e-01 2.081360267143186199e-02
8.010338285937002034e-01 2.177460479427358389e-02
7.907135972167069760e-01 2.272148245224198462e-02
7.804166255450371015e-01 2.365425280312518849e-02
7.701440579651563922e-01 2.457291337042075488e-02
7.598970361513051053e-01 2.547747248315834420e-02
7.496766989386134394e-01 2.636794498853872737e-02
7.394841821965345563e-01 2.724434709681288966e-02
7.293206187026060050e-01 2.810669757647408021e-02
7.191871380165538730e-01 2.895502770175969673e-02
7.090848663547572039e-01 2.978937204037944778e-02
6.990149264650814542e-01 3.060975648283988798e-02
6.889784375020977514e-01 3.141615907279434600e-02
6.789765149027036095e-01 3.220836326248692483e-02
6.690102702621547603e-01 3.298610706382898439e-02
6.590808112105230876e-01 3.374915392809478554e-02
6.491892412895989839e-01 3.449727671884278424e-02
6.393366598302444581e-01 3.523025934898349476e-02
6.295241618302156450e-01 3.594789364959635053e-02
6.197528378324663745e-01 3.664998589887761421e-02
6.100237738039482327e-01 3.733635400094394846e-02
6.003380510149177729e-01 3.800683486445803616e-02
5.906967459187653091e-01 3.866124865440056374e-02
5.811009300323815019e-01 3.929938313748069373e-02
5.715516698170692855e-01 3.992102549780240234e-02
5.620500265600203438e-01 4.052596721998358298e-02
5.525970562563653488e-01 4.111402049814236875e-02
5.431938094918128401e-01 4.168502227204631816e-02
5.338413313258880688e-01 4.223881400016810117e-02
5.245406611757882365e-01 4.277524238617779612e-02
5.152928327008634568e-01 4.329419222171237980e-02
5.060988736877365390e-01 4.379557730788104231e-02
4.969598059360780251e-01 4.427926375790394720e-02
4.878766451450451402e-01 4.474507219160821225e-02
4.788504008003974244e-01 4.519271258921197382e-02
4.698820760623064752e-01 4.562183530042176333e-02
4.609726676538650203e-01 4.603215214056922272e-02
4.521231657503131940e-01 4.642341009859309031e-02
4.433345538689928977e-01 4.679537958968948974e-02
4.346078087600411255e-01 4.714784631268538473e-02
4.259439002978354649e-01 4.748062685155478302e-02
4.173437913732044313e-01 4.779356049914491866e-02
4.088084377864137364e-01 4.808654174765291528e-02
4.003387881409395943e-01 4.835946979276088686e-02
3.919357837380436083e-01 4.861219991878931723e-02
3.836003584721576765e-01 4.884456043831093136e-02
3.753334387270930161e-01 4.905632767514219589e-02
3.671359432730831873e-01 4.924729526424878601e-02
3.590087831646743277e-01 4.941732934208815237e-02
3.509528616394713696e-01 4.956632222921363018e-02
3.429690740177547825e-01 4.969419804486115144e-02
3.350583076029753915e-01 4.980091030299552135e-02
3.272214415831418144e-01 4.988645898270675783e-02
3.194593469331089564e-01 4.995087294747374562e-02
3.117728863177794407e-01 4.999421847362189864e-02
3.041629139962280792e-01 5.001659043953235462e-02
2.966302757267624823e-01 5.001811062157082016e-02
2.891758086729252497e-01 4.999874169694715903e-02
2.818003413104546162e-01 4.995827316615718966e-02
2.745046933352085494e-01 4.989653244582174796e-02
2.672896755720651774e-01 4.981339525849153016e-02
2.601560898848094272e-01 4.970881966529814427e-02
2.531047290870154232e-01 4.958282556226509957e-02
2.461363768539343022e-01 4.943542565440276620e-02
2.392518076353984391e-01 4.926662688577654325e-02
2.324517865697500740e-01 4.907643609396720313e-02
2.257370693988056676e-01 4.886487015490499630e-02
2.191084023838638650e-01 4.863202204988791716e-02
2.125665222227673956e-01 4.837803913910236620e-02
2.061121559680280102e-01 4.810318940412250388e-02
1.997460209460230063e-01 4.780776337694083583e-02
1.934688246772731102e-01 4.749193359269444914e-02
1.872812647978095990e-01 4.715582840194860320e-02
1.811840289816407656e-01 4.679954728336981062e-02
1.751777948643248317e-01 4.642321558552969102e-02
1.692632299676588570e-01 4.602707299677834957e-02
1.634409916254914164e-01 4.561143961883570852e-02
1.577117269106679265e-01 4.517679370150498586e-02
1.520760725631161714e-01 4.472359328558632441e-02
1.465346549190801317e-01 4.425218122920831360e-02
1.410880898415101115e-01 4.376257795714134230e-02
1.357369826516168221e-01 4.325420656502092231e-02
1.304819280615971966e-01 4.272661941865688040e-02
1.253235101085391490e-01 4.217969823786209271e-02
1.202623020895129402e-01 4.161346858015797096e-02
1.152988664978553679e-01 4.102811661137307359e-02
1.104337549606562163e-01 4.042395867561966033e-02
1.056675081774507419e-01 3.980145875245515857e-02
1.010006558601274085e-01 3.916129751367800754e-02
9.643371667405697956e-02 3.850438221001832584e-02
9.196719818044885031e-02 3.783198472243008009e-02
8.760159677994161509e-02 3.714568545207667938e-02
8.333739765743386485e-02 3.644724469883894175e-02
7.917507472816209813e-02 3.573849306058380498e-02
7.511509058502996439e-02 3.502075737438215680e-02
7.115789644719716645e-02 3.429448650185934477e-02
6.730393210993146358e-02 3.355533858869941960e-02
6.355362589573076981e-02 3.279702414368885349e-02
5.990739460672012129e-02 3.201597681235719001e-02
5.636564347832906385e-02 3.120971876590861172e-02
5.292876613425423482e-02 3.037557867777978052e-02
4.959714454271368922e-02 2.951217638855576850e-02
4.637114897399441382e-02 2.862423873236192434e-02
4.325113795930202176e-02 2.771890228003725393e-02
4.023745825091396000e-02 2.680587125931281969e-02
3.733044478364233587e-02 2.589452004957288472e-02
3.453042063760936031e-02 2.499140417008473974e-02
3.183769700234129196e-02 2.410254672263349718e-02
2.925257314218321358e-02 2.323397262042412384e-02
2.677533636303963682e-02 2.239059364477795355e-02
2.440626198044326678e-02 2.157478078027508933e-02
2.214561328895736647e-02 2.077167278529120850e-02
1.999364153291383062e-02 1.993677815936944001e-02
1.795058587848985532e-02 1.903357568755107559e-02
1.601667338712764455e-02 1.804206909604963785e-02
1.419211899029970692e-02 1.695184467944931689e-02
1.247712546562085301e-02 1.576307215576191328e-02
1.087188341431266636e-02 1.448350799486809379e-02
9.376571240020115106e-03 1.312844831406917781e-02
7.991355128984078959e-03 1.171800393346435903e-02
6.716389031571567969e-03 1.027642345171725022e-02
5.551814645166519568e-03 8.830537532232557787e-03
4.497761398421062928e-03 7.409022805249997241e-03
3.554346436871580472e-03 6.040771896723232462e-03
2.721674609919344512e-03 4.754584805043347157e-03
1.999838459177394334e-03 3.577456691466569458e-03
1.388918208186096237e-03 2.534947762880362682e-03
8.889817534969424173e-04 1.649123451692756717e-03
5.000846571264760954e-04 9.396749123798775298e-04
2.222701403818971855e-04 4.213400830705526351e-04
5.556907905679420168e-05 1.059466551061207906e-04
0.000000000000000000e+00 -2.310420878350318716e-09
0.000000000000000000e+00 2.310420878350318716e-09
5.556907905679420168e-05 -1.059466551061207906e-04
2.222701403818971855e-04 -4.213400830705526351e-04
5.000846571264760954e-04 -9.396749123798775298e-04
8.889817534969424173e-04 -1.649123451692756717e-03
1.388918208186096237e-03 -2.534947762880362682e-03
1.999838459177394334e-03 -3.577456691466569458e-03
2.721674609919344512e-03 -4.754584805043347157e-03
3.554346436871580472e-03 -6.040771896723232462e-03
4.497761398421062928e-03 -7.409022805249997241e-03
5.551814645166519568e-03 -8.830537532232557787e-03
6.716389031571567969e-03 -1.027642345171725022e-02
7.991355128984078959e-03 -1.171800393346435903e-02
9.376571240020115106e-03 -1.312844831406917781e-02
1.087188341431266636e-02 -1.448350799486809379e-02
1.247712546562085301e-02 -1.576307215576191328e-02
1.419211899029970692e-02 -1.695184467944931689e-02
1.601667338712764455e-02 -1.804206909604963785e-02
1.795058587848985532e-02 -1.903357568755107559e-02
1.999364153291383062e-02 -1.993677815936944001e-02
2.214561328895736647e-02 -2.077167278529120850e-02
2.440626198044326678e-02 -2.157478078027508933e-02
2.677533636303963682e-02 -2.239059364477795355e-02
2.925257314218321358e-02 -2.323397262042412384e-02
3.183769700234129196e-02 -2.410254672263349718e-02
3.453042063760936031e-02 -2.499140417008473974e-02
3.733044478364233587e-02 -2.589452004957288472e-02
4.023745825091396000e-02 -2.680587125931281969e-02
4.325113795930202176e-02 -2.771890228003725393e-02
4.637114897399441382e-02 -2.862423873236192434e-02
4.959714454271368922e-02 -2.951217638855576850e-02
5.292876613425423482e-02 -3.037557867777978052e-02
5.636564347832906385e-02 -3.120971876590861172e-02
5.990739460672012129e-02 -3.201597681235719001e-02
6.355362589573076981e-02 -3.279702414368885349e-02
6.730393210993146358e-02 -3.355533858869941960e-02
7.115789644719716645e-02 -3.429448650185934477e-02
7.511509058502996439e-02 -3.502075737438215680e-02
7.917507472816209813e-02 -3.573849306058380498e-02
8.333739765743386485e-02 -3.644724469883894175e-02
8.760159677994161509e-02 -3.714568545207667938e-02
9.196719818044885031e-02 -3.783198472243008009e-02
9.643371667405697956e-02 -3.850438221001832584e-02
1.010006558601274085e-01 -3.916129751367800754e-02
1.056675081774507419e-01 -3.980145875245515857e-02
1.104337549606562163e-01 -4.042395867561966033e-02
1.152988664978553679e-01 -4.102811661137307359e-02
1.202623020895129402e-01 -4.161346858015797096e-02
1.253235101085391490e-01 -4.217969823786209271e-02
1.304819280615971966e-01 -4.272661941865688040e-02
1.357369826516168221e-01 -4.325420656502092231e-02
1.410880898415101115e-01 -4.376257795714134230e-02
1.465346549190801317e-01 -4.425218122920831360e-02
1.520760725631161714e-01 -4.472359328558632441e-02
1.577117269106679265e-01 -4.517679370150498586e-02
1.634409916254914164e-01 -4.561143961883570852e-02
1.692632299676588570e-01 -4.602707299677834957e-02
1.751777948643248317e-01 -4.642321558552969102e-02
1.811840289816407656e-01 -4.679954728336981062e-02
1.872812647978095990e-01 -4.715582840194860320e-02
1.934688246772731102e-01 -4.749193359269444914e-02
1.997460209460230063e-01 -4.780776337694083583e-02
2.061121559680280102e-01 -4.810318940412250388e-02
2.125665222227673956e-01 -4.837803913910236620e-02
2.191084023838638650e-01 -4.863202204988791716e-02
2.257370693988056676e-01 -4.886487015490499630e-02
2.324517865697500740e-01 -4.907643609396720313e-02
2.392518076353984391e-01 -4.926662688577654325e-02
2.461363768539343022e-01 -4.943542565440276620e-02
2.531047290870154232e-01 -4.958282556226509957e-02
2.601560898848094272e-01 -4.970881966529814427e-02
2.672896755720651774e-01 -4.981339525849153016e-02
2.745046933352085494e-01 -4.989653244582174796e-02
2.818003413104546162e-01 -4.995827316615718966e-02
2.891758086729252497e-01 -4.999874169694715903e-02
2.966302757267624823e-01 -5.001811062157082016e-02
3.041629139962280792e-01 -5.001659043953235462e-02
3.117728863177794407e-01 -4.999421847362189864e-02
3.194593469331089564e-01 -4.995087294747374562e-02
3.272214415831418144e-01 -4.988645898270675783e-02
3.350583076029753915e-01 -4.980091030299552135e-02
3.429690740177547825e-01 -4.969419804486115144e-02
3.509528616394713696e-01 -4.956632222921363018e-02
3.590087831646743277e-01 -4.941732934208815237e-02
3.671359432730831873e-01 -4.924729526424878601e-02
3.753334387270930161e-01 -4.905632767514219589e-02
3.836003584721576765e-01 -4.884456043831093136e-02
3.919357837380436083e-01 -4.861219991878931723e-02
4.003387881409395943e-01 -4.835946979276088686e-02
4.088084377864137364e-01 -4.808654174765291528e-02
4.173437913732044313e-01 -4.779356049914491866e-02
4.259439002978354649e-01 -4.748062685155478302e-02
4.346078087600411255e-01 -4.714784631268538473e-02
4.433345538689928977e-01 -4.679537958968948974e-02
4.521231657503131940e-01 -4.642341009859309031e-02
4.609726676538650203e-01 -4.603215214056922272e-02
4.698820760623064752e-01 -4.562183530042176333e-02
4.788504008003974244e-01 -4.519271258921197382e-02
4.878766451450451402e-01 -4.474507219160821225e-02
4.969598059360780251e-01 -4.427926375790394720e-02
5.060988736877365390e-01 -4.379557730788104231e-02
5.152928327008634568e-01 -4.329419222171237980e-02
5.245406611757882365e-01 -4.277524238617779612e-02
5.338413313258880688e-01 -4.223881400016810117e-02
5.431938094918128401e-01 -4.168502227204631816e-02
5.525970562563653488e-01 -4.111402049814236875e-02
5.620500265600203438e-01 -4.052596721998358298e-02
5.715516698170692855e-01 -3.992102549780240234e-02
5.811009300323815019e-01 -3.929938313748069373e-02
5.906967459187653091e-01 -3.866124865440056374e-02
6.003380510149177729e-01 -3.800683486445803616e-02
6.100237738039482327e-01 -3.733635400094394846e-02
6.197528378324663745e-01 -3.664998589887761421e-02
6.295241618302156450e-01 -3.594789364959635053e-02
6.393366598302444581e-01 -3.523025934898349476e-02
6.491892412895989839e-01 -3.449727671884278424e-02
6.590808112105230876e-01 -3.374915392809478554e-02
6.690102702621547603e-01 -3.298610706382898439e-02
6.789765149027036095e-01 -3.220836326248692483e-02
6.889784375020977514e-01 -3.141615907279434600e-02
6.990149264650814542e-01 -3.060975648283988798e-02
7.090848663547572039e-01 -2.978937204037944778e-02
7.191871380165538730e-01 -2.895502770175969673e-02
7.293206187026060050e-01 -2.810669757647408021e-02
7.394841821965345563e-01 -2.724434709681288966e-02
7.496766989386134394e-01 -2.636794498853872737e-02
7.598970361513051053e-01 -2.547747248315834420e-02
7.701440579651563922e-01 -2.457291337042075488e-02
7.804166255450371015e-01 -2.365425280312518849e-02
7.907135972167069760e-01 -2.272148245224198462e-02
8.010338285937002034e-01 -2.177460479427358389e-02
8.113761727045106786e-01 -2.081360267143186199e-02
8.217394801200630372e-01 -1.983842817692860194e-02
8.321225990814590245e-01 -1.884903087346134765e-02
8.425243756279822138e-01 -1.784536051267309950e-02
8.529436537253458628e-01 -1.682737313297534912e-02
8.633792753941731402e-01 -1.579503154583046867e-02
8.738300808386934015e-01 -1.474830177414236144e-02
8.842949085756387495e-01 -1.368715302530362603e-02
8.947725955633289985e-01 -1.261156338576020948e-02
9.052619773309316109e-01 -1.152151449083847409e-02
9.157618881078770645e-01 -1.041695394178681310e-02
9.262711609534211021e-01 -9.297808043388288909e-03
9.367886278863364335e-01 -8.164005090160840819e-03
9.473131200147204556e-01 -7.015475786652332867e-03
9.578434676659028923e-01 -5.852159421622364632e-03
9.683785005164411430e-01 -4.674000200497047119e-03
9.789170477221889044e-01 -3.480949043006570202e-03
9.894579380484205267e-01 -2.272961084447309380e-03
9.999999999999998890e-01 -1.050000007074168226e-03
