9.999999999999998890e-01 -1.958703326422140886e-02
9.894579380484205267e-01 -1.787857280781699962e-02
9.789170477221889044e-01 -1.616787054989130695e-02
9.683785005164411430e-01 -1.446346458353460485e-02
9.578434676659028923e-01 -1.275733756148771450e-02
9.473131200147204556e-01 -1.104480242607921645e-02
9.367886278863364335e-01 -9.339468882732080215e-03
9.262711609534211021e-01 -7.645426836536680509e-03
9.157618881078770645e-01 -5.938457344017117161e-03
9.052619773309316109e-01 -4.218123805332346654e-03
8.947725955633289985e-01 -2.536426549206178410e-03
8.842949085756387495e-01 -9.534191929981459483e-04
8.738300808386934015e-01 4.692847178579248927e-04
8.633792753941731402e-01 1.751305036555972534e-03
8.529436537253458628e-01 3.018231316725583386e-03
8.425243756279822138e-01 4.319774479575391735e-03
8.321225990814590245e-01 5.613399597031541212e-03
8.217394801200630372e-01 6.887839421402838606e-03
8.113761727045106786e-01 8.165035766358621702e-03
8.010338285937002034e-01 9.448008380494221994e-03
7.907135972167069760e-01 1.072449169322309444e-02
7.804166255450371015e-01 1.199396514924913268e-02
7.701440579651563922e-01 1.326332582536154762e-02
7.598970361513051053e-01 1.453150040296917814e-02
7.496766989386134394e-01 1.579364977183765964e-02
7.394841821965345563e-01 1.705157035546855937e-02
7.293206187026060050e-01 1.830908462422224658e-02
7.191871380165538730e-01 1.956263945181867941e-02
7.090848663547572039e-01 2.080782306826230513e-02
6.990149264650814542e-01 2.205108761415836699e-02
6.889784375020977514e-01 2.329799124883318376e-02
6.789765149027036095e-01 2.453482333828579595e-02
6.690102702621547603e-01 2.574020644425727145e-02
6.590808112105230876e-01 2.688401936231299416e-02
6.491892412895989839e-01 2.794504608367529355e-02
6.393366598302444581e-01 2.893395238968418659e-02
6.295241618302156450e-01 2.986802158623666145e-02
6.197528378324663745e-01 3.076645199816265344e-02
6.100237738039482327e-01 3.164622446566787983e-02
6.003380510149177729e-01 3.251916410758476372e-02
5.906967459187653091e-01 3.339134622349358705e-02
5.811009300323815019e-01 3.426014801679159311e-02
5.715516698170692855e-01 3.512369066542889856e-02
5.620500265600203438e-01 3.598237586820818984e-02
5.525970562563653488e-01 3.683684184943778611e-02
5.431938094918128401e-01 3.768773536066966773e-02
5.338413313258880688e-01 3.853415817682490779e-02
5.245406611757882365e-01 3.937385522870997384e-02
5.152928327008634568e-01 4.020838454067583029e-02
5.060988736877365390e-01 4.104205400460281955e-02
4.969598059360780251e-01 4.187129955630695954e-02
4.878766451450451402e-01 4.268820641227689255e-02
4.788504008003974244e-01 4.350006231893648045e-02
4.698820760623064752e-01 4.432010897858032483e-02
4.609726676538650203e-01 4.513261897197592271e-02
4.521231657503131940e-01 4.590972436987684341e-02
4.433345538689928977e-01 4.664234157024912258e-02
4.346078087600411255e-01 4.733087353013645804e-02
4.259439002978354649e-01 4.798393609628434642e-02
4.173437913732044313e-01 4.860988416174551185e-02
4.088084377864137364e-01 4.920232894523124401e-02
4.003387881409395943e-01 4.975387370408124871e-02
3.919357837380436083e-01 5.026981067592135866e-02
3.836003584721576765e-01 5.075604310643515305e-02
3.753334387270930161e-01 5.121073976237328074e-02
3.671359432730831873e-01 5.163197348356734356e-02
3.590087831646743277e-01 5.202157552962637099e-02
3.509528616394713696e-01 5.238117270492042427e-02
3.429690740177547825e-01 5.271061921413137258e-02
3.350583076029753915e-01 5.300999444423534074e-02
3.272214415831418144e-01 5.328020618258285518e-02
3.194593469331089564e-01 5.352163400877409799e-02
3.117728863177794407e-01 5.373372279240135746e-02
3.041629139962280792e-01 5.391627432826674032e-02
2.966302757267624823e-01 5.406963939956233728e-02
2.891758086729252497e-01 5.419380551313640604e-02
2.818003413104546162e-01 5.428834112276230417e-02
2.745046933352085494e-01 5.435312874907814729e-02
2.672896755720651774e-01 5.438833588362960991e-02
2.601560898848094272e-01 5.439378207011034277e-02
2.531047290870154232e-01 5.436900698422255512e-02
2.461363768539343022e-01 5.431352775223848711e-02
2.392518076353984391e-01 5.422692262199786672e-02
2.324517865697500740e-01 5.410943766321924669e-02
2.257370693988056676e-01 5.396159562283831673e-02
2.191084023838638650e-01 5.378324606820647502e-02
2.125665222227673956e-01 5.357396768183882857e-02
2.061121559680280102e-01 5.333357948337565102e-02
1.997460209460230063e-01 5.306204895002535754e-02
1.934688246772731102e-01 5.275962823675080932e-02
1.872812647978095990e-01 5.242671467341780689e-02
1.811840289816407656e-01 5.206393619024071717e-02
1.751777948643248317e-01 5.167178651861795841e-02
1.692632299676588570e-01 5.125009486571855538e-02
1.634409916254914164e-01 5.079876905236872103e-02
1.577117269106679265e-01 5.031834141656990611e-02
1.520760725631161714e-01 4.980945121250592023e-02
1.465346549190801317e-01 4.927273037710722114e-02
1.410880898415101115e-01 4.870869766580732813e-02
1.357369826516168221e-01 4.811765269929024064e-02
1.304819280615971966e-01 4.749992928994851982e-02
1.253235101085391490e-01 4.685596198999135431e-02
1.202623020895129402e-01 4.618631159172235934e-02
1.152988664978553679e-01 4.549170117635908950e-02
1.104337549606562163e-01 4.477288030370776828e-02
1.056675081774507419e-01 4.403061432302739914e-02
1.010006558601274085e-01 4.326564150940904324e-02
9.643371667405697956e-02 4.247866900604271162e-02
9.196719818044885031e-02 4.167034287194869985e-02
8.760159677994161509e-02 4.084127255110280713e-02
8.333739765743386485e-02 3.999223640161740645e-02
7.917507472816209813e-02 3.912415014750056375e-02
7.511509058502996439e-02 3.823811886467277932e-02
7.115789644719716645e-02 3.733531388236920739e-02
6.730393210993146358e-02 3.641654811583233675e-02
6.355362589573076981e-02 3.548245918409428934e-02
5.990739460672012129e-02 3.453369597329818824e-02
5.636564347832906385e-02 3.357092815721354762e-02
5.292876613425423482e-02 3.259491111015303672e-02
4.959714454271368922e-02 3.160644774358141451e-02
4.637114897399441382e-02 3.060642359203937651e-02
4.325113795930202176e-02 2.959576427436276178e-02
4.023745825091396000e-02 2.857545778016957333e-02
3.733044478364233587e-02 2.754635363032470474e-02
3.453042063760936031e-02 2.650883557283407674e-02
3.183769700234129196e-02 2.546354533248648688e-02
2.925257314218321358e-02 2.441199583952727292e-02
2.677533636303963682e-02 2.335497255819755230e-02
2.440626198044326678e-02 2.229145924763524869e-02
2.214561328895736647e-02 2.122169648255398805e-02
1.999364153291383062e-02 2.014850388909474738e-02
1.795058587848985532e-02 1.907280761498191674e-02
1.601667338712764455e-02 1.799244628658080297e-02
1.419211899029970692e-02 1.690889743730051090e-02
1.247712546562085301e-02 1.582811075284144137e-02
1.087188341431266636e-02 1.474656786398530206e-02
9.376571240020115106e-03 1.365169055392063610e-02
7.991355128984078959e-03 1.255333438354728527e-02
6.716389031571567969e-03 1.147843586822768110e-02
5.551814645166519568e-03 1.040756357430107880e-02
4.497761398421062928e-03 9.294490531346819712e-03
3.554346436871580472e-03 8.187516689128510050e-03
2.721674609919344512e-03 7.174563866090224833e-03
1.999838459177394334e-03 6.160107614447784923e-03
1.388918208186096237e-03 5.000825068497091221e-03
8.889817534969424173e-04 3.913832066794982641e-03
5.000846571264760954e-04 3.161319348351617192e-03
2.222701403818971855e-04 2.327256470332016592e-03
5.556907905679420168e-05 9.986883719281722509e-04
0.000000000000000000e+00 -1.086415566047997861e-05
0.000000000000000000e+00 -3.680735448234374461e-06
5.556907905679420168e-05 -5.367727578360014483e-04
2.222701403818971855e-04 -1.523606233121550324e-03
5.000846571264760954e-04 -2.340794509493657975e-03
8.889817534969424173e-04 -3.064865281331791581e-03
1.388918208186096237e-03 -3.836060497136399832e-03
1.999838459177394334e-03 -4.576258956557669594e-03
2.721674609919344512e-03 -5.225695878945134376e-03
3.554346436871580472e-03 -5.849261309739137681e-03
4.497761398421062928e-03 -6.486390044340072276e-03
5.551814645166519568e-03 -7.096323850434995729e-03
6.716389031571567969e-03 -7.659564024346230543e-03
7.991355128984078959e-03 -8.204083356451889741e-03
9.376571240020115106e-03 -8.742148091343559385e-03
1.087188341431266636e-02 -9.259847063633124681e-03
1.247712546562085301e-02 -9.755052942566264790e-03
1.419211899029970692e-02 -1.024052145707164165e-02
1.601667338712764455e-02 -1.071985382983549166e-02
1.795058587848985532e-02 -1.118752372405053437e-02
1.999364153291383062e-02 -1.164323515655367111e-02
2.214561328895736647e-02 -1.209092141543118004e-02
2.440626198044326678e-02 -1.253134138926222454e-02
2.677533636303963682e-02 -1.296299309259017242e-02
2.925257314218321358e-02 -1.338403149964277790e-02
3.183769700234129196e-02 -1.379277975139895328e-02
3.453042063760936031e-02 -1.419023906410880713e-02
3.733044478364233587e-02 -1.457847811998040817e-02
4.023745825091396000e-02 -1.495825301571133276e-02
4.325113795930202176e-02 -1.532952549445671178e-02
4.637114897399441382e-02 -1.569082441724662519e-02
4.959714454271368922e-02 -1.604065918720230105e-02
5.292876613425423482e-02 -1.637948341701774349e-02
5.636564347832906385e-02 -1.670824130067851895e-02
5.990739460672012129e-02 -1.702775264593196086e-02
6.355362589573076981e-02 -1.733861648408969308e-02
6.730393210993146358e-02 -1.764086455460566263e-02
7.115789644719716645e-02 -1.793446317257524000e-02
7.511509058502996439e-02 -1.821947161352507547e-02
7.917507472816209813e-02 -1.849593401551108754e-02
8.333739765743386485e-02 -1.876383393787832421e-02
8.760159677994161509e-02 -1.902302533475770316e-02
9.196719818044885031e-02 -1.927315639479051240e-02
9.643371667405697956e-02 -1.951397809246892268e-02
1.010006558601274085e-01 -1.974541910898323926e-02
1.056675081774507419e-01 -1.996747935765855186e-02
1.104337549606562163e-01 -2.018023982000288069e-02
1.152988664978553679e-01 -2.038405909326929111e-02
1.202623020895129402e-01 -2.057953622219323153e-02
1.253235101085391490e-01 -2.076661413953182975e-02
1.304819280615971966e-01 -2.094471105987943602e-02
1.357369826516168221e-01 -2.111389912472320246e-02
1.410880898415101115e-01 -2.127474156178238776e-02
1.465346549190801317e-01 -2.142785866867671918e-02
1.520760725631161714e-01 -2.157381274889842715e-02
1.577117269106679265e-01 -2.171242493139465338e-02
1.634409916254914164e-01 -2.184321200991759873e-02
1.692632299676588570e-01 -2.196620454994378802e-02
1.751777948643248317e-01 -2.208170969585180124e-02
1.811840289816407656e-01 -2.219035722132527838e-02
1.872812647978095990e-01 -2.229271440845390084e-02
1.934688246772731102e-01 -2.238852451079675551e-02
1.997460209460230063e-01 -2.247746041692983907e-02
2.061121559680280102e-01 -2.255985014874521688e-02
2.125665222227673956e-01 -2.263598777962425035e-02
2.191084023838638650e-01 -2.270556065776958843e-02
2.257370693988056676e-01 -2.276835395750941710e-02
2.324517865697500740e-01 -2.282472505649042402e-02
2.392518076353984391e-01 -2.287521912123866366e-02
2.461363768539343022e-01 -2.292058202763520500e-02
2.531047290870154232e-01 -2.296090354863977723e-02
2.601560898848094272e-01 -2.299504354035912523e-02
2.672896755720651774e-01 -2.302275110802487132e-02
2.745046933352085494e-01 -2.304532802272521094e-02
2.818003413104546162e-01 -2.306370140020840703e-02
2.891758086729252497e-01 -2.307815086392001058e-02
2.966302757267624823e-01 -2.308910015079519706e-02
3.041629139962280792e-01 -2.309718470942662139e-02
3.117728863177794407e-01 -2.310320380632370149e-02
3.194593469331089564e-01 -2.310801610300605019e-02
3.272214415831418144e-01 -2.311125082553767279e-02
3.350583076029753915e-01 -2.311176928997259530e-02
3.429690740177547825e-01 -2.311064054501743570e-02
3.509528616394713696e-01 -2.311014495044864253e-02
3.590087831646743277e-01 -2.311027730858093709e-02
3.671359432730831873e-01 -2.310997992773020093e-02
3.753334387270930161e-01 -2.310980023476204986e-02
3.836003584721576765e-01 -2.311067628520302800e-02
3.919357837380436083e-01 -2.311138638458988537e-02
4.003387881409395943e-01 -2.311043150362505558e-02
4.088084377864137364e-01 -2.310907849433188263e-02
4.173437913732044313e-01 -2.310896872048186917e-02
4.259439002978354649e-01 -2.310967122311106958e-02
4.346078087600411255e-01 -2.311026182495902470e-02
4.433345538689928977e-01 -2.310997295360870882e-02
4.521231657503131940e-01 -2.310868033919169506e-02
4.609726676538650203e-01 -2.310798098447790216e-02
4.698820760623064752e-01 -2.310867731448651430e-02
4.788504008003974244e-01 -2.310900511732400658e-02
4.878766451450451402e-01 -2.310815321588490304e-02
4.969598059360780251e-01 -2.310788034741917754e-02
5.060988736877365390e-01 -2.310871123657621401e-02
5.152928327008634568e-01 -2.310869324301284902e-02
5.245406611757882365e-01 -2.310761093858234097e-02
5.338413313258880688e-01 -2.310788536973356136e-02
5.431938094918128401e-01 -2.310944089222704417e-02
5.525970562563653488e-01 -2.310921370963144733e-02
5.620500265600203438e-01 -2.310736444751877727e-02
5.715516698170692855e-01 -2.310718131765625988e-02
5.811009300323815019e-01 -2.310845206222177442e-02
5.906967459187653091e-01 -2.310819336313736649e-02
6.003380510149177729e-01 -2.310658798032835110e-02
6.100237738039482327e-01 -2.310587902796397072e-02
6.197528378324663745e-01 -2.310611876927897920e-02
6.295241618302156450e-01 -2.310615221633145755e-02
6.393366598302444581e-01 -2.310569991324129893e-02
6.491892412895989839e-01 -2.310495157863185628e-02
6.590808112105230876e-01 -2.310429949685911116e-02
6.690102702621547603e-01 -2.310410948352733043e-02
6.789765149027036095e-01 -2.310415453250523610e-02
6.889784375020977514e-01 -2.310407337155883506e-02
6.990149264650814542e-01 -2.310380859369425693e-02
7.090848663547572039e-01 -2.310347996888671360e-02
7.191871380165538730e-01 -2.310354661149754615e-02
7.293206187026060050e-01 -2.310418207529679399e-02
7.394841821965345563e-01 -2.310445017818369556e-02
7.496766989386134394e-01 -2.310373154131963036e-02
7.598970361513051053e-01 -2.310273933079381309e-02
7.701440579651563922e-01 -2.310201738973469490e-02
7.804166255450371015e-01 -2.310131912311706379e-02
7.907135972167069760e-01 -2.310059292842705711e-02
8.010338285937002034e-01 -2.310029735193043846e-02
8.113761727045106786e-01 -2.310039463227795201e-02
8.217394801200630372e-01 -2.310006165137369269e-02
8.321225990814590245e-01 -2.309939169924089819e-02
8.425243756279822138e-01 -2.309964637089930578e-02
8.529436537253458628e-01 -2.310074488277810700e-02
8.633792753941731402e-01 -2.310118395167535740e-02
8.738300808386934015e-01 -2.310071568474318660e-02
8.842949085756387495e-01 -2.310022038559854038e-02
8.947725955633289985e-01 -2.309990371389094785e-02
9.052619773309316109e-01 -2.309944949837439490e-02
9.157618881078770645e-01 -2.309868821225048718e-02
9.262711609534211021e-01 -2.309760499399086953e-02
9.367886278863364335e-01 -2.309667263392755493e-02
9.473131200147204556e-01 -2.309650040281097799e-02
9.578434676659028923e-01 -2.309682352768327104e-02
9.683785005164411430e-01 -2.309703869726813935e-02
9.789170477221889044e-01 -2.309682883114485413e-02
9.894579380484205267e-01 -2.309607704170427156e-02
9.999999999999998890e-01 -2.309512608239246145e-02
