9.999999999999998890e-01 5.357120313359701529e-10
9.894579380484205267e-01 1.340417748946353283e-03
9.789170477221889044e-01 2.646638613371707360e-03
9.683785005164411430e-01 3.924006315724093419e-03
9.578434676659028923e-01 5.177995722089242907e-03
9.473131200147204556e-01 6.414054806891065011e-03
9.367886278863364335e-01 7.637484888410355638e-03
9.262711609534211021e-01 8.853656413538238054e-03
9.157618881078770645e-01 1.006814979609836971e-02
9.052619773309316109e-01 1.128627759968394567e-02
8.947725955633289985e-01 1.251274157352123134e-02
8.842949085756387495e-01 1.374904972848428782e-02
8.738300808386934015e-01 1.499174911851761799e-02
8.633792753941731402e-01 1.623720171960831016e-02
8.529436537253458628e-01 1.748210967419503575e-02
8.425243756279822138e-01 1.872316128924078268e-02
8.321225990814590245e-01 1.995700092452523666e-02
8.217394801200630372e-01 2.118023700892016428e-02
8.113761727045106786e-01 2.238947026760978315e-02
8.010338285937002034e-01 2.358168717859632918e-02
7.907135972167069760e-01 2.475442044344892262e-02
7.804166255450371015e-01 2.590813286302294516e-02
7.701440579651563922e-01 2.704522320933869239e-02
7.598970361513051053e-01 2.816775619698616215e-02
7.496766989386134394e-01 2.927759989674084268e-02
7.394841821965345563e-01 3.037673095378716839e-02
7.293206187026060050e-01 3.146716570109478472e-02
7.191871380165538730e-01 3.255083705951957590e-02
7.090848663547572039e-01 3.362962403929036642e-02
6.990149264650814542e-01 3.470529618791459020e-02
6.889784375020977514e-01 3.577919259587101358e-02
6.789765149027036095e-01 3.685094591294402200e-02
6.690102702621547603e-01 3.791976415319743554e-02
6.590808112105230876e-01 3.898498527999849639e-02
6.491892412895989839e-01 4.004596340788711684e-02
6.393366598302444581e-01 4.110201525268897954e-02
6.295241618302156450e-01 4.215247275308773439e-02
6.197528378324663745e-01 4.319672153965473799e-02
6.100237738039482327e-01 4.423414501900956031e-02
6.003380510149177729e-01 4.526410726982423027e-02
5.906967459187653091e-01 4.628608731327577691e-02
5.811009300323815019e-01 4.729976441846954482e-02
5.715516698170692855e-01 4.830485837109374514e-02
5.620500265600203438e-01 4.930111934062378354e-02
5.525970562563653488e-01 5.028830807563249711e-02
5.431938094918128401e-01 5.126619493377104070e-02
5.338413313258880688e-01 5.223454262402320997e-02
5.245406611757882365e-01 5.319310826063835401e-02
5.152928327008634568e-01 5.414169801543821520e-02
5.060988736877365390e-01 5.508015186076129638e-02
4.969598059360780251e-01 5.600819316961158645e-02
4.878766451450451402e-01 5.692544058926902323e-02
4.788504008003974244e-01 5.783130286477062426e-02
4.698820760623064752e-01 5.872506858785997430e-02
4.609726676538650203e-01 5.960608032958370633e-02
4.521231657503131940e-01 6.047372139502939919e-02
4.433345538689928977e-01 6.132746089483539359e-02
4.346078087600411255e-01 6.216678610392351034e-02
4.259439002978354649e-01 6.299108032280992253e-02
4.173437913732044313e-01 6.379976771272956315e-02
4.088084377864137364e-01 6.459263553892714838e-02
4.003387881409395943e-01 6.536930889951587942e-02
3.919357837380436083e-01 6.612838089381051221e-02
3.836003584721576765e-01 6.686785242320937572e-02
3.753334387270930161e-01 6.758463386223090286e-02
3.671359432730831873e-01 6.827563321822441300e-02
3.590087831646743277e-01 6.893831840840020098e-02
3.509528616394713696e-01 6.957026775671722174e-02
3.429690740177547825e-01 7.016910405247600568e-02
3.350583076029753915e-01 7.073259932450669252e-02
3.272214415831418144e-01 7.125878937139398794e-02
3.194593469331089564e-01 7.174583939484276141e-02
3.117728863177794407e-01 7.219207326601408126e-02
3.041629139962280792e-01 7.259594766132702881e-02
2.966302757267624823e-01 7.295612603098232396e-02
2.891758086729252497e-01 7.327269359303190122e-02
2.818003413104546162e-01 7.354726566615189809e-02
2.745046933352085494e-01 7.378141077101783851e-02
2.672896755720651774e-01 7.397659698396089056e-02
2.601560898848094272e-01 7.413449528067068972e-02
2.531047290870154232e-01 7.425687444655787450e-02
2.461363768539343022e-01 7.434476653885623010e-02
2.392518076353984391e-01 7.439865289171440632e-02
2.324517865697500740e-01 7.441837552216218343e-02
2.257370693988056676e-01 7.440344374005247730e-02
2.191084023838638650e-01 7.435346203779910623e-02
2.125665222227673956e-01 7.426819149677162113e-02
2.061121559680280102e-01 7.414808070045290911e-02
1.997460209460230063e-01 7.399338733696568526e-02
1.934688246772731102e-01 7.380207950897471614e-02
1.872812647978095990e-01 7.357101241665477132e-02
1.811840289816407656e-01 7.329541655676714840e-02
1.751777948643248317e-01 7.297057486957053696e-02
1.692632299676588570e-01 7.259339575412565582e-02
1.634409916254914164e-01 7.216109903579855100e-02
1.577117269106679265e-01 7.167080496432921832e-02
1.520760725631161714e-01 7.112039527822000551e-02
1.465346549190801317e-01 7.050959755788054062e-02
1.410880898415101115e-01 6.984032926233689487e-02
1.357369826516168221e-01 6.911827831907318975e-02
1.304819280615971966e-01 6.834911966047836629e-02
1.253235101085391490e-01 6.753778368826093836e-02
1.202623020895129402e-01 6.668901216127169629e-02
1.152988664978553679e-01 6.580738087106201284e-02
1.104337549606562163e-01 6.489743453143147212e-02
1.056675081774507419e-01 6.396365886454705163e-02
1.010006558601274085e-01 6.300971519812996469e-02
9.643371667405697956e-02 6.203816914496761842e-02
9.196719818044885031e-02 6.104674168103745024e-02
8.760159677994161509e-02 6.002929922058825724e-02
8.333739765743386485e-02 5.898136933788167974e-02
7.917507472816209813e-02 5.789981187204121249e-02
7.511509058502996439e-02 5.678239682372213798e-02
7.115789644719716645e-02 5.562753046246827343e-02
6.730393210993146358e-02 5.443458438915003278e-02
6.355362589573076981e-02 5.320359196536051521e-02
5.990739460672012129e-02 5.193585982816394109e-02
5.636564347832906385e-02 5.063318729405588692e-02
5.292876613425423482e-02 4.929721875577710438e-02
4.959714454271368922e-02 4.793055791597092968e-02
4.637114897399441382e-02 4.654036145501812965e-02
4.325113795930202176e-02 4.513562527295183341e-02
4.023745825091396000e-02 4.372741731482591987e-02
3.733044478364233587e-02 4.232633797690994043e-02
3.453042063760936031e-02 4.094009857902555782e-02
3.183769700234129196e-02 3.957597322577911109e-02
2.925257314218321358e-02 3.824151011264838307e-02
2.677533636303963682e-02 3.694281123248832621e-02
2.440626198044326678e-02 3.568251583656571746e-02
2.214561328895736647e-02 3.443454035609349456e-02
1.999364153291383062e-02 3.312324938724654777e-02
1.795058587848985532e-02 3.168672755353901110e-02
1.601667338712764455e-02 3.009128182588536107e-02
1.419211899029970692e-02 2.831954709333478482e-02
1.247712546562085301e-02 2.637218545331698402e-02
1.087188341431266636e-02 2.426279821240471396e-02
9.376571240020115106e-03 2.201784601272852027e-02
7.991355128984078959e-03 1.967198139100395649e-02
6.716389031571567969e-03 1.726689524688497165e-02
5.551814645166519568e-03 1.484866486373469241e-02
4.497761398421062928e-03 1.246650085926035052e-02
3.554346436871580472e-03 1.016995446329323378e-02
2.721674609919344512e-03 8.008398285384570048e-03
1.999838459177394334e-03 6.028096572974527348e-03
1.388918208186096237e-03 4.272845538779938140e-03
8.889817534969424173e-04 2.780445398273791863e-03
5.000846571264760954e-04 1.584624771853315392e-03
2.222701403818971855e-04 7.106255158753745299e-04
5.556907905679420168e-05 1.787038094803274405e-04
0.000000000000000000e+00 -3.957998714764517339e-09
0.000000000000000000e+00 2.452358099730818691e-09
5.556907905679420168e-05 -1.137808489407275963e-04
2.222701403818971855e-04 -4.525281183042701360e-04
5.000846571264760954e-04 -1.009339781824632534e-03
8.889817534969424173e-04 -1.771660130893479203e-03
1.388918208186096237e-03 -2.723833085786939341e-03
1.999838459177394334e-03 -3.844916491178396005e-03
2.721674609919344512e-03 -5.111413017647686678e-03
3.554346436871580472e-03 -6.496046832252084201e-03
4.497761398421062928e-03 -7.969946465843855132e-03
5.551814645166519568e-03 -9.502203624043253569e-03
6.716389031571567969e-03 -1.106168510022468264e-02
7.991355128984078959e-03 -1.261730279226788015e-02
9.376571240020115106e-03 -1.413973018200877056e-02
1.087188341431266636e-02 -1.560212913747163581e-02
1.247712546562085301e-02 -1.698176201991524747e-02
1.419211899029970692e-02 -1.826067414988919932e-02
1.601667338712764455e-02 -1.942851128910522834e-02
1.795058587848985532e-02 -2.048257206121223070e-02
1.999364153291383062e-02 -2.143084548574922601e-02
2.214561328895736647e-02 -2.229101176806344911e-02
2.440626198044326678e-02 -2.309758460661539420e-02
2.677533636303963682e-02 -2.389339372788726323e-02
2.925257314218321358e-02 -2.469300676809094847e-02
3.183769700234129196e-02 -2.549472330304290713e-02
3.453042063760936031e-02 -2.629581138989569092e-02
3.733044478364233587e-02 -2.709325801393980271e-02
4.023745825091396000e-02 -2.788482375415488740e-02
4.325113795930202176e-02 -2.866864627157238513e-02
4.637114897399441382e-02 -2.944323292132318068e-02
4.959714454271368922e-02 -3.020721508377199188e-02
5.292876613425423482e-02 -3.095923772277570443e-02
5.636564347832906385e-02 -3.169773878480831864e-02
5.990739460672012129e-02 -3.242040647228025541e-02
6.355362589573076981e-02 -3.312492211127976427e-02
6.730393210993146358e-02 -3.380943691596580841e-02
7.115789644719716645e-02 -3.447224068213401021e-02
7.511509058502996439e-02 -3.511175291325146358e-02
7.917507472816209813e-02 -3.572657828293202692e-02
8.333739765743386485e-02 -3.631566076111616276e-02
8.760159677994161509e-02 -3.687815899277702841e-02
9.196719818044885031e-02 -3.741353193808025224e-02
9.643371667405697956e-02 -3.792149470921218901e-02
1.010006558601274085e-01 -3.840209877900636892e-02
1.056675081774507419e-01 -3.885579112172171667e-02
1.104337549606562163e-01 -3.928347895025846581e-02
1.152988664978553679e-01 -3.968642176405061395e-02
1.202623020895129402e-01 -4.006624117299242144e-02
1.253235101085391490e-01 -4.042512058717911277e-02
1.304819280615971966e-01 -4.076573337524883045e-02
1.357369826516168221e-01 -4.109104705106092492e-02
1.410880898415101115e-01 -4.140433674935159458e-02
1.465346549190801317e-01 -4.171001977196024668e-02
1.520760725631161714e-01 -4.201283263618717928e-02
1.577117269106679265e-01 -4.231430662412901528e-02
1.634409916254914164e-01 -4.261416885510553587e-02
1.692632299676588570e-01 -4.291099338748285974e-02
1.751777948643248317e-01 -4.320293269124428348e-02
1.811840289816407656e-01 -4.348850109769489269e-02
1.872812647978095990e-01 -4.376621787386026502e-02
1.934688246772731102e-01 -4.403402438561163090e-02
1.997460209460230063e-01 -4.428989558249393776e-02
2.061121559680280102e-01 -4.453258516830793656e-02
2.125665222227673956e-01 -4.476138997840146960e-02
2.191084023838638650e-01 -4.497673505569248914e-02
2.257370693988056676e-01 -4.517915183043973854e-02
2.324517865697500740e-01 -4.536886672992849340e-02
2.392518076353984391e-01 -4.554630764599994913e-02
2.461363768539343022e-01 -4.571244410127859453e-02
2.531047290870154232e-01 -4.586768149718815912e-02
2.601560898848094272e-01 -4.601125329317168333e-02
2.672896755720651774e-01 -4.614166755907738587e-02
2.745046933352085494e-01 -4.625651274537800201e-02
2.818003413104546162e-01 -4.635339135521242271e-02
2.891758086729252497e-01 -4.643001758109186611e-02
2.966302757267624823e-01 -4.648392035499246400e-02
3.041629139962280792e-01 -4.651251189849572171e-02
3.117728863177794407e-01 -4.651504857195715853e-02
3.194593469331089564e-01 -4.649249841557206997e-02
3.272214415831418144e-01 -4.644600785363156570e-02
3.350583076029753915e-01 -4.637681996388120370e-02
3.429690740177547825e-01 -4.628626805850739878e-02
3.509528616394713696e-01 -4.617576809738999782e-02
3.590087831646743277e-01 -4.604697453308601029e-02
3.671359432730831873e-01 -4.590166188029169703e-02
3.753334387270930161e-01 -4.574152967042056928e-02
3.836003584721576765e-01 -4.556834520523248000e-02
3.919357837380436083e-01 -4.538450957962193721e-02
4.003387881409395943e-01 -4.519233717834927194e-02
4.088084377864137364e-01 -4.499248239685012252e-02
4.173437913732044313e-01 -4.478468474295624335e-02
4.259439002978354649e-01 -4.456705667030547852e-02
4.346078087600411255e-01 -4.433741208936394645e-02
4.433345538689928977e-01 -4.409399048856743608e-02
4.521231657503131940e-01 -4.383498020936997530e-02
4.609726676538650203e-01 -4.355816768548828599e-02
4.698820760623064752e-01 -4.326135572027235004e-02
4.788504008003974244e-01 -4.294254933078387598e-02
4.878766451450451402e-01 -4.259952509662578990e-02
4.969598059360780251e-01 -4.222956757071395784e-02
5.060988736877365390e-01 -4.183082004264155468e-02
5.152928327008634568e-01 -4.140294463810337278e-02
5.245406611757882365e-01 -4.094628043916468535e-02
5.338413313258880688e-01 -4.046190364596827932e-02
5.431938094918128401e-01 -3.995080166796068089e-02
5.525970562563653488e-01 -3.941380161019034101e-02
5.620500265600203438e-01 -3.885186346102120075e-02
5.715516698170692855e-01 -3.826608737361339441e-02
5.811009300323815019e-01 -3.765758397562660176e-02
5.906967459187653091e-01 -3.702747124460174094e-02
6.003380510149177729e-01 -3.637691347015099830e-02
6.100237738039482327e-01 -3.570709103329253870e-02
6.197528378324663745e-01 -3.501901833342225406e-02
6.295241618302156450e-01 -3.431362028519218538e-02
6.393366598302444581e-01 -3.359189051422605682e-02
6.491892412895989839e-01 -3.285486293287739196e-02
6.590808112105230876e-01 -3.210361077416850478e-02
6.690102702621547603e-01 -3.133922562211719637e-02
6.789765149027036095e-01 -3.056281175511255804e-02
6.889784375020977514e-01 -2.977550363056790869e-02
6.990149264650814542e-01 -2.897855204599215917e-02
7.090848663547572039e-01 -2.817287479348800153e-02
7.191871380165538730e-01 -2.735803645844323700e-02
7.293206187026060050e-01 -2.653325929874389769e-02
7.394841821965345563e-01 -2.569767584395704976e-02
7.496766989386134394e-01 -2.485039630685721007e-02
7.598970361513051053e-01 -2.399051770520133076e-02
7.701440579651563922e-01 -2.311715361516739065e-02
7.804166255450371015e-01 -2.222945589409862366e-02
7.907135972167069760e-01 -2.132649934494684762e-02
8.010338285937002034e-01 -2.040722890417080021e-02
8.113761727045106786e-01 -1.947135253744506841e-02
8.217394801200630372e-01 -1.851973237549969439e-02
8.321225990814590245e-01 -1.755343120451107949e-02
8.425243756279822138e-01 -1.657364703348898627e-02
8.529436537253458628e-01 -1.558160901141730607e-02
8.633792753941731402e-01 -1.457856571615187211e-02
8.738300808386934015e-01 -1.356568323377113292e-02
8.842949085756387495e-01 -1.254407493826853112e-02
8.947725955633289985e-01 -1.151516130914450459e-02
9.052619773309316109e-01 -1.048020876986193763e-02
9.157618881078770645e-01 -9.436139999915851145e-03
9.262711609534211021e-01 -8.377082025676559074e-03
9.367886278863364335e-01 -7.296634795933267838e-03
9.473131200147204556e-01 -6.188167706929343682e-03
9.578434676659028923e-01 -5.045233147178745416e-03
9.683785005164411430e-01 -3.861445626346503117e-03
9.789170477221889044e-01 -2.630303014249111941e-03
9.894579380484205267e-01 -1.345285994245482486e-03
9.999999999999998890e-01 -4.633511640742621892e-10
