9.999999999999998890e-01 -9.013887453607119788e-10
9.894579380484205267e-01 1.600908865882619790e-03
9.789170477221889044e-01 3.194373100859745820e-03
9.683785005164411430e-01 4.774112519376075628e-03
9.578434676659028923e-01 6.333651474384871700e-03
9.473131200147204556e-01 7.866573864262708243e-03
9.367886278863364335e-01 9.366735204818061114e-03
9.262711609534211021e-01 1.082788251008087212e-02
9.157618881078770645e-01 1.224341772439752583e-02
9.052619773309316109e-01 1.360719637003190464e-02
8.947725955633289985e-01 1.491411623990426295e-02
8.842949085756387495e-01 1.616516375507352082e-02
8.738300808386934015e-01 1.737080643118329992e-02
8.633792753941731402e-01 1.854194096961589780e-02
8.529436537253458628e-01 1.968891068450037002e-02
8.425243756279822138e-01 2.082196973898622905e-02
8.321225990814590245e-01 2.195132400700670547e-02
8.217394801200630372e-01 2.308736242913125153e-02
8.113761727045106786e-01 2.424057728643440671e-02
8.010338285937002034e-01 2.542029640936507157e-02
7.907135972167069760e-01 2.663407773714806734e-02
7.804166255450371015e-01 2.787916651125033757e-02
7.701440579651563922e-01 2.914597601531172810e-02
7.598970361513051053e-01 3.042594532732816742e-02
7.496766989386134394e-01 3.171113320885187575e-02
7.394841821965345563e-01 3.299331535983605207e-02
7.293206187026060050e-01 3.426418142830662400e-02
7.191871380165538730e-01 3.551575420021747115e-02
7.090848663547572039e-01 3.674024940476827011e-02
6.990149264650814542e-01 3.793020318111076788e-02
6.889784375020977514e-01 3.908042737011522411e-02
6.789765149027036095e-01 4.019512107671383006e-02
6.690102702621547603e-01 4.128084179596920589e-02
6.590808112105230876e-01 4.234351198797096927e-02
6.491892412895989839e-01 4.338900424861100169e-02
6.393366598302444581e-01 4.442345865735495419e-02
6.295241618302156450e-01 4.545273555843687419e-02
6.197528378324663745e-01 4.648189788842569531e-02
6.100237738039482327e-01 4.751640561888501035e-02
6.003380510149177729e-01 4.856271560626421180e-02
5.906967459187653091e-01 4.962330369358745191e-02
5.811009300323815019e-01 5.069363780271048114e-02
5.715516698170692855e-01 5.176754552222974370e-02
5.620500265600203438e-01 5.283749730439462472e-02
5.525970562563653488e-01 5.389638970409906665e-02
5.431938094918128401e-01 5.493776813398978942e-02
5.338413313258880688e-01 5.595540734271395311e-02
5.245406611757882365e-01 5.694326589524354582e-02
5.152928327008634568e-01 5.789512244992683909e-02
5.060988736877365390e-01 5.880472753225941818e-02
4.969598059360780251e-01 5.966765409707820711e-02
4.878766451450451402e-01 6.048125213832254710e-02
4.788504008003974244e-01 6.124778694882263008e-02
4.698820760623064752e-01 6.197235110663220498e-02
4.609726676538650203e-01 6.265881164599440556e-02
4.521231657503131940e-01 6.331045962614535727e-02
4.433345538689928977e-01 6.393107584586794900e-02
4.346078087600411255e-01 6.452453024381654689e-02
4.259439002978354649e-01 6.509400084394610653e-02
4.173437913732044313e-01 6.564253885147446066e-02
4.088084377864137364e-01 6.617374725383994016e-02
4.003387881409395943e-01 6.669088320961803762e-02
3.919357837380436083e-01 6.719525287995629925e-02
3.836003584721576765e-01 6.768688487085508521e-02
3.753334387270930161e-01 6.816324495333787870e-02
3.671359432730831873e-01 6.862160259962418740e-02
3.590087831646743277e-01 6.906004186817224499e-02
3.509528616394713696e-01 6.947671681321673787e-02
3.429690740177547825e-01 6.986964768947519222e-02
3.350583076029753915e-01 7.023699906289478101e-02
3.272214415831418144e-01 7.057723224501623316e-02
3.194593469331089564e-01 7.088888297602420618e-02
3.117728863177794407e-01 7.117055621066248339e-02
3.041629139962280792e-01 7.142099427484280283e-02
2.966302757267624823e-01 7.163911165103008238e-02
2.891758086729252497e-01 7.182389081116931362e-02
2.818003413104546162e-01 7.197438233241267025e-02
2.745046933352085494e-01 7.208976582563253466e-02
2.672896755720651774e-01 7.216934472001464151e-02
2.601560898848094272e-01 7.221254959821904462e-02
2.531047290870154232e-01 7.221891713293543402e-02
2.461363768539343022e-01 7.218811480820809534e-02
2.392518076353984391e-01 7.211990829773798350e-02
2.324517865697500740e-01 7.201420037818462294e-02
2.257370693988056676e-01 7.187098376233148900e-02
2.191084023838638650e-01 7.169037018302916453e-02
2.125665222227673956e-01 7.147255007551507611e-02
2.061121559680280102e-01 7.121786553800212027e-02
1.997460209460230063e-01 7.092673160988631487e-02
1.934688246772731102e-01 7.059964057386421132e-02
1.872812647978095990e-01 7.023716000040761132e-02
1.811840289816407656e-01 6.984006940999835933e-02
1.751777948643248317e-01 6.940918229211671953e-02
1.692632299676588570e-01 6.894523999146959237e-02
1.634409916254914164e-01 6.844912591420601600e-02
1.577117269106679265e-01 6.792216789818610045e-02
1.520760725631161714e-01 6.736545895956712326e-02
1.465346549190801317e-01 6.677933215780976206e-02
1.410880898415101115e-01 6.616091286941100380e-02
1.357369826516168221e-01 6.550126387313170984e-02
1.304819280615971966e-01 6.479190386540871482e-02
1.253235101085391490e-01 6.402627498654048233e-02
1.202623020895129402e-01 6.319866343896550498e-02
1.152988664978553679e-01 6.230430611708488720e-02
1.104337549606562163e-01 6.133942028094521021e-02
1.056675081774507419e-01 6.030132539128417457e-02
1.010006558601274085e-01 5.918826541268040753e-02
9.643371667405697956e-02 5.799959754424595382e-02
9.196719818044885031e-02 5.673913609361169730e-02
8.760159677994161509e-02 5.541434291129683498e-02
8.333739765743386485e-02 5.403251677154249227e-02
7.917507472816209813e-02 5.260073361833891153e-02
7.511509058502996439e-02 5.112574555198035053e-02
7.115789644719716645e-02 4.961386954163431173e-02
6.730393210993146358e-02 4.806938241850643861e-02
6.355362589573076981e-02 4.649557297095935349e-02
5.990739460672012129e-02 4.489582523212421600e-02
5.636564347832906385e-02 4.327374280482781249e-02
5.292876613425423482e-02 4.163390149415924224e-02
4.959714454271368922e-02 3.998075594229369423e-02
4.637114897399441382e-02 3.831672841744214464e-02
4.325113795930202176e-02 3.664329173684532925e-02
4.023745825091396000e-02 3.496051891194579958e-02
3.733044478364233587e-02 3.326889590589444251e-02
3.453042063760936031e-02 3.157115739588467473e-02
3.183769700234129196e-02 2.987063718325625589e-02
2.925257314218321358e-02 2.817110747881428068e-02
2.677533636303963682e-02 2.647709142470925855e-02
2.440626198044326678e-02 2.479450524746950463e-02
2.214561328895736647e-02 2.312546894047192228e-02
1.999364153291383062e-02 2.146514042922505194e-02
1.795058587848985532e-02 1.981046006261471398e-02
1.601667338712764455e-02 1.816213224940652071e-02
1.419211899029970692e-02 1.652364241688126720e-02
1.247712546562085301e-02 1.490163670512257774e-02
1.087188341431266636e-02 1.330459426669362670e-02
9.376571240020115106e-03 1.174277567934124862e-02
7.991355128984078959e-03 1.022759861560329497e-02
6.716389031571567969e-03 8.771455935907532947e-03
5.551814645166519568e-03 7.387066352222646307e-03
4.497761398421062928e-03 6.087336315483310098e-03
3.554346436871580472e-03 4.884822981269092493e-03
2.721674609919344512e-03 3.791745230733761969e-03
1.999838459177394334e-03 2.819286656950768365e-03
1.388918208186096237e-03 1.977873943251471072e-03
8.889817534969424173e-04 1.276393178418683272e-03
5.000846571264760954e-04 7.227102002972684604e-04
2.222701403818971855e-04 3.226608551165709268e-04
5.556907905679420168e-05 8.090475992391835776e-05
0.000000000000000000e+00 -8.841371958457157908e-10
0.000000000000000000e+00 8.010517739719378384e-10
5.556907905679420168e-05 -4.119949521694219754e-05
2.222701403818971855e-04 -1.639616788823754299e-04
5.000846571264760954e-04 -3.660655973887396580e-04
8.889817534969424173e-04 -6.434668606697657983e-04
1.388918208186096237e-03 -9.911226208173930328e-04
1.999838459177394334e-03 -1.402289179861846260e-03
2.721674609919344512e-03 -1.869396505417269183e-03
3.554346436871580472e-03 -2.383649324952048613e-03
4.497761398421062928e-03 -2.935738091175713049e-03
5.551814645166519568e-03 -3.515698480886412548e-03
6.716389031571567969e-03 -4.113478566908972296e-03
7.991355128984078959e-03 -4.719016827348479146e-03
9.376571240020115106e-03 -5.322825022176967506e-03
1.087188341431266636e-02 -5.916225280600477532e-03
1.247712546562085301e-02 -6.491807572690517884e-03
1.419211899029970692e-02 -7.043644622703647273e-03
1.601667338712764455e-02 -7.568308683526675518e-03
1.795058587848985532e-02 -8.064876811787337341e-03
1.999364153291383062e-02 -8.535678374827555814e-03
2.214561328895736647e-02 -8.986039288852549003e-03
2.440626198044326678e-02 -9.427073543332076602e-03
2.677533636303963682e-02 -9.872769360796148155e-03
2.925257314218321358e-02 -1.032748016968536645e-02
3.183769700234129196e-02 -1.078991084150548140e-02
3.453042063760936031e-02 -1.125760665582655612e-02
3.733044478364233587e-02 -1.172758153217195662e-02
4.023745825091396000e-02 -1.219677791073155680e-02
4.325113795930202176e-02 -1.266203171353019567e-02
4.637114897399441382e-02 -1.311976058518210184e-02
4.959714454271368922e-02 -1.356597699690807041e-02
5.292876613425423482e-02 -1.399553382731401688e-02
5.636564347832906385e-02 -1.440201642504220989e-02
5.990739460672012129e-02 -1.477561368604747918e-02
6.355362589573076981e-02 -1.510570689778457758e-02
6.730393210993146358e-02 -1.538151895024332007e-02
7.115789644719716645e-02 -1.559063775487623711e-02
7.511509058502996439e-02 -1.571678191344101638e-02
7.917507472816209813e-02 -1.574961362339416179e-02
8.333739765743386485e-02 -1.569208313076327077e-02
8.760159677994161509e-02 -1.555099684892178452e-02
9.196719818044885031e-02 -1.533703073523313802e-02
9.643371667405697956e-02 -1.506341073707782863e-02
1.010006558601274085e-01 -1.474627979902808951e-02
1.056675081774507419e-01 -1.439550710337661292e-02
1.104337549606562163e-01 -1.401304472807704364e-02
1.152988664978553679e-01 -1.359877404169427921e-02
1.202623020895129402e-01 -1.315098700956359584e-02
1.253235101085391490e-01 -1.266863633585971205e-02
1.304819280615971966e-01 -1.215129119143109303e-02
1.357369826516168221e-01 -1.159835682624287163e-02
1.410880898415101115e-01 -1.100909541546732720e-02
1.465346549190801317e-01 -1.038266260878976596e-02
1.520760725631161714e-01 -9.718494330456978886e-03
1.577117269106679265e-01 -9.018981586230911604e-03
1.634409916254914164e-01 -8.288309797024660461e-03
1.692632299676588570e-01 -7.532670457685608154e-03
1.751777948643248317e-01 -6.759089878303459718e-03
1.811840289816407656e-01 -5.974515925670741134e-03
1.872812647978095990e-01 -5.186358893419566046e-03
1.934688246772731102e-01 -4.404326070376981227e-03
1.997460209460230063e-01 -3.638016087012576824e-03
2.061121559680280102e-01 -2.894028369756415902e-03
2.125665222227673956e-01 -2.176792009169955903e-03
2.191084023838638650e-01 -1.486141794053728220e-03
2.257370693988056676e-01 -8.214108278858133546e-04
2.324517865697500740e-01 -1.829982470813231734e-04
2.392518076353984391e-01 4.288367539601993256e-04
2.461363768539343022e-01 1.014517371106963672e-03
2.531047290870154232e-01 1.574481546015552621e-03
2.601560898848094272e-01 2.109032632180909451e-03
2.672896755720651774e-01 2.618635382196489534e-03
2.745046933352085494e-01 3.104025566203248623e-03
2.818003413104546162e-01 3.566010943642975925e-03
2.891758086729252497e-01 4.005467799647387771e-03
2.966302757267624823e-01 4.423414320003897157e-03
3.041629139962280792e-01 4.820969917589348723e-03
3.117728863177794407e-01 5.198296284410568700e-03
3.194593469331089564e-01 5.554668586344136023e-03
3.272214415831418144e-01 5.889334138421732819e-03
3.350583076029753915e-01 6.201546807796352867e-03
3.429690740177547825e-01 6.490591389791982094e-03
3.509528616394713696e-01 6.755767391804773717e-03
3.590087831646743277e-01 6.996323866825770489e-03
3.671359432730831873e-01 7.211499750922736873e-03
3.753334387270930161e-01 7.400667961921288812e-03
3.836003584721576765e-01 7.563219620649713412e-03
3.919357837380436083e-01 7.698278934771014305e-03
4.003387881409395943e-01 7.805078655703808106e-03
4.088084377864137364e-01 7.883915363953185318e-03
4.173437913732044313e-01 7.935670586844908309e-03
4.259439002978354649e-01 7.962263005506998309e-03
4.346078087600411255e-01 7.965830873722991659e-03
4.433345538689928977e-01 7.948341441382325914e-03
4.521231657503131940e-01 7.911859512885503418e-03
4.609726676538650203e-01 7.858829188970245169e-03
4.698820760623064752e-01 7.791709954376342673e-03
4.788504008003974244e-01 7.712843339917868635e-03
4.878766451450451402e-01 7.624850948226648099e-03
4.969598059360780251e-01 7.530922758374246871e-03
5.060988736877365390e-01 7.433311277135485305e-03
5.152928327008634568e-01 7.332605652906895935e-03
5.245406611757882365e-01 7.228687074989963157e-03
5.338413313258880688e-01 7.120676325855188581e-03
5.431938094918128401e-01 7.007813034495086364e-03
5.525970562563653488e-01 6.889536671898750970e-03
5.620500265600203438e-01 6.765210642047385543e-03
5.715516698170692855e-01 6.634109553730022785e-03
5.811009300323815019e-01 6.495458887896140253e-03
5.906967459187653091e-01 6.348462490834636852e-03
6.003380510149177729e-01 6.192532649104328171e-03
6.100237738039482327e-01 6.027372317118485576e-03
6.197528378324663745e-01 5.854168359254419488e-03
6.295241618302156450e-01 5.674957551434964970e-03
6.393366598302444581e-01 5.491617196091485784e-03
6.491892412895989839e-01 5.305969008877636263e-03
6.590808112105230876e-01 5.120024316347584342e-03
6.690102702621547603e-01 4.935862473843679633e-03
6.789765149027036095e-01 4.755508120500389485e-03
6.889784375020977514e-01 4.581016067857243516e-03
6.990149264650814542e-01 4.414660881475710938e-03
7.090848663547572039e-01 4.258132491444992750e-03
7.191871380165538730e-01 4.110728952376112993e-03
7.293206187026060050e-01 3.971142840729345071e-03
7.394841821965345563e-01 3.837906932044052050e-03
7.496766989386134394e-01 3.709514271716560837e-03
7.598970361513051053e-01 3.584434309795394690e-03
7.701440579651563922e-01 3.461144015841613811e-03
7.804166255450371015e-01 3.338142728476944238e-03
7.907135972167069760e-01 3.213826869233235659e-03
8.010338285937002034e-01 3.086424289154154118e-03
8.113761727045106786e-01 2.955101029943337648e-03
8.217394801200630372e-01 2.820443629042523968e-03
8.321225990814590245e-01 2.683286787279494639e-03
8.425243756279822138e-01 2.544631870035621128e-03
8.529436537253458628e-01 2.405486639715992934e-03
8.633792753941731402e-01 2.266851101369141228e-03
8.738300808386934015e-01 2.129660058741216118e-03
8.842949085756387495e-01 1.994808364218754373e-03
8.947725955633289985e-01 1.863444173115760783e-03
9.052619773309316109e-01 1.736570230316877112e-03
9.157618881078770645e-01 1.611400879066181204e-03
9.262711609534211021e-01 1.482712428001545409e-03
9.367886278863364335e-01 1.344821757505557146e-03
9.473131200147204556e-01 1.191843864242077148e-03
9.578434676659028923e-01 1.018046475894900191e-03
9.683785005164411430e-01 8.177477784059030644e-04
9.789170477221889044e-01 5.851601415715298234e-04
9.894579380484205267e-01 3.144782773152754863e-04
9.999999999999998890e-01 3.980930486690397259e-10
