9.999999999999998890e-01 -2.594257717598857384e-04
9.894579380484205267e-01 3.644834437359964876e-04
9.789170477221889044e-01 1.342579818610655385e-03
9.683785005164411430e-01 2.474462114138898609e-03
9.578434676659028923e-01 3.592998126432103961e-03
9.473131200147204556e-01 4.597078657053995515e-03
9.367886278863364335e-01 5.546763843390915827e-03
9.262711609534211021e-01 6.507359863122865601e-03
9.157618881078770645e-01 7.494420483283063643e-03
9.052619773309316109e-01 8.512056493482546976e-03
8.947725955633289985e-01 9.555719591983521943e-03
8.842949085756387495e-01 1.062288007738864705e-02
8.738300808386934015e-01 1.171570425101975746e-02
8.633792753941731402e-01 1.283504683507359113e-02
8.529436537253458628e-01 1.397947827469456401e-02
8.425243756279822138e-01 1.514821853266525367e-02
8.321225990814590245e-01 1.634139966185913992e-02
8.217394801200630372e-01 1.755919153182668516e-02
8.113761727045106786e-01 1.880164452707719716e-02
8.010338285937002034e-01 2.006707009736808517e-02
7.907135972167069760e-01 2.135245282000194575e-02
7.804166255450371015e-01 2.265557286226100447e-02
7.701440579651563922e-01 2.397490841114981175e-02
7.598970361513051053e-01 2.531026445284909401e-02
7.496766989386134394e-01 2.666205696290786104e-02
7.394841821965345563e-01 2.802963498167801784e-02
7.293206187026060050e-01 2.941206676086275187e-02
7.191871380165538730e-01 3.080989573590490332e-02
7.090848663547572039e-01 3.222317678871678553e-02
6.990149264650814542e-01 3.364631970932304567e-02
6.889784375020977514e-01 3.507292467391998070e-02
6.789765149027036095e-01 3.650109118997237057e-02
6.690102702621547603e-01 3.793035014206765088e-02
6.590808112105230876e-01 3.936099801277052890e-02
6.491892412895989839e-01 4.079310643930979252e-02
6.393366598302444581e-01 4.222558856586173387e-02
6.295241618302156450e-01 4.365794432910120176e-02
6.197528378324663745e-01 4.509160529352825020e-02
6.100237738039482327e-01 4.652619091867988416e-02
6.003380510149177729e-01 4.795705467474092876e-02
5.906967459187653091e-01 4.937941927305619649e-02
5.811009300323815019e-01 5.078920837861837512e-02
5.715516698170692855e-01 5.218448334357182056e-02
5.620500265600203438e-01 5.356625063786370905e-02
5.525970562563653488e-01 5.493508249501587171e-02
5.431938094918128401e-01 5.629074301904797573e-02
5.338413313258880688e-01 5.763271199931766647e-02
5.245406611757882365e-01 5.896031641694870346e-02
5.152928327008634568e-01 6.027443365611231951e-02
5.060988736877365390e-01 6.157679791321127999e-02
4.969598059360780251e-01 6.286258302308596335e-02
4.878766451450451402e-01 6.412265635733152558e-02
4.788504008003974244e-01 6.535287017106265750e-02
4.698820760623064752e-01 6.655230252235233568e-02
4.609726676538650203e-01 6.772116070546110866e-02
4.521231657503131940e-01 6.886018175386585116e-02
4.433345538689928977e-01 6.996993903204903886e-02
4.346078087600411255e-01 7.105081082607768439e-02
4.259439002978354649e-01 7.210247177976984723e-02
4.173437913732044313e-01 7.312482700643574418e-02
4.088084377864137364e-01 7.412002163165987145e-02
4.003387881409395943e-01 7.508835654026335682e-02
3.919357837380436083e-01 7.602052152669987184e-02
3.836003584721576765e-01 7.690737642413830732e-02
3.753334387270930161e-01 7.774764830614541711e-02
3.671359432730831873e-01 7.854178865195149406e-02
3.590087831646743277e-01 7.929069317311096543e-02
3.509528616394713696e-01 7.999551684033213983e-02
3.429690740177547825e-01 8.065781521060667869e-02
3.350583076029753915e-01 8.127836002123901837e-02
3.272214415831418144e-01 8.185643513268360538e-02
3.194593469331089564e-01 8.239355972978187892e-02
3.117728863177794407e-01 8.289465136205402540e-02
3.041629139962280792e-01 8.335437526584914270e-02
2.966302757267624823e-01 8.375411804695702400e-02
2.891758086729252497e-01 8.408379466479648512e-02
2.818003413104546162e-01 8.434363326678674666e-02
2.745046933352085494e-01 8.453536302171781036e-02
2.672896755720651774e-01 8.466160505088432542e-02
2.601560898848094272e-01 8.472483527737610653e-02
2.531047290870154232e-01 8.472732402269689267e-02
2.461363768539343022e-01 8.467054620747298255e-02
2.392518076353984391e-01 8.455572957655473065e-02
2.324517865697500740e-01 8.438662617485517825e-02
2.257370693988056676e-01 8.416700412189200009e-02
2.191084023838638650e-01 8.389024909255578255e-02
2.125665222227673956e-01 8.354638655856422291e-02
2.061121559680280102e-01 8.313407152387931875e-02
1.997460209460230063e-01 8.265544987127956822e-02
1.934688246772731102e-01 8.211364891876253569e-02
1.872812647978095990e-01 8.151206509017991375e-02
1.811840289816407656e-01 8.085393522582631776e-02
1.751777948643248317e-01 8.014221852421042624e-02
1.692632299676588570e-01 7.937906649216933119e-02
1.634409916254914164e-01 7.856725213767232208e-02
1.577117269106679265e-01 7.771178298781482308e-02
1.520760725631161714e-01 7.681464404848345473e-02
1.465346549190801317e-01 7.586982002711643858e-02
1.410880898415101115e-01 7.487312838070249443e-02
1.357369826516168221e-01 7.382624064937841346e-02
1.304819280615971966e-01 7.273207556558111686e-02
1.253235101085391490e-01 7.159448969981264954e-02
1.202623020895129402e-01 7.041762884210271689e-02
1.152988664978553679e-01 6.920587202808982374e-02
1.104337549606562163e-01 6.796218753381280675e-02
1.056675081774507419e-01 6.668803742542588064e-02
1.010006558601274085e-01 6.538838200175110804e-02
9.643371667405697956e-02 6.407104276631971074e-02
9.196719818044885031e-02 6.273272447207406399e-02
8.760159677994161509e-02 6.136125888227850905e-02
8.333739765743386485e-02 5.995036985504250543e-02
7.917507472816209813e-02 5.849867655868678379e-02
7.511509058502996439e-02 5.701081581175616864e-02
7.115789644719716645e-02 5.549466676023288164e-02
6.730393210993146358e-02 5.395614682438475834e-02
6.355362589573076981e-02 5.240000264521717244e-02
5.990739460672012129e-02 5.082974950448947149e-02
5.636564347832906385e-02 4.924925620640616120e-02
5.292876613425423482e-02 4.766707596243777850e-02
4.959714454271368922e-02 4.609042615065035708e-02
4.637114897399441382e-02 4.451334675621117926e-02
4.325113795930202176e-02 4.292502649667189613e-02
4.023745825091396000e-02 4.131040735848073853e-02
3.733044478364233587e-02 3.966120206253596209e-02
3.453042063760936031e-02 3.799277271123714661e-02
3.183769700234129196e-02 3.632001599689470978e-02
2.925257314218321358e-02 3.464527265009477441e-02
2.677533636303963682e-02 3.296746828925630618e-02
2.440626198044326678e-02 3.128253238588822593e-02
2.214561328895736647e-02 2.959325957868857646e-02
1.999364153291383062e-02 2.791514503358562271e-02
1.795058587848985532e-02 2.626067173154705836e-02
1.601667338712764455e-02 2.463540491664673038e-02
1.419211899029970692e-02 2.302543751320575149e-02
1.247712546562085301e-02 2.139459936733747319e-02
1.087188341431266636e-02 1.973994060122147981e-02
9.376571240020115106e-03 1.809465527121524933e-02
7.991355128984078959e-03 1.648674056238819824e-02
6.716389031571567969e-03 1.493465301338456688e-02
5.551814645166519568e-03 1.340804358193399375e-02
4.497761398421062928e-03 1.184584422779045958e-02
3.554346436871580472e-03 1.025007337144155824e-02
2.721674609919344512e-03 8.668176834465898817e-03
1.999838459177394334e-03 7.194123387278876687e-03
1.388918208186096237e-03 5.915871130682619737e-03
8.889817534969424173e-04 4.701508461302262090e-03
5.000846571264760954e-04 3.371818118857095991e-03
2.222701403818971855e-04 2.043032237614818194e-03
5.556907905679420168e-05 9.101115843585826960e-04
0.000000000000000000e+00 2.285731429042684240e-05
0.000000000000000000e+00 -1.155300062685455853e-05
5.556907905679420168e-05 -1.478167779218898673e-03
2.222701403818971855e-04 -2.274551381049270352e-03
5.000846571264760954e-04 -3.040869290765707816e-03
8.889817534969424173e-04 -3.756521123677890490e-03
1.388918208186096237e-03 -4.335716664779457920e-03
1.999838459177394334e-03 -4.885068403579430514e-03
2.721674609919344512e-03 -5.488197529847166356e-03
3.554346436871580472e-03 -6.103367519502829810e-03
4.497761398421062928e-03 -6.700590921184614891e-03
5.551814645166519568e-03 -7.304550870524720817e-03
6.716389031571567969e-03 -7.931462749384847813e-03
7.991355128984078959e-03 -8.574401411875430187e-03
9.376571240020115106e-03 -9.223409844404312219e-03
1.087188341431266636e-02 -9.867498649313983378e-03
1.247712546562085301e-02 -1.050353352084786376e-02
1.419211899029970692e-02 -1.113731981978239270e-02
1.601667338712764455e-02 -1.177498177790731876e-02
1.795058587848985532e-02 -1.242190861457202408e-02
1.999364153291383062e-02 -1.307417532888278770e-02
2.214561328895736647e-02 -1.372078821197402106e-02
2.440626198044326678e-02 -1.435545312256041560e-02
2.677533636303963682e-02 -1.497602231656018634e-02
2.925257314218321358e-02 -1.558855696913234203e-02
3.183769700234129196e-02 -1.620255926718099093e-02
3.453042063760936031e-02 -1.681823465109767365e-02
3.733044478364233587e-02 -1.743131642214898122e-02
4.023745825091396000e-02 -1.803730978801802026e-02
4.325113795930202176e-02 -1.863230514715558464e-02
4.637114897399441382e-02 -1.921589005867316985e-02
4.959714454271368922e-02 -1.978964154682028020e-02
5.292876613425423482e-02 -2.035878430634009001e-02
5.636564347832906385e-02 -2.092763007661007507e-02
5.990739460672012129e-02 -2.149373300943562340e-02
6.355362589573076981e-02 -2.205342417764927232e-02
6.730393210993146358e-02 -2.260386196507728832e-02
7.115789644719716645e-02 -2.314404805179052366e-02
7.511509058502996439e-02 -2.367710448476028837e-02
7.917507472816209813e-02 -2.420612668737880807e-02
8.333739765743386485e-02 -2.473288653051417679e-02
8.760159677994161509e-02 -2.525759998577779483e-02
9.196719818044885031e-02 -2.577811573518875785e-02
9.643371667405697956e-02 -2.629254075905488805e-02
1.010006558601274085e-01 -2.679975824241451199e-02
1.056675081774507419e-01 -2.730121815091484869e-02
1.104337549606562163e-01 -2.780128914264861154e-02
1.152988664978553679e-01 -2.830191632280930347e-02
1.202623020895129402e-01 -2.880238782542906759e-02
1.253235101085391490e-01 -2.930171999134741079e-02
1.304819280615971966e-01 -2.979886279726744885e-02
1.357369826516168221e-01 -3.029365088193199454e-02
1.410880898415101115e-01 -3.078664140233801708e-02
1.465346549190801317e-01 -3.127925703592960432e-02
1.520760725631161714e-01 -3.177321217597943448e-02
1.577117269106679265e-01 -3.226827850988810142e-02
1.634409916254914164e-01 -3.276333233090223535e-02
1.692632299676588570e-01 -3.325793766629665804e-02
1.751777948643248317e-01 -3.375193616483666836e-02
1.811840289816407656e-01 -3.424506441609218022e-02
1.872812647978095990e-01 -3.473703142503959534e-02
1.934688246772731102e-01 -3.522759264976966370e-02
1.997460209460230063e-01 -3.571645399419992595e-02
2.061121559680280102e-01 -3.620307850902062391e-02
2.125665222227673956e-01 -3.668694425237513379e-02
2.191084023838638650e-01 -3.716776224579536325e-02
2.257370693988056676e-01 -3.764540116268393077e-02
2.324517865697500740e-01 -3.812002132473719246e-02
2.392518076353984391e-01 -3.859158472599775319e-02
2.461363768539343022e-01 -3.905951851009038106e-02
2.531047290870154232e-01 -3.952334672319000181e-02
2.601560898848094272e-01 -3.998289158679596556e-02
2.672896755720651774e-01 -4.043754802223881867e-02
2.745046933352085494e-01 -4.088601577712357160e-02
2.818003413104546162e-01 -4.132729640562393669e-02
2.891758086729252497e-01 -4.176085949518946322e-02
2.966302757267624823e-01 -4.218625035715256599e-02
3.041629139962280792e-01 -4.260305981042104839e-02
3.117728863177794407e-01 -4.301081496107145297e-02
3.194593469331089564e-01 -4.340898326481769376e-02
3.272214415831418144e-01 -4.379704728639813305e-02
3.350583076029753915e-01 -4.417450609288615243e-02
3.429690740177547825e-01 -4.454089502185729077e-02
3.509528616394713696e-01 -4.489577344938241316e-02
3.590087831646743277e-01 -4.523870675169867211e-02
3.671359432730831873e-01 -4.556927109608384374e-02
3.753334387270930161e-01 -4.588710121881246079e-02
3.836003584721576765e-01 -4.619184598300549865e-02
3.919357837380436083e-01 -4.648307608785762907e-02
4.003387881409395943e-01 -4.676033934084887489e-02
4.088084377864137364e-01 -4.702321863710075267e-02
4.173437913732044313e-01 -4.727131651679092328e-02
4.259439002978354649e-01 -4.750427112268172658e-02
4.346078087600411255e-01 -4.772171788984929525e-02
4.433345538689928977e-01 -4.792325130824329898e-02
4.521231657503131940e-01 -4.810846871805563724e-02
4.609726676538650203e-01 -4.827699975825133771e-02
4.698820760623064752e-01 -4.842833330048430113e-02
4.788504008003974244e-01 -4.856161565336332420e-02
4.878766451450451402e-01 -4.867613577342299463e-02
4.969598059360780251e-01 -4.877155817563377793e-02
5.060988736877365390e-01 -4.884754494346870562e-02
5.152928327008634568e-01 -4.890367441076440280e-02
5.245406611757882365e-01 -4.893915984484906861e-02
5.338413313258880688e-01 -4.895273587855316494e-02
5.431938094918128401e-01 -4.894359432940312976e-02
5.525970562563653488e-01 -4.891149671987132103e-02
5.620500265600203438e-01 -4.885612464569284025e-02
5.715516698170692855e-01 -4.877702709689381300e-02
5.811009300323815019e-01 -4.867337624025537546e-02
5.906967459187653091e-01 -4.854410446003611795e-02
6.003380510149177729e-01 -4.838903237024216875e-02
6.100237738039482327e-01 -4.820844275513961469e-02
6.197528378324663745e-01 -4.800093015075693886e-02
6.295241618302156450e-01 -4.776410402014891199e-02
6.393366598302444581e-01 -4.749568467608808464e-02
6.491892412895989839e-01 -4.719377467418463257e-02
6.590808112105230876e-01 -4.685862804025904549e-02
6.690102702621547603e-01 -4.649067523754536746e-02
6.789765149027036095e-01 -4.608648248689353050e-02
6.889784375020977514e-01 -4.564242217386842160e-02
6.990149264650814542e-01 -4.515991267799697451e-02
7.090848663547572039e-01 -4.463995082433790812e-02
7.191871380165538730e-01 -4.407672771533068662e-02
7.293206187026060050e-01 -4.346466800181632978e-02
7.394841821965345563e-01 -4.280370721783400417e-02
7.496766989386134394e-01 -4.209265939706500342e-02
7.598970361513051053e-01 -4.132485332718362214e-02
7.701440579651563922e-01 -4.049290798141931547e-02
7.804166255450371015e-01 -3.958974594401087205e-02
7.907135972167069760e-01 -3.860838396305297376e-02
8.010338285937002034e-01 -3.754174005439517292e-02
8.113761727045106786e-01 -3.637226638062136114e-02
8.217394801200630372e-01 -3.506746597886274686e-02
8.321225990814590245e-01 -3.361334825709906549e-02
8.425243756279822138e-01 -3.201993295675126944e-02
8.529436537253458628e-01 -3.028297523363291527e-02
8.633792753941731402e-01 -2.838347780400192477e-02
8.738300808386934015e-01 -2.633695652511846425e-02
8.842949085756387495e-01 -2.418908384387836313e-02
8.947725955633289985e-01 -2.196941457660141553e-02
9.052619773309316109e-01 -1.969471433082278095e-02
9.157618881078770645e-01 -1.738255991929808439e-02
9.262711609534211021e-01 -1.505089459720918357e-02
9.367886278863364335e-01 -1.271460332832767375e-02
9.473131200147204556e-01 -1.038664684337238346e-02
9.578434676659028923e-01 -8.077782781010664492e-03
9.683785005164411430e-01 -5.806961480660200250e-03
9.789170477221889044e-01 -3.647425793399119986e-03
9.894579380484205267e-01 -1.716638275967908179e-03
9.999999999999998890e-01 -2.501934149152945674e-04
