9.999999999999998890e-01 1.522668620312256564e-07
9.894579380484205267e-01 2.921400944939971968e-03
9.789170477221889044e-01 5.871688469418491832e-03
9.683785005164411430e-01 8.888686138868602191e-03
9.578434676659028923e-01 1.204563495400629881e-02
9.473131200147204556e-01 1.534650161361047170e-02
9.367886278863364335e-01 1.858714818678721889e-02
9.262711609534211021e-01 2.166375916627356554e-02
9.157618881078770645e-01 2.477856527403446071e-02
9.052619773309316109e-01 2.809055473512068676e-02
8.947725955633289985e-01 3.159602862022774239e-02
8.842949085756387495e-01 3.520336493828891966e-02
8.738300808386934015e-01 3.871284452685856692e-02
8.633792753941731402e-01 4.203363674732076699e-02
8.529436537253458628e-01 4.523514342354339329e-02
8.425243756279822138e-01 4.844699013132333643e-02
8.321225990814590245e-01 5.184293760667235684e-02
8.217394801200630372e-01 5.536318931074790672e-02
8.113761727045106786e-01 5.874153109046145044e-02
8.010338285937002034e-01 6.199548874978626917e-02
7.907135972167069760e-01 6.535143489976744102e-02
7.804166255450371015e-01 6.872216837943936896e-02
7.701440579651563922e-01 7.183605698693745767e-02
7.598970361513051053e-01 7.473070937143815040e-02
7.496766989386134394e-01 7.760081689381947978e-02
7.394841821965345563e-01 8.047910072782263335e-02
7.293206187026060050e-01 8.330980774025682767e-02
7.191871380165538730e-01 8.596875755203561842e-02
7.090848663547572039e-01 8.836175784175981374e-02
6.990149264650814542e-01 9.069373011938416940e-02
6.889784375020977514e-01 9.316707565309223504e-02
6.789765149027036095e-01 9.554940885126811390e-02
6.690102702621547603e-01 9.760956698202787052e-02
6.590808112105230876e-01 9.953895259423484188e-02
6.491892412895989839e-01 1.015326263735197299e-01
6.393366598302444581e-01 1.035202992905513153e-01
6.295241618302156450e-01 1.053945364323199269e-01
6.197528378324663745e-01 1.070759038722964573e-01
6.100237738039482327e-01 1.085427632773850043e-01
6.003380510149177729e-01 1.098820865524256229e-01
5.906967459187653091e-01 1.111636068177213055e-01
5.811009300323815019e-01 1.124049922585826783e-01
5.715516698170692855e-01 1.136061219293863500e-01
5.620500265600203438e-01 1.147486075934721905e-01
5.525970562563653488e-01 1.158114089386583917e-01
5.431938094918128401e-01 1.167725291544952776e-01
5.338413313258880688e-01 1.176229282855655311e-01
5.245406611757882365e-01 1.183668207916167697e-01
5.152928327008634568e-01 1.190087493914404881e-01
5.060988736877365390e-01 1.195535173678241997e-01
4.969598059360780251e-01 1.200126044165610861e-01
4.878766451450451402e-01 1.204006440767033531e-01
4.788504008003974244e-01 1.207142648452719930e-01
4.698820760623064752e-01 1.209409185705074552e-01
4.609726676538650203e-01 1.210838353933243322e-01
4.521231657503131940e-01 1.211575865087220483e-01
4.433345538689928977e-01 1.211991895609911551e-01
4.346078087600411255e-01 1.212423841832949295e-01
4.259439002978354649e-01 1.212479893694081851e-01
4.173437913732044313e-01 1.211601524095524962e-01
4.088084377864137364e-01 1.209656359871296022e-01
4.003387881409395943e-01 1.206666965363560468e-01
3.919357837380436083e-01 1.202772894364097234e-01
3.836003584721576765e-01 1.198189484275522659e-01
3.753334387270930161e-01 1.193282852313797826e-01
3.671359432730831873e-01 1.188278672086587329e-01
3.590087831646743277e-01 1.182955839243755025e-01
3.509528616394713696e-01 1.177050020861749036e-01
3.429690740177547825e-01 1.170363332974909548e-01
3.350583076029753915e-01 1.162972087458341713e-01
3.272214415831418144e-01 1.155432401820958022e-01
3.194593469331089564e-01 1.148044546461053778e-01
3.117728863177794407e-01 1.140636366800647228e-01
3.041629139962280792e-01 1.132945313044424196e-01
2.966302757267624823e-01 1.124650619914118188e-01
2.891758086729252497e-01 1.115614169291121033e-01
2.818003413104546162e-01 1.105902260853329350e-01
2.745046933352085494e-01 1.095609912642876438e-01
2.672896755720651774e-01 1.084847846507092511e-01
2.601560898848094272e-01 1.073708394281386869e-01
2.531047290870154232e-01 1.062269785011024509e-01
2.461363768539343022e-01 1.050617411254123751e-01
2.392518076353984391e-01 1.038834009223602167e-01
2.324517865697500740e-01 1.026931146328858152e-01
2.257370693988056676e-01 1.014880133005435781e-01
2.191084023838638650e-01 1.002642661484444142e-01
2.125665222227673956e-01 9.901774126878368221e-02
2.061121559680280102e-01 9.774505218630449854e-02
1.997460209460230063e-01 9.644302976595475752e-02
1.934688246772731102e-01 9.510816365967027231e-02
1.872812647978095990e-01 9.373727611465493270e-02
1.811840289816407656e-01 9.232902097393987095e-02
1.751777948643248317e-01 9.088317506157768400e-02
1.692632299676588570e-01 8.940173018991766363e-02
1.634409916254914164e-01 8.788698053762546147e-02
1.577117269106679265e-01 8.634074148946448146e-02
1.520760725631161714e-01 8.476637268942710524e-02
1.465346549190801317e-01 8.317106366412921337e-02
1.410880898415101115e-01 8.156301048930039710e-02
1.357369826516168221e-01 7.995127576408309067e-02
1.304819280615971966e-01 7.834285650794042821e-02
1.253235101085391490e-01 7.674103939229803828e-02
1.202623020895129402e-01 7.514221788347937026e-02
1.152988664978553679e-01 7.353378496986466561e-02
1.104337549606562163e-01 7.190449105222797288e-02
1.056675081774507419e-01 7.024555801695231416e-02
1.010006558601274085e-01 6.855095562338647808e-02
9.643371667405697956e-02 6.681793837533755998e-02
9.196719818044885031e-02 6.505585466572660902e-02
8.760159677994161509e-02 6.328347024038288859e-02
8.333739765743386485e-02 6.151298886512778646e-02
7.917507472816209813e-02 5.975099397655151551e-02
7.511509058502996439e-02 5.799553489189331751e-02
7.115789644719716645e-02 5.623865001249044732e-02
6.730393210993146358e-02 5.446363958986997350e-02
6.355362589573076981e-02 5.265550707370606626e-02
5.990739460672012129e-02 5.083921520866152566e-02
5.636564347832906385e-02 4.905622981722058962e-02
5.292876613425423482e-02 4.734855457840616427e-02
4.959714454271368922e-02 4.573438596157895081e-02
4.637114897399441382e-02 4.412412737710125210e-02
4.325113795930202176e-02 4.242750510132919928e-02
4.023745825091396000e-02 4.066380034036243957e-02
3.733044478364233587e-02 3.887932447684615961e-02
3.453042063760936031e-02 3.712549207826913722e-02
3.183769700234129196e-02 3.542641477083348367e-02
2.925257314218321358e-02 3.373478032731046933e-02
2.677533636303963682e-02 3.200664768770346974e-02
2.440626198044326678e-02 3.022881663718685746e-02
2.214561328895736647e-02 2.841055841371449217e-02
1.999364153291383062e-02 2.659377999679475579e-02
1.795058587848985532e-02 2.481570140395182589e-02
1.601667338712764455e-02 2.310109720841552888e-02
1.419211899029970692e-02 2.145358771117465355e-02
1.247712546562085301e-02 1.985184606329674223e-02
1.087188341431266636e-02 1.827889126110639542e-02
9.376571240020115106e-03 1.672462980030164220e-02
7.991355128984078959e-03 1.519147839374580984e-02
6.716389031571567969e-03 1.368996750538173726e-02
5.551814645166519568e-03 1.219174134767426684e-02
4.497761398421062928e-03 1.064299841482384268e-02
3.554346436871580472e-03 9.033883069264165080e-03
2.721674609919344512e-03 7.386032678990572808e-03
1.999838459177394334e-03 5.751574334590328283e-03
1.388918208186096237e-03 4.199000637008644225e-03
8.889817534969424173e-04 2.800398404229149235e-03
5.000846571264760954e-04 1.627364667954123503e-03
2.222701403818971855e-04 7.395662198512064538e-04
5.556907905679420168e-05 1.876818470410198791e-04
0.000000000000000000e+00 -1.361659538731496578e-08
0.000000000000000000e+00 1.520664518148190879e-08
5.556907905679420168e-05 -1.446296565086628225e-04
2.222701403818971855e-04 -5.667378359545507992e-04
5.000846571264760954e-04 -1.236768765750397188e-03
8.889817534969424173e-04 -2.101694598204967204e-03
1.388918208186096237e-03 -3.099546754985716638e-03
1.999838459177394334e-03 -4.157166631676276723e-03
2.721674609919344512e-03 -5.202006604725512191e-03
3.554346436871580472e-03 -6.167355021213755811e-03
4.497761398421062928e-03 -7.006557252476714945e-03
5.551814645166519568e-03 -7.709918983043066720e-03
6.716389031571567969e-03 -8.304120422839756169e-03
7.991355128984078959e-03 -8.866168525102458703e-03
9.376571240020115106e-03 -9.438581199769030886e-03
1.087188341431266636e-02 -1.001194070319639216e-02
1.247712546562085301e-02 -1.057851717660847346e-02
1.419211899029970692e-02 -1.113656552967315708e-02
1.601667338712764455e-02 -1.168463179554842316e-02
1.795058587848985532e-02 -1.222133246423545531e-02
1.999364153291383062e-02 -1.274683223510780609e-02
2.214561328895736647e-02 -1.326279222268394314e-02
2.440626198044326678e-02 -1.377405390756115608e-02
2.677533636303963682e-02 -1.428704692889768563e-02
2.925257314218321358e-02 -1.480296586089068639e-02
3.183769700234129196e-02 -1.531948210497473435e-02
3.453042063760936031e-02 -1.583005039465482447e-02
3.733044478364233587e-02 -1.632755280537187201e-02
4.023745825091396000e-02 -1.681394461969870288e-02
4.325113795930202176e-02 -1.729460728159536859e-02
4.637114897399441382e-02 -1.777405001403128265e-02
4.959714454271368922e-02 -1.825667776018531988e-02
5.292876613425423482e-02 -1.874769272579558319e-02
5.636564347832906385e-02 -1.924842342006235357e-02
5.990739460672012129e-02 -1.974564387811989993e-02
6.355362589573076981e-02 -2.022412125702736235e-02
6.730393210993146358e-02 -2.067225466759205904e-02
7.115789644719716645e-02 -2.108494550736151815e-02
7.511509058502996439e-02 -2.147132270611603819e-02
7.917507472816209813e-02 -2.184189030255767605e-02
8.333739765743386485e-02 -2.220557585125364913e-02
8.760159677994161509e-02 -2.256716049672985794e-02
9.196719818044885031e-02 -2.292465248961358254e-02
9.643371667405697956e-02 -2.327372560623501216e-02
1.010006558601274085e-01 -2.360775115617123540e-02
1.056675081774507419e-01 -2.392315680916682133e-02
1.104337549606562163e-01 -2.422031243075451964e-02
1.152988664978553679e-01 -2.450068155087642419e-02
1.202623020895129402e-01 -2.476663234572195130e-02
1.253235101085391490e-01 -2.502108310057364615e-02
1.304819280615971966e-01 -2.526729324628035345e-02
1.357369826516168221e-01 -2.550720578372021874e-02
1.410880898415101115e-01 -2.574177864137451935e-02
1.465346549190801317e-01 -2.597171208293034064e-02
1.520760725631161714e-01 -2.619756884371943553e-02
1.577117269106679265e-01 -2.641996353944637763e-02
1.634409916254914164e-01 -2.663933618044760088e-02
1.692632299676588570e-01 -2.685471741567531725e-02
1.751777948643248317e-01 -2.706446485986187603e-02
1.811840289816407656e-01 -2.726651943747971166e-02
1.872812647978095990e-01 -2.745918699098532506e-02
1.934688246772731102e-01 -2.764316457657224266e-02
1.997460209460230063e-01 -2.782052424249673028e-02
2.061121559680280102e-01 -2.799594100494508936e-02
2.125665222227673956e-01 -2.817405171781123263e-02
2.191084023838638650e-01 -2.835738512639141701e-02
2.257370693988056676e-01 -2.854672628728619974e-02
2.324517865697500740e-01 -2.873937841216459010e-02
2.392518076353984391e-01 -2.893231530790693617e-02
2.461363768539343022e-01 -2.912301723516425023e-02
2.531047290870154232e-01 -2.930839394161258507e-02
2.601560898848094272e-01 -2.948419748332136922e-02
2.672896755720651774e-01 -2.964646920255100890e-02
2.745046933352085494e-01 -2.979202056508858248e-02
2.818003413104546162e-01 -2.992295977933175435e-02
2.891758086729252497e-01 -3.004813074006305526e-02
2.966302757267624823e-01 -3.017604552335724846e-02
3.041629139962280792e-01 -3.031382862388867783e-02
3.117728863177794407e-01 -3.045786031595236476e-02
3.194593469331089564e-01 -3.059489904008452429e-02
3.272214415831418144e-01 -3.071451758565723472e-02
3.350583076029753915e-01 -3.080892416877027001e-02
3.429690740177547825e-01 -3.087241152176402673e-02
3.509528616394713696e-01 -3.090185267732851321e-02
3.590087831646743277e-01 -3.090600011173494366e-02
3.671359432730831873e-01 -3.090039134422339559e-02
3.753334387270930161e-01 -3.090281742889849914e-02
3.836003584721576765e-01 -3.092732347889532579e-02
3.919357837380436083e-01 -3.095865992957163443e-02
4.003387881409395943e-01 -3.097490812483787159e-02
4.088084377864137364e-01 -3.097687095005930910e-02
4.173437913732044313e-01 -3.097238001202590532e-02
4.259439002978354649e-01 -3.096866783945095847e-02
4.346078087600411255e-01 -3.096991027399428192e-02
4.433345538689928977e-01 -3.097035089905703781e-02
4.521231657503131940e-01 -3.096158591354969056e-02
4.609726676538650203e-01 -3.093373275499907218e-02
4.698820760623064752e-01 -3.087703202531063076e-02
4.788504008003974244e-01 -3.078264866836804073e-02
4.878766451450451402e-01 -3.064498328130798796e-02
4.969598059360780251e-01 -3.046454305310099947e-02
5.060988736877365390e-01 -3.024387449560840893e-02
5.152928327008634568e-01 -2.998780757982595288e-02
5.245406611757882365e-01 -2.970564074516120548e-02
5.338413313258880688e-01 -2.941221165066175078e-02
5.431938094918128401e-01 -2.911190333168285974e-02
5.525970562563653488e-01 -2.879619312917204230e-02
5.620500265600203438e-01 -2.845082341463456288e-02
5.715516698170692855e-01 -2.805854744608543561e-02
5.811009300323815019e-01 -2.763460518646241107e-02
5.906967459187653091e-01 -2.721657780997633821e-02
6.003380510149177729e-01 -2.678061128929206183e-02
6.100237738039482327e-01 -2.626673299323544278e-02
6.197528378324663745e-01 -2.569032073348655534e-02
6.295241618302156450e-01 -2.510637476837881618e-02
6.393366598302444581e-01 -2.452758006380399355e-02
6.491892412895989839e-01 -2.394006097886525533e-02
6.590808112105230876e-01 -2.329335828176776896e-02
6.690102702621547603e-01 -2.253909073673984742e-02
6.789765149027036095e-01 -2.172206464321527891e-02
6.889784375020977514e-01 -2.089864042073002331e-02
6.990149264650814542e-01 -2.003445582975043118e-02
7.090848663547572039e-01 -1.908884464957985583e-02
7.191871380165538730e-01 -1.809213703552076460e-02
7.293206187026060050e-01 -1.706095334966570981e-02
7.394841821965345563e-01 -1.592006255965422098e-02
7.496766989386134394e-01 -1.461746305867664929e-02
7.598970361513051053e-01 -1.320415573110138123e-02
7.701440579651563922e-01 -1.176169775038952113e-02
7.804166255450371015e-01 -1.040070220167382126e-02
7.907135972167069760e-01 -9.099751292070900124e-03
8.010338285937002034e-01 -7.602664024781337002e-03
8.113761727045106786e-01 -5.877498644252069325e-03
8.217394801200630372e-01 -4.252858434807171156e-03
8.321225990814590245e-01 -2.823246733647141911e-03
8.425243756279822138e-01 -1.362627774920169418e-03
8.529436537253458628e-01 1.635216865059635895e-04
8.633792753941731402e-01 1.569361088374670232e-03
8.738300808386934015e-01 2.712114212312592264e-03
8.842949085756387495e-01 3.503833656355001634e-03
8.947725955633289985e-01 3.960978936616801026e-03
9.052619773309316109e-01 4.172874237913961129e-03
9.157618881078770645e-01 4.184539263556386057e-03
9.262711609534211021e-01 4.012273037903647463e-03
9.367886278863364335e-01 3.675348463533002069e-03
9.473131200147204556e-01 3.196352911472692421e-03
9.578434676659028923e-01 2.608800526816344115e-03
9.683785005164411430e-01 1.951764219662608995e-03
9.789170477221889044e-01 1.268721986528509706e-03
9.894579380484205267e-01 6.041987583071985191e-04
9.999999999999998890e-01 -1.252059290870857670e-08
