9.999999999999998890e-01 3.999996678512364478e-04
9.894579380484205267e-01 2.824910779673458962e-03
9.789170477221889044e-01 5.219023572359307236e-03
9.683785005164411430e-01 7.578407479870363610e-03
9.578434676659028923e-01 9.899075929127325660e-03
9.473131200147204556e-01 1.217707676881943368e-02
9.367886278863364335e-01 1.440858282364950761e-02
9.262711609534211021e-01 1.658974096062361403e-02
9.157618881078770645e-01 1.871659332665104314e-02
9.052619773309316109e-01 2.078537136269657110e-02
8.947725955633289985e-01 2.279272242675779714e-02
8.842949085756387495e-01 2.473726966956555154e-02
8.738300808386934015e-01 2.662069951268962800e-02
8.633792753941731402e-01 2.844485025081703797e-02
8.529436537253458628e-01 3.021140400158262712e-02
8.425243756279822138e-01 3.192215767666866516e-02
8.321225990814590245e-01 3.357907153656863875e-02
8.217394801200630372e-01 3.518456562244461766e-02
8.113761727045106786e-01 3.674143341089887438e-02
8.010338285937002034e-01 3.825158760653762924e-02
7.907135972167069760e-01 3.971594502824008638e-02
7.804166255450371015e-01 4.113198501450409522e-02
7.701440579651563922e-01 4.249478926812807339e-02
7.598970361513051053e-01 4.379852299030827928e-02
7.496766989386134394e-01 4.503762158004528254e-02
7.394841821965345563e-01 4.621256746335088844e-02
7.293206187026060050e-01 4.732735842217485750e-02
7.191871380165538730e-01 4.839012582257579131e-02
7.090848663547572039e-01 4.941026067638266961e-02
6.990149264650814542e-01 5.039521938563262110e-02
6.889784375020977514e-01 5.135058090292260458e-02
6.789765149027036095e-01 5.227655232634022264e-02
6.690102702621547603e-01 5.317195055364681844e-02
6.590808112105230876e-01 5.403581092285122262e-02
6.491892412895989839e-01 5.486707726065737090e-02
6.393366598302444581e-01 5.566428157954194517e-02
6.295241618302156450e-01 5.642582403571459737e-02
6.197528378324663745e-01 5.714996573078605369e-02
6.100237738039482327e-01 5.783479867936033858e-02
6.003380510149177729e-01 5.847814330246612485e-02
5.906967459187653091e-01 5.908012460657025011e-02
5.811009300323815019e-01 5.964486231695134699e-02
5.715516698170692855e-01 6.017746720988825099e-02
5.620500265600203438e-01 6.068388965560200105e-02
5.525970562563653488e-01 6.116937188300915207e-02
5.431938094918128401e-01 6.163810665878077799e-02
5.338413313258880688e-01 6.209147881413502879e-02
5.245406611757882365e-01 6.252807823056769077e-02
5.152928327008634568e-01 6.294644801577833904e-02
5.060988736877365390e-01 6.334524415622580507e-02
4.969598059360780251e-01 6.372374409797824935e-02
4.878766451450451402e-01 6.408176829396043661e-02
4.788504008003974244e-01 6.442016689184115741e-02
4.698820760623064752e-01 6.474042631358722932e-02
4.609726676538650203e-01 6.504417499631943989e-02
4.521231657503131940e-01 6.533290384801254680e-02
4.433345538689928977e-01 6.560667110351832421e-02
4.346078087600411255e-01 6.586469611943641944e-02
4.259439002978354649e-01 6.610489426131131718e-02
4.173437913732044313e-01 6.632470844062474113e-02
4.088084377864137364e-01 6.652152377032705122e-02
4.003387881409395943e-01 6.669327769720297117e-02
3.919357837380436083e-01 6.684009720442016245e-02
3.836003584721576765e-01 6.696334012172448780e-02
3.753334387270930161e-01 6.706659748407668709e-02
3.671359432730831873e-01 6.715375883988904115e-02
3.590087831646743277e-01 6.722833491373064740e-02
3.509528616394713696e-01 6.729313657897334489e-02
3.429690740177547825e-01 6.734956075901714356e-02
3.350583076029753915e-01 6.739696529754458931e-02
3.272214415831418144e-01 6.743133436318569929e-02
3.194593469331089564e-01 6.744898577348842905e-02
3.117728863177794407e-01 6.744729677479513463e-02
3.041629139962280792e-01 6.742358754594381109e-02
2.966302757267624823e-01 6.737506226394050779e-02
2.891758086729252497e-01 6.730089939229123852e-02
2.818003413104546162e-01 6.720242606455448242e-02
2.745046933352085494e-01 6.708080384978883093e-02
2.672896755720651774e-01 6.693696726804218566e-02
2.601560898848094272e-01 6.677222263230375709e-02
2.531047290870154232e-01 6.658806815556583825e-02
2.461363768539343022e-01 6.638478711732646864e-02
2.392518076353984391e-01 6.616170917267238938e-02
2.324517865697500740e-01 6.591668769855939247e-02
2.257370693988056676e-01 6.564688917321859218e-02
2.191084023838638650e-01 6.535033924502556268e-02
2.125665222227673956e-01 6.502543628395257569e-02
2.061121559680280102e-01 6.467042884445194095e-02
1.997460209460230063e-01 6.428376715609450398e-02
1.934688246772731102e-01 6.386521404959050185e-02
1.872812647978095990e-01 6.341519629362327160e-02
1.811840289816407656e-01 6.293518013621032803e-02
1.751777948643248317e-01 6.242673492854545342e-02
1.692632299676588570e-01 6.189085832729148556e-02
1.634409916254914164e-01 6.132872551159495450e-02
1.577117269106679265e-01 6.074235715039590089e-02
1.520760725631161714e-01 6.013318994756372549e-02
1.465346549190801317e-01 5.950092337384454283e-02
1.410880898415101115e-01 5.884298250042505757e-02
1.357369826516168221e-01 5.815282471656242624e-02
1.304819280615971966e-01 5.742383782455452723e-02
1.253235101085391490e-01 5.665018133593417715e-02
1.202623020895129402e-01 5.583181480494540938e-02
1.152988664978553679e-01 5.497668248533953833e-02
1.104337549606562163e-01 5.409496787877465795e-02
1.056675081774507419e-01 5.319863940128025104e-02
1.010006558601274085e-01 5.229648910188507138e-02
9.643371667405697956e-02 5.139344906947323349e-02
9.196719818044885031e-02 5.048373610497551567e-02
8.760159677994161509e-02 4.955301989349530228e-02
8.333739765743386485e-02 4.858970899725365000e-02
7.917507472816209813e-02 4.758456785114938831e-02
7.511509058502996439e-02 4.653102136159062430e-02
7.115789644719716645e-02 4.542544959707071894e-02
6.730393210993146358e-02 4.427593512200278525e-02
6.355362589573076981e-02 4.309575127530652916e-02
5.990739460672012129e-02 4.189445321061709138e-02
5.636564347832906385e-02 4.068038895229108415e-02
5.292876613425423482e-02 3.946373844461402436e-02
4.959714454271368922e-02 3.825274720613037333e-02
4.637114897399441382e-02 3.704415214775427789e-02
4.325113795930202176e-02 3.582948780308249648e-02
4.023745825091396000e-02 3.459300564666166478e-02
3.733044478364233587e-02 3.332259871597921530e-02
3.453042063760936031e-02 3.202242049352220510e-02
3.183769700234129196e-02 3.070217412340447982e-02
2.925257314218321358e-02 2.937777152382838736e-02
2.677533636303963682e-02 2.806433813487563267e-02
2.440626198044326678e-02 2.677309754439183287e-02
2.214561328895736647e-02 2.549665712409561816e-02
1.999364153291383062e-02 2.419605211428040026e-02
1.795058587848985532e-02 2.285049964511277204e-02
1.601667338712764455e-02 2.147085933329547988e-02
1.419211899029970692e-02 2.006749503482567129e-02
1.247712546562085301e-02 1.864730108099043465e-02
1.087188341431266636e-02 1.722558041193154171e-02
9.376571240020115106e-03 1.582582323348353734e-02
7.991355128984078959e-03 1.445486470914639394e-02
6.716389031571567969e-03 1.310695595560551659e-02
5.551814645166519568e-03 1.181305221898069913e-02
4.497761398421062928e-03 1.062028647790584819e-02
3.554346436871580472e-03 9.444530775569979358e-03
2.721674609919344512e-03 8.148045220578180314e-03
1.999838459177394334e-03 6.857597735829289859e-03
1.388918208186096237e-03 5.790679906708712417e-03
8.889817534969424173e-04 4.803769206775875336e-03
5.000846571264760954e-04 3.624183165014483853e-03
2.222701403818971855e-04 2.161530878456565351e-03
5.556907905679420168e-05 5.853297463869917014e-04
0.000000000000000000e+00 2.374795818555370685e-06
0.000000000000000000e+00 -6.134139264540848727e-07
5.556907905679420168e-05 -2.627007911279012425e-04
2.222701403818971855e-04 -9.761984254102341191e-04
5.000846571264760954e-04 -1.779898440610811752e-03
8.889817534969424173e-04 -2.543885974024343889e-03
1.388918208186096237e-03 -3.219799552388749077e-03
1.999838459177394334e-03 -3.851763867849802674e-03
2.721674609919344512e-03 -4.470305101005623075e-03
3.554346436871580472e-03 -5.040115244759271404e-03
4.497761398421062928e-03 -5.552106760544807916e-03
5.551814645166519568e-03 -6.063529060358206942e-03
6.716389031571567969e-03 -6.609908261759783396e-03
7.991355128984078959e-03 -7.180643901511243703e-03
9.376571240020115106e-03 -7.765824074823684739e-03
1.087188341431266636e-02 -8.361729093858707301e-03
1.247712546562085301e-02 -8.959146646046712084e-03
1.419211899029970692e-02 -9.542634194388600194e-03
1.601667338712764455e-02 -1.010597785961641834e-02
1.795058587848985532e-02 -1.065280397034884183e-02
1.999364153291383062e-02 -1.119872422670591811e-02
2.214561328895736647e-02 -1.176644095133496520e-02
2.440626198044326678e-02 -1.235127008397733303e-02
2.677533636303963682e-02 -1.293141575830074157e-02
2.925257314218321358e-02 -1.350013999651567161e-02
3.183769700234129196e-02 -1.405965935522476666e-02
3.453042063760936031e-02 -1.461393760195833259e-02
3.733044478364233587e-02 -1.516759769101976366e-02
4.023745825091396000e-02 -1.572447692052560478e-02
4.325113795930202176e-02 -1.628747356772927007e-02
4.637114897399441382e-02 -1.685618973864440318e-02
4.959714454271368922e-02 -1.742948155254445824e-02
5.292876613425423482e-02 -1.800764836265891095e-02
5.636564347832906385e-02 -1.859132500400667923e-02
5.990739460672012129e-02 -1.918095172639257967e-02
6.355362589573076981e-02 -1.977711099367188488e-02
6.730393210993146358e-02 -2.038093109003829423e-02
7.115789644719716645e-02 -2.099390255818968723e-02
7.511509058502996439e-02 -2.161814715772743256e-02
7.917507472816209813e-02 -2.225462960242102772e-02
8.333739765743386485e-02 -2.290176579185207104e-02
8.760159677994161509e-02 -2.355729728102815695e-02
9.196719818044885031e-02 -2.421833648604499942e-02
9.643371667405697956e-02 -2.488160577119033837e-02
1.010006558601274085e-01 -2.554342078079618536e-02
1.056675081774507419e-01 -2.620218962556846928e-02
1.104337549606562163e-01 -2.685892949083628842e-02
1.152988664978553679e-01 -2.751584567363154349e-02
1.202623020895129402e-01 -2.817616429013427432e-02
1.253235101085391490e-01 -2.884258674590178470e-02
1.304819280615971966e-01 -2.951710596293270414e-02
1.357369826516168221e-01 -3.019872743140919122e-02
1.410880898415101115e-01 -3.088429789310453977e-02
1.465346549190801317e-01 -3.157052968306161417e-02
1.520760725631161714e-01 -3.225421693152844688e-02
1.577117269106679265e-01 -3.293331037488582413e-02
1.634409916254914164e-01 -3.360643027751593348e-02
1.692632299676588570e-01 -3.427275193027073258e-02
1.751777948643248317e-01 -3.493164104572679673e-02
1.811840289816407656e-01 -3.558221403953573669e-02
1.872812647978095990e-01 -3.622353432472071727e-02
1.934688246772731102e-01 -3.685483091044583492e-02
1.997460209460230063e-01 -3.747533045434163490e-02
2.061121559680280102e-01 -3.808406439342188615e-02
2.125665222227673956e-01 -3.867996896886545521e-02
2.191084023838638650e-01 -3.926182740602075782e-02
2.257370693988056676e-01 -3.982838847790653308e-02
2.324517865697500740e-01 -4.037838987038402244e-02
2.392518076353984391e-01 -4.091055420216964389e-02
2.461363768539343022e-01 -4.142357472644957184e-02
2.531047290870154232e-01 -4.191610461175775820e-02
2.601560898848094272e-01 -4.238673009625527205e-02
2.672896755720651774e-01 -4.283398651245428485e-02
2.745046933352085494e-01 -4.325634155870705655e-02
2.818003413104546162e-01 -4.365224086915745622e-02
2.891758086729252497e-01 -4.402010777043487144e-02
2.966302757267624823e-01 -4.435833234355101434e-02
3.041629139962280792e-01 -4.466529795192409474e-02
3.117728863177794407e-01 -4.493994065431559937e-02
3.194593469331089564e-01 -4.518170852583035246e-02
3.272214415831418144e-01 -4.539010806757025340e-02
3.350583076029753915e-01 -4.556468070068009357e-02
3.429690740177547825e-01 -4.570501940966505833e-02
3.509528616394713696e-01 -4.581074825069445661e-02
3.590087831646743277e-01 -4.588147249597789024e-02
3.671359432730831873e-01 -4.591677762737560176e-02
3.753334387270930161e-01 -4.591617940048952490e-02
3.836003584721576765e-01 -4.587919281768337160e-02
3.919357837380436083e-01 -4.580552487440858050e-02
4.003387881409395943e-01 -4.569488534622761361e-02
4.088084377864137364e-01 -4.554662784574670109e-02
4.173437913732044313e-01 -4.535998811937201614e-02
4.259439002978354649e-01 -4.513417904080844339e-02
4.346078087600411255e-01 -4.486830575739858551e-02
4.433345538689928977e-01 -4.456112543365668699e-02
4.521231657503131940e-01 -4.421183646915118060e-02
4.609726676538650203e-01 -4.382109808431859654e-02
4.698820760623064752e-01 -4.339033230968947219e-02
4.788504008003974244e-01 -4.292215123133547028e-02
4.878766451450451402e-01 -4.241937308239186744e-02
4.969598059360780251e-01 -4.188487906983472120e-02
5.060988736877365390e-01 -4.132108751411438241e-02
5.152928327008634568e-01 -4.072963472957339542e-02
5.245406611757882365e-01 -4.011170825989699568e-02
5.338413313258880688e-01 -3.946798148629776515e-02
5.431938094918128401e-01 -3.879929023644217156e-02
5.525970562563653488e-01 -3.810673661890114083e-02
5.620500265600203438e-01 -3.739216453487557990e-02
5.715516698170692855e-01 -3.665817039621901974e-02
5.811009300323815019e-01 -3.590798770393920092e-02
5.906967459187653091e-01 -3.514529413110198397e-02
6.003380510149177729e-01 -3.437301021841600995e-02
6.100237738039482327e-01 -3.359325180917303172e-02
6.197528378324663745e-01 -3.280540487510303499e-02
6.295241618302156450e-01 -3.200718505134386715e-02
6.393366598302444581e-01 -3.119569361285515902e-02
6.491892412895989839e-01 -3.036821681501436845e-02
6.590808112105230876e-01 -2.952523437446422788e-02
6.690102702621547603e-01 -2.866915965906590563e-02
6.789765149027036095e-01 -2.780581469232001890e-02
6.889784375020977514e-01 -2.694200792098603789e-02
6.990149264650814542e-01 -2.608377297037355047e-02
7.090848663547572039e-01 -2.523493154458822385e-02
7.191871380165538730e-01 -2.439192636566178685e-02
7.293206187026060050e-01 -2.354860487777668196e-02
7.394841821965345563e-01 -2.269610667215421138e-02
7.496766989386134394e-01 -2.182708573041572397e-02
7.598970361513051053e-01 -2.093934845381788604e-02
7.701440579651563922e-01 -2.003482846469435696e-02
7.804166255450371015e-01 -1.912246218811959261e-02
7.907135972167069760e-01 -1.821161585592325979e-02
8.010338285937002034e-01 -1.731077216237472682e-02
8.113761727045106786e-01 -1.642414671923884267e-02
8.217394801200630372e-01 -1.554972188713802869e-02
8.321225990814590245e-01 -1.468360237861641993e-02
8.425243756279822138e-01 -1.382022966178680402e-02
8.529436537253458628e-01 -1.295531247250158134e-02
8.633792753941731402e-01 -1.208608209859510230e-02
8.738300808386934015e-01 -1.121125840878828099e-02
8.842949085756387495e-01 -1.033079709293377273e-02
8.947725955633289985e-01 -9.444337078350031889e-03
9.052619773309316109e-01 -8.551344247501547688e-03
9.157618881078770645e-01 -7.652371413850026990e-03
9.262711609534211021e-01 -6.748664591738896303e-03
9.367886278863364335e-01 -5.841515554387573424e-03
9.473131200147204556e-01 -4.932235198861323333e-03
9.578434676659028923e-01 -4.022139157834784401e-03
9.683785005164411430e-01 -3.112545621724089728e-03
9.789170477221889044e-01 -2.204775991928106891e-03
9.894579380484205267e-01 -1.300152985423233846e-03
9.999999999999998890e-01 -4.000000022957005954e-04
