9.999999999999998890e-01 1.868884447816271822e-04
9.894579380484205267e-01 5.353494981851251652e-03
9.789170477221889044e-01 9.966671812983761772e-03
9.683785005164411430e-01 1.389562137986280303e-02
9.578434676659028923e-01 1.736957343262607312e-02
9.473131200147204556e-01 2.064173043553213516e-02
9.367886278863364335e-01 2.382869948066090177e-02
9.262711609534211021e-01 2.698686860786314243e-02
9.157618881078770645e-01 3.008857379354037617e-02
9.052619773309316109e-01 3.311382537437414925e-02
8.947725955633289985e-01 3.607886831679337630e-02
8.842949085756387495e-01 3.899187290358854113e-02
8.738300808386934015e-01 4.184200328793185458e-02
8.633792753941731402e-01 4.462615871714911003e-02
8.529436537253458628e-01 4.735386154570959960e-02
8.425243756279822138e-01 5.003600334171887098e-02
8.321225990814590245e-01 5.268369343503915420e-02
8.217394801200630372e-01 5.530101082534348567e-02
8.113761727045106786e-01 5.788545857443931630e-02
8.010338285937002034e-01 6.043640940217091112e-02
7.907135972167069760e-01 6.295485933963196334e-02
7.804166255450371015e-01 6.544074703088618994e-02
7.701440579651563922e-01 6.789334458398713079e-02
7.598970361513051053e-01 7.031270028350956880e-02
7.496766989386134394e-01 7.269921812738910916e-02
7.394841821965345563e-01 7.505257362593255321e-02
7.293206187026060050e-01 7.737225065304380311e-02
7.191871380165538730e-01 7.965873868872225261e-02
7.090848663547572039e-01 8.191268651800304168e-02
6.990149264650814542e-01 8.413348498323050539e-02
6.889784375020977514e-01 8.631687117495678851e-02
6.789765149027036095e-01 8.844456630129368668e-02
6.690102702621547603e-01 9.049952575383231335e-02
6.590808112105230876e-01 9.248257888186868503e-02
6.491892412895989839e-01 9.439715298721899905e-02
6.393366598302444581e-01 9.624263108688996260e-02
6.295241618302156450e-01 9.801842006269499696e-02
6.197528378324663745e-01 9.972578296732713399e-02
6.100237738039482327e-01 1.013658118947743936e-01
6.003380510149177729e-01 1.029386917748901648e-01
5.906967459187653091e-01 1.044448270459841371e-01
5.811009300323815019e-01 1.058851785249880634e-01
5.715516698170692855e-01 1.072605193754609804e-01
5.620500265600203438e-01 1.085712859414271619e-01
5.525970562563653488e-01 1.098182058087734669e-01
5.431938094918128401e-01 1.110023701439607907e-01
5.338413313258880688e-01 1.121244299452952981e-01
5.245406611757882365e-01 1.131846234898230830e-01
5.152928327008634568e-01 1.141841994338802235e-01
5.060988736877365390e-01 1.151250107696046299e-01
4.969598059360780251e-01 1.160050984428966370e-01
4.878766451450451402e-01 1.168200197190841089e-01
4.788504008003974244e-01 1.175684563876985000e-01
4.698820760623064752e-01 1.182510822916633675e-01
4.609726676538650203e-01 1.188690470348026801e-01
4.521231657503131940e-01 1.194236960904875439e-01
4.433345538689928977e-01 1.199161474325649984e-01
4.346078087600411255e-01 1.203474498944515358e-01
4.259439002978354649e-01 1.207188143812290282e-01
4.173437913732044313e-01 1.210314969127176260e-01
4.088084377864137364e-01 1.212866960149263651e-01
4.003387881409395943e-01 1.214856102489334511e-01
3.919357837380436083e-01 1.216295029753914347e-01
3.836003584721576765e-01 1.217196483594731593e-01
3.753334387270930161e-01 1.217573054545356415e-01
3.671359432730831873e-01 1.217437479101448755e-01
3.590087831646743277e-01 1.216802954722698005e-01
3.509528616394713696e-01 1.215682632947623354e-01
3.429690740177547825e-01 1.214089404396092725e-01
3.350583076029753915e-01 1.212036379584669477e-01
3.272214415831418144e-01 1.209537154745776721e-01
3.194593469331089564e-01 1.206606592157530300e-01
3.117728863177794407e-01 1.203259602712431070e-01
3.041629139962280792e-01 1.199441751832122094e-01
2.966302757267624823e-01 1.195012385012748923e-01
2.891758086729252497e-01 1.189917879653426824e-01
2.818003413104546162e-01 1.184204704620024362e-01
2.745046933352085494e-01 1.177902775647491768e-01
2.672896755720651774e-01 1.171022822633848715e-01
2.601560898848094272e-01 1.163585546626407785e-01
2.531047290870154232e-01 1.155619431863124380e-01
2.461363768539343022e-01 1.147147063138451578e-01
2.392518076353984391e-01 1.138187451332534489e-01
2.324517865697500740e-01 1.128763465756756068e-01
2.257370693988056676e-01 1.118899702506032517e-01
2.191084023838638650e-01 1.108617559720168066e-01
2.125665222227673956e-01 1.097937541309347009e-01
2.061121559680280102e-01 1.086883727802708394e-01
1.997460209460230063e-01 1.075480424533009072e-01
1.934688246772731102e-01 1.063746168108993251e-01
1.872812647978095990e-01 1.051700067431254187e-01
1.811840289816407656e-01 1.039371180727713673e-01
1.751777948643248317e-01 1.026785627203243983e-01
1.692632299676588570e-01 1.013950619685585197e-01
1.634409916254914164e-01 1.000881974392134194e-01
1.577117269106679265e-01 9.876311684637087418e-02
1.520760725631161714e-01 9.742232411701233497e-02
1.465346549190801317e-01 9.606062187956598830e-02
1.410880898415101115e-01 9.466949547083630678e-02
1.357369826516168221e-01 9.323620644792945944e-02
1.304819280615971966e-01 9.175581256146347897e-02
1.253235101085391490e-01 9.023691921146069495e-02
1.202623020895129402e-01 8.868553483876749632e-02
1.152988664978553679e-01 8.710241998458394252e-02
1.104337549606562163e-01 8.549075432735893376e-02
1.056675081774507419e-01 8.385684496350133410e-02
1.010006558601274085e-01 8.220392951857936892e-02
9.643371667405697956e-02 8.053238031942601405e-02
9.196719818044885031e-02 7.884804644482727720e-02
8.760159677994161509e-02 7.715986242202996226e-02
8.333739765743386485e-02 7.545647721552421749e-02
7.917507472816209813e-02 7.371339051162391354e-02
7.511509058502996439e-02 7.191747862822020498e-02
7.115789644719716645e-02 7.006538986754938525e-02
6.730393210993146358e-02 6.817787432240203505e-02
6.355362589573076981e-02 6.628630044125806420e-02
5.990739460672012129e-02 6.441405063060651193e-02
5.636564347832906385e-02 6.257810701379148965e-02
5.292876613425423482e-02 6.077853722585380841e-02
4.959714454271368922e-02 5.901149295612567736e-02
4.637114897399441382e-02 5.728138701204069788e-02
4.325113795930202176e-02 5.559386167206356588e-02
4.023745825091396000e-02 5.395050358107121580e-02
3.733044478364233587e-02 5.233117644145553887e-02
3.453042063760936031e-02 5.065239421492918198e-02
3.183769700234129196e-02 4.885371764966439656e-02
2.925257314218321358e-02 4.696339171872451063e-02
2.677533636303963682e-02 4.501266729129133060e-02
2.440626198044326678e-02 4.301014647990340778e-02
2.214561328895736647e-02 4.097024946812475449e-02
1.999364153291383062e-02 3.892245799024188907e-02
1.795058587848985532e-02 3.688402485186486474e-02
1.601667338712764455e-02 3.485246289901750005e-02
1.419211899029970692e-02 3.284737982575598042e-02
1.247712546562085301e-02 3.091584481869341303e-02
1.087188341431266636e-02 2.905267460129310267e-02
9.376571240020115106e-03 2.719322669976289436e-02
7.991355128984078959e-03 2.522278665694150171e-02
6.716389031571567969e-03 2.299863735664922637e-02
5.551814645166519568e-03 2.057859464415472822e-02
4.497761398421062928e-03 1.816006265215359960e-02
3.554346436871580472e-03 1.581215376924731061e-02
2.721674609919344512e-03 1.353860693661833141e-02
1.999838459177394334e-03 1.150198255937304875e-02
1.388918208186096237e-03 9.856538925691049613e-03
8.889817534969424173e-04 8.081474701737150976e-03
5.000846571264760954e-04 5.555502714962806329e-03
2.222701403818971855e-04 2.829998260002026221e-03
5.556907905679420168e-05 8.180320301703853996e-04
0.000000000000000000e+00 9.652549579376844149e-05
0.000000000000000000e+00 -3.484588607733798775e-04
5.556907905679420168e-05 -4.331232733009251785e-04
2.222701403818971855e-04 -6.835044041217856574e-04
5.000846571264760954e-04 -1.096214970313592364e-03
8.889817534969424173e-04 -1.657761555697139779e-03
1.388918208186096237e-03 -2.352614827091372221e-03
1.999838459177394334e-03 -3.165333952318947000e-03
2.721674609919344512e-03 -4.074354721983288775e-03
3.554346436871580472e-03 -5.044257499617685672e-03
4.497761398421062928e-03 -6.043369365489381639e-03
5.551814645166519568e-03 -7.050378956625936826e-03
6.716389031571567969e-03 -8.023345923172499686e-03
7.991355128984078959e-03 -8.887126934402831552e-03
9.376571240020115106e-03 -9.621798350211874240e-03
1.087188341431266636e-02 -1.028485040615977411e-02
1.247712546562085301e-02 -1.092740834420129550e-02
1.419211899029970692e-02 -1.158580630536389273e-02
1.601667338712764455e-02 -1.226363048150784507e-02
1.795058587848985532e-02 -1.293508148588092856e-02
1.999364153291383062e-02 -1.359014604195387874e-02
2.214561328895736647e-02 -1.423151114612400750e-02
2.440626198044326678e-02 -1.485076227220807725e-02
2.677533636303963682e-02 -1.543258400622167688e-02
2.925257314218321358e-02 -1.596995198453004736e-02
3.183769700234129196e-02 -1.645913239718594517e-02
3.453042063760936031e-02 -1.688460379015875937e-02
3.733044478364233587e-02 -1.723210452612338947e-02
4.023745825091396000e-02 -1.753158075107823927e-02
4.325113795930202176e-02 -1.782437170259204215e-02
4.637114897399441382e-02 -1.811973283167702883e-02
4.959714454271368922e-02 -1.841633655706715125e-02
5.292876613425423482e-02 -1.871261066916683410e-02
5.636564347832906385e-02 -1.900710891228889546e-02
5.990739460672012129e-02 -1.929906266838510645e-02
6.355362589573076981e-02 -1.958769127516711908e-02
6.730393210993146358e-02 -1.987173614954558520e-02
7.115789644719716645e-02 -2.014994354495915074e-02
7.511509058502996439e-02 -2.042128368772874389e-02
7.917507472816209813e-02 -2.068466592397164017e-02
8.333739765743386485e-02 -2.093880864449736839e-02
8.760159677994161509e-02 -2.118247361049221261e-02
9.196719818044885031e-02 -2.141453318807127332e-02
9.643371667405697956e-02 -2.163373788089488492e-02
1.010006558601274085e-01 -2.183865397983026507e-02
1.056675081774507419e-01 -2.202802520978772507e-02
1.104337549606562163e-01 -2.220080892674562364e-02
1.152988664978553679e-01 -2.235555370204284423e-02
1.202623020895129402e-01 -2.249042348274264691e-02
1.253235101085391490e-01 -2.260436379665542103e-02
1.304819280615971966e-01 -2.269687756226032929e-02
1.357369826516168221e-01 -2.276571269281746357e-02
1.410880898415101115e-01 -2.280780044124459602e-02
1.465346549190801317e-01 -2.282509643197989935e-02
1.520760725631161714e-01 -2.282245011084932038e-02
1.577117269106679265e-01 -2.280318288999072171e-02
1.634409916254914164e-01 -2.276938772490533919e-02
1.692632299676588570e-01 -2.272017738536817252e-02
1.751777948643248317e-01 -2.265364233488859416e-02
1.811840289816407656e-01 -2.256925844352166213e-02
1.872812647978095990e-01 -2.246683634992157827e-02
1.934688246772731102e-01 -2.234545470665488462e-02
1.997460209460230063e-01 -2.220407853942263365e-02
2.061121559680280102e-01 -2.204205869932655132e-02
2.125665222227673956e-01 -2.185876977233268750e-02
2.191084023838638650e-01 -2.165336752360213016e-02
2.257370693988056676e-01 -2.142501512715012241e-02
2.324517865697500740e-01 -2.117300851827711231e-02
2.392518076353984391e-01 -2.089661462244890577e-02
2.461363768539343022e-01 -2.059499070618753952e-02
2.531047290870154232e-01 -2.026735024495900789e-02
2.601560898848094272e-01 -1.991303371904170477e-02
2.672896755720651774e-01 -1.953126930694950095e-02
2.745046933352085494e-01 -1.912109889327279905e-02
2.818003413104546162e-01 -1.868180974976425823e-02
2.891758086729252497e-01 -1.821300372622582098e-02
2.966302757267624823e-01 -1.771368254562559127e-02
3.041629139962280792e-01 -1.718233033312369443e-02
3.117728863177794407e-01 -1.662056942355399566e-02
3.194593469331089564e-01 -1.603275115023702901e-02
3.272214415831418144e-01 -1.542052832828218201e-02
3.350583076029753915e-01 -1.478338280960017105e-02
3.429690740177547825e-01 -1.412079280513551388e-02
3.509528616394713696e-01 -1.343227447080412758e-02
3.590087831646743277e-01 -1.271737495883355426e-02
3.671359432730831873e-01 -1.197565369628606109e-02
3.753334387270930161e-01 -1.120663707647242061e-02
3.836003584721576765e-01 -1.040984754319015070e-02
3.919357837380436083e-01 -9.584876955435200560e-03
4.003387881409395943e-01 -8.731323223843389172e-03
4.088084377864137364e-01 -7.848680974099464525e-03
4.173437913732044313e-01 -6.936464149917581645e-03
4.259439002978354649e-01 -5.994402562566694855e-03
4.346078087600411255e-01 -5.022171808564625597e-03
4.433345538689928977e-01 -4.019069971247158334e-03
4.521231657503131940e-01 -2.984570922989678368e-03
4.609726676538650203e-01 -1.918872306506738679e-03
4.698820760623064752e-01 -8.217517205626331204e-04
4.788504008003974244e-01 3.082898749790336196e-04
4.878766451450451402e-01 1.471814110693819453e-03
4.969598059360780251e-01 2.667045515760830578e-03
5.060988736877365390e-01 3.882152485241252820e-03
5.152928327008634568e-01 5.089521895891511646e-03
5.245406611757882365e-01 6.274248391126081674e-03
5.338413313258880688e-01 7.440911687480954682e-03
5.431938094918128401e-01 8.591216646448018857e-03
5.525970562563653488e-01 9.721948237890793224e-03
5.620500265600203438e-01 1.083189304629987235e-02
5.715516698170692855e-01 1.192200170751602298e-02
5.811009300323815019e-01 1.299193573224574107e-02
5.906967459187653091e-01 1.404028630130526104e-02
6.003380510149177729e-01 1.506662327570580835e-02
6.100237738039482327e-01 1.607113148483458806e-02
6.197528378324663745e-01 1.705304678374151492e-02
6.295241618302156450e-01 1.801120344118008199e-02
6.393366598302444581e-01 1.894578813047220062e-02
6.491892412895989839e-01 1.985730370353082710e-02
6.590808112105230876e-01 2.074389308072313587e-02
6.690102702621547603e-01 2.160366856430282964e-02
6.789765149027036095e-01 2.243988439132502122e-02
6.889784375020977514e-01 2.325265046113621573e-02
6.990149264650814542e-01 2.402006525014004079e-02
7.090848663547572039e-01 2.471878223337525132e-02
7.191871380165538730e-01 2.534299216315160502e-02
7.293206187026060050e-01 2.589127302225766036e-02
7.394841821965345563e-01 2.636321481824829838e-02
7.496766989386134394e-01 2.675855917082562568e-02
7.598970361513051053e-01 2.707694179081920546e-02
7.701440579651563922e-01 2.731751441988361853e-02
7.804166255450371015e-01 2.747846040816993157e-02
7.907135972167069760e-01 2.755930189582528680e-02
8.010338285937002034e-01 2.756207682694238395e-02
8.113761727045106786e-01 2.748576290963860094e-02
8.217394801200630372e-01 2.732464267934989546e-02
8.321225990814590245e-01 2.708051385150901658e-02
8.425243756279822138e-01 2.676397699612409128e-02
8.529436537253458628e-01 2.635941415837721527e-02
8.633792753941731402e-01 2.582362575157442705e-02
8.738300808386934015e-01 2.512435881575472360e-02
8.842949085756387495e-01 2.424164751331597117e-02
8.947725955633289985e-01 2.317561932467438954e-02
9.052619773309316109e-01 2.193937350952067725e-02
9.157618881078770645e-01 2.052614828741024244e-02
9.262711609534211021e-01 1.891996093736735690e-02
9.367886278863364335e-01 1.713632183667845865e-02
9.473131200147204556e-01 1.519812615472908822e-02
9.578434676659028923e-01 1.306027784633380720e-02
9.683785005164411430e-01 1.062956946166905732e-02
9.789170477221889044e-01 7.705889049546911333e-03
9.894579380484205267e-01 4.108303820742409580e-03
9.999999999999998890e-01 -6.032739787641761751e-05
