9.999999999999998890e-01 7.765401839873794924e-05
9.894579380484205267e-01 5.172462102928832191e-03
9.789170477221889044e-01 1.011752557631630939e-02
9.683785005164411430e-01 1.491571146168310484e-02
9.578434676659028923e-01 1.956354643527954615e-02
9.473131200147204556e-01 2.405893650932471386e-02
9.367886278863364335e-01 2.840707466209368634e-02
9.262711609534211021e-01 3.260877929720834567e-02
9.157618881078770645e-01 3.665235334450955840e-02
9.052619773309316109e-01 4.054421563989080851e-02
8.947725955633289985e-01 4.432813740862844715e-02
8.842949085756387495e-01 4.803881668828093726e-02
8.738300808386934015e-01 5.168975441578060187e-02
8.633792753941731402e-01 5.528520001857629290e-02
8.529436537253458628e-01 5.881968972969810888e-02
8.425243756279822138e-01 6.229132227483730189e-02
8.321225990814590245e-01 6.570286447858510182e-02
8.217394801200630372e-01 6.905489642903164804e-02
8.113761727045106786e-01 7.234576960469372986e-02
8.010338285937002034e-01 7.557521425812893656e-02
7.907135972167069760e-01 7.874407305720197703e-02
7.804166255450371015e-01 8.185239120842960348e-02
7.701440579651563922e-01 8.489971002317663051e-02
7.598970361513051053e-01 8.788612343165337626e-02
7.496766989386134394e-01 9.081199797556525899e-02
7.394841821965345563e-01 9.367733202136320492e-02
7.293206187026060050e-01 9.648202142756115429e-02
7.191871380165538730e-01 9.922643719318362254e-02
7.090848663547572039e-01 1.019109192795075725e-01
6.990149264650814542e-01 1.045346538428276045e-01
6.889784375020977514e-01 1.070966503117919966e-01
6.789765149027036095e-01 1.095967893308681523e-01
6.690102702621547603e-01 1.120352416890720987e-01
6.590808112105230876e-01 1.144123726654023565e-01
6.491892412895989839e-01 1.167285633530620315e-01
6.393366598302444581e-01 1.189841143650172822e-01
6.295241618302156450e-01 1.211793586494199770e-01
6.197528378324663745e-01 1.233147435496423083e-01
6.100237738039482327e-01 1.253906951116935953e-01
6.003380510149177729e-01 1.274075626659335048e-01
5.906967459187653091e-01 1.293657901893221773e-01
5.811009300323815019e-01 1.312659953623933617e-01
5.715516698170692855e-01 1.331086479635986419e-01
5.620500265600203438e-01 1.348939932287101517e-01
5.525970562563653488e-01 1.366226411403107799e-01
5.431938094918128401e-01 1.382956310272483169e-01
5.338413313258880688e-01 1.399132679907673649e-01
5.245406611757882365e-01 1.414751916743134386e-01
5.152928327008634568e-01 1.429829445389490805e-01
5.060988736877365390e-01 1.444388405219999005e-01
4.969598059360780251e-01 1.458330645235330625e-01
4.878766451450451402e-01 1.471481560335353711e-01
4.788504008003974244e-01 1.483790703058332772e-01
4.698820760623064752e-01 1.495283096500321096e-01
4.609726676538650203e-01 1.505973527641109033e-01
4.521231657503131940e-01 1.515871613486326486e-01
4.433345538689928977e-01 1.524991174048239417e-01
4.346078087600411255e-01 1.533347555593948530e-01
4.259439002978354649e-01 1.540954497678220791e-01
4.173437913732044313e-01 1.547825434208604245e-01
4.088084377864137364e-01 1.553975036290770051e-01
4.003387881409395943e-01 1.559418259102689497e-01
3.919357837380436083e-01 1.564169760077706861e-01
3.836003584721576765e-01 1.568244286168627433e-01
3.753334387270930161e-01 1.571657095211328181e-01
3.671359432730831873e-01 1.574423541289874384e-01
3.590087831646743277e-01 1.576558966763332292e-01
3.509528616394713696e-01 1.578078863168506374e-01
3.429690740177547825e-01 1.578999051907827855e-01
3.350583076029753915e-01 1.579335376899749233e-01
3.272214415831418144e-01 1.579103643905504506e-01
3.194593469331089564e-01 1.578319668705180090e-01
3.117728863177794407e-01 1.576999355327782792e-01
3.041629139962280792e-01 1.575161160816028472e-01
2.966302757267624823e-01 1.572822834784753099e-01
2.891758086729252497e-01 1.569894668002179139e-01
2.818003413104546162e-01 1.566176872639030160e-01
2.745046933352085494e-01 1.561604976698760805e-01
2.672896755720651774e-01 1.556242196795249166e-01
2.601560898848094272e-01 1.550125388770551838e-01
2.531047290870154232e-01 1.543268441056039608e-01
2.461363768539343022e-01 1.535698772990490013e-01
2.392518076353984391e-01 1.527452357362993618e-01
2.324517865697500740e-01 1.518558845963537685e-01
2.257370693988056676e-01 1.509044512230684476e-01
2.191084023838638650e-01 1.498936897120124456e-01
2.125665222227673956e-01 1.488264644406678550e-01
2.061121559680280102e-01 1.477059520748798260e-01
1.997460209460230063e-01 1.465353314866978951e-01
1.934688246772731102e-01 1.453171916329647761e-01
1.872812647978095990e-01 1.440510860141335503e-01
1.811840289816407656e-01 1.427247184517393963e-01
1.751777948643248317e-01 1.413272034798638555e-01
1.692632299676588570e-01 1.398630324830187344e-01
1.634409916254914164e-01 1.383387832251270488e-01
1.577117269106679265e-01 1.367576342173388027e-01
1.520760725631161714e-01 1.351228069664184850e-01
1.465346549190801317e-01 1.334390226461577567e-01
1.410880898415101115e-01 1.317107487216182538e-01
1.357369826516168221e-01 1.299415382124363971e-01
1.304819280615971966e-01 1.281352003087634917e-01
1.253235101085391490e-01 1.262961288126011605e-01
1.202623020895129402e-01 1.244282532554180920e-01
1.152988664978553679e-01 1.225348101125737638e-01
1.104337549606562163e-01 1.206197522571947345e-01
1.056675081774507419e-01 1.186878536488874952e-01
1.010006558601274085e-01 1.167422730774752143e-01
9.643371667405697956e-02 1.147847726362424547e-01
9.196719818044885031e-02 1.128210934850973901e-01
8.760159677994161509e-02 1.108577949503605359e-01
8.333739765743386485e-02 1.088684998217602645e-01
7.917507472816209813e-02 1.068074976384531805e-01
7.511509058502996439e-02 1.046673606880551832e-01
7.115789644719716645e-02 1.024628274772983322e-01
6.730393210993146358e-02 1.002038286853647459e-01
6.355362589573076981e-02 9.789798641500474519e-02
5.990739460672012129e-02 9.555425819665015752e-02
5.636564347832906385e-02 9.318206392571842800e-02
5.292876613425423482e-02 9.079031625857315879e-02
4.959714454271368922e-02 8.838746400421637617e-02
4.637114897399441382e-02 8.598064915931873109e-02
4.325113795930202176e-02 8.357757941060214857e-02
4.023745825091396000e-02 8.118940813541326851e-02
3.733044478364233587e-02 7.881780192293465215e-02
3.453042063760936031e-02 7.643308125470778258e-02
3.183769700234129196e-02 7.401569180835854134e-02
2.925257314218321358e-02 7.158670395463720415e-02
2.677533636303963682e-02 6.916434393748463472e-02
2.440626198044326678e-02 6.674769054353729691e-02
2.214561328895736647e-02 6.434808461622500142e-02
1.999364153291383062e-02 6.200222565301832106e-02
1.795058587848985532e-02 5.972019001177360231e-02
1.601667338712764455e-02 5.746828558524939845e-02
1.419211899029970692e-02 5.519298603666247111e-02
1.247712546562085301e-02 5.282108318561182236e-02
1.087188341431266636e-02 5.029551400991374988e-02
9.376571240020115106e-03 4.758711283744382348e-02
7.991355128984078959e-03 4.484687873125369623e-02
6.716389031571567969e-03 4.234569911331529518e-02
5.551814645166519568e-03 3.979483430844828196e-02
4.497761398421062928e-03 3.651761941570483977e-02
3.554346436871580472e-03 3.222595567218635576e-02
2.721674609919344512e-03 2.693596167838367694e-02
1.999838459177394334e-03 2.114264067831941526e-02
1.388918208186096237e-03 1.554393741244203438e-02
8.889817534969424173e-04 1.048954511041631961e-02
5.000846571264760954e-04 6.186063777008532494e-03
2.222701403818971855e-04 2.909022820751915907e-03
5.556907905679420168e-05 9.124267643081630189e-04
0.000000000000000000e+00 2.213920261186835207e-04
0.000000000000000000e+00 8.785425183333128581e-10
5.556907905679420168e-05 -1.316132813427184519e-04
2.222701403818971855e-04 -5.252397666092545282e-04
5.000846571264760954e-04 -1.177549470619806103e-03
8.889817534969424173e-04 -2.082489871884558776e-03
1.388918208186096237e-03 -3.232335480441220904e-03
1.999838459177394334e-03 -4.616323022618766536e-03
2.721674609919344512e-03 -6.222000345449427844e-03
3.554346436871580472e-03 -8.034236086858631554e-03
4.497761398421062928e-03 -1.003600229410352498e-02
5.551814645166519568e-03 -1.220735665852892317e-02
6.716389031571567969e-03 -1.452667063498444544e-02
7.991355128984078959e-03 -1.697009738972944312e-02
9.376571240020115106e-03 -1.951137458143452352e-02
1.087188341431266636e-02 -2.212123780889549765e-02
1.247712546562085301e-02 -2.476924750014778201e-02
1.419211899029970692e-02 -2.742368314608232063e-02
1.601667338712764455e-02 -3.004876262238837664e-02
1.795058587848985532e-02 -3.260502727548755114e-02
1.999364153291383062e-02 -3.505491472478475257e-02
2.214561328895736647e-02 -3.736135226904872819e-02
2.440626198044326678e-02 -3.947304401595289058e-02
2.677533636303963682e-02 -4.134270361982769065e-02
2.925257314218321358e-02 -4.305696455377971965e-02
3.183769700234129196e-02 -4.476349152954164912e-02
3.453042063760936031e-02 -4.649159896796783986e-02
3.733044478364233587e-02 -4.821649696760101772e-02
4.023745825091396000e-02 -4.992926450594484256e-02
4.325113795930202176e-02 -5.162640080698954748e-02
4.637114897399441382e-02 -5.329920023512919880e-02
4.959714454271368922e-02 -5.493967376741468178e-02
5.292876613425423482e-02 -5.655032809280736983e-02
5.636564347832906385e-02 -5.813380070059310373e-02
5.990739460672012129e-02 -5.968309731036653548e-02
6.355362589573076981e-02 -6.118873864411846636e-02
6.730393210993146358e-02 -6.264024705953040451e-02
7.115789644719716645e-02 -6.402995176245800113e-02
7.511509058502996439e-02 -6.535751075609172456e-02
7.917507472816209813e-02 -6.662968641745034559e-02
8.333739765743386485e-02 -6.786530408504412581e-02
8.760159677994161509e-02 -6.907255655652477788e-02
9.196719818044885031e-02 -7.023916140015772080e-02
9.643371667405697956e-02 -7.135720187705418827e-02
1.010006558601274085e-01 -7.242790509298002721e-02
1.056675081774507419e-01 -7.345432142149985189e-02
1.104337549606562163e-01 -7.444067786666237752e-02
1.152988664978553679e-01 -7.538709932589156282e-02
1.202623020895129402e-01 -7.628940105699962004e-02
1.253235101085391490e-01 -7.714222297033090925e-02
1.304819280615971966e-01 -7.793971456259803088e-02
1.357369826516168221e-01 -7.868084625953884748e-02
1.410880898415101115e-01 -7.936853640343977112e-02
1.465346549190801317e-01 -8.001050123689876226e-02
1.520760725631161714e-01 -8.061604962407564745e-02
1.577117269106679265e-01 -8.118350392753007072e-02
1.634409916254914164e-01 -8.170622001025004688e-02
1.692632299676588570e-01 -8.218211792553822836e-02
1.751777948643248317e-01 -8.261052788348026421e-02
1.811840289816407656e-01 -8.298763959957614067e-02
1.872812647978095990e-01 -8.331074752890109403e-02
1.934688246772731102e-01 -8.358751356248267372e-02
1.997460209460230063e-01 -8.382628403118705385e-02
2.061121559680280102e-01 -8.402638962738928630e-02
2.125665222227673956e-01 -8.418516981941000232e-02
2.191084023838638650e-01 -8.430052470446353086e-02
2.257370693988056676e-01 -8.437073569166708698e-02
2.324517865697500740e-01 -8.439480475180508035e-02
2.392518076353984391e-01 -8.437388607437854016e-02
2.461363768539343022e-01 -8.431355286934200111e-02
2.531047290870154232e-01 -8.421721796675646354e-02
2.601560898848094272e-01 -8.408327524641302786e-02
2.672896755720651774e-01 -8.390929447194646340e-02
2.745046933352085494e-01 -8.369250985586960956e-02
2.818003413104546162e-01 -8.343431305724539893e-02
2.891758086729252497e-01 -8.314142380357636419e-02
2.966302757267624823e-01 -8.281864577286172924e-02
3.041629139962280792e-01 -8.246819377124083028e-02
3.117728863177794407e-01 -8.208990134811205985e-02
3.194593469331089564e-01 -8.168162438373902101e-02
3.272214415831418144e-01 -8.124258590327880503e-02
3.350583076029753915e-01 -8.077301399567908546e-02
3.429690740177547825e-01 -8.027181662514155935e-02
3.509528616394713696e-01 -7.973761641366194919e-02
3.590087831646743277e-01 -7.917461486996552056e-02
3.671359432730831873e-01 -7.858938390808924146e-02
3.753334387270930161e-01 -7.798326271825382905e-02
3.836003584721576765e-01 -7.735528110958328485e-02
3.919357837380436083e-01 -7.670508601042104468e-02
4.003387881409395943e-01 -7.603252291947577846e-02
4.088084377864137364e-01 -7.533722848733867550e-02
4.173437913732044313e-01 -7.461879372684129819e-02
4.259439002978354649e-01 -7.387689439474094677e-02
4.346078087600411255e-01 -7.311123406463512775e-02
4.433345538689928977e-01 -7.232153598138259254e-02
4.521231657503131940e-01 -7.150741344486884199e-02
4.609726676538650203e-01 -7.066815758851696661e-02
4.698820760623064752e-01 -6.980322018857619548e-02
4.788504008003974244e-01 -6.891256121980511573e-02
4.878766451450451402e-01 -6.799593995208674801e-02
4.969598059360780251e-01 -6.705258694571067379e-02
5.060988736877365390e-01 -6.608223420527285785e-02
5.152928327008634568e-01 -6.508551278576220345e-02
5.245406611757882365e-01 -6.406193007383333138e-02
5.338413313258880688e-01 -6.300943032604264249e-02
5.431938094918128401e-01 -6.192917073141562812e-02
5.525970562563653488e-01 -6.082617290865992288e-02
5.620500265600203438e-01 -5.970521490759300026e-02
5.715516698170692855e-01 -5.857042747609322170e-02
5.811009300323815019e-01 -5.742269006912367052e-02
5.906967459187653091e-01 -5.626032862572564325e-02
6.003380510149177729e-01 -5.508325730470305798e-02
6.100237738039482327e-01 -5.389244690343478195e-02
6.197528378324663745e-01 -5.268775332015689095e-02
6.295241618302156450e-01 -5.146849942802581707e-02
6.393366598302444581e-01 -5.023512526999785593e-02
6.491892412895989839e-01 -4.898879185122741176e-02
6.590808112105230876e-01 -4.773177974268679596e-02
6.690102702621547603e-01 -4.646642425715819674e-02
6.789765149027036095e-01 -4.519285515664543673e-02
6.889784375020977514e-01 -4.391060922837739661e-02
6.990149264650814542e-01 -4.261993429888048107e-02
7.090848663547572039e-01 -4.132118006998961729e-02
7.191871380165538730e-01 -4.001433343251263597e-02
7.293206187026060050e-01 -3.869937698437778822e-02
7.394841821965345563e-01 -3.737653599350952704e-02
7.496766989386134394e-01 -3.604595931097726719e-02
7.598970361513051053e-01 -3.470748700841714413e-02
7.701440579651563922e-01 -3.336110450795568005e-02
7.804166255450371015e-01 -3.200720144380523463e-02
7.907135972167069760e-01 -3.064592608658064932e-02
8.010338285937002034e-01 -2.927692169441302450e-02
8.113761727045106786e-01 -2.790036767332470732e-02
8.217394801200630372e-01 -2.651727846230336749e-02
8.321225990814590245e-01 -2.512745027609566625e-02
8.425243756279822138e-01 -2.372934370631201231e-02
8.529436537253458628e-01 -2.232816341269436636e-02
8.633792753941731402e-01 -2.093577482825633232e-02
8.738300808386934015e-01 -1.955424359771075482e-02
8.842949085756387495e-01 -1.817736125344690534e-02
8.947725955633289985e-01 -1.680914221920676646e-02
9.052619773309316109e-01 -1.545964341853058553e-02
9.157618881078770645e-01 -1.411827705488539683e-02
9.262711609534211021e-01 -1.275826485764669505e-02
9.367886278863364335e-01 -1.132514320399994646e-02
9.473131200147204556e-01 -9.757896822733608949e-03
9.578434676659028923e-01 -8.053385007377338034e-03
9.683785005164411430e-01 -6.230116569797459168e-03
9.789170477221889044e-01 -4.283161729744662007e-03
9.894579380484205267e-01 -2.203030111199948907e-03
9.999999999999998890e-01 -8.209942188222091076e-08
