9.999999999999998890e-01 6.295584195264948210e-05
9.894579380484205267e-01 2.927509478031218790e-03
9.789170477221889044e-01 6.124919246608536913e-03
9.683785005164411430e-01 9.277007221928335393e-03
9.578434676659028923e-01 1.234513208324506360e-02
9.473131200147204556e-01 1.535260231324054626e-02
9.367886278863364335e-01 1.830129334320777790e-02
9.262711609534211021e-01 2.119614862859465002e-02
9.157618881078770645e-01 2.405723443456245225e-02
9.052619773309316109e-01 2.690456817490981603e-02
8.947725955633289985e-01 2.975407717873815652e-02
8.842949085756387495e-01 3.261751041510127513e-02
8.738300808386934015e-01 3.550058615534246176e-02
8.633792753941731402e-01 3.840379126114968483e-02
8.529436537253458628e-01 4.132139959566281939e-02
8.425243756279822138e-01 4.424926699992988433e-02
8.321225990814590245e-01 4.718547159070772545e-02
8.217394801200630372e-01 5.012712969782141120e-02
8.113761727045106786e-01 5.307039030480130426e-02
8.010338285937002034e-01 5.601235017735390481e-02
7.907135972167069760e-01 5.895088205755696226e-02
7.804166255450371015e-01 6.188367257455634762e-02
7.701440579651563922e-01 6.480827056832252908e-02
7.598970361513051053e-01 6.772225203077208988e-02
7.496766989386134394e-01 7.062325780867180491e-02
7.394841821965345563e-01 7.350930787896906016e-02
7.293206187026060050e-01 7.637832926494775299e-02
7.191871380165538730e-01 7.922649615373587861e-02
7.090848663547572039e-01 8.204910227136588685e-02
6.990149264650814542e-01 8.484045739619612558e-02
6.889784375020977514e-01 8.759466282575829876e-02
6.789765149027036095e-01 9.030631000528510643e-02
6.690102702621547603e-01 9.297015109405110111e-02
6.590808112105230876e-01 9.558103866758811684e-02
6.491892412895989839e-01 9.813387184661742646e-02
6.393366598302444581e-01 1.006236153927726196e-01
6.295241618302156450e-01 1.030434429800227009e-01
6.197528378324663745e-01 1.053821296060030999e-01
6.100237738039482327e-01 1.076273071666008774e-01
6.003380510149177729e-01 1.097656585548580088e-01
5.906967459187653091e-01 1.117867936660414258e-01
5.811009300323815019e-01 1.136855505845622005e-01
5.715516698170692855e-01 1.154594911961950576e-01
5.620500265600203438e-01 1.171093377160650900e-01
5.525970562563653488e-01 1.186356126598119010e-01
5.431938094918128401e-01 1.200384060522825258e-01
5.338413313258880688e-01 1.213202031130538594e-01
5.245406611757882365e-01 1.224859260349405177e-01
5.152928327008634568e-01 1.235400485600838399e-01
5.060988736877365390e-01 1.244865804768136019e-01
4.969598059360780251e-01 1.253297345132700635e-01
4.878766451450451402e-01 1.260738585969387593e-01
4.788504008003974244e-01 1.267230571456036403e-01
4.698820760623064752e-01 1.272812916566708474e-01
4.609726676538650203e-01 1.277525858863834407e-01
4.521231657503131940e-01 1.281409607880664436e-01
4.433345538689928977e-01 1.284501888660965763e-01
4.346078087600411255e-01 1.286839683352109520e-01
4.259439002978354649e-01 1.288461771340169426e-01
4.173437913732044313e-01 1.289405815131584032e-01
4.088084377864137364e-01 1.289701278415336105e-01
4.003387881409395943e-01 1.289371373072609739e-01
3.919357837380436083e-01 1.288424471475306254e-01
3.836003584721576765e-01 1.286866595941911218e-01
3.753334387270930161e-01 1.284707630163406111e-01
3.671359432730831873e-01 1.281957885302598410e-01
3.590087831646743277e-01 1.278626793397085737e-01
3.509528616394713696e-01 1.274724207580751889e-01
3.429690740177547825e-01 1.270261213074102280e-01
3.350583076029753915e-01 1.265249137366576682e-01
3.272214415831418144e-01 1.259699459948817324e-01
3.194593469331089564e-01 1.253624045868416970e-01
3.117728863177794407e-01 1.247035335074175577e-01
3.041629139962280792e-01 1.239946118058165569e-01
2.966302757267624823e-01 1.232369583038940702e-01
2.891758086729252497e-01 1.224319143408704597e-01
2.818003413104546162e-01 1.215808459973995309e-01
2.745046933352085494e-01 1.206851808247191710e-01
2.672896755720651774e-01 1.197463997121989698e-01
2.601560898848094272e-01 1.187659533459432121e-01
2.531047290870154232e-01 1.177452828794056522e-01
2.461363768539343022e-01 1.166860115546930615e-01
2.392518076353984391e-01 1.155897739162815435e-01
2.324517865697500740e-01 1.144571920591756636e-01
2.257370693988056676e-01 1.132883227402051995e-01
2.191084023838638650e-01 1.120831451602487955e-01
2.125665222227673956e-01 1.108416516839735577e-01
2.061121559680280102e-01 1.095641188958593609e-01
1.997460209460230063e-01 1.082509644170245866e-01
1.934688246772731102e-01 1.069027712438794381e-01
1.872812647978095990e-01 1.055202077962940910e-01
1.811840289816407656e-01 1.041040811463950500e-01
1.751777948643248317e-01 1.026553202828449501e-01
1.692632299676588570e-01 1.011751480719600416e-01
1.634409916254914164e-01 9.966466301321645627e-02
1.577117269106679265e-01 9.812443397056959393e-02
1.520760725631161714e-01 9.655495333811875414e-02
1.465346549190801317e-01 9.495675341777683187e-02
1.410880898415101115e-01 9.333050836841794151e-02
1.357369826516168221e-01 9.167716192250313645e-02
1.304819280615971966e-01 8.999786543776658321e-02
1.253235101085391490e-01 8.829406003653567092e-02
1.202623020895129402e-01 8.656719942764565245e-02
1.152988664978553679e-01 8.481873319612823203e-02
1.104337549606562163e-01 8.305059433979276873e-02
1.056675081774507419e-01 8.126522769297421511e-02
1.010006558601274085e-01 7.946392800872500994e-02
9.643371667405697956e-02 7.764677768899830301e-02
9.196719818044885031e-02 7.581296569192660928e-02
8.760159677994161509e-02 7.396106221128802283e-02
8.333739765743386485e-02 7.209068155008444001e-02
7.917507472816209813e-02 7.020222804945919215e-02
7.511509058502996439e-02 6.829658412231258413e-02
7.115789644719716645e-02 6.637496092552566673e-02
6.730393210993146358e-02 6.443904059306194976e-02
6.355362589573076981e-02 6.249086209229159916e-02
5.990739460672012129e-02 6.053331373193272802e-02
5.636564347832906385e-02 5.856949825683204630e-02
5.292876613425423482e-02 5.660178862683534762e-02
4.959714454271368922e-02 5.463147314387189341e-02
4.637114897399441382e-02 5.265608146923608790e-02
4.325113795930202176e-02 5.067291605008321376e-02
4.023745825091396000e-02 4.868234587339372033e-02
3.733044478364233587e-02 4.668567371077801675e-02
3.453042063760936031e-02 4.468489019211602242e-02
3.183769700234129196e-02 4.268303967778140640e-02
2.925257314218321358e-02 4.068549839916293237e-02
2.677533636303963682e-02 3.869756638355711931e-02
2.440626198044326678e-02 3.672364532614623422e-02
2.214561328895736647e-02 3.477037028809523700e-02
1.999364153291383062e-02 3.284825123252663182e-02
1.795058587848985532e-02 3.095407305601858422e-02
1.601667338712764455e-02 2.906394037167145741e-02
1.419211899029970692e-02 2.716143648367574243e-02
1.247712546562085301e-02 2.524171308256039498e-02
1.087188341431266636e-02 2.330405930844877543e-02
9.376571240020115106e-03 2.135216125365722514e-02
7.991355128984078959e-03 1.940485452898885188e-02
6.716389031571567969e-03 1.749304729329831387e-02
5.551814645166519568e-03 1.563044114448208094e-02
4.497761398421062928e-03 1.382158852447207091e-02
3.554346436871580472e-03 1.211675208427970794e-02
2.721674609919344512e-03 1.057905698884370298e-02
1.999838459177394334e-03 9.126813188519843079e-03
1.388918208186096237e-03 7.614921418709729405e-03
8.889817534969424173e-04 5.995078792525088129e-03
5.000846571264760954e-04 4.293096882887353222e-03
2.222701403818971855e-04 2.719040652634949380e-03
5.556907905679420168e-05 1.433053579985909881e-03
0.000000000000000000e+00 2.407508057673584797e-05
0.000000000000000000e+00 -1.040702610653853687e-05
5.556907905679420168e-05 -1.159618735424128343e-03
2.222701403818971855e-04 -2.397470034670513058e-03
5.000846571264760954e-04 -3.388591441523488602e-03
8.889817534969424173e-04 -4.184257994641968868e-03
1.388918208186096237e-03 -4.898166202488537894e-03
1.999838459177394334e-03 -5.597340413504960435e-03
2.721674609919344512e-03 -6.319171530202644105e-03
3.554346436871580472e-03 -7.051833846946359806e-03
4.497761398421062928e-03 -7.785876700371798485e-03
5.551814645166519568e-03 -8.529075720962574908e-03
6.716389031571567969e-03 -9.285343452201305636e-03
7.991355128984078959e-03 -1.004946248057499332e-02
9.376571240020115106e-03 -1.081758745790236190e-02
1.087188341431266636e-02 -1.158875735016536013e-02
1.247712546562085301e-02 -1.236119080167606341e-02
1.419211899029970692e-02 -1.313193294608178650e-02
1.601667338712764455e-02 -1.389752660162341114e-02
1.795058587848985532e-02 -1.465411567038517673e-02
1.999364153291383062e-02 -1.539814711434104449e-02
2.214561328895736647e-02 -1.612659263537594145e-02
2.440626198044326678e-02 -1.683975562493493852e-02
2.677533636303963682e-02 -1.754022117263311781e-02
2.925257314218321358e-02 -1.823096625604408993e-02
3.183769700234129196e-02 -1.891467080767759296e-02
3.453042063760936031e-02 -1.959010048134543838e-02
3.733044478364233587e-02 -2.025437403758953078e-02
4.023745825091396000e-02 -2.090596987432044584e-02
4.325113795930202176e-02 -2.154403208014014914e-02
4.637114897399441382e-02 -2.216835546195799686e-02
4.959714454271368922e-02 -2.277891269493194024e-02
5.292876613425423482e-02 -2.337552552937526701e-02
5.636564347832906385e-02 -2.395784098930719627e-02
5.990739460672012129e-02 -2.452502966814509508e-02
6.355362589573076981e-02 -2.507640797901938834e-02
6.730393210993146358e-02 -2.561203282485124272e-02
7.115789644719716645e-02 -2.613232735627624842e-02
7.511509058502996439e-02 -2.663827394802689361e-02
7.917507472816209813e-02 -2.713039856424750984e-02
8.333739765743386485e-02 -2.760812870962483026e-02
8.760159677994161509e-02 -2.807070697445340768e-02
9.196719818044885031e-02 -2.851729180384541054e-02
9.643371667405697956e-02 -2.894722757298834326e-02
1.010006558601274085e-01 -2.936014012875401771e-02
1.056675081774507419e-01 -2.975578699624610579e-02
1.104337549606562163e-01 -3.013409913153201544e-02
1.152988664978553679e-01 -3.049597632281911969e-02
1.202623020895129402e-01 -3.084327999613285451e-02
1.253235101085391490e-01 -3.117763699569815403e-02
1.304819280615971966e-01 -3.150055617053972024e-02
1.357369826516168221e-01 -3.181519136215315430e-02
1.410880898415101115e-01 -3.212542268121867245e-02
1.465346549190801317e-01 -3.243010143888957336e-02
1.520760725631161714e-01 -3.272460801971764643e-02
1.577117269106679265e-01 -3.300089457679748067e-02
1.634409916254914164e-01 -3.324913519082562524e-02
1.692632299676588570e-01 -3.345913551483476606e-02
1.751777948643248317e-01 -3.362048191276720971e-02
1.811840289816407656e-01 -3.372237128829791430e-02
1.872812647978095990e-01 -3.375848263100229840e-02
1.934688246772731102e-01 -3.374409458171698240e-02
1.997460209460230063e-01 -3.370024029709055985e-02
2.061121559680280102e-01 -3.364582615537723559e-02
2.125665222227673956e-01 -3.360221678695911318e-02
2.191084023838638650e-01 -3.360017735277207734e-02
2.257370693988056676e-01 -3.366405415432577319e-02
2.324517865697500740e-01 -3.379642619590028652e-02
2.392518076353984391e-01 -3.398897420603594344e-02
2.461363768539343022e-01 -3.421728174933046790e-02
2.531047290870154232e-01 -3.445554168678664070e-02
2.601560898848094272e-01 -3.467927490198105533e-02
2.672896755720651774e-01 -3.486342918190266094e-02
2.745046933352085494e-01 -3.498230796070772586e-02
2.818003413104546162e-01 -3.502743790942977609e-02
2.891758086729252497e-01 -3.501260046259076913e-02
2.966302757267624823e-01 -3.495073154051620695e-02
3.041629139962280792e-01 -3.485243132294441742e-02
3.117728863177794407e-01 -3.473200095633775103e-02
3.194593469331089564e-01 -3.460663234779296632e-02
3.272214415831418144e-01 -3.448417409342689061e-02
3.350583076029753915e-01 -3.436489194284517157e-02
3.429690740177547825e-01 -3.424602811394968083e-02
3.509528616394713696e-01 -3.412300276663605275e-02
3.590087831646743277e-01 -3.399144953411083192e-02
3.671359432730831873e-01 -3.384727496420827236e-02
3.753334387270930161e-01 -3.368743690987523187e-02
3.836003584721576765e-01 -3.350981653633985924e-02
3.919357837380436083e-01 -3.331502742051918597e-02
4.003387881409395943e-01 -3.310460186526659881e-02
4.088084377864137364e-01 -3.287945907079350971e-02
4.173437913732044313e-01 -3.264036472363801566e-02
4.259439002978354649e-01 -3.238825284638568308e-02
4.346078087600411255e-01 -3.212367976332615449e-02
4.433345538689928977e-01 -3.184575860032545780e-02
4.521231657503131940e-01 -3.155337458532377071e-02
4.609726676538650203e-01 -3.124564125646263693e-02
4.698820760623064752e-01 -3.092166221278265167e-02
4.788504008003974244e-01 -3.058042612457067405e-02
4.878766451450451402e-01 -3.022123195353646624e-02
4.969598059360780251e-01 -2.984401945753064125e-02
5.060988736877365390e-01 -2.944878411772449897e-02
5.152928327008634568e-01 -2.903549083809038589e-02
5.245406611757882365e-01 -2.860411019645761263e-02
5.338413313258880688e-01 -2.815461235013522884e-02
5.431938094918128401e-01 -2.768659225381474992e-02
5.525970562563653488e-01 -2.719920512605831023e-02
5.620500265600203438e-01 -2.669154422620777928e-02
5.715516698170692855e-01 -2.616267076591368562e-02
5.811009300323815019e-01 -2.561172140182145507e-02
5.906967459187653091e-01 -2.503791991764596492e-02
6.003380510149177729e-01 -2.444079426625711191e-02
6.100237738039482327e-01 -2.382010110188229751e-02
6.197528378324663745e-01 -2.317577961470937420e-02
6.295241618302156450e-01 -2.250780067677577226e-02
6.393366598302444581e-01 -2.181553376027789079e-02
6.491892412895989839e-01 -2.109788042493823679e-02
6.590808112105230876e-01 -2.035259463394557475e-02
6.690102702621547603e-01 -1.957697646847051873e-02
6.789765149027036095e-01 -1.876841384275667463e-02
6.889784375020977514e-01 -1.792430099125991508e-02
6.990149264650814542e-01 -1.704192395646548369e-02
7.090848663547572039e-01 -1.611829081996687604e-02
7.191871380165538730e-01 -1.514949398800200485e-02
7.293206187026060050e-01 -1.413208072753519527e-02
7.394841821965345563e-01 -1.306464062767837171e-02
7.496766989386134394e-01 -1.194930072098022121e-02
7.598970361513051053e-01 -1.079615082507538737e-02
7.701440579651563922e-01 -9.616074625524446973e-03
7.804166255450371015e-01 -8.419021506873737917e-03
7.907135972167069760e-01 -7.215172515221581276e-03
8.010338285937002034e-01 -6.015325204029136653e-03
8.113761727045106786e-01 -4.830298095842545936e-03
8.217394801200630372e-01 -3.670841004782584693e-03
8.321225990814590245e-01 -2.547459260472379090e-03
8.425243756279822138e-01 -1.470314572387403226e-03
8.529436537253458628e-01 -4.484134991288339037e-04
8.633792753941731402e-01 5.103126385492593288e-04
8.738300808386934015e-01 1.395732182448011349e-03
8.842949085756387495e-01 2.195675378610784448e-03
8.947725955633289985e-01 2.897422656745275542e-03
9.052619773309316109e-01 3.487564199380132918e-03
9.157618881078770645e-01 3.948956375323419907e-03
9.262711609534211021e-01 4.261868986299056569e-03
9.367886278863364335e-01 4.404392484322911666e-03
9.473131200147204556e-01 4.352437012024793286e-03
9.578434676659028923e-01 4.074290477070605619e-03
9.683785005164411430e-01 3.535721027992391307e-03
9.789170477221889044e-01 2.707476696570850373e-03
9.894579380484205267e-01 1.559625522170291845e-03
9.999999999999998890e-01 5.001609495750720653e-05
