9.999999999999998890e-01 -5.902404355449274363e-07
9.894579380484205267e-01 3.851001327897131486e-03
9.789170477221889044e-01 7.688601540976043244e-03
9.683785005164411430e-01 1.151378097883554857e-02
9.578434676659028923e-01 1.532430628666784159e-02
9.473131200147204556e-01 1.911872465247771782e-02
9.367886278863364335e-01 2.289982784984114644e-02
9.262711609534211021e-01 2.666794085775275880e-02
9.157618881078770645e-01 3.041625984369582258e-02
9.052619773309316109e-01 3.414602879226869003e-02
8.947725955633289985e-01 3.787554166124654925e-02
8.842949085756387495e-01 4.162216580971430518e-02
8.738300808386934015e-01 4.539859926706004550e-02
8.633792753941731402e-01 4.920953134208877477e-02
8.529436537253458628e-01 5.304940793310087416e-02
8.425243756279822138e-01 5.690958907692350577e-02
8.321225990814590245e-01 6.077905109684189622e-02
8.217394801200630372e-01 6.465281745183086570e-02
8.113761727045106786e-01 6.853170124875460067e-02
8.010338285937002034e-01 7.241525760645302345e-02
7.907135972167069760e-01 7.630197224473686535e-02
7.804166255450371015e-01 8.019186241523014458e-02
7.701440579651563922e-01 8.408577862982766216e-02
7.598970361513051053e-01 8.798238845747417824e-02
7.496766989386134394e-01 9.187693014498997390e-02
7.394841821965345563e-01 9.574740376954998800e-02
7.293206187026060050e-01 9.956690376516420804e-02
7.191871380165538730e-01 1.033295211001637043e-01
7.090848663547572039e-01 1.070381993368954843e-01
6.990149264650814542e-01 1.106986797627855096e-01
6.889784375020977514e-01 1.143174961651197696e-01
6.789765149027036095e-01 1.179006745106452730e-01
6.690102702621547603e-01 1.214532270965569538e-01
6.590808112105230876e-01 1.249770372359697151e-01
6.491892412895989839e-01 1.284615565563419770e-01
6.393366598302444581e-01 1.318617931276556410e-01
6.295241618302156450e-01 1.351392889347872717e-01
6.197528378324663745e-01 1.382868881986754062e-01
6.100237738039482327e-01 1.413071556908973569e-01
6.003380510149177729e-01 1.442128777251691363e-01
5.906967459187653091e-01 1.470154670083513582e-01
5.811009300323815019e-01 1.497219959637003106e-01
5.715516698170692855e-01 1.523445239353747593e-01
5.620500265600203438e-01 1.549016633079006167e-01
5.525970562563653488e-01 1.573730647395185644e-01
5.431938094918128401e-01 1.596913780455094523e-01
5.338413313258880688e-01 1.618023640819492848e-01
5.245406611757882365e-01 1.636696271597370411e-01
5.152928327008634568e-01 1.652862578654367420e-01
5.060988736877365390e-01 1.666698688563155728e-01
4.969598059360780251e-01 1.678365953482648942e-01
4.878766451450451402e-01 1.688008393141789965e-01
4.788504008003974244e-01 1.695760661024239280e-01
4.698820760623064752e-01 1.701737901426179922e-01
4.609726676538650203e-01 1.705934373829861572e-01
4.521231657503131940e-01 1.708335181848997242e-01
4.433345538689928977e-01 1.709291028531867707e-01
4.346078087600411255e-01 1.709248244048089671e-01
4.259439002978354649e-01 1.708310446503430446e-01
4.173437913732044313e-01 1.706468373671710670e-01
4.088084377864137364e-01 1.703752288204491427e-01
4.003387881409395943e-01 1.700184725247865514e-01
3.919357837380436083e-01 1.695713937596211029e-01
3.836003584721576765e-01 1.690292862865526435e-01
3.753334387270930161e-01 1.683945913101628222e-01
3.671359432730831873e-01 1.676703606235313282e-01
3.590087831646743277e-01 1.668575531332320006e-01
3.509528616394713696e-01 1.659594925615078820e-01
3.429690740177547825e-01 1.649853863993361591e-01
3.350583076029753915e-01 1.639428848116195048e-01
3.272214415831418144e-01 1.628353679199930903e-01
3.194593469331089564e-01 1.616654720558520497e-01
3.117728863177794407e-01 1.604353823828173486e-01
3.041629139962280792e-01 1.591469784719874436e-01
2.966302757267624823e-01 1.578017958585866132e-01
2.891758086729252497e-01 1.564013932824189212e-01
2.818003413104546162e-01 1.549473941177744452e-01
2.745046933352085494e-01 1.534417116642139700e-01
2.672896755720651774e-01 1.518865737617889344e-01
2.601560898848094272e-01 1.502849813537399937e-01
2.531047290870154232e-01 1.486400502901285836e-01
2.461363768539343022e-01 1.469492821550985318e-01
2.392518076353984391e-01 1.452071129783242820e-01
2.324517865697500740e-01 1.434136356147637514e-01
2.257370693988056676e-01 1.415720323466762021e-01
2.191084023838638650e-01 1.396851794298624161e-01
2.125665222227673956e-01 1.377558444473367949e-01
2.061121559680280102e-01 1.357870794038112672e-01
1.997460209460230063e-01 1.337819312872455257e-01
1.934688246772731102e-01 1.317428721800003866e-01
1.872812647978095990e-01 1.296724506004765798e-01
1.811840289816407656e-01 1.275742872198596389e-01
1.751777948643248317e-01 1.254516598911057657e-01
1.692632299676588570e-01 1.233057198642749791e-01
1.634409916254914164e-01 1.211386680375012015e-01
1.577117269106679265e-01 1.189569426007580505e-01
1.520760725631161714e-01 1.167625099782999970e-01
1.465346549190801317e-01 1.145451080384258941e-01
1.410880898415101115e-01 1.122961289798864726e-01
1.357369826516168221e-01 1.100136912870852690e-01
1.304819280615971966e-01 1.076995711177292786e-01
1.253235101085391490e-01 1.053602326037521991e-01
1.202623020895129402e-01 1.030005827601740420e-01
1.152988664978553679e-01 1.006228314670381124e-01
1.104337549606562163e-01 9.823089786048772032e-02
1.056675081774507419e-01 9.583074527977440693e-02
1.010006558601274085e-01 9.342439854721791559e-02
9.643371667405697956e-02 9.100991013324631618e-02
9.196719818044885031e-02 8.858555777482531035e-02
8.760159677994161509e-02 8.615047263927338994e-02
8.333739765743386485e-02 8.371064458293377142e-02
7.917507472816209813e-02 8.127564988809388158e-02
7.511509058502996439e-02 7.884279875223663969e-02
7.115789644719716645e-02 7.640282824720956434e-02
6.730393210993146358e-02 7.395212025471745165e-02
6.355362589573076981e-02 7.149083114532753247e-02
5.990739460672012129e-02 6.902549163006319044e-02
5.636564347832906385e-02 6.656483271772156707e-02
5.292876613425423482e-02 6.411536013922793098e-02
4.959714454271368922e-02 6.167959196012021833e-02
4.637114897399441382e-02 5.924553367463494119e-02
4.325113795930202176e-02 5.680306755316053002e-02
4.023745825091396000e-02 5.436410452911025898e-02
3.733044478364233587e-02 5.194143542661250335e-02
3.453042063760936031e-02 4.953500756639674096e-02
3.183769700234129196e-02 4.714991074114920772e-02
2.925257314218321358e-02 4.481029729151958518e-02
2.677533636303963682e-02 4.252362064088628657e-02
2.440626198044326678e-02 4.025598593821809457e-02
2.214561328895736647e-02 3.797649255290825449e-02
1.999364153291383062e-02 3.566904989182186070e-02
1.795058587848985532e-02 3.333485142057908412e-02
1.601667338712764455e-02 3.099854427785876665e-02
1.419211899029970692e-02 2.868872415739580004e-02
1.247712546562085301e-02 2.643565203224368387e-02
1.087188341431266636e-02 2.424694665654828982e-02
9.376571240020115106e-03 2.210907826316700284e-02
7.991355128984078959e-03 2.006068570668111811e-02
6.716389031571567969e-03 1.817827202570729966e-02
5.551814645166519568e-03 1.640379499197798865e-02
4.497761398421062928e-03 1.458061221758246394e-02
3.554346436871580472e-03 1.258803846561606758e-02
2.721674609919344512e-03 1.035352127191830132e-02
1.999838459177394334e-03 8.019906519900083311e-03
1.388918208186096237e-03 5.826025918003867668e-03
8.889817534969424173e-04 3.882928087587230771e-03
5.000846571264760954e-04 2.249998854384106448e-03
2.222701403818971855e-04 1.017420045418530915e-03
5.556907905679420168e-05 2.701331004127556219e-04
0.000000000000000000e+00 1.219515066381396733e-05
0.000000000000000000e+00 -1.006030989771224631e-04
5.556907905679420168e-05 -2.743396872905260494e-04
2.222701403818971855e-04 -7.739733062884880188e-04
5.000846571264760954e-04 -1.596442962129615995e-03
8.889817534969424173e-04 -2.672823961994997069e-03
1.388918208186096237e-03 -3.930038379800858579e-03
1.999838459177394334e-03 -5.320395681243135153e-03
2.721674609919344512e-03 -6.754130838108881457e-03
3.554346436871580472e-03 -8.037298001668954917e-03
4.497761398421062928e-03 -9.054525774432076526e-03
5.551814645166519568e-03 -9.866661641725270673e-03
6.716389031571567969e-03 -1.057413202210733330e-02
7.991355128984078959e-03 -1.130710055002374578e-02
9.376571240020115106e-03 -1.211512417519981961e-02
1.087188341431266636e-02 -1.293774532573700904e-02
1.247712546562085301e-02 -1.374598349504834414e-02
1.419211899029970692e-02 -1.455407024155752280e-02
1.601667338712764455e-02 -1.535838961874598507e-02
1.795058587848985532e-02 -1.613636665568789208e-02
1.999364153291383062e-02 -1.686854821678662048e-02
2.214561328895736647e-02 -1.753982030083131929e-02
2.440626198044326678e-02 -1.815033732955552079e-02
2.677533636303963682e-02 -1.871163745294465719e-02
2.925257314218321358e-02 -1.924652507296674073e-02
3.183769700234129196e-02 -1.978032663702698063e-02
3.453042063760936031e-02 -2.030869619351200264e-02
3.733044478364233587e-02 -2.081542182744839514e-02
4.023745825091396000e-02 -2.129873969185804711e-02
4.325113795930202176e-02 -2.176054503968054624e-02
4.637114897399441382e-02 -2.219175371222198781e-02
4.959714454271368922e-02 -2.258538369385153233e-02
5.292876613425423482e-02 -2.295911936269075942e-02
5.636564347832906385e-02 -2.333241231275585970e-02
5.990739460672012129e-02 -2.370727542800168605e-02
6.355362589573076981e-02 -2.408204525445482164e-02
6.730393210993146358e-02 -2.445565193213601607e-02
7.115789644719716645e-02 -2.482711255816567181e-02
7.511509058502996439e-02 -2.519539161044537928e-02
7.917507472816209813e-02 -2.555941268650973111e-02
8.333739765743386485e-02 -2.591803259364271195e-02
8.760159677994161509e-02 -2.627012667853733524e-02
9.196719818044885031e-02 -2.661461371498817854e-02
9.643371667405697956e-02 -2.695032167405290655e-02
1.010006558601274085e-01 -2.727594679750407897e-02
1.056675081774507419e-01 -2.759032114667188743e-02
1.104337549606562163e-01 -2.789243866941601771e-02
1.152988664978553679e-01 -2.818096188718039949e-02
1.202623020895129402e-01 -2.845424161299989207e-02
1.253235101085391490e-01 -2.871125248308534217e-02
1.304819280615971966e-01 -2.895141971739407724e-02
1.357369826516168221e-01 -2.917284314253000208e-02
1.410880898415101115e-01 -2.937291471016249128e-02
1.465346549190801317e-01 -2.955184804648819039e-02
1.520760725631161714e-01 -2.971210808071396425e-02
1.577117269106679265e-01 -2.986066355629251115e-02
1.634409916254914164e-01 -3.000562216862534201e-02
1.692632299676588570e-01 -3.014711143440270552e-02
1.751777948643248317e-01 -3.028234643565945808e-02
1.811840289816407656e-01 -3.041134149447079563e-02
1.872812647978095990e-01 -3.053480732161353850e-02
1.934688246772731102e-01 -3.065206389355502187e-02
1.997460209460230063e-01 -3.076221210856211821e-02
2.061121559680280102e-01 -3.086507370989050383e-02
2.125665222227673956e-01 -3.096052413336696646e-02
2.191084023838638650e-01 -3.104805958900265853e-02
2.257370693988056676e-01 -3.112717563224248751e-02
2.324517865697500740e-01 -3.119756268919579925e-02
2.392518076353984391e-01 -3.125889615750299111e-02
2.461363768539343022e-01 -3.131074990030751487e-02
2.531047290870154232e-01 -3.135271276027404297e-02
2.601560898848094272e-01 -3.138442514960683438e-02
2.672896755720651774e-01 -3.140551597812142604e-02
2.745046933352085494e-01 -3.141558836174812575e-02
2.818003413104546162e-01 -3.141425418148034027e-02
2.891758086729252497e-01 -3.140113928741482957e-02
2.966302757267624823e-01 -3.137586538307254175e-02
3.041629139962280792e-01 -3.133804889275724342e-02
3.117728863177794407e-01 -3.128731098677908773e-02
3.194593469331089564e-01 -3.122327746765653222e-02
3.272214415831418144e-01 -3.114557454410212672e-02
3.350583076029753915e-01 -3.105382888576347505e-02
3.429690740177547825e-01 -3.094767046183786660e-02
3.509528616394713696e-01 -3.082673178620507631e-02
3.590087831646743277e-01 -3.069064911474924523e-02
3.671359432730831873e-01 -3.053906100369102594e-02
3.753334387270930161e-01 -3.037160807851973718e-02
3.836003584721576765e-01 -3.018793333488771144e-02
3.919357837380436083e-01 -2.998768860931516622e-02
4.003387881409395943e-01 -2.977052805851415629e-02
4.088084377864137364e-01 -2.953610054976429575e-02
4.173437913732044313e-01 -2.928406305631000434e-02
4.259439002978354649e-01 -2.901411320304772209e-02
4.346078087600411255e-01 -2.872590170620967567e-02
4.433345538689928977e-01 -2.841888395669768530e-02
4.521231657503131940e-01 -2.809377028461627901e-02
4.609726676538650203e-01 -2.775493388176350149e-02
4.698820760623064752e-01 -2.740578991026214328e-02
4.788504008003974244e-01 -2.704599405813146867e-02
4.878766451450451402e-01 -2.667501771365719462e-02
4.969598059360780251e-01 -2.629302493883626385e-02
5.060988736877365390e-01 -2.590002602410848218e-02
5.152928327008634568e-01 -2.549565171098139640e-02
5.245406611757882365e-01 -2.507975715852989868e-02
5.338413313258880688e-01 -2.465254424151953894e-02
5.431938094918128401e-01 -2.421384571737410576e-02
5.525970562563653488e-01 -2.376306723946112684e-02
5.620500265600203438e-01 -2.330033662547683834e-02
5.715516698170692855e-01 -2.282642305518729070e-02
5.811009300323815019e-01 -2.234054428435241005e-02
5.906967459187653091e-01 -2.184097136321979521e-02
6.003380510149177729e-01 -2.133069922466296342e-02
6.100237738039482327e-01 -2.081583954456849017e-02
6.197528378324663745e-01 -2.030036702376324109e-02
6.295241618302156450e-01 -1.978668141544503295e-02
6.393366598302444581e-01 -1.927486909340918320e-02
6.491892412895989839e-01 -1.876405114746216435e-02
6.590808112105230876e-01 -1.825444914612584651e-02
6.690102702621547603e-01 -1.774663492773017118e-02
6.789765149027036095e-01 -1.724060875774518359e-02
6.889784375020977514e-01 -1.673623725168452495e-02
6.990149264650814542e-01 -1.623366288312762945e-02
7.090848663547572039e-01 -1.573307953319829505e-02
7.191871380165538730e-01 -1.523458435411345277e-02
7.293206187026060050e-01 -1.473823373834276876e-02
7.394841821965345563e-01 -1.424402828075229527e-02
7.496766989386134394e-01 -1.375209098269494085e-02
7.598970361513051053e-01 -1.326287996360421377e-02
7.701440579651563922e-01 -1.277668871836444391e-02
7.804166255450371015e-01 -1.229335742811630411e-02
7.907135972167069760e-01 -1.181297483799686326e-02
8.010338285937002034e-01 -1.133615686297442804e-02
8.113761727045106786e-01 -1.086290556506074208e-02
8.217394801200630372e-01 -1.039227355267218454e-02
8.321225990814590245e-01 -9.924669719914678764e-03
8.425243756279822138e-01 -9.462146886071021515e-03
8.529436537253458628e-01 -9.003161672169216964e-03
8.633792753941731402e-01 -8.542594683460734764e-03
8.738300808386934015e-01 -8.081251592212996757e-03
8.842949085756387495e-01 -7.624555083536257646e-03
8.947725955633289985e-01 -7.166481733825830550e-03
9.052619773309316109e-01 -6.691807353661789227e-03
9.157618881078770645e-01 -6.179620601581349223e-03
9.262711609534211021e-01 -5.607803699880728639e-03
9.367886278863364335e-01 -4.974381178336016902e-03
9.473131200147204556e-01 -4.286886739287757049e-03
9.578434676659028923e-01 -3.544438192625946893e-03
9.683785005164411430e-01 -2.743247871885361958e-03
9.789170477221889044e-01 -1.884578891958404740e-03
9.894579380484205267e-01 -9.706318109085397636e-04
9.999999999999998890e-01 8.769624655004401222e-07
