9.999999999999998890e-01 9.000000075720824763e-04
9.894579380484205267e-01 4.259135878361900406e-03
9.789170477221889044e-01 7.578915286657802834e-03
9.683785005164411430e-01 1.085915151140187662e-02
9.578434676659028923e-01 1.409967822780214090e-02
9.473131200147204556e-01 1.730034132411890566e-02
9.367886278863364335e-01 2.046100857684432506e-02
9.262711609534211021e-01 2.358156007862361250e-02
9.157618881078770645e-01 2.666189555512949935e-02
9.052619773309316109e-01 2.970192788214227192e-02
8.947725955633289985e-01 3.270158989190159737e-02
8.842949085756387495e-01 3.566082766599563275e-02
8.738300808386934015e-01 3.857960514360893323e-02
8.633792753941731402e-01 4.145790147199772402e-02
8.529436537253458628e-01 4.429571436018526348e-02
8.425243756279822138e-01 4.709305241728419661e-02
8.321225990814590245e-01 4.984993608175241481e-02
8.217394801200630372e-01 5.256640707837888227e-02
8.113761727045106786e-01 5.524252658577567809e-02
8.010338285937002034e-01 5.787835293337336567e-02
7.907135972167069760e-01 6.047389303597555665e-02
7.804166255450371015e-01 6.302855289835916641e-02
7.701440579651563922e-01 6.554133769863465520e-02
7.598970361513051053e-01 6.801129517827315951e-02
7.496766989386134394e-01 7.043750599622621011e-02
7.394841821965345563e-01 7.281908610662690684e-02
7.293206187026060050e-01 7.515517327566237360e-02
7.191871380165538730e-01 7.744493880829152188e-02
7.090848663547572039e-01 7.968758026433733765e-02
6.990149264650814542e-01 8.188236377928581611e-02
6.889784375020977514e-01 8.402850670657781296e-02
6.789765149027036095e-01 8.612491833758735560e-02
6.690102702621547603e-01 8.817043867777112076e-02
6.590808112105230876e-01 9.016395746726139915e-02
6.491892412895989839e-01 9.210439012148544102e-02
6.393366598302444581e-01 9.399069514584779128e-02
6.295241618302156450e-01 9.582188816688583244e-02
6.197528378324663745e-01 9.759710465122627132e-02
6.100237738039482327e-01 9.931546784263353689e-02
6.003380510149177729e-01 1.009760440149708172e-01
5.906967459187653091e-01 1.025782267943396719e-01
5.811009300323815019e-01 1.041219833780630821e-01
5.715516698170692855e-01 1.056075364828488045e-01
5.620500265600203438e-01 1.070353937376491427e-01
5.525970562563653488e-01 1.084060441464893693e-01
5.431938094918128401e-01 1.097199294146482818e-01
5.338413313258880688e-01 1.109775278892126266e-01
5.245406611757882365e-01 1.121793605946834332e-01
5.152928327008634568e-01 1.133259937107855692e-01
5.060988736877365390e-01 1.144180247687813512e-01
4.969598059360780251e-01 1.154559723904336893e-01
4.878766451450451402e-01 1.164401982803214414e-01
4.788504008003974244e-01 1.173699986538594420e-01
4.698820760623064752e-01 1.182440521701052655e-01
4.609726676538650203e-01 1.190612895064961790e-01
4.521231657503131940e-01 1.198207750532983284e-01
4.433345538689928977e-01 1.205215771615766179e-01
4.346078087600411255e-01 1.211628117807417859e-01
4.259439002978354649e-01 1.217438589485395350e-01
4.173437913732044313e-01 1.222641643701257996e-01
4.088084377864137364e-01 1.227230443658666181e-01
4.003387881409395943e-01 1.231199693380606031e-01
3.919357837380436083e-01 1.234551482241039999e-01
3.836003584721576765e-01 1.237296904340532966e-01
3.753334387270930161e-01 1.239469972661719488e-01
3.671359432730831873e-01 1.241107703102684728e-01
3.590087831646743277e-01 1.242243096369484712e-01
3.509528616394713696e-01 1.242908068047715864e-01
3.429690740177547825e-01 1.243133587090829023e-01
3.350583076029753915e-01 1.242950758383002119e-01
3.272214415831418144e-01 1.242391107631621167e-01
3.194593469331089564e-01 1.241482960117603201e-01
3.117728863177794407e-01 1.240249809879732795e-01
3.041629139962280792e-01 1.238720477919459384e-01
2.966302757267624823e-01 1.236929904129253494e-01
2.891758086729252497e-01 1.234878565548532536e-01
2.818003413104546162e-01 1.232528327058056844e-01
2.745046933352085494e-01 1.229827862395692639e-01
2.672896755720651774e-01 1.226716179893312109e-01
2.601560898848094272e-01 1.223142370054327160e-01
2.531047290870154232e-01 1.219063813139509012e-01
2.461363768539343022e-01 1.214440192991018408e-01
2.392518076353984391e-01 1.209233177352041499e-01
2.324517865697500740e-01 1.203410271465124581e-01
2.257370693988056676e-01 1.196942913344515719e-01
2.191084023838638650e-01 1.189808236195348257e-01
2.125665222227673956e-01 1.181986268211609875e-01
2.061121559680280102e-01 1.173458908986230176e-01
1.997460209460230063e-01 1.164211510591727783e-01
1.934688246772731102e-01 1.154243306584352285e-01
1.872812647978095990e-01 1.143565781929456043e-01
1.811840289816407656e-01 1.132223168878813413e-01
1.751777948643248317e-01 1.120266449835923411e-01
1.692632299676588570e-01 1.107740575086139101e-01
1.634409916254914164e-01 1.094688959376275278e-01
1.577117269106679265e-01 1.081154325488716955e-01
1.520760725631161714e-01 1.067179938400123762e-01
1.465346549190801317e-01 1.052810485263486057e-01
1.410880898415101115e-01 1.038073710417656143e-01
1.357369826516168221e-01 1.022963732783350455e-01
1.304819280615971966e-01 1.007471692983511885e-01
1.253235101085391490e-01 9.915903307067175376e-02
1.202623020895129402e-01 9.753158365247409367e-02
1.152988664978553679e-01 9.586491548089702552e-02
1.104337549606562163e-01 9.415971651476728876e-02
1.056675081774507419e-01 9.241731475729711431e-02
1.010006558601274085e-01 9.063879957263551446e-02
9.643371667405697956e-02 8.882518656071697327e-02
9.196719818044885031e-02 8.698078949269297255e-02
8.760159677994161509e-02 8.511261872971370712e-02
8.333739765743386485e-02 8.322712282001833162e-02
7.917507472816209813e-02 8.133045010149914100e-02
7.511509058502996439e-02 7.943028953145159221e-02
7.115789644719716645e-02 7.753356824644035139e-02
6.730393210993146358e-02 7.563342663605972238e-02
6.355362589573076981e-02 7.371625070456810924e-02
5.990739460672012129e-02 7.176864365717168515e-02
5.636564347832906385e-02 6.977809604404773547e-02
5.292876613425423482e-02 6.773636093881885145e-02
4.959714454271368922e-02 6.563785978798289400e-02
4.637114897399441382e-02 6.348248973185670330e-02
4.325113795930202176e-02 6.127376056654769421e-02
4.023745825091396000e-02 5.902285922014944425e-02
3.733044478364233587e-02 5.674286491192171572e-02
3.453042063760936031e-02 5.444720937627143403e-02
3.183769700234129196e-02 5.214759762698598089e-02
2.925257314218321358e-02 4.985122423750884546e-02
2.677533636303963682e-02 4.756895023157024782e-02
2.440626198044326678e-02 4.532057428273829347e-02
2.214561328895736647e-02 4.310369153156506927e-02
1.999364153291383062e-02 4.087475474455598556e-02
1.795058587848985532e-02 3.858754272750868769e-02
1.601667338712764455e-02 3.619865974037683037e-02
1.419211899029970692e-02 3.368550426267781506e-02
1.247712546562085301e-02 3.105150687454935610e-02
1.087188341431266636e-02 2.831003424186134473e-02
9.376571240020115106e-03 2.548372520304537786e-02
7.991355128984078959e-03 2.260530665548482476e-02
6.716389031571567969e-03 1.971630760510709873e-02
5.551814645166519568e-03 1.686160897339619366e-02
4.497761398421062928e-03 1.408847099369490118e-02
3.554346436871580472e-03 1.144524903913044130e-02
2.721674609919344512e-03 8.980579672539614963e-03
1.999838459177394334e-03 6.739743553470308075e-03
1.388918208186096237e-03 4.765469306917870067e-03
8.889817534969424173e-04 3.094858638401568399e-03
5.000846571264760954e-04 1.761110447217643753e-03
2.222701403818971855e-04 7.889685329885178216e-04
5.556907905679420168e-05 1.982627390139918137e-04
0.000000000000000000e+00 -3.347651689653475012e-09
0.000000000000000000e+00 3.684876855178112611e-09
5.556907905679420168e-05 -1.593030471413745333e-04
2.222701403818971855e-04 -6.335807657696462770e-04
5.000846571264760954e-04 -1.413250466814821834e-03
8.889817534969424173e-04 -2.480785583449140238e-03
1.388918208186096237e-03 -3.814343287508694790e-03
1.999838459177394334e-03 -5.384762318458882931e-03
2.721674609919344512e-03 -7.159257770038745042e-03
3.554346436871580472e-03 -9.099618884665983121e-03
4.497761398421062928e-03 -1.116544257648932441e-02
5.551814645166519568e-03 -1.331358369208742419e-02
6.716389031571567969e-03 -1.550029985523050137e-02
7.991355128984078959e-03 -1.768145075178959372e-02
9.376571240020115106e-03 -1.981560749667273663e-02
1.087188341431266636e-02 -2.186516883102974582e-02
1.247712546562085301e-02 -2.379718046051530062e-02
1.419211899029970692e-02 -2.558419262272777425e-02
1.601667338712764455e-02 -2.721079863028939838e-02
1.795058587848985532e-02 -2.867343827386929431e-02
1.999364153291383062e-02 -2.997936131724874068e-02
2.214561328895736647e-02 -3.114667022954410031e-02
2.440626198044326678e-02 -3.222515096801939483e-02
2.677533636303963682e-02 -3.328244372241531690e-02
2.925257314218321358e-02 -3.435324670464279251e-02
3.183769700234129196e-02 -3.545087782695700157e-02
3.453042063760936031e-02 -3.656902563840511156e-02
3.733044478364233587e-02 -3.769308649972697572e-02
4.023745825091396000e-02 -3.881436372369514998e-02
4.325113795930202176e-02 -3.992532532786442073e-02
4.637114897399441382e-02 -4.101216422459251498e-02
4.959714454271368922e-02 -4.205949815760930133e-02
5.292876613425423482e-02 -4.305403275042662264e-02
5.636564347832906385e-02 -4.398643526308468332e-02
5.990739460672012129e-02 -4.485946504428413306e-02
6.355362589573076981e-02 -4.567877354905063025e-02
6.730393210993146358e-02 -4.645061543409809146e-02
7.115789644719716645e-02 -4.718372201456406956e-02
7.511509058502996439e-02 -4.789256649452226788e-02
7.917507472816209813e-02 -4.858866617523840276e-02
8.333739765743386485e-02 -4.927575103962701653e-02
8.760159677994161509e-02 -4.995398746529649409e-02
9.196719818044885031e-02 -5.061909353107007375e-02
9.643371667405697956e-02 -5.126705238226763467e-02
1.010006558601274085e-01 -5.189485324375604086e-02
1.056675081774507419e-01 -5.249976396103745585e-02
1.104337549606562163e-01 -5.307933104313507927e-02
1.152988664978553679e-01 -5.363195891390383496e-02
1.202623020895129402e-01 -5.415689809254727038e-02
1.253235101085391490e-01 -5.465322906413974668e-02
1.304819280615971966e-01 -5.511987642085167116e-02
1.357369826516168221e-01 -5.555607422853826166e-02
1.410880898415101115e-01 -5.596129824553029708e-02
1.465346549190801317e-01 -5.633517448186094873e-02
1.520760725631161714e-01 -5.667740974927725633e-02
1.577117269106679265e-01 -5.698764689693316260e-02
1.634409916254914164e-01 -5.726548170510971369e-02
1.692632299676588570e-01 -5.751041353083133356e-02
1.751777948643248317e-01 -5.772194504458938447e-02
1.811840289816407656e-01 -5.789983086399874690e-02
1.872812647978095990e-01 -5.804393837230166497e-02
1.934688246772731102e-01 -5.815424559253864339e-02
1.997460209460230063e-01 -5.823082797662482851e-02
2.061121559680280102e-01 -5.827401165723671700e-02
2.125665222227673956e-01 -5.828428419311709047e-02
2.191084023838638650e-01 -5.826245402559442066e-02
2.257370693988056676e-01 -5.820946676959317528e-02
2.324517865697500740e-01 -5.812646216328529875e-02
2.392518076353984391e-01 -5.801472416186027187e-02
2.461363768539343022e-01 -5.787578412755583351e-02
2.531047290870154232e-01 -5.771130760691874778e-02
2.601560898848094272e-01 -5.752314880487416349e-02
2.672896755720651774e-01 -5.731336138971003524e-02
2.745046933352085494e-01 -5.708427649521633646e-02
2.818003413104546162e-01 -5.683832928780858940e-02
2.891758086729252497e-01 -5.657807325871748449e-02
2.966302757267624823e-01 -5.630645075627625090e-02
3.041629139962280792e-01 -5.602672744088756096e-02
3.117728863177794407e-01 -5.574035619967414312e-02
3.194593469331089564e-01 -5.544708225365676396e-02
3.272214415831418144e-01 -5.514624207731304295e-02
3.350583076029753915e-01 -5.483691266396688302e-02
3.429690740177547825e-01 -5.451826831992373501e-02
3.509528616394713696e-01 -5.418953579963049771e-02
3.590087831646743277e-01 -5.384979608379705796e-02
3.671359432730831873e-01 -5.349805760427284868e-02
3.753334387270930161e-01 -5.313338831847716492e-02
3.836003584721576765e-01 -5.275484915196940877e-02
3.919357837380436083e-01 -5.236128716971971686e-02
4.003387881409395943e-01 -5.195155417947888016e-02
4.088084377864137364e-01 -5.152493828782862828e-02
4.173437913732044313e-01 -5.108101916105600715e-02
4.259439002978354649e-01 -5.062001657244356856e-02
4.346078087600411255e-01 -5.014227749802783324e-02
4.433345538689928977e-01 -4.964801483953847766e-02
4.521231657503131940e-01 -4.913745516985060235e-02
4.609726676538650203e-01 -4.861094482025148100e-02
4.698820760623064752e-01 -4.806883753149451127e-02
4.788504008003974244e-01 -4.751145547046901202e-02
4.878766451450451402e-01 -4.693916906001259493e-02
4.969598059360780251e-01 -4.635245073083817807e-02
5.060988736877365390e-01 -4.575167612383253257e-02
5.152928327008634568e-01 -4.513704019667760109e-02
5.245406611757882365e-01 -4.450863400454005414e-02
5.338413313258880688e-01 -4.386642930389307582e-02
5.431938094918128401e-01 -4.321042904387096401e-02
5.525970562563653488e-01 -4.254068229850176130e-02
5.620500265600203438e-01 -4.185722974725192280e-02
5.715516698170692855e-01 -4.116010246329745992e-02
5.811009300323815019e-01 -4.044935175502486352e-02
5.906967459187653091e-01 -3.972504572130613337e-02
6.003380510149177729e-01 -3.898724804970657432e-02
6.100237738039482327e-01 -3.823601042673405864e-02
6.197528378324663745e-01 -3.747129657365539518e-02
6.295241618302156450e-01 -3.669302034463551437e-02
6.393366598302444581e-01 -3.590110981647372940e-02
6.491892412895989839e-01 -3.509549948134349506e-02
6.590808112105230876e-01 -3.427611777273450316e-02
6.690102702621547603e-01 -3.344289474887045949e-02
6.789765149027036095e-01 -3.259578308027091809e-02
6.889784375020977514e-01 -3.173473574222650251e-02
6.990149264650814542e-01 -3.085967246665278704e-02
7.090848663547572039e-01 -2.997060497493156395e-02
7.191871380165538730e-01 -2.906791996181260287e-02
7.293206187026060050e-01 -2.815210977086643820e-02
7.394841821965345563e-01 -2.722372454941858824e-02
7.496766989386134394e-01 -2.628333046462437775e-02
7.598970361513051053e-01 -2.533150640545553042e-02
7.701440579651563922e-01 -2.436883203090677366e-02
7.804166255450371015e-01 -2.339588487502470768e-02
7.907135972167069760e-01 -2.241327911717218985e-02
8.010338285937002034e-01 -2.142168926653843786e-02
8.113761727045106786e-01 -2.042154127043909612e-02
8.217394801200630372e-01 -1.941288182081914865e-02
8.321225990814590245e-01 -1.839567222224872817e-02
8.425243756279822138e-01 -1.736980633062699952e-02
8.529436537253458628e-01 -1.633519896524526088e-02
8.633792753941731402e-01 -1.529179094558945351e-02
8.738300808386934015e-01 -1.423951352155641836e-02
8.842949085756387495e-01 -1.317828893935914236e-02
8.947725955633289985e-01 -1.210804798702936474e-02
9.052619773309316109e-01 -1.102872906581852178e-02
9.157618881078770645e-01 -9.940281606908317469e-03
9.262711609534211021e-01 -8.842662740753053779e-03
9.367886278863364335e-01 -7.735837324845593749e-03
9.473131200147204556e-01 -6.619774510958837885e-03
9.578434676659028923e-01 -5.494445411473614441e-03
9.683785005164411430e-01 -4.359822990857396309e-03
9.789170477221889044e-01 -3.215886158535481015e-03
9.894579380484205267e-01 -2.062616724027564220e-03
9.999999999999998890e-01 -8.999999969533077366e-04
