9.999999999999998890e-01 -9.944903897344905598e-09
9.894579380484205267e-01 3.585715238924205243e-03
9.789170477221889044e-01 7.272639552690988475e-03
9.683785005164411430e-01 1.103359596855883057e-02
9.578434676659028923e-01 1.484111571901720883e-02
9.473131200147204556e-01 1.866781963442786310e-02
9.367886278863364335e-01 2.248674095266450790e-02
9.262711609534211021e-01 2.627079333861223609e-02
9.157618881078770645e-01 2.999246896807186355e-02
9.052619773309316109e-01 3.362497472591686326e-02
8.947725955633289985e-01 3.714320344692598197e-02
8.842949085756387495e-01 4.053646229208217322e-02
8.738300808386934015e-01 4.381664924006443279e-02
8.633792753941731402e-01 4.699698012761439198e-02
8.529436537253458628e-01 5.008975646383992397e-02
8.425243756279822138e-01 5.310736075107792831e-02
8.321225990814590245e-01 5.606233702426022258e-02
8.217394801200630372e-01 5.896720164050507640e-02
8.113761727045106786e-01 6.183439302853391273e-02
8.010338285937002034e-01 6.467565790402672599e-02
7.907135972167069760e-01 6.750114146403674020e-02
7.804166255450371015e-01 7.030799322766857762e-02
7.701440579651563922e-01 7.308469138201754978e-02
7.598970361513051053e-01 7.582051569971694216e-02
7.496766989386134394e-01 7.850527101473753211e-02
7.394841821965345563e-01 8.112858219858475051e-02
7.293206187026060050e-01 8.368007570760084557e-02
7.191871380165538730e-01 8.614995614849134398e-02
7.090848663547572039e-01 8.852862673915386227e-02
6.990149264650814542e-01 9.080633192639619988e-02
6.889784375020977514e-01 9.297554415238096226e-02
6.789765149027036095e-01 9.503859610920223355e-02
6.690102702621547603e-01 9.700054912794360551e-02
6.590808112105230876e-01 9.886669223049272814e-02
6.491892412895989839e-01 1.006423245542974604e-01
6.393366598302444581e-01 1.023326259152623902e-01
6.295241618302156450e-01 1.039426613187703213e-01
6.197528378324663745e-01 1.054772700403968227e-01
6.100237738039482327e-01 1.069414001561439648e-01
6.003380510149177729e-01 1.083402745918711774e-01
5.906967459187653091e-01 1.096779849412901492e-01
5.811009300323815019e-01 1.109566275562435811e-01
5.715516698170692855e-01 1.121775666208721933e-01
5.620500265600203438e-01 1.133414023490241507e-01
5.525970562563653488e-01 1.144489038318006052e-01
5.431938094918128401e-01 1.155011104269911687e-01
5.338413313258880688e-01 1.164989662867914055e-01
5.245406611757882365e-01 1.174433069545028491e-01
5.152928327008634568e-01 1.183350493095702005e-01
5.060988736877365390e-01 1.191751802965351076e-01
4.969598059360780251e-01 1.199646329146336066e-01
4.878766451450451402e-01 1.207042899514266521e-01
4.788504008003974244e-01 1.213949319164282503e-01
4.698820760623064752e-01 1.220372809350784293e-01
4.609726676538650203e-01 1.226320869292736176e-01
4.521231657503131940e-01 1.231801163665361826e-01
4.433345538689928977e-01 1.236821491796430278e-01
4.346078087600411255e-01 1.241389750185894897e-01
4.259439002978354649e-01 1.245514065246615537e-01
4.173437913732044313e-01 1.249202663253025647e-01
4.088084377864137364e-01 1.252463857794841595e-01
4.003387881409395943e-01 1.255306065645265812e-01
3.919357837380436083e-01 1.257738002538767996e-01
3.836003584721576765e-01 1.259768418370915410e-01
3.753334387270930161e-01 1.261405943881916403e-01
3.671359432730831873e-01 1.262659417967017528e-01
3.590087831646743277e-01 1.263538285961173513e-01
3.509528616394713696e-01 1.264051741475239465e-01
3.429690740177547825e-01 1.264208222849858843e-01
3.350583076029753915e-01 1.264016985974930618e-01
3.272214415831418144e-01 1.263488931379002922e-01
3.194593469331089564e-01 1.262633297413129074e-01
3.117728863177794407e-01 1.261456623833061008e-01
3.041629139962280792e-01 1.259969863735530826e-01
2.966302757267624823e-01 1.258188809005783004e-01
2.891758086729252497e-01 1.256098323754165080e-01
2.818003413104546162e-01 1.253648987137217785e-01
2.745046933352085494e-01 1.250785879668324663e-01
2.672896755720651774e-01 1.247451127054669817e-01
2.601560898848094272e-01 1.243594560735662435e-01
2.531047290870154232e-01 1.239172419987153995e-01
2.461363768539343022e-01 1.234145062502083334e-01
2.392518076353984391e-01 1.228475900161133672e-01
2.324517865697500740e-01 1.222132803582336030e-01
2.257370693988056676e-01 1.215087092896750265e-01
2.191084023838638650e-01 1.207317925285770893e-01
2.125665222227673956e-01 1.198807766969983701e-01
2.061121559680280102e-01 1.189537438725546403e-01
1.997460209460230063e-01 1.179492021513237898e-01
1.934688246772731102e-01 1.168681348374955575e-01
1.872812647978095990e-01 1.157132659198854135e-01
1.811840289816407656e-01 1.144913120565565767e-01
1.751777948643248317e-01 1.132096614125738809e-01
1.692632299676588570e-01 1.118744480278614228e-01
1.634409916254914164e-01 1.104915365753336987e-01
1.577117269106679265e-01 1.090667879909860555e-01
1.520760725631161714e-01 1.076059283523627119e-01
1.465346549190801317e-01 1.061143246234770576e-01
1.410880898415101115e-01 1.045918282950836081e-01
1.357369826516168221e-01 1.030275866323784872e-01
1.304819280615971966e-01 1.014105629552549126e-01
1.253235101085391490e-01 9.973148550855873151e-02
1.202623020895129402e-01 9.798223727410547423e-02
1.152988664978553679e-01 9.615612303165782526e-02
1.104337549606562163e-01 9.424809451791242576e-02
1.056675081774507419e-01 9.225491186024349644e-02
1.010006558601274085e-01 9.017358990033998156e-02
9.643371667405697956e-02 8.800200034289287765e-02
9.196719818044885031e-02 8.574988499571067901e-02
8.760159677994161509e-02 8.343674192787937927e-02
8.333739765743386485e-02 8.108122427240296859e-02
7.917507472816209813e-02 7.870108984043430733e-02
7.511509058502996439e-02 7.631309290942543677e-02
7.115789644719716645e-02 7.393123294052952876e-02
6.730393210993146358e-02 7.155156698877471189e-02
6.355362589573076981e-02 6.916165133490938255e-02
5.990739460672012129e-02 6.675118862777032480e-02
5.636564347832906385e-02 6.431125316427430127e-02
5.292876613425423482e-02 6.183546885808571120e-02
4.959714454271368922e-02 5.931986189240568558e-02
4.637114897399441382e-02 5.676736262336792849e-02
4.325113795930202176e-02 5.418479692963401595e-02
4.023745825091396000e-02 5.158622847407114825e-02
3.733044478364233587e-02 4.898658331191391158e-02
3.453042063760936031e-02 4.639830989438605002e-02
3.183769700234129196e-02 4.383282946496042803e-02
2.925257314218321358e-02 4.130016097979029299e-02
2.677533636303963682e-02 3.881088098801246250e-02
2.440626198044326678e-02 3.637706607154966854e-02
2.214561328895736647e-02 3.399924555653199149e-02
1.999364153291383062e-02 3.165731458282868005e-02
1.795058587848985532e-02 2.933302559422043196e-02
1.601667338712764455e-02 2.701420407943870561e-02
1.419211899029970692e-02 2.469639625243752815e-02
1.247712546562085301e-02 2.238433816743114896e-02
1.087188341431266636e-02 2.008721122359427222e-02
9.376571240020115106e-03 1.781846121116914539e-02
7.991355128984078959e-03 1.559518105528921728e-02
6.716389031571567969e-03 1.343761547301834669e-02
5.551814645166519568e-03 1.136733740780524436e-02
4.497761398421062928e-03 9.406838694208595822e-03
3.554346436871580472e-03 7.578676842768745751e-03
2.721674609919344512e-03 5.905255253041305670e-03
1.999838459177394334e-03 4.407344998681045518e-03
1.388918208186096237e-03 3.104484336198389677e-03
8.889817534969424173e-04 2.013518871087660936e-03
5.000846571264760954e-04 1.149463033824806328e-03
2.222701403818971855e-04 5.235009502474427838e-04
5.556907905679420168e-05 1.445879148634891137e-04
0.000000000000000000e+00 1.766702867956127448e-05
0.000000000000000000e+00 2.897640860097975035e-09
5.556907905679420168e-05 -1.139497275329366623e-04
2.222701403818971855e-04 -4.528468209365284127e-04
5.000846571264760954e-04 -1.008875481530058455e-03
8.889817534969424173e-04 -1.767790103100063846e-03
1.388918208186096237e-03 -2.711854552338206943e-03
1.999838459177394334e-03 -3.817417792965223031e-03
2.721674609919344512e-03 -5.057974535464008874e-03
3.554346436871580472e-03 -6.402803778565837114e-03
4.497761398421062928e-03 -7.819534696118596306e-03
5.551814645166519568e-03 -9.273772463251197390e-03
6.716389031571567969e-03 -1.073099696211396795e-02
7.991355128984078959e-03 -1.215690689114405122e-02
9.376571240020115106e-03 -1.351970768363611360e-02
1.087188341431266636e-02 -1.479109027359309068e-02
1.247712546562085301e-02 -1.594751168295739305e-02
1.419211899029970692e-02 -1.697100024272913538e-02
1.601667338712764455e-02 -1.785364779052136044e-02
1.795058587848985532e-02 -1.859754458959991461e-02
1.999364153291383062e-02 -1.921617860023146218e-02
2.214561328895736647e-02 -1.973382946302914762e-02
2.440626198044326678e-02 -2.019913728016824520e-02
2.677533636303963682e-02 -2.067330536008548519e-02
2.925257314218321358e-02 -2.118122768483679530e-02
3.183769700234129196e-02 -2.172577451757492367e-02
3.453042063760936031e-02 -2.229976856053594511e-02
3.733044478364233587e-02 -2.289157908354462131e-02
4.023745825091396000e-02 -2.349086773565076461e-02
4.325113795930202176e-02 -2.408644174099888735e-02
4.637114897399441382e-02 -2.465986634232462948e-02
4.959714454271368922e-02 -2.519119251955599659e-02
5.292876613425423482e-02 -2.566418602963094556e-02
5.636564347832906385e-02 -2.606779019389749569e-02
5.990739460672012129e-02 -2.640580295348781900e-02
6.355362589573076981e-02 -2.668500929255308851e-02
6.730393210993146358e-02 -2.691127096990041448e-02
7.115789644719716645e-02 -2.709259437606956547e-02
7.511509058502996439e-02 -2.724259522362327060e-02
7.917507472816209813e-02 -2.737148469554534502e-02
8.333739765743386485e-02 -2.748083292854480719e-02
8.760159677994161509e-02 -2.756995707410200835e-02
9.196719818044885031e-02 -2.763612838595202667e-02
9.643371667405697956e-02 -2.767678638093234306e-02
1.010006558601274085e-01 -2.768989819631168664e-02
1.056675081774507419e-01 -2.767351411613300921e-02
1.104337549606562163e-01 -2.762574880936037591e-02
1.152988664978553679e-01 -2.754502742472772492e-02
1.202623020895129402e-01 -2.743007847845794697e-02
1.253235101085391490e-01 -2.727947952431421935e-02
1.304819280615971966e-01 -2.709168611022600565e-02
1.357369826516168221e-01 -2.686541720469828171e-02
1.410880898415101115e-01 -2.659955398249308489e-02
1.465346549190801317e-01 -2.629264006610830887e-02
1.520760725631161714e-01 -2.594327495260825150e-02
1.577117269106679265e-01 -2.555232836646173511e-02
1.634409916254914164e-01 -2.512204859595542142e-02
1.692632299676588570e-01 -2.465621712625909456e-02
1.751777948643248317e-01 -2.415926417704170742e-02
1.811840289816407656e-01 -2.363562112098454432e-02
1.872812647978095990e-01 -2.309005979658387483e-02
1.934688246772731102e-01 -2.252894601941188291e-02
1.997460209460230063e-01 -2.195866468226806770e-02
2.061121559680280102e-01 -2.138388291694416632e-02
2.125665222227673956e-01 -2.080785186240399071e-02
2.191084023838638650e-01 -2.023064305315459832e-02
2.257370693988056676e-01 -1.965200570242337658e-02
2.324517865697500740e-01 -1.907249237126041469e-02
2.392518076353984391e-01 -1.849261817133474733e-02
2.461363768539343022e-01 -1.791253300323747757e-02
2.531047290870154232e-01 -1.733243820099845262e-02
2.601560898848094272e-01 -1.675271608807296989e-02
2.672896755720651774e-01 -1.617370536815317811e-02
2.745046933352085494e-01 -1.559564924918404628e-02
2.818003413104546162e-01 -1.501882207795627276e-02
2.891758086729252497e-01 -1.444354752755694880e-02
2.966302757267624823e-01 -1.387011509675781934e-02
3.041629139962280792e-01 -1.329884682751896786e-02
3.117728863177794407e-01 -1.273151872593756770e-02
3.194593469331089564e-01 -1.217126121482456011e-02
3.272214415831418144e-01 -1.162150644684325877e-02
3.350583076029753915e-01 -1.108588905671976238e-02
3.429690740177547825e-01 -1.056813292030840158e-02
3.509528616394713696e-01 -1.007205933109917018e-02
3.590087831646743277e-01 -9.601889913548246336e-03
3.671359432730831873e-01 -9.162041960150600628e-03
3.753334387270930161e-01 -8.756759485852064553e-03
3.836003584721576765e-01 -8.390376421302367729e-03
3.919357837380436083e-01 -8.068277363326943619e-03
4.003387881409395943e-01 -7.795694744403225407e-03
4.088084377864137364e-01 -7.575066345735697974e-03
4.173437913732044313e-01 -7.407278769927111428e-03
4.259439002978354649e-01 -7.290433927166654025e-03
4.346078087600411255e-01 -7.222083041282916123e-03
4.433345538689928977e-01 -7.200369716051784573e-03
4.521231657503131940e-01 -7.223371602212909880e-03
4.609726676538650203e-01 -7.288621258010411982e-03
4.698820760623064752e-01 -7.393544786796398156e-03
4.788504008003974244e-01 -7.535542200841658517e-03
4.878766451450451402e-01 -7.711906552327764397e-03
4.969598059360780251e-01 -7.919725217833087361e-03
5.060988736877365390e-01 -8.155837756571729727e-03
5.152928327008634568e-01 -8.416710699146843708e-03
5.245406611757882365e-01 -8.698569776232711534e-03
5.338413313258880688e-01 -8.997351396357274045e-03
5.431938094918128401e-01 -9.308849579786802886e-03
5.525970562563653488e-01 -9.628712774729580176e-03
5.620500265600203438e-01 -9.952491227617264388e-03
5.715516698170692855e-01 -1.027562979539543842e-02
5.811009300323815019e-01 -1.059328935848609723e-02
5.906967459187653091e-01 -1.090041911839047944e-02
6.003380510149177729e-01 -1.119223237557287649e-02
6.100237738039482327e-01 -1.146438301403719315e-02
6.197528378324663745e-01 -1.171510798824480434e-02
6.295241618302156450e-01 -1.194411701378740587e-02
6.393366598302444581e-01 -1.215078047009360111e-02
6.491892412895989839e-01 -1.233432035548982612e-02
6.590808112105230876e-01 -1.249414649799579675e-02
6.690102702621547603e-01 -1.262972180220450942e-02
6.789765149027036095e-01 -1.274037516053106583e-02
6.889784375020977514e-01 -1.282542781060671405e-02
6.990149264650814542e-01 -1.288437200636997036e-02
7.090848663547572039e-01 -1.291636198236789483e-02
7.191871380165538730e-01 -1.291912333813831013e-02
7.293206187026060050e-01 -1.289003766103300787e-02
7.394841821965345563e-01 -1.282644474301904147e-02
7.496766989386134394e-01 -1.272560560050747108e-02
7.598970361513051053e-01 -1.258460296621089457e-02
7.701440579651563922e-01 -1.240063561620654772e-02
7.804166255450371015e-01 -1.217120048935833171e-02
7.907135972167069760e-01 -1.189340991587942847e-02
8.010338285937002034e-01 -1.156370131859733690e-02
8.113761727045106786e-01 -1.118217001464187968e-02
8.217394801200630372e-01 -1.075445524271960267e-02
8.321225990814590245e-01 -1.028726736254034768e-02
8.425243756279822138e-01 -9.788096824390571035e-03
8.529436537253458628e-01 -9.264503019536641723e-03
8.633792753941731402e-01 -8.724054092746484287e-03
8.738300808386934015e-01 -8.174088594338426925e-03
8.842949085756387495e-01 -7.621816613086449671e-03
8.947725955633289985e-01 -7.075537613754523565e-03
9.052619773309316109e-01 -6.543094591446791015e-03
9.157618881078770645e-01 -6.017953512380084906e-03
9.262711609534211021e-01 -5.484309139776389827e-03
9.367886278863364335e-01 -4.924456419933692652e-03
9.473131200147204556e-01 -4.319853375262683141e-03
9.578434676659028923e-01 -3.652623105944205906e-03
9.683785005164411430e-01 -2.905110908671705398e-03
9.789170477221889044e-01 -2.059216957866099370e-03
9.894579380484205267e-01 -1.096764761234429080e-03
9.999999999999998890e-01 -1.675550704039498559e-09
