9.999999999999998890e-01 5.000000143472073735e-03
9.894579380484205267e-01 6.743786747163328481e-03
9.789170477221889044e-01 8.484312165923046933e-03
9.683785005164411430e-01 1.022218759739224048e-02
9.578434676659028923e-01 1.195805793507131315e-02
9.473131200147204556e-01 1.369256041414873906e-02
9.367886278863364335e-01 1.542629263364045898e-02
9.262711609534211021e-01 1.715987161344940254e-02
9.157618881078770645e-01 1.889397280514990007e-02
9.052619773309316109e-01 2.062920095906702056e-02
8.947725955633289985e-01 2.236599816674591373e-02
8.842949085756387495e-01 2.410392215997149423e-02
8.738300808386934015e-01 2.584115609923106488e-02
8.633792753941731402e-01 2.757584352835492497e-02
8.529436537253458628e-01 2.930623758957642128e-02
8.425243756279822138e-01 3.103058118690971146e-02
8.321225990814590245e-01 3.274709846966242233e-02
8.217394801200630372e-01 3.445404222439893416e-02
8.113761727045106786e-01 3.614969571108145319e-02
8.010338285937002034e-01 3.783237886788465287e-02
7.907135972167069760e-01 3.950045797028262085e-02
7.804166255450371015e-01 4.115252082164139874e-02
7.701440579651563922e-01 4.278730423050385034e-02
7.598970361513051053e-01 4.440354660296579048e-02
7.496766989386134394e-01 4.599999173614620351e-02
7.394841821965345563e-01 4.757543145314096361e-02
7.293206187026060050e-01 4.912868319209979379e-02
7.191871380165538730e-01 5.065858252706724463e-02
7.090848663547572039e-01 5.216398548264300494e-02
6.990149264650814542e-01 5.364381823872780425e-02
6.889784375020977514e-01 5.509717523726957722e-02
6.789765149027036095e-01 5.652377915774205175e-02
6.690102702621547603e-01 5.792350760461314335e-02
6.590808112105230876e-01 5.929618536181376076e-02
6.491892412895989839e-01 6.064166079454214736e-02
6.393366598302444581e-01 6.195988591656632904e-02
6.295241618302156450e-01 6.325078016418549109e-02
6.197528378324663745e-01 6.451413847750996078e-02
6.100237738039482327e-01 6.574989097809662286e-02
6.003380510149177729e-01 6.695826611229971359e-02
5.906967459187653091e-01 6.813840980478869103e-02
5.811009300323815019e-01 6.928755983294211662e-02
5.715516698170692855e-01 7.040265765408311449e-02
5.620500265600203438e-01 7.148048937250554846e-02
5.525970562563653488e-01 7.251793399237065063e-02
5.431938094918128401e-01 7.351200789746777098e-02
5.338413313258880688e-01 7.445998942642799434e-02
5.245406611757882365e-01 7.535939974097362326e-02
5.152928327008634568e-01 7.620748895677169343e-02
5.060988736877365390e-01 7.700137301149559410e-02
4.969598059360780251e-01 7.773964161673110884e-02
4.878766451450451402e-01 7.842223622851209053e-02
4.788504008003974244e-01 7.905212722696614014e-02
4.698820760623064752e-01 7.963400368823711495e-02
4.609726676538650203e-01 8.017162678497075090e-02
4.521231657503131940e-01 8.066832894678689636e-02
4.433345538689928977e-01 8.112784334858230695e-02
4.346078087600411255e-01 8.155395365913607753e-02
4.259439002978354649e-01 8.194975033754867133e-02
4.173437913732044313e-01 8.231823531082786694e-02
4.088084377864137364e-01 8.266314321049265945e-02
4.003387881409395943e-01 8.298771693132138416e-02
3.919357837380436083e-01 8.329248375225378753e-02
3.836003584721576765e-01 8.357644692249253937e-02
3.753334387270930161e-01 8.383584847467559498e-02
3.671359432730831873e-01 8.406679057655933041e-02
3.590087831646743277e-01 8.426644110886413741e-02
3.509528616394713696e-01 8.443208221957984594e-02
3.429690740177547825e-01 8.456087074052454078e-02
3.350583076029753915e-01 8.465017369668925706e-02
3.272214415831418144e-01 8.469777392143665318e-02
3.194593469331089564e-01 8.470158221517148922e-02
3.117728863177794407e-01 8.465964269430117928e-02
3.041629139962280792e-01 8.457019460796526278e-02
2.966302757267624823e-01 8.443176385965842079e-02
2.891758086729252497e-01 8.424420971837727479e-02
2.818003413104546162e-01 8.400882535782532023e-02
2.745046933352085494e-01 8.372697152828662004e-02
2.672896755720651774e-01 8.340001037963461206e-02
2.601560898848094272e-01 8.302939049755213297e-02
2.531047290870154232e-01 8.261661717514102998e-02
2.461363768539343022e-01 8.216307449954222963e-02
2.392518076353984391e-01 8.167009841491953970e-02
2.324517865697500740e-01 8.113932518349170619e-02
2.257370693988056676e-01 8.057248261940924694e-02
2.191084023838638650e-01 7.997074131307080336e-02
2.125665222227673956e-01 7.933522212848179156e-02
2.061121559680280102e-01 7.866831776644035712e-02
1.997460209460230063e-01 7.797197240566966503e-02
1.934688246772731102e-01 7.724340885556685299e-02
1.872812647978095990e-01 7.647756164857247296e-02
1.811840289816407656e-01 7.566604249157193873e-02
1.751777948643248317e-01 7.480045326659047478e-02
1.692632299676588570e-01 7.387531914355617568e-02
1.634409916254914164e-01 7.288559139341693749e-02
1.577117269106679265e-01 7.182566382290710150e-02
1.520760725631161714e-01 7.069141865511634204e-02
1.465346549190801317e-01 6.948250028068247985e-02
1.410880898415101115e-01 6.820342613450519620e-02
1.357369826516168221e-01 6.686719657419222529e-02
1.304819280615971966e-01 6.548647850087455091e-02
1.253235101085391490e-01 6.407176005038209277e-02
1.202623020895129402e-01 6.263291600187774477e-02
1.152988664978553679e-01 6.117923805819444616e-02
1.104337549606562163e-01 5.971953583779675973e-02
1.056675081774507419e-01 5.826203143488348224e-02
1.010006558601274085e-01 5.681325652715348701e-02
9.643371667405697956e-02 5.537763520431542019e-02
9.196719818044885031e-02 5.395156077689593904e-02
8.760159677994161509e-02 5.252500062651986601e-02
8.333739765743386485e-02 5.109007044927842134e-02
7.917507472816209813e-02 4.964068784831841830e-02
7.511509058502996439e-02 4.817244518585715729e-02
7.115789644719716645e-02 4.668265390540118215e-02
6.730393210993146358e-02 4.517485940656309346e-02
6.355362589573076981e-02 4.365550473137891352e-02
5.990739460672012129e-02 4.212994522676175024e-02
5.636564347832906385e-02 4.060307354348983294e-02
5.292876613425423482e-02 3.907974017458908100e-02
4.959714454271368922e-02 3.756477435813585647e-02
4.637114897399441382e-02 3.606297215070486395e-02
4.325113795930202176e-02 3.457915445552760259e-02
4.023745825091396000e-02 3.311826841932932752e-02
3.733044478364233587e-02 3.168497756111014058e-02
3.453042063760936031e-02 3.028299080973140267e-02
3.183769700234129196e-02 2.891589734903839137e-02
2.925257314218321358e-02 2.758743829288225202e-02
2.677533636303963682e-02 2.630069674583397979e-02
2.440626198044326678e-02 2.505714839676784905e-02
2.214561328895736647e-02 2.384319771957455619e-02
1.999364153291383062e-02 2.261920384324092939e-02
1.795058587848985532e-02 2.135282006932094981e-02
1.601667338712764455e-02 2.002665765636125333e-02
1.419211899029970692e-02 1.863196168641078829e-02
1.247712546562085301e-02 1.716950615622278575e-02
1.087188341431266636e-02 1.564690781834045252e-02
9.376571240020115106e-03 1.407858345560776721e-02
7.991355128984078959e-03 1.248326728466466265e-02
6.716389031571567969e-03 1.088340123446480782e-02
5.551814645166519568e-03 9.303727399248368224e-03
4.497761398421062928e-03 7.770628024159542332e-03
3.554346436871580472e-03 6.310635898927276569e-03
2.721674609919344512e-03 4.950166973371198514e-03
1.999838459177394334e-03 3.713957598868240090e-03
1.388918208186096237e-03 2.625414416155485032e-03
8.889817534969424173e-04 1.704731175565371397e-03
5.000846571264760954e-04 9.699219400852120403e-04
2.222701403818971855e-04 4.344651107360407612e-04
5.556907905679420168e-05 1.091754244611611087e-04
0.000000000000000000e+00 -2.113446720322982850e-09
0.000000000000000000e+00 3.119454915861358983e-09
5.556907905679420168e-05 -1.095963148786224968e-04
2.222701403818971855e-04 -4.350839907335530394e-04
5.000846571264760954e-04 -9.676865840697047557e-04
8.889817534969424173e-04 -1.691451019048308786e-03
1.388918208186096237e-03 -2.586506791065542633e-03
1.999838459177394334e-03 -3.626322965482149056e-03
2.721674609919344512e-03 -4.781190062963066451e-03
3.554346436871580472e-03 -6.016731544467015733e-03
4.497761398421062928e-03 -7.296686843073196468e-03
5.551814645166519568e-03 -8.582447453540866314e-03
6.716389031571567969e-03 -9.835365963585055923e-03
7.991355128984078959e-03 -1.101721091323528724e-02
9.376571240020115106e-03 -1.209238317278090932e-02
1.087188341431266636e-02 -1.302894845114664461e-02
1.247712546562085301e-02 -1.380074709028724159e-02
1.419211899029970692e-02 -1.438833146913461904e-02
1.601667338712764455e-02 -1.478272373929170706e-02
1.795058587848985532e-02 -1.498547481370484692e-02
1.999364153291383062e-02 -1.501275093123439520e-02
2.214561328895736647e-02 -1.489395215572139088e-02
2.440626198044326678e-02 -1.468132723114985716e-02
2.677533636303963682e-02 -1.443833628050966364e-02
2.925257314218321358e-02 -1.418934410260709600e-02
3.183769700234129196e-02 -1.393612667056432809e-02
3.453042063760936031e-02 -1.367833646810780006e-02
3.733044478364233587e-02 -1.341482378699668764e-02
4.023745825091396000e-02 -1.314497677686725721e-02
4.325113795930202176e-02 -1.286819629913426785e-02
4.637114897399441382e-02 -1.258282017615028510e-02
4.959714454271368922e-02 -1.228697000930448376e-02
5.292876613425423482e-02 -1.197933933653010444e-02
5.636564347832906385e-02 -1.165902396483636805e-02
5.990739460672012129e-02 -1.132600120019050874e-02
6.355362589573076981e-02 -1.098041684615310570e-02
6.730393210993146358e-02 -1.062233573269572538e-02
7.115789644719716645e-02 -1.025179660057139522e-02
7.511509058502996439e-02 -9.868815283850187678e-03
7.917507472816209813e-02 -9.474065336931347669e-03
8.333739765743386485e-02 -9.069567999384268650e-03
8.760159677994161509e-02 -8.657781760767126189e-03
9.196719818044885031e-02 -8.241640611940524025e-03
9.643371667405697956e-02 -7.824560109611730652e-03
1.010006558601274085e-01 -7.410534734569324510e-03
1.056675081774507419e-01 -7.002127805943033148e-03
1.104337549606562163e-01 -6.600105986157372984e-03
1.152988664978553679e-01 -6.204795976714779296e-03
1.202623020895129402e-01 -5.816185564896275348e-03
1.253235101085391490e-01 -5.434258391324194373e-03
1.304819280615971966e-01 -5.058997532475895814e-03
1.357369826516168221e-01 -4.690248846550728982e-03
1.410880898415101115e-01 -4.327742636106123378e-03
1.465346549190801317e-01 -3.971034696410431948e-03
1.520760725631161714e-01 -3.619623633200768926e-03
1.577117269106679265e-01 -3.273417270806540207e-03
1.634409916254914164e-01 -2.932548780229919400e-03
1.692632299676588570e-01 -2.597262886452106952e-03
1.751777948643248317e-01 -2.267836696848764527e-03
1.811840289816407656e-01 -1.944465426911596607e-03
1.872812647978095990e-01 -1.627305793895204682e-03
1.934688246772731102e-01 -1.316470129345667347e-03
1.997460209460230063e-01 -1.012072448102774649e-03
2.061121559680280102e-01 -7.142830845861118964e-04
2.125665222227673956e-01 -4.233267651631085113e-04
2.191084023838638650e-01 -1.395577042572215560e-04
2.257370693988056676e-01 1.366648331824010202e-04
2.324517865697500740e-01 4.050355213149700205e-04
2.392518076353984391e-01 6.652554914313694610e-04
2.461363768539343022e-01 9.170210178390556053e-04
2.531047290870154232e-01 1.160040547908721634e-03
2.601560898848094272e-01 1.394046063390772363e-03
2.672896755720651774e-01 1.618778773771839758e-03
2.745046933352085494e-01 1.833990523720365655e-03
2.818003413104546162e-01 2.039446097649743640e-03
2.891758086729252497e-01 2.234926360618753102e-03
2.966302757267624823e-01 2.420227030889248680e-03
3.041629139962280792e-01 2.595170629264266070e-03
3.117728863177794407e-01 2.759813682931773048e-03
3.194593469331089564e-01 2.914430490555714511e-03
3.272214415831418144e-01 3.059355785745727311e-03
3.350583076029753915e-01 3.194967518057141836e-03
3.429690740177547825e-01 3.321674727784095296e-03
3.509528616394713696e-01 3.439915125343685071e-03
3.590087831646743277e-01 3.550212001262735648e-03
3.671359432730831873e-01 3.653133246804418297e-03
3.753334387270930161e-01 3.749231279473360691e-03
3.836003584721576765e-01 3.839084702068401665e-03
3.919357837380436083e-01 3.923478772951520706e-03
4.003387881409395943e-01 4.003177908090727738e-03
4.088084377864137364e-01 4.078442885511557141e-03
4.173437913732044313e-01 4.149257240712302466e-03
4.259439002978354649e-01 4.215112262420436101e-03
4.346078087600411255e-01 4.275412531313146393e-03
4.433345538689928977e-01 4.329703756654082122e-03
4.521231657503131940e-01 4.377521689068431324e-03
4.609726676538650203e-01 4.418288617783636130e-03
4.698820760623064752e-01 4.451437233801141570e-03
4.788504008003974244e-01 4.476470891460246522e-03
4.878766451450451402e-01 4.492829650388490727e-03
4.969598059360780251e-01 4.499813512164748189e-03
5.060988736877365390e-01 4.496987295483609835e-03
5.152928327008634568e-01 4.484382015249649064e-03
5.245406611757882365e-01 4.462239402693997728e-03
5.338413313258880688e-01 4.431031677075831371e-03
5.431938094918128401e-01 4.391209618900196801e-03
5.525970562563653488e-01 4.343181561911692301e-03
5.620500265600203438e-01 4.287404348175874284e-03
5.715516698170692855e-01 4.224385183410004838e-03
5.811009300323815019e-01 4.154636580396077299e-03
5.906967459187653091e-01 4.078676265654487820e-03
6.003380510149177729e-01 3.997055404974415339e-03
6.100237738039482327e-01 3.910352253210165260e-03
6.197528378324663745e-01 3.819184186203315127e-03
6.295241618302156450e-01 3.724193317506300973e-03
6.393366598302444581e-01 3.626038716738552888e-03
6.491892412895989839e-01 3.525392890226488034e-03
6.590808112105230876e-01 3.422963415616113794e-03
6.690102702621547603e-01 3.319471273064884126e-03
6.789765149027036095e-01 3.215632180982674979e-03
6.889784375020977514e-01 3.112178366545385790e-03
6.990149264650814542e-01 3.009924402166112671e-03
7.090848663547572039e-01 2.909450457657621926e-03
7.191871380165538730e-01 2.810383706556262347e-03
7.293206187026060050e-01 2.712113485238286121e-03
7.394841821965345563e-01 2.613975819592983477e-03
7.496766989386134394e-01 2.515280969642989545e-03
7.598970361513051053e-01 2.415299854469174761e-03
7.701440579651563922e-01 2.313330155313902091e-03
7.804166255450371015e-01 2.208737527732659769e-03
7.907135972167069760e-01 2.100780868196692498e-03
8.010338285937002034e-01 1.988535739442604412e-03
8.113761727045106786e-01 1.872130853357059123e-03
8.217394801200630372e-01 1.753288509221562902e-03
8.321225990814590245e-01 1.634006831666392134e-03
8.425243756279822138e-01 1.516468966436289919e-03
8.529436537253458628e-01 1.402897079432412425e-03
8.633792753941731402e-01 1.295536156155018730e-03
8.738300808386934015e-01 1.196518503092717589e-03
8.842949085756387495e-01 1.107903619631626533e-03
8.947725955633289985e-01 1.032156667326442805e-03
9.052619773309316109e-01 9.715324197718659162e-04
9.157618881078770645e-01 9.224693200859465517e-04
9.262711609534211021e-01 8.776615790732447166e-04
9.367886278863364335e-01 8.290897441265404188e-04
9.473131200147204556e-01 7.684200293834791756e-04
9.578434676659028923e-01 6.875531564397561503e-04
9.683785005164411430e-01 5.784662647771752564e-04
9.789170477221889044e-01 4.329676504891268409e-04
9.894579380484205267e-01 2.428351506365600851e-04
9.999999999999998890e-01 6.142879138026611015e-10
