9.999999999999998890e-01 1.846030293819790353e-04
9.894579380484205267e-01 1.443121552316258384e-03
9.789170477221889044e-01 2.698070475465789465e-03
9.683785005164411430e-01 3.950241705313613239e-03
9.578434676659028923e-01 5.200384137342265768e-03
9.473131200147204556e-01 6.449254315184176252e-03
9.367886278863364335e-01 7.697653568187336204e-03
9.262711609534211021e-01 8.946354958180644315e-03
9.157618881078770645e-01 1.019605104225555607e-02
9.052619773309316109e-01 1.144749520024456076e-02
8.947725955633289985e-01 1.270158142567768753e-02
8.842949085756387495e-01 1.395950553733939919e-02
8.738300808386934015e-01 1.522292323529304478e-02
8.633792753941731402e-01 1.649374189552342898e-02
8.529436537253458628e-01 1.777411973255416805e-02
8.425243756279822138e-01 1.906533474588744878e-02
8.321225990814590245e-01 2.036763692480756532e-02
8.217394801200630372e-01 2.168091109666001742e-02
8.113761727045106786e-01 2.300471711627620486e-02
8.010338285937002034e-01 2.433813680313210229e-02
7.907135972167069760e-01 2.567949042161092599e-02
7.804166255450371015e-01 2.702228684296713312e-02
7.701440579651563922e-01 2.835671533978724804e-02
7.598970361513051053e-01 2.967215756446060781e-02
7.496766989386134394e-01 3.095820123812379268e-02
7.394841821965345563e-01 3.220940762581195327e-02
7.293206187026060050e-01 3.342339679679241088e-02
7.191871380165538730e-01 3.460226443685358172e-02
7.090848663547572039e-01 3.574959074531348924e-02
6.990149264650814542e-01 3.686748648529177691e-02
6.889784375020977514e-01 3.795740686449129014e-02
6.789765149027036095e-01 3.902006044000738000e-02
6.690102702621547603e-01 4.005581383470061679e-02
6.590808112105230876e-01 4.106453466415060927e-02
6.491892412895989839e-01 4.204616410152004630e-02
6.393366598302444581e-01 4.300118582896212543e-02
6.295241618302156450e-01 4.393027991899579876e-02
6.197528378324663745e-01 4.483436413133475712e-02
6.100237738039482327e-01 4.571447240059697825e-02
6.003380510149177729e-01 4.657179419467176451e-02
5.906967459187653091e-01 4.740687686576461335e-02
5.811009300323815019e-01 4.821913554270011726e-02
5.715516698170692855e-01 4.900757612815024450e-02
5.620500265600203438e-01 4.977078274132865077e-02
5.525970562563653488e-01 5.050752799604540932e-02
5.431938094918128401e-01 5.121689532298171615e-02
5.338413313258880688e-01 5.189902610045506876e-02
5.245406611757882365e-01 5.255513739779484050e-02
5.152928327008634568e-01 5.318677450000942192e-02
5.060988736877365390e-01 5.379566847754029685e-02
4.969598059360780251e-01 5.438280414343658886e-02
4.878766451450451402e-01 5.494839783134949918e-02
4.788504008003974244e-01 5.549025822039244105e-02
4.698820760623064752e-01 5.600475110675821877e-02
4.609726676538650203e-01 5.648835515815161384e-02
4.521231657503131940e-01 5.693780707938597002e-02
4.433345538689928977e-01 5.735116836178019012e-02
4.346078087600411255e-01 5.772756346440699460e-02
4.259439002978354649e-01 5.806896132067394800e-02
4.173437913732044313e-01 5.837827610770517095e-02
4.088084377864137364e-01 5.865814433100009079e-02
4.003387881409395943e-01 5.891082364655352704e-02
3.919357837380436083e-01 5.913742708901044420e-02
3.836003584721576765e-01 5.933781248436770933e-02
3.753334387270930161e-01 5.950873080845634627e-02
3.671359432730831873e-01 5.964660188898899401e-02
3.590087831646743277e-01 5.974858998981559532e-02
3.509528616394713696e-01 5.981220086434959476e-02
3.429690740177547825e-01 5.983544393286992918e-02
3.350583076029753915e-01 5.981845428272947185e-02
3.272214415831418144e-01 5.976512265547780089e-02
3.194593469331089564e-01 5.967929135126331941e-02
3.117728863177794407e-01 5.956411847304659418e-02
3.041629139962280792e-01 5.942284476930247833e-02
2.966302757267624823e-01 5.925885772159497633e-02
2.891758086729252497e-01 5.907461318534537598e-02
2.818003413104546162e-01 5.887152915876023296e-02
2.745046933352085494e-01 5.865075814052167491e-02
2.672896755720651774e-01 5.841326430822203070e-02
2.601560898848094272e-01 5.816012619057474298e-02
2.531047290870154232e-01 5.789248880597130942e-02
2.461363768539343022e-01 5.761117140016070587e-02
2.392518076353984391e-01 5.731668533328244247e-02
2.324517865697500740e-01 5.700865821196030719e-02
2.257370693988056676e-01 5.668627130657949431e-02
2.191084023838638650e-01 5.634897274167079834e-02
2.125665222227673956e-01 5.599635012774974857e-02
2.061121559680280102e-01 5.562808417929554494e-02
1.997460209460230063e-01 5.524388998925459926e-02
1.934688246772731102e-01 5.484347838880232473e-02
1.872812647978095990e-01 5.442651159468250843e-02
1.811840289816407656e-01 5.399245532930785352e-02
1.751777948643248317e-01 5.354080055170579167e-02
1.692632299676588570e-01 5.307129958119272822e-02
1.634409916254914164e-01 5.258379534895742807e-02
1.577117269106679265e-01 5.207822931021540563e-02
1.520760725631161714e-01 5.155464317680379799e-02
1.465346549190801317e-01 5.101326215121120694e-02
1.410880898415101115e-01 5.045290893049009934e-02
1.357369826516168221e-01 4.986960887411809318e-02
1.304819280615971966e-01 4.925946544396190424e-02
1.253235101085391490e-01 4.861925465054120488e-02
1.202623020895129402e-01 4.794624096652003870e-02
1.152988664978553679e-01 4.723829334347527664e-02
1.104337549606562163e-01 4.649377855537099175e-02
1.056675081774507419e-01 4.571161037921909337e-02
1.010006558601274085e-01 4.489112054488842568e-02
9.643371667405697956e-02 4.403208405773593320e-02
9.196719818044885031e-02 4.313532847373022228e-02
8.760159677994161509e-02 4.220256703341687676e-02
8.333739765743386485e-02 4.123587269215825413e-02
7.917507472816209813e-02 4.023756336720479831e-02
7.511509058502996439e-02 3.921008106209853544e-02
7.115789644719716645e-02 3.815598185643521295e-02
6.730393210993146358e-02 3.707818516174761492e-02
6.355362589573076981e-02 3.597978458503321708e-02
5.990739460672012129e-02 3.486384648699760586e-02
5.636564347832906385e-02 3.373349604763770798e-02
5.292876613425423482e-02 3.259224437634772320e-02
4.959714454271368922e-02 3.144354206281072678e-02
4.637114897399441382e-02 3.028997692497057900e-02
4.325113795930202176e-02 2.913351792401536189e-02
4.023745825091396000e-02 2.797474132524939427e-02
3.733044478364233587e-02 2.681438231915482182e-02
3.453042063760936031e-02 2.565464388241649185e-02
3.183769700234129196e-02 2.449792752413136945e-02
2.925257314218321358e-02 2.334643608475416368e-02
2.677533636303963682e-02 2.220314043245827026e-02
2.440626198044326678e-02 2.107264987135120532e-02
2.214561328895736647e-02 1.995584316717108689e-02
1.999364153291383062e-02 1.884667631093018408e-02
1.795058587848985532e-02 1.773973252818057678e-02
1.601667338712764455e-02 1.663165869151115098e-02
1.419211899029970692e-02 1.552240453064836039e-02
1.247712546562085301e-02 1.441594194017641051e-02
1.087188341431266636e-02 1.331908012763397334e-02
9.376571240020115106e-03 1.224169520671959319e-02
7.991355128984078959e-03 1.120017737161775606e-02
6.716389031571567969e-03 1.021265519485298548e-02
5.551814645166519568e-03 9.240978015434841292e-03
4.497761398421062928e-03 8.209036568434037104e-03
3.554346436871580472e-03 7.088638219774525372e-03
2.721674609919344512e-03 5.886467984772476500e-03
1.999838459177394334e-03 4.645903007072298314e-03
1.388918208186096237e-03 3.430249635920103700e-03
8.889817534969424173e-04 2.308662429943338697e-03
5.000846571264760954e-04 1.351040027923330498e-03
2.222701403818971855e-04 6.168449537346671610e-04
5.556907905679420168e-05 1.570496041444254659e-04
0.000000000000000000e+00 -1.508472002844943043e-08
0.000000000000000000e+00 -1.484616362553017590e-09
5.556907905679420168e-05 -1.294359932479452729e-04
2.222701403818971855e-04 -5.101753562126291365e-04
5.000846571264760954e-04 -1.119814641432008862e-03
8.889817534969424173e-04 -1.921919657247218903e-03
1.388918208186096237e-03 -2.872600470630042209e-03
1.999838459177394334e-03 -3.915524224102586402e-03
2.721674609919344512e-03 -4.994928932977773205e-03
3.554346436871580472e-03 -6.061154833985658331e-03
4.497761398421062928e-03 -7.071253614625985957e-03
5.551814645166519568e-03 -7.993885136016622497e-03
6.716389031571567969e-03 -8.830304822694846900e-03
7.991355128984078959e-03 -9.631089749253772536e-03
9.376571240020115106e-03 -1.043370222261098476e-02
1.087188341431266636e-02 -1.125172857804518194e-02
1.247712546562085301e-02 -1.208353592349429954e-02
1.419211899029970692e-02 -1.291260633966305645e-02
1.601667338712764455e-02 -1.373037030940333844e-02
1.795058587848985532e-02 -1.453649640989038497e-02
1.999364153291383062e-02 -1.532951338916092518e-02
2.214561328895736647e-02 -1.610728153426463707e-02
2.440626198044326678e-02 -1.687394859330218835e-02
2.677533636303963682e-02 -1.763733582427924260e-02
2.925257314218321358e-02 -1.839948089619602989e-02
3.183769700234129196e-02 -1.915899423533207191e-02
3.453042063760936031e-02 -1.991366605699794456e-02
3.733044478364233587e-02 -2.066105595317269811e-02
4.023745825091396000e-02 -2.139962609240332603e-02
4.325113795930202176e-02 -2.212833362242697804e-02
4.637114897399441382e-02 -2.284685774136648029e-02
4.959714454271368922e-02 -2.355520691788049945e-02
5.292876613425423482e-02 -2.425379167524804522e-02
5.636564347832906385e-02 -2.494274067248425722e-02
5.990739460672012129e-02 -2.562079282046738488e-02
6.355362589573076981e-02 -2.628657391942174765e-02
6.730393210993146358e-02 -2.693928600548492827e-02
7.115789644719716645e-02 -2.757837740539666876e-02
7.511509058502996439e-02 -2.820363974993448514e-02
7.917507472816209813e-02 -2.881485347734195554e-02
8.333739765743386485e-02 -2.941167166694022561e-02
8.760159677994161509e-02 -2.999370653387665314e-02
9.196719818044885031e-02 -3.056053306890553142e-02
9.643371667405697956e-02 -3.111201871283003975e-02
1.010006558601274085e-01 -3.164845140385381950e-02
1.056675081774507419e-01 -3.217002891501338085e-02
1.104337549606562163e-01 -3.267680265895159947e-02
1.152988664978553679e-01 -3.316885367072963664e-02
1.202623020895129402e-01 -3.364631873148092589e-02
1.253235101085391490e-01 -3.410963176914254963e-02
1.304819280615971966e-01 -3.455948806678788704e-02
1.357369826516168221e-01 -3.499669725981344875e-02
1.410880898415101115e-01 -3.542219554695912043e-02
1.465346549190801317e-01 -3.583745608326690396e-02
1.520760725631161714e-01 -3.624418454494471309e-02
1.577117269106679265e-01 -3.664328756102171875e-02
1.634409916254914164e-01 -3.703518687507847268e-02
1.692632299676588570e-01 -3.741977959124689196e-02
1.751777948643248317e-01 -3.779678593255658692e-02
1.811840289816407656e-01 -3.816618238693088305e-02
1.872812647978095990e-01 -3.852803799764136644e-02
1.934688246772731102e-01 -3.888242970884608907e-02
1.997460209460230063e-01 -3.922944272947548328e-02
2.061121559680280102e-01 -3.956918527942119429e-02
2.125665222227673956e-01 -3.990170143245867773e-02
2.191084023838638650e-01 -4.022681438456786329e-02
2.257370693988056676e-01 -4.054433609409008321e-02
2.324517865697500740e-01 -4.085416373605696427e-02
2.392518076353984391e-01 -4.115622225892647673e-02
2.461363768539343022e-01 -4.145046703267259158e-02
2.531047290870154232e-01 -4.173684871081792536e-02
2.601560898848094272e-01 -4.201530136743465704e-02
2.672896755720651774e-01 -4.228572111676801026e-02
2.745046933352085494e-01 -4.254794907984991298e-02
2.818003413104546162e-01 -4.280184336973612280e-02
2.891758086729252497e-01 -4.304729140785676367e-02
2.966302757267624823e-01 -4.328421788982609458e-02
3.041629139962280792e-01 -4.351257784654605915e-02
3.117728863177794407e-01 -4.373216518862040741e-02
3.194593469331089564e-01 -4.394262474107869104e-02
3.272214415831418144e-01 -4.414360682776738432e-02
3.350583076029753915e-01 -4.433476441646506949e-02
3.429690740177547825e-01 -4.451568066099009097e-02
3.509528616394713696e-01 -4.468591902587338432e-02
3.590087831646743277e-01 -4.484528670193495270e-02
3.671359432730831873e-01 -4.499372858247574491e-02
3.753334387270930161e-01 -4.513121921259410918e-02
3.836003584721576765e-01 -4.525779467867719480e-02
3.919357837380436083e-01 -4.537379097837386521e-02
4.003387881409395943e-01 -4.547947239300422634e-02
4.088084377864137364e-01 -4.557416280069579578e-02
4.173437913732044313e-01 -4.565652156405744511e-02
4.259439002978354649e-01 -4.572367811602044002e-02
4.346078087600411255e-01 -4.577241685881919958e-02
4.433345538689928977e-01 -4.579970234095685072e-02
4.521231657503131940e-01 -4.580251237995051905e-02
4.609726676538650203e-01 -4.577775461924001726e-02
4.698820760623064752e-01 -4.572267372544112224e-02
4.788504008003974244e-01 -4.563533183687483452e-02
4.878766451450451402e-01 -4.551348212462916210e-02
4.969598059360780251e-01 -4.535405901609806251e-02
5.060988736877365390e-01 -4.515512348071647197e-02
5.152928327008634568e-01 -4.491677000317188112e-02
5.245406611757882365e-01 -4.464033864621012176e-02
5.338413313258880688e-01 -4.432863010789617197e-02
5.431938094918128401e-01 -4.398448613002026164e-02
5.525970562563653488e-01 -4.361063261433647392e-02
5.620500265600203438e-01 -4.320892275377938296e-02
5.715516698170692855e-01 -4.278033103993000158e-02
5.811009300323815019e-01 -4.232537744916248235e-02
5.906967459187653091e-01 -4.184425009942314283e-02
6.003380510149177729e-01 -4.133732700488074868e-02
6.100237738039482327e-01 -4.080508622604641505e-02
6.197528378324663745e-01 -4.024759655303126321e-02
6.295241618302156450e-01 -3.966468849393609691e-02
6.393366598302444581e-01 -3.905622254459474585e-02
6.491892412895989839e-01 -3.842209853088408150e-02
6.590808112105230876e-01 -3.776237060404052243e-02
6.690102702621547603e-01 -3.707718416874602324e-02
6.789765149027036095e-01 -3.636683783923536084e-02
6.889784375020977514e-01 -3.563171454866144450e-02
6.990149264650814542e-01 -3.487234219669448076e-02
7.090848663547572039e-01 -3.408900879830700087e-02
7.191871380165538730e-01 -3.328096405664218715e-02
7.293206187026060050e-01 -3.244724020467341929e-02
7.394841821965345563e-01 -3.158693801960012204e-02
7.496766989386134394e-01 -3.069894511926770167e-02
7.598970361513051053e-01 -2.978157456851152421e-02
7.701440579651563922e-01 -2.883264635268227224e-02
7.804166255450371015e-01 -2.784912718769414972e-02
7.907135972167069760e-01 -2.682765228382006858e-02
8.010338285937002034e-01 -2.576451249918794775e-02
8.113761727045106786e-01 -2.465862086686597399e-02
8.217394801200630372e-01 -2.351285933983245091e-02
8.321225990814590245e-01 -2.233143691199344916e-02
8.425243756279822138e-01 -2.111978278366287085e-02
8.529436537253458628e-01 -1.988244994061388882e-02
8.633792753941731402e-01 -1.862290444049981633e-02
8.738300808386934015e-01 -1.734302885521490228e-02
8.842949085756387495e-01 -1.604337902852433217e-02
8.947725955633289985e-01 -1.472499696527786693e-02
9.052619773309316109e-01 -1.338911428506992136e-02
9.157618881078770645e-01 -1.203460568228274449e-02
9.262711609534211021e-01 -1.065882625127643341e-02
9.367886278863364335e-01 -9.258858511669847136e-03
9.473131200147204556e-01 -7.831666150742934776e-03
9.578434676659028923e-01 -6.374305927272390197e-03
9.683785005164411430e-01 -4.883868593771075253e-03
9.789170477221889044e-01 -3.357399758879166599e-03
9.894579380484205267e-01 -1.791941567965014449e-03
9.999999999999998890e-01 -1.846002115003848203e-04
