9.999999999999998890e-01 1.319185428837499644e-04
9.894579380484205267e-01 1.663784513122417135e-03
9.789170477221889044e-01 3.411801735650385123e-03
9.683785005164411430e-01 5.344685776060188395e-03
9.578434676659028923e-01 7.326374379464542334e-03
9.473131200147204556e-01 9.239806943166700703e-03
9.367886278863364335e-01 1.107842444808797636e-02
9.262711609534211021e-01 1.285575988724665768e-02
9.157618881078770645e-01 1.458862263110730431e-02
9.052619773309316109e-01 1.629294379155810449e-02
8.947725955633289985e-01 1.798202185471424117e-02
8.842949085756387495e-01 1.966143931310625897e-02
8.738300808386934015e-01 2.132510421885255164e-02
8.633792753941731402e-01 2.297090873074719361e-02
8.529436537253458628e-01 2.460339747580463088e-02
8.425243756279822138e-01 2.622573191386325109e-02
8.321225990814590245e-01 2.783896285881996835e-02
8.217394801200630372e-01 2.944346810589903995e-02
8.113761727045106786e-01 3.103909069026203685e-02
8.010338285937002034e-01 3.262564049684284900e-02
7.907135972167069760e-01 3.420292485904026514e-02
7.804166255450371015e-01 3.577083844909832028e-02
7.701440579651563922e-01 3.732932123819597547e-02
7.598970361513051053e-01 3.887817782879955664e-02
7.496766989386134394e-01 4.041716764708404297e-02
7.394841821965345563e-01 4.194630446117762063e-02
7.293206187026060050e-01 4.346564865753384244e-02
7.191871380165538730e-01 4.497478191710361367e-02
7.090848663547572039e-01 4.647328515703091217e-02
6.990149264650814542e-01 4.796173250866581778e-02
6.889784375020977514e-01 4.944043717375314062e-02
6.789765149027036095e-01 5.090717612097437478e-02
6.690102702621547603e-01 5.235914793828547881e-02
6.590808112105230876e-01 5.379393298318593114e-02
6.491892412895989839e-01 5.520998977323320067e-02
6.393366598302444581e-01 5.660810570671123698e-02
6.295241618302156450e-01 5.798887383361786552e-02
6.197528378324663745e-01 5.935138220248368374e-02
6.100237738039482327e-01 6.069534054048447702e-02
6.003380510149177729e-01 6.202215842075273905e-02
5.906967459187653091e-01 6.333179361456937884e-02
5.811009300323815019e-01 6.462135242745586927e-02
5.715516698170692855e-01 6.588635196925735071e-02
5.620500265600203438e-01 6.712054088584867850e-02
5.525970562563653488e-01 6.832119014082463360e-02
5.431938094918128401e-01 6.948995417026233856e-02
5.338413313258880688e-01 7.062790457394206578e-02
5.245406611757882365e-01 7.173522041019600448e-02
5.152928327008634568e-01 7.281147185158218238e-02
5.060988736877365390e-01 7.385593554240614533e-02
4.969598059360780251e-01 7.487055079273195746e-02
4.878766451450451402e-01 7.585818676879210742e-02
4.788504008003974244e-01 7.681090360937779804e-02
4.698820760623064752e-01 7.771509768374380844e-02
4.609726676538650203e-01 7.856519273951380333e-02
4.521231657503131940e-01 7.936007898991068177e-02
4.433345538689928977e-01 8.010092632478199581e-02
4.346078087600411255e-01 8.078964550743149287e-02
4.259439002978354649e-01 8.142692172911919490e-02
4.173437913732044313e-01 8.201317035649616227e-02
4.088084377864137364e-01 8.254957636670563759e-02
4.003387881409395943e-01 8.303746368170443481e-02
3.919357837380436083e-01 8.347782484421580051e-02
3.836003584721576765e-01 8.386963139692352187e-02
3.753334387270930161e-01 8.420570477095470907e-02
3.671359432730831873e-01 8.448044893171777203e-02
3.590087831646743277e-01 8.469561119375570990e-02
3.509528616394713696e-01 8.485355512688620705e-02
3.429690740177547825e-01 8.495539307775246129e-02
3.350583076029753915e-01 8.500228140892500395e-02
3.272214415831418144e-01 8.499575998722486148e-02
3.194593469331089564e-01 8.493748610549688161e-02
3.117728863177794407e-01 8.482922347440073618e-02
3.041629139962280792e-01 8.467231764980163999e-02
2.966302757267624823e-01 8.446747422132003247e-02
2.891758086729252497e-01 8.421300297299146032e-02
2.818003413104546162e-01 8.390484218908249303e-02
2.745046933352085494e-01 8.354269653357891678e-02
2.672896755720651774e-01 8.312977248647890338e-02
2.601560898848094272e-01 8.266823744233006699e-02
2.531047290870154232e-01 8.215939531315771815e-02
2.461363768539343022e-01 8.160505681562614522e-02
2.392518076353984391e-01 8.100735979877346504e-02
2.324517865697500740e-01 8.036826835950289238e-02
2.257370693988056676e-01 7.968963710234336362e-02
2.191084023838638650e-01 7.897323603145417481e-02
2.125665222227673956e-01 7.822048825976669895e-02
2.061121559680280102e-01 7.743091224463834188e-02
1.997460209460230063e-01 7.660383664112094260e-02
1.934688246772731102e-01 7.574129939927043420e-02
1.872812647978095990e-01 7.484597768771247828e-02
1.811840289816407656e-01 7.391965174427649055e-02
1.751777948643248317e-01 7.296407054276345117e-02
1.692632299676588570e-01 7.198167426089881193e-02
1.634409916254914164e-01 7.097471580719318107e-02
1.577117269106679265e-01 6.994450284962902553e-02
1.520760725631161714e-01 6.889294768609406650e-02
1.465346549190801317e-01 6.782373978816651217e-02
1.410880898415101115e-01 6.673663511946752169e-02
1.357369826516168221e-01 6.562323788504476063e-02
1.304819280615971966e-01 6.447877891878069090e-02
1.253235101085391490e-01 6.330600252024422281e-02
1.202623020895129402e-01 6.210786148880708540e-02
1.152988664978553679e-01 6.088665595303475314e-02
1.104337549606562163e-01 5.964542732146204534e-02
1.056675081774507419e-01 5.838805878909571895e-02
1.010006558601274085e-01 5.711671045288269077e-02
9.643371667405697956e-02 5.583201705771528855e-02
9.196719818044885031e-02 5.453823311883169295e-02
8.760159677994161509e-02 5.324192311330073341e-02
8.333739765743386485e-02 5.193993143032245990e-02
7.917507472816209813e-02 5.062242179492359995e-02
7.511509058502996439e-02 4.928128474473653098e-02
7.115789644719716645e-02 4.791075339260456034e-02
6.730393210993146358e-02 4.651534045494357811e-02
6.355362589573076981e-02 4.510391203699709584e-02
5.990739460672012129e-02 4.368067697470807975e-02
5.636564347832906385e-02 4.224830293998999703e-02
5.292876613425423482e-02 4.081155885125475197e-02
4.959714454271368922e-02 3.937566441320844435e-02
4.637114897399441382e-02 3.794464171918511541e-02
4.325113795930202176e-02 3.652244234915096033e-02
4.023745825091396000e-02 3.511399817177165289e-02
3.733044478364233587e-02 3.371684760625386079e-02
3.453042063760936031e-02 3.230530099099088170e-02
3.183769700234129196e-02 3.086090830893331582e-02
2.925257314218321358e-02 2.939468453107075413e-02
2.677533636303963682e-02 2.791994423084865132e-02
2.440626198044326678e-02 2.644515718834153373e-02
2.214561328895736647e-02 2.497572622487922306e-02
1.999364153291383062e-02 2.351272272317871809e-02
1.795058587848985532e-02 2.205669541005059534e-02
1.601667338712764455e-02 2.060839960961253353e-02
1.419211899029970692e-02 1.918022579512185591e-02
1.247712546562085301e-02 1.779793086115583067e-02
1.087188341431266636e-02 1.645905246807034469e-02
9.376571240020115106e-03 1.513065567206623406e-02
7.991355128984078959e-03 1.378166810272946768e-02
6.716389031571567969e-03 1.238798974694922499e-02
5.551814645166519568e-03 1.098341736043540948e-02
4.497761398421062928e-03 9.639438040584213246e-03
3.554346436871580472e-03 8.365501007139479125e-03
2.721674609919344512e-03 7.125974920209085343e-03
1.999838459177394334e-03 5.836833436563077827e-03
1.388918208186096237e-03 4.417501216235556263e-03
8.889817534969424173e-04 2.995887726050464137e-03
5.000846571264760954e-04 1.772569446320409331e-03
2.222701403818971855e-04 8.327819452909387271e-04
5.556907905679420168e-05 2.245971244958246376e-04
0.000000000000000000e+00 2.192272276264475170e-05
0.000000000000000000e+00 -8.730596857399930663e-06
5.556907905679420168e-05 -1.813043954164243461e-04
2.222701403818971855e-04 -7.057819036261610366e-04
5.000846571264760954e-04 -1.497869363778483662e-03
8.889817534969424173e-04 -2.522122288149591766e-03
1.388918208186096237e-03 -3.703140953586429602e-03
1.999838459177394334e-03 -4.829664776186577690e-03
2.721674609919344512e-03 -5.755892518393469943e-03
3.554346436871580472e-03 -6.536285685243714387e-03
4.497761398421062928e-03 -7.256779019083219040e-03
5.551814645166519568e-03 -8.009848183793123050e-03
6.716389031571567969e-03 -8.832313539666264424e-03
7.991355128984078959e-03 -9.671968612825369849e-03
9.376571240020115106e-03 -1.049220674453626816e-02
1.087188341431266636e-02 -1.128814194902014005e-02
1.247712546562085301e-02 -1.206505724183790616e-02
1.419211899029970692e-02 -1.283701923655295590e-02
1.601667338712764455e-02 -1.361433387638356050e-02
1.795058587848985532e-02 -1.440255213684480881e-02
1.999364153291383062e-02 -1.519551710451161677e-02
2.214561328895736647e-02 -1.597849110507411005e-02
2.440626198044326678e-02 -1.674490846970786914e-02
2.677533636303963682e-02 -1.749439581534269206e-02
2.925257314218321358e-02 -1.823154871249239861e-02
3.183769700234129196e-02 -1.896271757274926514e-02
3.453042063760936031e-02 -1.968634338051590549e-02
3.733044478364233587e-02 -2.039669547455284088e-02
4.023745825091396000e-02 -2.108545048098729377e-02
4.325113795930202176e-02 -2.174575438962427290e-02
4.637114897399441382e-02 -2.238382881155307619e-02
4.959714454271368922e-02 -2.300929489560646357e-02
5.292876613425423482e-02 -2.362794444679235453e-02
5.636564347832906385e-02 -2.424253049041827021e-02
5.990739460672012129e-02 -2.484867645514929335e-02
6.355362589573076981e-02 -2.544162282344300877e-02
6.730393210993146358e-02 -2.602014429328150524e-02
7.115789644719716645e-02 -2.658381743238585893e-02
7.511509058502996439e-02 -2.713259705775624905e-02
7.917507472816209813e-02 -2.766614401601136600e-02
8.333739765743386485e-02 -2.818338782633349193e-02
8.760159677994161509e-02 -2.868170474342136150e-02
9.196719818044885031e-02 -2.915606978353549317e-02
9.643371667405697956e-02 -2.960579317309766645e-02
1.010006558601274085e-01 -3.003670264310370069e-02
1.056675081774507419e-01 -3.045417809667732081e-02
1.104337549606562163e-01 -3.086229517623570451e-02
1.152988664978553679e-01 -3.126131821053788895e-02
1.202623020895129402e-01 -3.164781938002270839e-02
1.253235101085391490e-01 -3.202023715463386822e-02
1.304819280615971966e-01 -3.237864812144672366e-02
1.357369826516168221e-01 -3.272167617509669224e-02
1.410880898415101115e-01 -3.304699468310629690e-02
1.465346549190801317e-01 -3.335378019496479385e-02
1.520760725631161714e-01 -3.364185994248689721e-02
1.577117269106679265e-01 -3.390866949906539557e-02
1.634409916254914164e-01 -3.415129298476217434e-02
1.692632299676588570e-01 -3.437291237887203643e-02
1.751777948643248317e-01 -3.457890263687058569e-02
1.811840289816407656e-01 -3.477232476566063241e-02
1.872812647978095990e-01 -3.495482016295476529e-02
1.934688246772731102e-01 -3.512523247622611339e-02
1.997460209460230063e-01 -3.528192905977592386e-02
2.061121559680280102e-01 -3.542458689891452711e-02
2.125665222227673956e-01 -3.555296611565106346e-02
2.191084023838638650e-01 -3.566609226087283369e-02
2.257370693988056676e-01 -3.576303736135343775e-02
2.324517865697500740e-01 -3.584337541455743376e-02
2.392518076353984391e-01 -3.590651222130712694e-02
2.461363768539343022e-01 -3.595131693533887979e-02
2.531047290870154232e-01 -3.597742156688545079e-02
2.601560898848094272e-01 -3.598597006740246462e-02
2.672896755720651774e-01 -3.597759027731542436e-02
2.745046933352085494e-01 -3.595186977600575012e-02
2.818003413104546162e-01 -3.590826826982181780e-02
2.891758086729252497e-01 -3.584619312135368940e-02
2.966302757267624823e-01 -3.576502411700218514e-02
3.041629139962280792e-01 -3.566412135797313726e-02
3.117728863177794407e-01 -3.554297506156899045e-02
3.194593469331089564e-01 -3.540117605018588964e-02
3.272214415831418144e-01 -3.523801485873592765e-02
3.350583076029753915e-01 -3.505260351962825177e-02
3.429690740177547825e-01 -3.484472954863578054e-02
3.509528616394713696e-01 -3.461476556628837603e-02
3.590087831646743277e-01 -3.436440938676788709e-02
3.671359432730831873e-01 -3.409577649677009159e-02
3.753334387270930161e-01 -3.380868424216774970e-02
3.836003584721576765e-01 -3.350203151002897894e-02
3.919357837380436083e-01 -3.317556130537890891e-02
4.003387881409395943e-01 -3.282923767764614476e-02
4.088084377864137364e-01 -3.246250571676209673e-02
4.173437913732044313e-01 -3.207476880308899464e-02
4.259439002978354649e-01 -3.166593832913082440e-02
4.346078087600411255e-01 -3.123579928965478786e-02
4.433345538689928977e-01 -3.078325375131234914e-02
4.521231657503131940e-01 -3.030887943718676633e-02
4.609726676538650203e-01 -2.981852244804071225e-02
4.698820760623064752e-01 -2.931711277193320420e-02
4.788504008003974244e-01 -2.880525190245740441e-02
4.878766451450451402e-01 -2.828263284087283516e-02
4.969598059360780251e-01 -2.774841236226469401e-02
5.060988736877365390e-01 -2.720368688156311540e-02
5.152928327008634568e-01 -2.665280631157667876e-02
5.245406611757882365e-01 -2.609862564463339904e-02
5.338413313258880688e-01 -2.554150809172640174e-02
5.431938094918128401e-01 -2.498153242356712656e-02
5.525970562563653488e-01 -2.441866226176768115e-02
5.620500265600203438e-01 -2.385294355148351655e-02
5.715516698170692855e-01 -2.328450591860370747e-02
5.811009300323815019e-01 -2.271341775479432043e-02
5.906967459187653091e-01 -2.213969823384163288e-02
6.003380510149177729e-01 -2.156342543023574698e-02
6.100237738039482327e-01 -2.098471213713937189e-02
6.197528378324663745e-01 -2.040359378287601166e-02
6.295241618302156450e-01 -1.982007567919789881e-02
6.393366598302444581e-01 -1.923429348879013637e-02
6.491892412895989839e-01 -1.864641120613253628e-02
6.590808112105230876e-01 -1.805635138331387890e-02
6.690102702621547603e-01 -1.746402305092885007e-02
6.789765149027036095e-01 -1.686980437870317512e-02
6.889784375020977514e-01 -1.627401701232461528e-02
6.990149264650814542e-01 -1.567601006513718448e-02
7.090848663547572039e-01 -1.507560971351468680e-02
7.191871380165538730e-01 -1.447541836822012311e-02
7.293206187026060050e-01 -1.387825507134392115e-02
7.394841821965345563e-01 -1.328563952116171634e-02
7.496766989386134394e-01 -1.269841488599619470e-02
7.598970361513051053e-01 -1.211633931194896693e-02
7.701440579651563922e-01 -1.153924308802949453e-02
7.804166255450371015e-01 -1.096746254559560936e-02
7.907135972167069760e-01 -1.040124007306146570e-02
8.010338285937002034e-01 -9.840541392979977944e-03
8.113761727045106786e-01 -9.285412501459259366e-03
8.217394801200630372e-01 -8.736059329744576274e-03
8.321225990814590245e-01 -8.192669923777054497e-03
8.425243756279822138e-01 -7.655339698103278030e-03
8.529436537253458628e-01 -7.122794595915270255e-03
8.633792753941731402e-01 -6.592338463792066054e-03
8.738300808386934015e-01 -6.061511046193814728e-03
8.842949085756387495e-01 -5.528376004551967086e-03
8.947725955633289985e-01 -4.994649941081509038e-03
9.052619773309316109e-01 -4.464020445653383955e-03
9.157618881078770645e-01 -3.931699249863132226e-03
9.262711609534211021e-01 -3.387805503666749610e-03
9.367886278863364335e-01 -2.825001179957826146e-03
9.473131200147204556e-01 -2.237059413480973428e-03
9.578434676659028923e-01 -1.615744540903247444e-03
9.683785005164411430e-01 -9.678806258264072539e-04
9.789170477221889044e-01 -3.948553988267624140e-04
9.894579380484205267e-01 -1.181668624939499038e-05
9.999999999999998890e-01 1.679308438489889488e-04
