9.999999999999998890e-01 -1.470631422905632844e-03
9.894579380484205267e-01 2.736567921275669113e-03
9.789170477221889044e-01 7.623831720109560707e-03
9.683785005164411430e-01 1.216237571012785887e-02
9.578434676659028923e-01 1.622564619677352091e-02
9.473131200147204556e-01 1.987739742586879660e-02
9.367886278863364335e-01 2.319439989171929659e-02
9.262711609534211021e-01 2.626395230893394106e-02
9.157618881078770645e-01 2.919189232916690607e-02
9.052619773309316109e-01 3.204933073202068106e-02
8.947725955633289985e-01 3.483694254255201989e-02
8.842949085756387495e-01 3.755670680437250136e-02
8.738300808386934015e-01 4.022491871015498877e-02
8.633792753941731402e-01 4.285076758519487661e-02
8.529436537253458628e-01 4.543241541986735993e-02
8.425243756279822138e-01 4.797241920560897654e-02
8.321225990814590245e-01 5.047896602760112983e-02
8.217394801200630372e-01 5.295641043694366418e-02
8.113761727045106786e-01 5.540517790765641520e-02
8.010338285937002034e-01 5.782568116739895958e-02
7.907135972167069760e-01 6.021840763116805689e-02
7.804166255450371015e-01 6.258335028922230869e-02
7.701440579651563922e-01 6.492020239008687577e-02
7.598970361513051053e-01 6.722900933931892642e-02
7.496766989386134394e-01 6.950998450254906869e-02
7.394841821965345563e-01 7.176306288498728037e-02
7.293206187026060050e-01 7.398798243454456081e-02
7.191871380165538730e-01 7.618407070790263191e-02
7.090848663547572039e-01 7.835050806733108442e-02
6.990149264650814542e-01 8.048655241687552309e-02
6.889784375020977514e-01 8.259148426414190947e-02
6.789765149027036095e-01 8.466457142908818956e-02
6.690102702621547603e-01 8.670511037064591864e-02
6.590808112105230876e-01 8.871251165230689684e-02
6.491892412895989839e-01 9.068614572513745975e-02
6.393366598302444581e-01 9.262519019139563159e-02
6.295241618302156450e-01 9.452864812426893526e-02
6.197528378324663745e-01 9.639518358897203321e-02
6.100237738039482327e-01 9.822348810346111236e-02
6.003380510149177729e-01 1.000124119823600638e-01
5.906967459187653091e-01 1.017608255331994560e-01
5.811009300323815019e-01 1.034676018557423305e-01
5.715516698170692855e-01 1.051316888215605289e-01
5.620500265600203438e-01 1.067521404257544687e-01
5.525970562563653488e-01 1.083279983666801116e-01
5.431938094918128401e-01 1.098582675899180960e-01
5.338413313258880688e-01 1.113416660238002870e-01
5.245406611757882365e-01 1.127766275299754151e-01
5.152928327008634568e-01 1.141616856993092760e-01
5.060988736877365390e-01 1.154954779883994032e-01
4.969598059360780251e-01 1.167767416866943991e-01
4.878766451450451402e-01 1.180042886181295880e-01
4.788504008003974244e-01 1.191769811332173412e-01
4.698820760623064752e-01 1.202937381592598248e-01
4.609726676538650203e-01 1.213537095031278906e-01
4.521231657503131940e-01 1.223560832224741685e-01
4.433345538689928977e-01 1.232994948925977968e-01
4.346078087600411255e-01 1.241823058371319954e-01
4.259439002978354649e-01 1.250026567778691200e-01
4.173437913732044313e-01 1.257587030942388939e-01
4.088084377864137364e-01 1.264490318292055826e-01
4.003387881409395943e-01 1.270719972743506732e-01
3.919357837380436083e-01 1.276245732381432463e-01
3.836003584721576765e-01 1.281034364367926726e-01
3.753334387270930161e-01 1.285053744559424560e-01
3.671359432730831873e-01 1.288273931967880703e-01
3.590087831646743277e-01 1.290670180509033427e-01
3.509528616394713696e-01 1.292226176358236001e-01
3.429690740177547825e-01 1.292942192892775066e-01
3.350583076029753915e-01 1.292821004072703672e-01
3.272214415831418144e-01 1.291865973115116084e-01
3.194593469331089564e-01 1.290081650238378286e-01
3.117728863177794407e-01 1.287474333285929806e-01
3.041629139962280792e-01 1.284051302329030919e-01
2.966302757267624823e-01 1.279820956220188988e-01
2.891758086729252497e-01 1.274792843911742579e-01
2.818003413104546162e-01 1.268977756256658984e-01
2.745046933352085494e-01 1.262387887909597051e-01
2.672896755720651774e-01 1.255036851064050274e-01
2.601560898848094272e-01 1.246941057494871108e-01
2.531047290870154232e-01 1.238118969016924198e-01
2.461363768539343022e-01 1.228588107668377588e-01
2.392518076353984391e-01 1.218366054110745639e-01
2.324517865697500740e-01 1.207477033956312895e-01
2.257370693988056676e-01 1.195949430525828083e-01
2.191084023838638650e-01 1.183815535127629992e-01
2.125665222227673956e-01 1.171109351731785958e-01
2.061121559680280102e-01 1.157864520687894444e-01
1.997460209460230063e-01 1.144113399303947481e-01
1.934688246772731102e-01 1.129882574185921001e-01
1.872812647978095990e-01 1.115195785703108622e-01
1.811840289816407656e-01 1.100072505605267370e-01
1.751777948643248317e-01 1.084532153006338567e-01
1.692632299676588570e-01 1.068597763675880191e-01
1.634409916254914164e-01 1.052291406571597282e-01
1.577117269106679265e-01 1.035630223601266414e-01
1.520760725631161714e-01 1.018629625403596750e-01
1.465346549190801317e-01 1.001303005610793967e-01
1.410880898415101115e-01 9.836657682465541064e-02
1.357369826516168221e-01 9.657377796635864542e-02
1.304819280615971966e-01 9.475359696778375140e-02
1.253235101085391490e-01 9.290715564814941430e-02
1.202623020895129402e-01 9.103539932823138947e-02
1.152988664978553679e-01 8.913911424176351739e-02
1.104337549606562163e-01 8.721943639037280094e-02
1.056675081774507419e-01 8.527792417101383304e-02
1.010006558601274085e-01 8.331616856078458144e-02
9.643371667405697956e-02 8.133575819842252252e-02
9.196719818044885031e-02 7.933809774645762813e-02
8.760159677994161509e-02 7.732450628338335963e-02
8.333739765743386485e-02 7.529717433678845273e-02
7.917507472816209813e-02 7.325878019002485253e-02
7.511509058502996439e-02 7.121073101297298313e-02
7.115789644719716645e-02 6.915347665736858163e-02
6.730393210993146358e-02 6.708578579096394212e-02
6.355362589573076981e-02 6.500587468306662231e-02
5.990739460672012129e-02 6.291376519782118648e-02
5.636564347832906385e-02 6.081035187888642751e-02
5.292876613425423482e-02 5.869723867539043682e-02
4.959714454271368922e-02 5.657647019757611889e-02
4.637114897399441382e-02 5.445099031889914787e-02
4.325113795930202176e-02 5.232421897359951918e-02
4.023745825091396000e-02 5.020040304430586908e-02
3.733044478364233587e-02 4.808395639791872983e-02
3.453042063760936031e-02 4.597920804606806661e-02
3.183769700234129196e-02 4.388608780474990978e-02
2.925257314218321358e-02 4.179346122018869070e-02
2.677533636303963682e-02 3.969209435202359498e-02
2.440626198044326678e-02 3.758039219378715712e-02
2.214561328895736647e-02 3.545819135237763403e-02
1.999364153291383062e-02 3.332629245748051916e-02
1.795058587848985532e-02 3.119319198872240462e-02
1.601667338712764455e-02 2.907849053885506671e-02
1.419211899029970692e-02 2.699691281498925108e-02
1.247712546562085301e-02 2.495643008176090527e-02
1.087188341431266636e-02 2.297618779250174340e-02
9.376571240020115106e-03 2.108482382204622529e-02
7.991355128984078959e-03 1.926017831443374920e-02
6.716389031571567969e-03 1.743633653022978389e-02
5.551814645166519568e-03 1.557275005283427667e-02
4.497761398421062928e-03 1.365178784052139063e-02
3.554346436871580472e-03 1.168705848113058346e-02
2.721674609919344512e-03 9.716879952725701597e-03
1.999838459177394334e-03 7.827746334740188702e-03
1.388918208186096237e-03 6.121668531322690954e-03
8.889817534969424173e-04 4.629658045859058775e-03
5.000846571264760954e-04 3.319938424236897057e-03
2.222701403818971855e-04 1.974900143110350312e-03
5.556907905679420168e-05 5.226902605198571229e-04
0.000000000000000000e+00 -6.842183062262970604e-05
0.000000000000000000e+00 -9.073910476531002022e-05
5.556907905679420168e-05 -3.153329056225670675e-03
2.222701403818971855e-04 -4.173207434665733920e-03
5.000846571264760954e-04 -4.683816287677939130e-03
8.889817534969424173e-04 -5.398956777145890069e-03
1.388918208186096237e-03 -6.573480392641426785e-03
1.999838459177394334e-03 -7.672421745658881444e-03
2.721674609919344512e-03 -8.363373440715497417e-03
3.554346436871580472e-03 -9.072414921035202098e-03
4.497761398421062928e-03 -1.007947036766127652e-02
5.551814645166519568e-03 -1.119181872175038089e-02
6.716389031571567969e-03 -1.226944129987881521e-02
7.991355128984078959e-03 -1.333876772012261222e-02
9.376571240020115106e-03 -1.440707326921687563e-02
1.087188341431266636e-02 -1.543761900997453126e-02
1.247712546562085301e-02 -1.643015783322127749e-02
1.419211899029970692e-02 -1.742777428333285375e-02
1.601667338712764455e-02 -1.844827845090849655e-02
1.795058587848985532e-02 -1.948342678154783500e-02
1.999364153291383062e-02 -2.052763108811780229e-02
2.214561328895736647e-02 -2.157808485246627203e-02
2.440626198044326678e-02 -2.262980055635192139e-02
2.677533636303963682e-02 -2.367648624349776715e-02
2.925257314218321358e-02 -2.471403642455999305e-02
3.183769700234129196e-02 -2.573963782929431648e-02
3.453042063760936031e-02 -2.675076720473827663e-02
3.733044478364233587e-02 -2.774524437168472690e-02
4.023745825091396000e-02 -2.872225345180183520e-02
4.325113795930202176e-02 -2.968195818438585168e-02
4.637114897399441382e-02 -3.062683998779934177e-02
4.959714454271368922e-02 -3.155983440531684447e-02
5.292876613425423482e-02 -3.248255878386871465e-02
5.636564347832906385e-02 -3.339549404677852329e-02
5.990739460672012129e-02 -3.429634480851189576e-02
6.355362589573076981e-02 -3.518263023421678432e-02
6.730393210993146358e-02 -3.605313865291416564e-02
7.115789644719716645e-02 -3.690683900501856574e-02
7.511509058502996439e-02 -3.774257777379400047e-02
7.917507472816209813e-02 -3.855954056829125065e-02
8.333739765743386485e-02 -3.935764084575030936e-02
8.760159677994161509e-02 -4.013697175034451614e-02
9.196719818044885031e-02 -4.089779489638526583e-02
9.643371667405697956e-02 -4.164100535009202658e-02
1.010006558601274085e-01 -4.236836745097363049e-02
1.056675081774507419e-01 -4.308122285400134421e-02
1.104337549606562163e-01 -4.378027465475144153e-02
1.152988664978553679e-01 -4.446507097351929533e-02
1.202623020895129402e-01 -4.513404446769898881e-02
1.253235101085391490e-01 -4.578599238338611210e-02
1.304819280615971966e-01 -4.642006003660232444e-02
1.357369826516168221e-01 -4.703528501315196869e-02
1.410880898415101115e-01 -4.763063895631777095e-02
1.465346549190801317e-01 -4.820531120639733741e-02
1.520760725631161714e-01 -4.875862250760931715e-02
1.577117269106679265e-01 -4.928987565399628457e-02
1.634409916254914164e-01 -4.979840543080114867e-02
1.692632299676588570e-01 -5.028384027736629291e-02
1.751777948643248317e-01 -5.074585430854131052e-02
1.811840289816407656e-01 -5.118366980716317766e-02
1.872812647978095990e-01 -5.159626094414145048e-02
1.934688246772731102e-01 -5.198218925561567949e-02
1.997460209460230063e-01 -5.233992876680398920e-02
2.061121559680280102e-01 -5.266808019820120451e-02
2.125665222227673956e-01 -5.296525590868243066e-02
2.191084023838638650e-01 -5.323000857829711385e-02
2.257370693988056676e-01 -5.346089105317224088e-02
2.324517865697500740e-01 -5.365648757414424180e-02
2.392518076353984391e-01 -5.381538427135071356e-02
2.461363768539343022e-01 -5.393616032739207561e-02
2.531047290870154232e-01 -5.401739785004447403e-02
2.601560898848094272e-01 -5.405768616682375682e-02
2.672896755720651774e-01 -5.405562688696979867e-02
2.745046933352085494e-01 -5.400983904534488456e-02
2.818003413104546162e-01 -5.391893370108327005e-02
2.891758086729252497e-01 -5.378151141214705666e-02
2.966302757267624823e-01 -5.359621823600752705e-02
3.041629139962280792e-01 -5.336174742578100177e-02
3.117728863177794407e-01 -5.307673115804985992e-02
3.194593469331089564e-01 -5.273975446515814097e-02
3.272214415831418144e-01 -5.234957111672620261e-02
3.350583076029753915e-01 -5.190503898894670287e-02
3.429690740177547825e-01 -5.140468449007039309e-02
3.509528616394713696e-01 -5.084697543203606923e-02
3.590087831646743277e-01 -5.023187928524450868e-02
3.671359432730831873e-01 -4.956034323048059270e-02
3.753334387270930161e-01 -4.883450490117752923e-02
3.836003584721576765e-01 -4.805702428334725218e-02
3.919357837380436083e-01 -4.723044624289599036e-02
4.003387881409395943e-01 -4.635736382368393915e-02
4.088084377864137364e-01 -4.544084095061526329e-02
4.173437913732044313e-01 -4.448409779877156300e-02
4.259439002978354649e-01 -4.349038666692209287e-02
4.346078087600411255e-01 -4.246313094989762754e-02
4.433345538689928977e-01 -4.140631115868621814e-02
4.521231657503131940e-01 -4.032381729332479292e-02
4.609726676538650203e-01 -3.921894447187763977e-02
4.698820760623064752e-01 -3.809442714581860734e-02
4.788504008003974244e-01 -3.695192925207607670e-02
4.878766451450451402e-01 -3.579314997571613616e-02
4.969598059360780251e-01 -3.462015861341580236e-02
5.060988736877365390e-01 -3.343505477720563890e-02
5.152928327008634568e-01 -3.223991899194304789e-02
5.245406611757882365e-01 -3.103690871550592034e-02
5.338413313258880688e-01 -2.982829335817395108e-02
5.431938094918128401e-01 -2.861644214073607445e-02
5.525970562563653488e-01 -2.740382729698143116e-02
5.620500265600203438e-01 -2.619283871258835938e-02
5.715516698170692855e-01 -2.498574888818184958e-02
5.811009300323815019e-01 -2.378431453515833516e-02
5.906967459187653091e-01 -2.258987880568629272e-02
6.003380510149177729e-01 -2.140392003657000733e-02
6.100237738039482327e-01 -2.022801756113807789e-02
6.197528378324663745e-01 -1.906372676462207358e-02
6.295241618302156450e-01 -1.791259512485357877e-02
6.393366598302444581e-01 -1.677623112443072870e-02
6.491892412895989839e-01 -1.565627502765636406e-02
6.590808112105230876e-01 -1.455437834169443813e-02
6.690102702621547603e-01 -1.347220355747535091e-02
6.789765149027036095e-01 -1.241144851406940190e-02
6.889784375020977514e-01 -1.137382690823990697e-02
6.990149264650814542e-01 -1.036106966734438167e-02
7.090848663547572039e-01 -9.374918749318143438e-03
7.191871380165538730e-01 -8.417139029687027707e-03
7.293206187026060050e-01 -7.489504658758859221e-03
7.394841821965345563e-01 -6.593801933721572112e-03
7.496766989386134394e-01 -5.731825411979034508e-03
7.598970361513051053e-01 -4.905384721550409312e-03
7.701440579651563922e-01 -4.116294744071667504e-03
7.804166255450371015e-01 -3.366378105590004787e-03
7.907135972167069760e-01 -2.657598929799583846e-03
8.010338285937002034e-01 -1.992168334435416750e-03
8.113761727045106786e-01 -1.372272953049955696e-03
8.217394801200630372e-01 -8.000284604546455949e-04
8.321225990814590245e-01 -2.776381500607700442e-04
8.425243756279822138e-01 1.925854406934234041e-04
8.529436537253458628e-01 6.085097044012476421e-04
8.633792753941731402e-01 9.681800378277990700e-04
8.738300808386934015e-01 1.269294790473327007e-03
8.842949085756387495e-01 1.509286976837217976e-03
8.947725955633289985e-01 1.686314154297102394e-03
9.052619773309316109e-01 1.798960257140213041e-03
9.157618881078770645e-01 1.844419043700907396e-03
9.262711609534211021e-01 1.819309070779706388e-03
9.367886278863364335e-01 1.723018686400413493e-03
9.473131200147204556e-01 1.553955940390492133e-03
9.578434676659028923e-01 1.292717074659240246e-03
9.683785005164411430e-01 9.157032419382234948e-04
9.789170477221889044e-01 4.210876039041384499e-04
9.894579380484205267e-01 -2.514543900666804752e-04
9.999999999999998890e-01 -1.485611932862784378e-03
