9.999999999999998890e-01 1.999998599772160549e-03
9.894579380484205267e-01 3.543973915441438974e-03
9.789170477221889044e-01 5.209057681342098636e-03
9.683785005164411430e-01 6.975690304349239056e-03
9.578434676659028923e-01 8.823962447740335557e-03
9.473131200147204556e-01 1.073403600347199241e-02
9.367886278863364335e-01 1.268646190745117280e-02
9.262711609534211021e-01 1.466162017563327896e-02
9.157618881078770645e-01 1.663936214923752294e-02
9.052619773309316109e-01 1.860026288396214936e-02
8.947725955633289985e-01 2.052653672079212538e-02
8.842949085756387495e-01 2.240896026594632953e-02
8.738300808386934015e-01 2.425160933600783997e-02
8.633792753941731402e-01 2.605903181079367859e-02
8.529436537253458628e-01 2.783483750185370559e-02
8.425243756279822138e-01 2.958284572935729329e-02
8.321225990814590245e-01 3.130718026533310661e-02
8.217394801200630372e-01 3.301186089570990606e-02
8.113761727045106786e-01 3.470077891773155898e-02
8.010338285937002034e-01 3.637759925578822745e-02
7.907135972167069760e-01 3.804562331408961606e-02
7.804166255450371015e-01 3.970584830424492978e-02
7.701440579651563922e-01 4.135775028138442139e-02
7.598970361513051053e-01 4.300109278234464510e-02
7.496766989386134394e-01 4.463579816676607748e-02
7.394841821965345563e-01 4.626162535615806204e-02
7.293206187026060050e-01 4.787827591374512609e-02
7.191871380165538730e-01 4.948558747621505105e-02
7.090848663547572039e-01 5.108341745010730461e-02
6.990149264650814542e-01 5.267144322847971266e-02
6.889784375020977514e-01 5.424879559794888728e-02
6.789765149027036095e-01 5.581249690856608658e-02
6.690102702621547603e-01 5.735906740960756978e-02
6.590808112105230876e-01 5.888526825340745230e-02
6.491892412895989839e-01 6.038791688979618100e-02
6.393366598302444581e-01 6.186383903213536067e-02
6.295241618302156450e-01 6.330995207033839056e-02
6.197528378324663745e-01 6.472339285826515798e-02
6.100237738039482327e-01 6.610128374436141652e-02
6.003380510149177729e-01 6.744066208819854413e-02
5.906967459187653091e-01 6.873942648333584982e-02
5.811009300323815019e-01 6.999696434866663208e-02
5.715516698170692855e-01 7.121300342753711377e-02
5.620500265600203438e-01 7.238754983590507674e-02
5.525970562563653488e-01 7.352057594321746714e-02
5.431938094918128401e-01 7.461199082096153790e-02
5.338413313258880688e-01 7.566177849288981128e-02
5.245406611757882365e-01 7.667000187450159765e-02
5.152928327008634568e-01 7.763670308875875170e-02
5.060988736877365390e-01 7.856191366341198912e-02
4.969598059360780251e-01 7.944580573290881131e-02
4.878766451450451402e-01 8.028867884484475193e-02
4.788504008003974244e-01 8.109110539520100747e-02
4.698820760623064752e-01 8.185381157959611964e-02
4.609726676538650203e-01 8.257743186693759785e-02
4.521231657503131940e-01 8.326257203863883516e-02
4.433345538689928977e-01 8.390997218896117937e-02
4.346078087600411255e-01 8.452039448889518691e-02
4.259439002978354649e-01 8.509440035935179891e-02
4.173437913732044313e-01 8.563257280268796179e-02
4.088084377864137364e-01 8.613592784080727205e-02
4.003387881409395943e-01 8.660525721087163065e-02
3.919357837380436083e-01 8.704000304562316270e-02
3.836003584721576765e-01 8.743884420261906210e-02
3.753334387270930161e-01 8.779906877722072622e-02
3.671359432730831873e-01 8.811794120794808061e-02
3.590087831646743277e-01 8.839338570403572348e-02
3.509528616394713696e-01 8.862343662245004972e-02
3.429690740177547825e-01 8.880613708956713870e-02
3.350583076029753915e-01 8.893969660459810633e-02
3.272214415831418144e-01 8.902262810237751567e-02
3.194593469331089564e-01 8.905356333377793809e-02
3.117728863177794407e-01 8.903127096929243367e-02
3.041629139962280792e-01 8.895468812164084027e-02
2.966302757267624823e-01 8.882299857891443051e-02
2.891758086729252497e-01 8.863658060818847828e-02
2.818003413104546162e-01 8.839709828739267250e-02
2.745046933352085494e-01 8.810628687618640709e-02
2.672896755720651774e-01 8.776588836694831919e-02
2.601560898848094272e-01 8.737765804280488158e-02
2.531047290870154232e-01 8.694336067032903959e-02
2.461363768539343022e-01 8.646475361595659659e-02
2.392518076353984391e-01 8.594359243379087743e-02
2.324517865697500740e-01 8.538166256834503476e-02
2.257370693988056676e-01 8.478075902270487685e-02
2.191084023838638650e-01 8.414262493631949336e-02
2.125665222227673956e-01 8.346899712330767274e-02
2.061121559680280102e-01 8.276172033117701332e-02
1.997460209460230063e-01 8.202261816565295516e-02
1.934688246772731102e-01 8.125319911821353436e-02
1.872812647978095990e-01 8.045488609905503130e-02
1.811840289816407656e-01 7.962915949632458357e-02
1.751777948643248317e-01 7.877743424610421374e-02
1.692632299676588570e-01 7.790085025570539501e-02
1.634409916254914164e-01 7.700074913619504857e-02
1.577117269106679265e-01 7.607920681137989027e-02
1.520760725631161714e-01 7.513767435116013027e-02
1.465346549190801317e-01 7.417580941094095714e-02
1.410880898415101115e-01 7.319024209366535583e-02
1.357369826516168221e-01 7.217218544947633097e-02
1.304819280615971966e-01 7.111348527681912723e-02
1.253235101085391490e-01 7.000807938891678850e-02
1.202623020895129402e-01 6.885080977200509766e-02
1.152988664978553679e-01 6.763751533026873819e-02
1.104337549606562163e-01 6.636454860585108695e-02
1.056675081774507419e-01 6.502886885863766453e-02
1.010006558601274085e-01 6.362952131766298758e-02
9.643371667405697956e-02 6.216806143317293865e-02
9.196719818044885031e-02 6.065432373067064509e-02
8.760159677994161509e-02 5.910479508588690339e-02
8.333739765743386485e-02 5.753426194508423630e-02
7.917507472816209813e-02 5.595587112358986481e-02
7.511509058502996439e-02 5.437959167069500444e-02
7.115789644719716645e-02 5.281137803287098975e-02
6.730393210993146358e-02 5.123932468968442344e-02
6.355362589573076981e-02 4.964387226429026190e-02
5.990739460672012129e-02 4.801295158607746250e-02
5.636564347832906385e-02 4.633758079066575830e-02
5.292876613425423482e-02 4.460871997481942464e-02
4.959714454271368922e-02 4.282020047462421763e-02
4.637114897399441382e-02 4.097886721724373210e-02
4.325113795930202176e-02 3.909661968087201067e-02
4.023745825091396000e-02 3.719053163170270293e-02
3.733044478364233587e-02 3.527745992159035671e-02
3.453042063760936031e-02 3.336994724087309627e-02
3.183769700234129196e-02 3.147959031966071630e-02
2.925257314218321358e-02 2.961766001626580172e-02
2.677533636303963682e-02 2.779416535986256251e-02
2.440626198044326678e-02 2.601646385640668871e-02
2.214561328895736647e-02 2.428294715334588377e-02
1.999364153291383062e-02 2.257687301998020576e-02
1.795058587848985532e-02 2.088492416095485624e-02
1.601667338712764455e-02 1.920125057523979634e-02
1.419211899029970692e-02 1.752428506926691568e-02
1.247712546562085301e-02 1.585718017603185426e-02
1.087188341431266636e-02 1.420642419049747071e-02
9.376571240020115106e-03 1.258181225158224760e-02
7.991355128984078959e-03 1.099518479147955016e-02
6.716389031571567969e-03 9.460128447097674795e-03
5.551814645166519568e-03 7.991224203969745504e-03
4.497761398421062928e-03 6.603742765873048259e-03
3.554346436871580472e-03 5.312844422489295879e-03
2.721674609919344512e-03 4.133491435112410066e-03
1.999838459177394334e-03 3.079586022190098325e-03
1.388918208186096237e-03 2.164216928989277922e-03
8.889817534969424173e-04 1.398624808034908303e-03
5.000846571264760954e-04 7.928087427714892695e-04
2.222701403818971855e-04 3.542300921167221566e-04
5.556907905679420168e-05 8.886603251023256949e-05
0.000000000000000000e+00 -1.164759782419129892e-09
0.000000000000000000e+00 1.618884339200386831e-09
5.556907905679420168e-05 -6.298751315994110655e-05
2.222701403818971855e-04 -2.502353503137171270e-04
5.000846571264760954e-04 -5.571837736335112515e-04
8.889817534969424173e-04 -9.755418913065487660e-04
1.388918208186096237e-03 -1.494977391104952008e-03
1.999838459177394334e-03 -2.101682211918583058e-03
2.721674609919344512e-03 -2.780179733634129818e-03
3.554346436871580472e-03 -3.512535287321785944e-03
4.497761398421062928e-03 -4.279799116748250754e-03
5.551814645166519568e-03 -5.061740811891350493e-03
6.716389031571567969e-03 -5.838049719995507328e-03
7.991355128984078959e-03 -6.588544429852756686e-03
9.376571240020115106e-03 -7.294311889728575908e-03
1.087188341431266636e-02 -7.938216252767417783e-03
1.247712546562085301e-02 -8.505987846998392873e-03
1.419211899029970692e-02 -8.986693340452328246e-03
1.601667338712764455e-02 -9.374629998510091225e-03
1.795058587848985532e-02 -9.669359734215217037e-03
1.999364153291383062e-02 -9.877805412721001391e-03
2.214561328895736647e-02 -1.001355257387095445e-02
2.440626198044326678e-02 -1.010164856223479124e-02
2.677533636303963682e-02 -1.017271930942962969e-02
2.925257314218321358e-02 -1.023733662839418530e-02
3.183769700234129196e-02 -1.029447439513979379e-02
3.453042063760936031e-02 -1.034191652522317012e-02
3.733044478364233587e-02 -1.037696125156020721e-02
4.023745825091396000e-02 -1.039701306908629407e-02
4.325113795930202176e-02 -1.039937468167790972e-02
4.637114897399441382e-02 -1.038058591128970982e-02
4.959714454271368922e-02 -1.033697391278622611e-02
5.292876613425423482e-02 -1.026502725050682657e-02
5.636564347832906385e-02 -1.016125610796792325e-02
5.990739460672012129e-02 -1.002209226230488422e-02
6.355362589573076981e-02 -9.844002396842082767e-03
6.730393210993146358e-02 -9.623605431651575948e-03
7.115789644719716645e-02 -9.357036138794534025e-03
7.511509058502996439e-02 -9.039209961794650305e-03
7.917507472816209813e-02 -8.668953632447663760e-03
8.333739765743386485e-02 -8.253434781820712801e-03
8.760159677994161509e-02 -7.802272086013372493e-03
9.196719818044885031e-02 -7.327580801440879144e-03
9.643371667405697956e-02 -6.843844810695038847e-03
1.010006558601274085e-01 -6.368380129682959558e-03
1.056675081774507419e-01 -5.911681143688674034e-03
1.104337549606562163e-01 -5.475673707696780863e-03
1.152988664978553679e-01 -5.060233283863831664e-03
1.202623020895129402e-01 -4.663676005433022367e-03
1.253235101085391490e-01 -4.284446133213442795e-03
1.304819280615971966e-01 -3.921115203954368342e-03
1.357369826516168221e-01 -3.571670969892692081e-03
1.410880898415101115e-01 -3.233625461161632707e-03
1.465346549190801317e-01 -2.903952117607012679e-03
1.520760725631161714e-01 -2.579425528847920524e-03
1.577117269106679265e-01 -2.257876969269447930e-03
1.634409916254914164e-01 -1.937692669785691510e-03
1.692632299676588570e-01 -1.617356496979025990e-03
1.751777948643248317e-01 -1.295372430074018862e-03
1.811840289816407656e-01 -9.701328468475847473e-04
1.872812647978095990e-01 -6.398261795692856795e-04
1.934688246772731102e-01 -3.018719468918803855e-04
1.997460209460230063e-01 4.608135171766259818e-05
2.061121559680280102e-01 4.046401678996007999e-04
2.125665222227673956e-01 7.731397873536387201e-04
2.191084023838638650e-01 1.148215535274274947e-03
2.257370693988056676e-01 1.526090699692244377e-03
2.324517865697500740e-01 1.903306811446126663e-03
2.392518076353984391e-01 2.276165259515692055e-03
2.461363768539343022e-01 2.640329067750211978e-03
2.531047290870154232e-01 2.991277178992265539e-03
2.601560898848094272e-01 3.324301596467832149e-03
2.672896755720651774e-01 3.634415298484246215e-03
2.745046933352085494e-01 3.916227936054432306e-03
2.818003413104546162e-01 4.164102524639944590e-03
2.891758086729252497e-01 4.372116959822717509e-03
2.966302757267624823e-01 4.534051764671116237e-03
3.041629139962280792e-01 4.643608788061961631e-03
3.117728863177794407e-01 4.698942587041339373e-03
3.194593469331089564e-01 4.702333210730086539e-03
3.272214415831418144e-01 4.656521899480689855e-03
3.350583076029753915e-01 4.564506518184206774e-03
3.429690740177547825e-01 4.429495840613976304e-03
3.509528616394713696e-01 4.254882897792513705e-03
3.590087831646743277e-01 4.044539276239115556e-03
3.671359432730831873e-01 3.802595841898610916e-03
3.753334387270930161e-01 3.533173490464442627e-03
3.836003584721576765e-01 3.240560602351818132e-03
3.919357837380436083e-01 2.930114867394167065e-03
4.003387881409395943e-01 2.607132557688217507e-03
4.088084377864137364e-01 2.274539076539034560e-03
4.173437913732044313e-01 1.933958876306569137e-03
4.259439002978354649e-01 1.584716581223192308e-03
4.346078087600411255e-01 1.225751577699635709e-03
4.433345538689928977e-01 8.567306985887182232e-04
4.521231657503131940e-01 4.773183012194500037e-04
4.609726676538650203e-01 8.673207839087203634e-05
4.698820760623064752e-01 -3.157478293625474541e-04
4.788504008003974244e-01 -7.305122598757505864e-04
4.878766451450451402e-01 -1.158153672541634670e-03
4.969598059360780251e-01 -1.599738546497336605e-03
5.060988736877365390e-01 -2.055397112943223824e-03
5.152928327008634568e-01 -2.523615790952358617e-03
5.245406611757882365e-01 -3.002152562478624127e-03
5.338413313258880688e-01 -3.487971231103652141e-03
5.431938094918128401e-01 -3.978062755027043582e-03
5.525970562563653488e-01 -4.469511090078761087e-03
5.620500265600203438e-01 -4.959258725576973746e-03
5.715516698170692855e-01 -5.444095680556917602e-03
5.811009300323815019e-01 -5.920673876930111421e-03
5.906967459187653091e-01 -6.385547138306933712e-03
6.003380510149177729e-01 -6.835414605854101856e-03
6.100237738039482327e-01 -7.267226432675133463e-03
6.197528378324663745e-01 -7.679446310623611396e-03
6.295241618302156450e-01 -8.071397787310627403e-03
6.393366598302444581e-01 -8.442179280487301096e-03
6.491892412895989839e-01 -8.790788477544178581e-03
6.590808112105230876e-01 -9.116327420730175116e-03
6.690102702621547603e-01 -9.417928283789992264e-03
6.789765149027036095e-01 -9.694652018126434165e-03
6.889784375020977514e-01 -9.945546968503445398e-03
6.990149264650814542e-01 -1.016971398666420383e-02
7.090848663547572039e-01 -1.036616359067686795e-02
7.191871380165538730e-01 -1.053351742122971349e-02
7.293206187026060050e-01 -1.067030445147276567e-02
7.394841821965345563e-01 -1.077504525866660942e-02
7.496766989386134394e-01 -1.084624371928067516e-02
7.598970361513051053e-01 -1.088236567618223495e-02
7.701440579651563922e-01 -1.088189937882632491e-02
7.804166255450371015e-01 -1.084339182322733262e-02
7.907135972167069760e-01 -1.076531513358559150e-02
8.010338285937002034e-01 -1.064601264919759482e-02
8.113761727045106786e-01 -1.048468627399688942e-02
8.217394801200630372e-01 -1.028183552045399719e-02
8.321225990814590245e-01 -1.003824064860779977e-02
8.425243756279822138e-01 -9.754899299955968953e-03
8.529436537253458628e-01 -9.432758164813813059e-03
8.633792753941731402e-01 -9.072702418323740428e-03
8.738300808386934015e-01 -8.675738129813903229e-03
8.842949085756387495e-01 -8.242970801613343917e-03
8.947725955633289985e-01 -7.775354437274885518e-03
9.052619773309316109e-01 -7.273931365260319359e-03
9.157618881078770645e-01 -6.742047174915968138e-03
9.262711609534211021e-01 -6.184531083414532282e-03
9.367886278863364335e-01 -5.606503839053735005e-03
9.473131200147204556e-01 -5.013219160792816743e-03
9.578434676659028923e-01 -4.409865396536215114e-03
9.683785005164411430e-01 -3.801614510897466295e-03
9.789170477221889044e-01 -3.193715773560270275e-03
9.894579380484205267e-01 -2.591437200046418487e-03
9.999999999999998890e-01 -1.999999779122026144e-03
