9.999999999999998890e-01 1.458073620323135322e-08
9.894579380484205267e-01 1.586468657868436325e-03
9.789170477221889044e-01 3.111417887125044433e-03
9.683785005164411430e-01 4.593115483501502769e-03
9.578434676659028923e-01 6.053639425054460795e-03
9.473131200147204556e-01 7.513544790956078016e-03
9.367886278863364335e-01 8.987066924609455124e-03
9.262711609534211021e-01 1.048136208192654469e-02
9.157618881078770645e-01 1.198998732949494751e-02
9.052619773309316109e-01 1.350724382194504018e-02
8.947725955633289985e-01 1.503235152437048562e-02
8.842949085756387495e-01 1.656301253822540370e-02
8.738300808386934015e-01 1.809364058951484777e-02
8.633792753941731402e-01 1.961806166986572106e-02
8.529436537253458628e-01 2.112971882786322461e-02
8.425243756279822138e-01 2.262239944967584307e-02
8.321225990814590245e-01 2.409045428974611672e-02
8.217394801200630372e-01 2.553129714834408842e-02
8.113761727045106786e-01 2.694526308801864500e-02
8.010338285937002034e-01 2.833329911942861212e-02
7.907135972167069760e-01 2.969675199798169768e-02
7.804166255450371015e-01 3.103698923410478858e-02
7.701440579651563922e-01 3.235519936195777047e-02
7.598970361513051053e-01 3.365074956649875826e-02
7.496766989386134394e-01 3.492242411203921176e-02
7.394841821965345563e-01 3.617255970853464758e-02
7.293206187026060050e-01 3.740509698716659726e-02
7.191871380165538730e-01 3.862341490447111086e-02
7.090848663547572039e-01 3.982952309131651547e-02
6.990149264650814542e-01 4.101941677004453113e-02
6.889784375020977514e-01 4.218860601351545614e-02
6.789765149027036095e-01 4.333902367985115189e-02
6.690102702621547603e-01 4.447368267566969430e-02
6.590808112105230876e-01 4.559326048795100950e-02
6.491892412895989839e-01 4.669731421703258306e-02
6.393366598302444581e-01 4.778363576322668810e-02
6.295241618302156450e-01 4.884990475398399978e-02
6.197528378324663745e-01 4.989431538694066165e-02
6.100237738039482327e-01 5.091544084415040167e-02
6.003380510149177729e-01 5.191247060089027032e-02
5.906967459187653091e-01 5.288483080006810971e-02
5.811009300323815019e-01 5.383218869919017407e-02
5.715516698170692855e-01 5.475254308361254818e-02
5.620500265600203438e-01 5.564150959644052763e-02
5.525970562563653488e-01 5.649587432713584073e-02
5.431938094918128401e-01 5.731406381127011201e-02
5.338413313258880688e-01 5.809472502210317330e-02
5.245406611757882365e-01 5.883662533322966265e-02
5.152928327008634568e-01 5.953845286613478754e-02
5.060988736877365390e-01 6.019881413996239217e-02
4.969598059360780251e-01 6.081619376757359946e-02
4.878766451450451402e-01 6.138899422057141064e-02
4.788504008003974244e-01 6.191566315959931566e-02
4.698820760623064752e-01 6.239484924698138896e-02
4.609726676538650203e-01 6.282668519711802346e-02
4.521231657503131940e-01 6.321195992075613612e-02
4.433345538689928977e-01 6.355076445628686510e-02
4.346078087600411255e-01 6.384287074679084739e-02
4.259439002978354649e-01 6.408793953230368379e-02
4.173437913732044313e-01 6.428549805565700326e-02
4.088084377864137364e-01 6.443463130962624741e-02
4.003387881409395943e-01 6.453431226633213336e-02
3.919357837380436083e-01 6.458357994899652232e-02
3.836003584721576765e-01 6.458205488103928305e-02
3.753334387270930161e-01 6.453115102989316620e-02
3.671359432730831873e-01 6.443261822614780587e-02
3.590087831646743277e-01 6.428815697003330276e-02
3.509528616394713696e-01 6.409943595375902636e-02
3.429690740177547825e-01 6.386807354111809221e-02
3.350583076029753915e-01 6.359584745062885069e-02
3.272214415831418144e-01 6.328483831112775848e-02
3.194593469331089564e-01 6.293713222582004996e-02
3.117728863177794407e-01 6.255478473702523468e-02
3.041629139962280792e-01 6.214025063106787955e-02
2.966302757267624823e-01 6.169651757647270224e-02
2.891758086729252497e-01 6.122696556398846829e-02
2.818003413104546162e-01 6.073528040212167883e-02
2.745046933352085494e-01 6.022350530797677265e-02
2.672896755720651774e-01 5.969213793903361404e-02
2.601560898848094272e-01 5.914134167315100027e-02
2.531047290870154232e-01 5.857111033588850713e-02
2.461363768539343022e-01 5.798197041629734455e-02
2.392518076353984391e-01 5.737482661058308092e-02
2.324517865697500740e-01 5.675084234094023017e-02
2.257370693988056676e-01 5.611117488954223825e-02
2.191084023838638650e-01 5.545588720005318467e-02
2.125665222227673956e-01 5.478452805134449710e-02
2.061121559680280102e-01 5.409656822603650661e-02
1.997460209460230063e-01 5.339140749701611066e-02
1.934688246772731102e-01 5.266823174752827130e-02
1.872812647978095990e-01 5.192607398238557881e-02
1.811840289816407656e-01 5.116361189215302974e-02
1.751777948643248317e-01 5.037968635698564235e-02
1.692632299676588570e-01 4.957401344872136573e-02
1.634409916254914164e-01 4.874660176859569455e-02
1.577117269106679265e-01 4.789775936218404473e-02
1.520760725631161714e-01 4.702821876201815354e-02
1.465346549190801317e-01 4.613958427319352074e-02
1.410880898415101115e-01 4.523331737185990603e-02
1.357369826516168221e-01 4.431036440897377637e-02
1.304819280615971966e-01 4.337233800413778373e-02
1.253235101085391490e-01 4.242206559222455597e-02
1.202623020895129402e-01 4.146339128562732956e-02
1.152988664978553679e-01 4.050137036932064533e-02
1.104337549606562163e-01 3.953991587100622734e-02
1.056675081774507419e-01 3.858147030481676870e-02
1.010006558601274085e-01 3.762765341272480968e-02
9.643371667405697956e-02 3.667929575502994199e-02
9.196719818044885031e-02 3.573619076128944916e-02
8.760159677994161509e-02 3.479737692094458934e-02
8.333739765743386485e-02 3.386290927555766356e-02
7.917507472816209813e-02 3.293349819115922589e-02
7.511509058502996439e-02 3.200911615437591201e-02
7.115789644719716645e-02 3.108908285414364869e-02
6.730393210993146358e-02 3.017097843077203023e-02
6.355362589573076981e-02 2.925170957416544856e-02
5.990739460672012129e-02 2.832938360425313329e-02
5.636564347832906385e-02 2.740276966336255629e-02
5.292876613425423482e-02 2.647155008069272675e-02
4.959714454271368922e-02 2.553568995670032690e-02
4.637114897399441382e-02 2.459503070236136388e-02
4.325113795930202176e-02 2.364909705300766857e-02
4.023745825091396000e-02 2.269637112894461184e-02
3.733044478364233587e-02 2.173570113137840779e-02
3.453042063760936031e-02 2.076778834414043720e-02
3.183769700234129196e-02 1.979365658495334940e-02
2.925257314218321358e-02 1.881426308098826591e-02
2.677533636303963682e-02 1.783195984857626273e-02
2.440626198044326678e-02 1.685207219195679340e-02
2.214561328895736647e-02 1.588135085865372345e-02
1.999364153291383062e-02 1.492824592080876575e-02
1.795058587848985532e-02 1.399331527761130817e-02
1.601667338712764455e-02 1.306536866953312247e-02
1.419211899029970692e-02 1.213978075115469332e-02
1.247712546562085301e-02 1.122153902816969140e-02
1.087188341431266636e-02 1.032185277453881965e-02
9.376571240020115106e-03 9.457877542025688172e-03
7.991355128984078959e-03 8.647433284676812881e-03
6.716389031571567969e-03 7.905036877709844742e-03
5.551814645166519568e-03 7.192890679466905877e-03
4.497761398421062928e-03 6.437562760706284394e-03
3.554346436871580472e-03 5.604777952990710674e-03
2.721674609919344512e-03 4.689723918400234143e-03
1.999838459177394334e-03 3.725584665277330287e-03
1.388918208186096237e-03 2.766129222277053951e-03
8.889817534969424173e-04 1.870400231116366423e-03
5.000846571264760954e-04 1.098406448319231253e-03
2.222701403818971855e-04 5.025576969674811715e-04
5.556907905679420168e-05 1.282083902463201387e-04
0.000000000000000000e+00 -1.694436397184887285e-08
0.000000000000000000e+00 1.678281490404622116e-08
5.556907905679420168e-05 -1.272646546575753081e-04
2.222701403818971855e-04 -4.988038257156927890e-04
5.000846571264760954e-04 -1.089983050729610064e-03
8.889817534969424173e-04 -1.855485140937492830e-03
1.388918208186096237e-03 -2.742890427190100133e-03
1.999838459177394334e-03 -3.692034620403752097e-03
2.721674609919344512e-03 -4.643604644371468471e-03
3.554346436871580472e-03 -5.543353504453652457e-03
4.497761398421062928e-03 -6.357272894099754920e-03
5.551814645166519568e-03 -7.088744990627914022e-03
6.716389031571567969e-03 -7.770279746724493598e-03
7.991355128984078959e-03 -8.473135369427457070e-03
9.376571240020115106e-03 -9.233595417403520425e-03
1.087188341431266636e-02 -1.003657749320799493e-02
1.247712546562085301e-02 -1.086426418690369065e-02
1.419211899029970692e-02 -1.170004864697408997e-02
1.601667338712764455e-02 -1.253286977945300244e-02
1.795058587848985532e-02 -1.335747898315097978e-02
1.999364153291383062e-02 -1.417822632761645170e-02
2.214561328895736647e-02 -1.500604853003577321e-02
2.440626198044326678e-02 -1.584038319997742653e-02
2.677533636303963682e-02 -1.667307753886115504e-02
2.925257314218321358e-02 -1.749899303446868226e-02
3.183769700234129196e-02 -1.831542926185699208e-02
3.453042063760936031e-02 -1.912478666071319028e-02
3.733044478364233587e-02 -1.993125118739407994e-02
4.023745825091396000e-02 -2.073499147344332397e-02
4.325113795930202176e-02 -2.153489941538716534e-02
4.637114897399441382e-02 -2.233153642842852782e-02
4.959714454271368922e-02 -2.312588408827916109e-02
5.292876613425423482e-02 -2.391836982000151296e-02
5.636564347832906385e-02 -2.470951686814965714e-02
5.990739460672012129e-02 -2.550072267988816310e-02
6.355362589573076981e-02 -2.629330926747261779e-02
6.730393210993146358e-02 -2.708780465777875165e-02
7.115789644719716645e-02 -2.788423910843783327e-02
7.511509058502996439e-02 -2.868178189339505926e-02
7.917507472816209813e-02 -2.947930204323893216e-02
8.333739765743386485e-02 -3.027531336429297240e-02
8.760159677994161509e-02 -3.106779343819696115e-02
9.196719818044885031e-02 -3.185390551253832608e-02
9.643371667405697956e-02 -3.263199024355140088e-02
1.010006558601274085e-01 -3.340217322695249180e-02
1.056675081774507419e-01 -3.416420334793576763e-02
1.104337549606562163e-01 -3.491717663604949895e-02
1.152988664978553679e-01 -3.565939368464544901e-02
1.202623020895129402e-01 -3.638851124905064655e-02
1.253235101085391490e-01 -3.710441422495051184e-02
1.304819280615971966e-01 -3.780894683802869805e-02
1.357369826516168221e-01 -3.850424677556494452e-02
1.410880898415101115e-01 -3.919266476303873842e-02
1.465346549190801317e-01 -3.987705317385729920e-02
1.520760725631161714e-01 -4.056019360754118536e-02
1.577117269106679265e-01 -4.124165250308072656e-02
1.634409916254914164e-01 -4.191969947449215167e-02
1.692632299676588570e-01 -4.259500486924591711e-02
1.751777948643248317e-01 -4.326916967287333660e-02
1.811840289816407656e-01 -4.394324447143106022e-02
1.872812647978095990e-01 -4.461740577837456506e-02
1.934688246772731102e-01 -4.528865906717763345e-02
1.997460209460230063e-01 -4.595342003599649228e-02
2.061121559680280102e-01 -4.660939778994308696e-02
2.125665222227673956e-01 -4.725484676178944021e-02
2.191084023838638650e-01 -4.788876405679922538e-02
2.257370693988056676e-01 -4.851015258202650421e-02
2.324517865697500740e-01 -4.911764242903782912e-02
2.392518076353984391e-01 -4.970930879870498476e-02
2.461363768539343022e-01 -5.028214825693439610e-02
2.531047290870154232e-01 -5.083318328016021848e-02
2.601560898848094272e-01 -5.135975952135799633e-02
2.672896755720651774e-01 -5.186016875465527393e-02
2.745046933352085494e-01 -5.233410020947863034e-02
2.818003413104546162e-01 -5.278128326007293369e-02
2.891758086729252497e-01 -5.320133278402588289e-02
2.966302757267624823e-01 -5.359349627023089063e-02
3.041629139962280792e-01 -5.395663314381661524e-02
3.117728863177794407e-01 -5.428967290046037703e-02
3.194593469331089564e-01 -5.459166001257075018e-02
3.272214415831418144e-01 -5.486213210083209363e-02
3.350583076029753915e-01 -5.510098183907932018e-02
3.429690740177547825e-01 -5.530781894965682705e-02
3.509528616394713696e-01 -5.548201557324253935e-02
3.590087831646743277e-01 -5.562250423811186673e-02
3.671359432730831873e-01 -5.572807678483773786e-02
3.753334387270930161e-01 -5.579826816918567745e-02
3.836003584721576765e-01 -5.583302768225719553e-02
3.919357837380436083e-01 -5.583275568628425639e-02
4.003387881409395943e-01 -5.579782314911056057e-02
4.088084377864137364e-01 -5.572758673822442166e-02
4.173437913732044313e-01 -5.562118727278281272e-02
4.259439002978354649e-01 -5.547819874491292935e-02
4.346078087600411255e-01 -5.529880016209672705e-02
4.433345538689928977e-01 -5.508485610351439299e-02
4.521231657503131940e-01 -5.483810132843485591e-02
4.609726676538650203e-01 -5.455888205679246261e-02
4.698820760623064752e-01 -5.424695047636334672e-02
4.788504008003974244e-01 -5.390123888055321083e-02
4.878766451450451402e-01 -5.352094952459839072e-02
4.969598059360780251e-01 -5.310603285065096379e-02
5.060988736877365390e-01 -5.265567654257498342e-02
5.152928327008634568e-01 -5.216764917000723395e-02
5.245406611757882365e-01 -5.163863826309601779e-02
5.338413313258880688e-01 -5.106408803091763704e-02
5.431938094918128401e-01 -5.044152474982775691e-02
5.525970562563653488e-01 -4.977106025470837136e-02
5.620500265600203438e-01 -4.905402444786757105e-02
5.715516698170692855e-01 -4.829289106358191502e-02
5.811009300323815019e-01 -4.749163807991300251e-02
5.906967459187653091e-01 -4.665555647815098489e-02
6.003380510149177729e-01 -4.579129771532421816e-02
6.100237738039482327e-01 -4.490637564138465904e-02
6.197528378324663745e-01 -4.400767168934940909e-02
6.295241618302156450e-01 -4.310143281814774602e-02
6.393366598302444581e-01 -4.219182658724991708e-02
6.491892412895989839e-01 -4.128168027756123210e-02
6.590808112105230876e-01 -4.037167979773700899e-02
6.690102702621547603e-01 -3.946118101571684245e-02
6.789765149027036095e-01 -3.854705201766948225e-02
6.889784375020977514e-01 -3.762492996517802224e-02
6.990149264650814542e-01 -3.668872024878556265e-02
7.090848663547572039e-01 -3.573200675392723680e-02
7.191871380165538730e-01 -3.474898341516270001e-02
7.293206187026060050e-01 -3.373426808046214864e-02
7.394841821965345563e-01 -3.268334429206474351e-02
7.496766989386134394e-01 -3.159286168779894960e-02
7.598970361513051053e-01 -3.046201444877457212e-02
7.701440579651563922e-01 -2.929225598419335844e-02
7.804166255450371015e-01 -2.808896096253381269e-02
7.907135972167069760e-01 -2.685753084701474058e-02
8.010338285937002034e-01 -2.560255261633443899e-02
8.113761727045106786e-01 -2.432924808534846564e-02
8.217394801200630372e-01 -2.304390414300370310e-02
8.321225990814590245e-01 -2.175291850270864163e-02
8.425243756279822138e-01 -2.046255175321396585e-02
8.529436537253458628e-01 -1.917482031331175021e-02
8.633792753941731402e-01 -1.788737020415090070e-02
8.738300808386934015e-01 -1.659945524938994874e-02
8.842949085756387495e-01 -1.531182953578606211e-02
8.947725955633289985e-01 -1.402363178565356298e-02
9.052619773309316109e-01 -1.273253889314605869e-02
9.157618881078770645e-01 -1.143383374421675508e-02
9.262711609534211021e-01 -1.012146208301023878e-02
9.367886278863364335e-01 -8.790721746938462075e-03
9.473131200147204556e-01 -7.437158774265303050e-03
9.578434676659028923e-01 -6.052843058312104736e-03
9.683785005164411430e-01 -4.628077982470742320e-03
9.789170477221889044e-01 -3.151807830795913361e-03
9.894579380484205267e-01 -1.612645194226369804e-03
9.999999999999998890e-01 -2.935276732954082755e-09
