9.999999999999998890e-01 4.250002003147097286e-03
9.894579380484205267e-01 7.016605093029719756e-03
9.789170477221889044e-01 9.644575261673862115e-03
9.683785005164411430e-01 1.215850074736292766e-02
9.578434676659028923e-01 1.458345879619179011e-02
9.473131200147204556e-01 1.694441978360991877e-02
9.367886278863364335e-01 1.926579033108442515e-02
9.262711609534211021e-01 2.157222161914788480e-02
9.157618881078770645e-01 2.388912410769587769e-02
9.052619773309316109e-01 2.624088622827737416e-02
8.947725955633289985e-01 2.864954435465156060e-02
8.842949085756387495e-01 3.112288518940789853e-02
8.738300808386934015e-01 3.364649274253816991e-02
8.633792753941731402e-01 3.620502954242321020e-02
8.529436537253458628e-01 3.878455262456501074e-02
8.425243756279822138e-01 4.137095493222332776e-02
8.321225990814590245e-01 4.394984116475043889e-02
8.217394801200630372e-01 4.650693790577165726e-02
8.113761727045106786e-01 4.902815198899597438e-02
8.010338285937002034e-01 5.150018316239456800e-02
7.907135972167069760e-01 5.391097480469414505e-02
7.804166255450371015e-01 5.625606748905757903e-02
7.701440579651563922e-01 5.853604691208375704e-02
7.598970361513051053e-01 6.075085102013313976e-02
7.496766989386134394e-01 6.290004672427333687e-02
7.394841821965345563e-01 6.498360164609123801e-02
7.293206187026060050e-01 6.700165063072208160e-02
7.191871380165538730e-01 6.895416645185156734e-02
7.090848663547572039e-01 7.084108785057437185e-02
6.990149264650814542e-01 7.266251405768300864e-02
6.889784375020977514e-01 7.441859595497755941e-02
6.789765149027036095e-01 7.610948016289527385e-02
6.690102702621547603e-01 7.773534715584816401e-02
6.590808112105230876e-01 7.929650201482330019e-02
6.491892412895989839e-01 8.079324737070356366e-02
6.393366598302444581e-01 8.222579754731154655e-02
6.295241618302156450e-01 8.359445491887762536e-02
6.197528378324663745e-01 8.489977439207475884e-02
6.100237738039482327e-01 8.614214412381354657e-02
6.003380510149177729e-01 8.732155524826629156e-02
5.906967459187653091e-01 8.843941097509187832e-02
5.811009300323815019e-01 8.949960780989417441e-02
5.715516698170692855e-01 9.050655667762286249e-02
5.620500265600203438e-01 9.146505425693456093e-02
5.525970562563653488e-01 9.237980518517271977e-02
5.431938094918128401e-01 9.325535431051842905e-02
5.338413313258880688e-01 9.409593487336469220e-02
5.245406611757882365e-01 9.490549843012310860e-02
5.152928327008634568e-01 9.568844993347191963e-02
5.060988736877365390e-01 9.644944777518289769e-02
4.969598059360780251e-01 9.719114654750972415e-02
4.878766451450451402e-01 9.791424458896053062e-02
4.788504008003974244e-01 9.861406662819435787e-02
4.698820760623064752e-01 9.928287758807485819e-02
4.609726676538650203e-01 9.991454840198198128e-02
4.521231657503131940e-01 1.005037210637661771e-01
4.433345538689928977e-01 1.010445418676912677e-01
4.346078087600411255e-01 1.015311543639596942e-01
4.259439002978354649e-01 1.019589043491597596e-01
4.173437913732044313e-01 1.023233591268498111e-01
4.088084377864137364e-01 1.026191335562778306e-01
4.003387881409395943e-01 1.028415924113597474e-01
3.919357837380436083e-01 1.029900567172753884e-01
3.836003584721576765e-01 1.030663956940989362e-01
3.753334387270930161e-01 1.030775409817338423e-01
3.671359432730831873e-01 1.030308244521173366e-01
3.590087831646743277e-01 1.029320016577205815e-01
3.509528616394713696e-01 1.027866935220631411e-01
3.429690740177547825e-01 1.026007822202161107e-01
3.350583076029753915e-01 1.023799236255560352e-01
3.272214415831418144e-01 1.021292939997526655e-01
3.194593469331089564e-01 1.018538429996404676e-01
3.117728863177794407e-01 1.015582515323590340e-01
3.041629139962280792e-01 1.012472060099719046e-01
2.966302757267624823e-01 1.009252406135118518e-01
2.891758086729252497e-01 1.005918089286655659e-01
2.818003413104546162e-01 1.002408364523490192e-01
2.745046933352085494e-01 9.986605602103462709e-02
2.672896755720651774e-01 9.946131959463382077e-02
2.601560898848094272e-01 9.902108565533576656e-02
2.531047290870154232e-01 9.854032302723324255e-02
2.461363768539343022e-01 9.801451487678579377e-02
2.392518076353984391e-01 9.743951072612419551e-02
2.324517865697500740e-01 9.681152881332906468e-02
2.257370693988056676e-01 9.612710145176857346e-02
2.191084023838638650e-01 9.538363555536651106e-02
2.125665222227673956e-01 9.457888479886519817e-02
2.061121559680280102e-01 9.371027818530369702e-02
1.997460209460230063e-01 9.277577663066167990e-02
1.934688246772731102e-01 9.177666075294425851e-02
1.872812647978095990e-01 9.071600553540050405e-02
1.811840289816407656e-01 8.959999407105134761e-02
1.751777948643248317e-01 8.843520446971989135e-02
1.692632299676588570e-01 8.722680151951202332e-02
1.634409916254914164e-01 8.597979907693427404e-02
1.577117269106679265e-01 8.469963726611490218e-02
1.520760725631161714e-01 8.339131442767888647e-02
1.465346549190801317e-01 8.205859812149043919e-02
1.410880898415101115e-01 8.070297940843254580e-02
1.357369826516168221e-01 7.932183861408965975e-02
1.304819280615971966e-01 7.791271863993839975e-02
1.253235101085391490e-01 7.647421964626943680e-02
1.202623020895129402e-01 7.500523151121256393e-02
1.152988664978553679e-01 7.350492642836048418e-02
1.104337549606562163e-01 7.197302801697533226e-02
1.056675081774507419e-01 7.040988396003293459e-02
1.010006558601274085e-01 6.881597343309482639e-02
9.643371667405697956e-02 6.719170603967497546e-02
9.196719818044885031e-02 6.553473235770325422e-02
8.760159677994161509e-02 6.384051048429194297e-02
8.333739765743386485e-02 6.210573187986383886e-02
7.917507472816209813e-02 6.032815167078261348e-02
7.511509058502996439e-02 5.850711202919450793e-02
7.115789644719716645e-02 5.664511594544355266e-02
6.730393210993146358e-02 5.476314363865229101e-02
6.355362589573076981e-02 5.289011713703443279e-02
5.990739460672012129e-02 5.104732433797359858e-02
5.636564347832906385e-02 4.925313380901170934e-02
5.292876613425423482e-02 4.752721961180674665e-02
4.959714454271368922e-02 4.588529589552305110e-02
4.637114897399441382e-02 4.432325880050264066e-02
4.325113795930202176e-02 4.282841893205831252e-02
4.023745825091396000e-02 4.137692189991626357e-02
3.733044478364233587e-02 3.994580335208466892e-02
3.453042063760936031e-02 3.852269690212734715e-02
3.183769700234129196e-02 3.709790243780348995e-02
2.925257314218321358e-02 3.566338487447660854e-02
2.677533636303963682e-02 3.421405946363016704e-02
2.440626198044326678e-02 3.275036331041643323e-02
2.214561328895736647e-02 3.126041055198796464e-02
1.999364153291383062e-02 2.970952161255919696e-02
1.795058587848985532e-02 2.807032393750488047e-02
1.601667338712764455e-02 2.632996713520632803e-02
1.419211899029970692e-02 2.448547493973680239e-02
1.247712546562085301e-02 2.254500042520048153e-02
1.087188341431266636e-02 2.052380087359982966e-02
9.376571240020115106e-03 1.844412111908130814e-02
7.991355128984078959e-03 1.633286404890459120e-02
6.716389031571567969e-03 1.422091829821150490e-02
5.551814645166519568e-03 1.214123437986661634e-02
4.497761398421062928e-03 1.012818235666507020e-02
3.554346436871580472e-03 8.215890426019398576e-03
2.721674609919344512e-03 6.438040783496730077e-03
1.999838459177394334e-03 4.825871214365984839e-03
1.388918208186096237e-03 3.408759671794576052e-03
8.889817534969424173e-04 2.211939428089645769e-03
5.000846571264760954e-04 1.257856041215131039e-03
2.222701403818971855e-04 5.632435238285182690e-04
5.556907905679420168e-05 1.415019444261230938e-04
0.000000000000000000e+00 -2.564698652261706211e-09
0.000000000000000000e+00 3.349094528188544126e-09
5.556907905679420168e-05 -1.112150007078408479e-04
2.222701403818971855e-04 -4.413516744986733685e-04
5.000846571264760954e-04 -9.810944007356322411e-04
8.889817534969424173e-04 -1.713502329369293335e-03
1.388918208186096237e-03 -2.617484859715652184e-03
1.999838459177394334e-03 -3.664908913656239348e-03
2.721674609919344512e-03 -4.824285467822313211e-03
3.554346436871580472e-03 -6.059202355312012962e-03
4.497761398421062928e-03 -7.331308404969621127e-03
5.551814645166519568e-03 -8.599868091681608581e-03
6.716389031571567969e-03 -9.824164697313278113e-03
7.991355128984078959e-03 -1.096400393672929303e-02
9.376571240020115106e-03 -1.198217735555841268e-02
1.087188341431266636e-02 -1.284561574384587845e-02
1.247712546562085301e-02 -1.352746182645746253e-02
1.419211899029970692e-02 -1.400808095012284933e-02
1.601667338712764455e-02 -1.427947378311075072e-02
1.795058587848985532e-02 -1.434529854484824056e-02
1.999364153291383062e-02 -1.422457467880027839e-02
2.214561328895736647e-02 -1.395038332849690525e-02
2.440626198044326678e-02 -1.358194197345789431e-02
2.677533636303963682e-02 -1.319123297784139184e-02
2.925257314218321358e-02 -1.280473054238072221e-02
3.183769700234129196e-02 -1.242202573888218954e-02
3.453042063760936031e-02 -1.203555771362272743e-02
3.733044478364233587e-02 -1.163455360099979914e-02
4.023745825091396000e-02 -1.120849759659914117e-02
4.325113795930202176e-02 -1.074539626103029888e-02
4.637114897399441382e-02 -1.022490661220848765e-02
4.959714454271368922e-02 -9.625868536968631983e-03
5.292876613425423482e-02 -8.935419195360306058e-03
5.636564347832906385e-02 -8.148914176000337725e-03
5.990739460672012129e-02 -7.282979517891822498e-03
6.355362589573076981e-02 -6.358771219848510098e-03
6.730393210993146358e-02 -5.396869535541763165e-03
7.115789644719716645e-02 -4.422196890731684357e-03
7.511509058502996439e-02 -3.470430728435180707e-03
7.917507472816209813e-02 -2.566557618796705843e-03
8.333739765743386485e-02 -1.710527099736967047e-03
8.760159677994161509e-02 -8.965614086013592738e-04
9.196719818044885031e-02 -1.142655459447307120e-04
9.643371667405697956e-02 6.487341605156522967e-04
1.010006558601274085e-01 1.406822161479087544e-03
1.056675081774507419e-01 2.168586983144640910e-03
1.104337549606562163e-01 2.935371164214972337e-03
1.152988664978553679e-01 3.706716343924640594e-03
1.202623020895129402e-01 4.480799301241497612e-03
1.253235101085391490e-01 5.256293781043800371e-03
1.304819280615971966e-01 6.032328074551658245e-03
1.357369826516168221e-01 6.807693535412592811e-03
1.410880898415101115e-01 7.580927633760634575e-03
1.465346549190801317e-01 8.350575869635548307e-03
1.520760725631161714e-01 9.115289314290562703e-03
1.577117269106679265e-01 9.874556207924684026e-03
1.634409916254914164e-01 1.062837395037980956e-02
1.692632299676588570e-01 1.137731519543865727e-02
1.751777948643248317e-01 1.212216877979676449e-02
1.811840289816407656e-01 1.286356877091085309e-02
1.872812647978095990e-01 1.360223941276424327e-02
1.934688246772731102e-01 1.433958384832599402e-02
1.997460209460230063e-01 1.507688549261636778e-02
2.061121559680280102e-01 1.581420415548019653e-02
2.125665222227673956e-01 1.655077592815956330e-02
2.191084023838638650e-01 1.728415810175842893e-02
2.257370693988056676e-01 1.801166327598325081e-02
2.324517865697500740e-01 1.873083220847759564e-02
2.392518076353984391e-01 1.943907469940822641e-02
2.461363768539343022e-01 2.013343313850139357e-02
2.531047290870154232e-01 2.081085139029809072e-02
2.601560898848094272e-01 2.146817953329156758e-02
2.672896755720651774e-01 2.210212255700097148e-02
2.745046933352085494e-01 2.270917470352410220e-02
2.818003413104546162e-01 2.328568414428613259e-02
2.891758086729252497e-01 2.382782937877087406e-02
2.966302757267624823e-01 2.433167372155401256e-02
3.041629139962280792e-01 2.479331225551414594e-02
3.117728863177794407e-01 2.521171503147378798e-02
3.194593469331089564e-01 2.558851236721479752e-02
3.272214415831418144e-01 2.592563833879368493e-02
3.350583076029753915e-01 2.622519956906105287e-02
3.429690740177547825e-01 2.648946384927557129e-02
3.509528616394713696e-01 2.672084416500351833e-02
3.590087831646743277e-01 2.692215669046247456e-02
3.671359432730831873e-01 2.709642555372329328e-02
3.753334387270930161e-01 2.724658625220686969e-02
3.836003584721576765e-01 2.737569791283589460e-02
3.919357837380436083e-01 2.748783932580348838e-02
4.003387881409395943e-01 2.758695863068419754e-02
4.088084377864137364e-01 2.767437824238356062e-02
4.173437913732044313e-01 2.775001311155302769e-02
4.259439002978354649e-01 2.781136960094194449e-02
4.346078087600411255e-01 2.785552628228721295e-02
4.433345538689928977e-01 2.788024017799229162e-02
4.521231657503131940e-01 2.788320565655353495e-02
4.609726676538650203e-01 2.786152982716039866e-02
4.698820760623064752e-01 2.781236296072504485e-02
4.788504008003974244e-01 2.773319594515936959e-02
4.878766451450451402e-01 2.762118361695588969e-02
4.969598059360780251e-01 2.747274666211287769e-02
5.060988736877365390e-01 2.728569458889861313e-02
5.152928327008634568e-01 2.706028002956330572e-02
5.245406611757882365e-01 2.679778223083986721e-02
5.338413313258880688e-01 2.650058191492179679e-02
5.431938094918128401e-01 2.617097360318790603e-02
5.525970562563653488e-01 2.581106517426009356e-02
5.620500265600203438e-01 2.542313554528228062e-02
5.715516698170692855e-01 2.500965110281243298e-02
5.811009300323815019e-01 2.457322861581610202e-02
5.906967459187653091e-01 2.411658555691005915e-02
6.003380510149177729e-01 2.364221130822733233e-02
6.100237738039482327e-01 2.315224352425342483e-02
6.197528378324663745e-01 2.264686692390875319e-02
6.295241618302156450e-01 2.212515749171089369e-02
6.393366598302444581e-01 2.158648508816014833e-02
6.491892412895989839e-01 2.103034535751768797e-02
6.590808112105230876e-01 2.045606010879161274e-02
6.690102702621547603e-01 1.986290080029086066e-02
6.789765149027036095e-01 1.925025601134627840e-02
6.889784375020977514e-01 1.861751845308646375e-02
6.990149264650814542e-01 1.796391985858905235e-02
7.090848663547572039e-01 1.728923679463417046e-02
7.191871380165538730e-01 1.659542933746461363e-02
7.293206187026060050e-01 1.588501440022922068e-02
7.394841821965345563e-01 1.516066734799051408e-02
7.496766989386134394e-01 1.442512023325047237e-02
7.598970361513051053e-01 1.368117227622542981e-02
7.701440579651563922e-01 1.293162742462620682e-02
7.804166255450371015e-01 1.217927905558408019e-02
7.907135972167069760e-01 1.142704916095503044e-02
8.010338285937002034e-01 1.067806646061962746e-02
8.113761727045106786e-01 9.934284018409208009e-03
8.217394801200630372e-01 9.195873802493807758e-03
8.321225990814590245e-01 8.462635088394215160e-03
8.425243756279822138e-01 7.734086992958202900e-03
8.529436537253458628e-01 7.009880049646251970e-03
8.633792753941731402e-01 6.289810927210958032e-03
8.738300808386934015e-01 5.573476984907903449e-03
8.842949085756387495e-01 4.860320089980664851e-03
8.947725955633289985e-01 4.150180187714293603e-03
9.052619773309316109e-01 3.442713554341187993e-03
9.157618881078770645e-01 2.732100942502375084e-03
9.262711609534211021e-01 2.009000993577906517e-03
9.367886278863364335e-01 1.263427010137894340e-03
9.473131200147204556e-01 4.851081168167923957e-04
9.578434676659028923e-01 -3.360222602417896548e-04
9.683785005164411430e-01 -1.209963224101274527e-03
9.789170477221889044e-01 -2.146855907673110749e-03
9.894579380484205267e-01 -3.156863182096824368e-03
9.999999999999998890e-01 -4.249999454747139215e-03
