9.999999999999998890e-01 -1.854695363142174003e-09
9.894579380484205267e-01 3.547072655302765248e-03
9.789170477221889044e-01 6.818097004137859719e-03
9.683785005164411430e-01 9.843318324136115724e-03
9.578434676659028923e-01 1.265262065726241274e-02
9.473131200147204556e-01 1.527599839154888429e-02
9.367886278863364335e-01 1.774394833128315266e-02
9.262711609534211021e-01 2.008665683301024199e-02
9.157618881078770645e-01 2.233342248420191328e-02
9.052619773309316109e-01 2.451425625036623285e-02
8.947725955633289985e-01 2.666057388042907331e-02
8.842949085756387495e-01 2.879276588444477578e-02
8.738300808386934015e-01 3.091342201354692690e-02
8.633792753941731402e-01 3.302220521506513129e-02
8.529436537253458628e-01 3.511699692767065312e-02
8.425243756279822138e-01 3.719614581946069365e-02
8.321225990814590245e-01 3.925865540314034396e-02
8.217394801200630372e-01 4.130330184273444533e-02
8.113761727045106786e-01 4.332861449817779903e-02
8.010338285937002034e-01 4.533316244596797412e-02
7.907135972167069760e-01 4.731551750074531465e-02
7.804166255450371015e-01 4.927379363066944351e-02
7.701440579651563922e-01 5.120581655384606745e-02
7.598970361513051053e-01 5.310962071998754502e-02
7.496766989386134394e-01 5.498335412475387207e-02
7.394841821965345563e-01 5.682510103350400105e-02
7.293206187026060050e-01 5.863294147081086344e-02
7.191871380165538730e-01 6.040512680614676388e-02
7.090848663547572039e-01 6.213995310908344144e-02
6.990149264650814542e-01 6.383559483010428637e-02
6.889784375020977514e-01 6.549034930164371326e-02
6.789765149027036095e-01 6.710321779333383585e-02
6.690102702621547603e-01 6.867350729653584618e-02
6.590808112105230876e-01 7.020093584824847743e-02
6.491892412895989839e-01 7.168529738680309848e-02
6.393366598302444581e-01 7.312634027084530253e-02
6.295241618302156450e-01 7.452380622966452151e-02
6.197528378324663745e-01 7.587744179878842810e-02
6.100237738039482327e-01 7.718708955305858543e-02
6.003380510149177729e-01 7.845278038387007435e-02
5.906967459187653091e-01 7.967414002069482526e-02
5.811009300323815019e-01 8.085006149783184604e-02
5.715516698170692855e-01 8.197919447808804660e-02
5.620500265600203438e-01 8.305994553910753253e-02
5.525970562563653488e-01 8.409081681010711906e-02
5.431938094918128401e-01 8.507045343580572905e-02
5.338413313258880688e-01 8.599762758850705568e-02
5.245406611757882365e-01 8.687122614101323859e-02
5.152928327008634568e-01 8.769003248285572871e-02
5.060988736877365390e-01 8.845279148199239327e-02
4.969598059360780251e-01 8.915899582137268298e-02
4.878766451450451402e-01 8.980882379945219485e-02
4.788504008003974244e-01 9.040399510140070816e-02
4.698820760623064752e-01 9.094710666185097658e-02
4.609726676538650203e-01 9.144030553933341077e-02
4.521231657503131940e-01 9.188553572515467671e-02
4.433345538689928977e-01 9.228497120300092893e-02
4.346078087600411255e-01 9.264082447642120466e-02
4.259439002978354649e-01 9.295496538391853636e-02
4.173437913732044313e-01 9.322923511265257535e-02
4.088084377864137364e-01 9.346590777764021696e-02
4.003387881409395943e-01 9.366692840485675575e-02
3.919357837380436083e-01 9.383248929046859865e-02
3.836003584721576765e-01 9.396202332562805792e-02
3.753334387270930161e-01 9.405389218239332272e-02
3.671359432730831873e-01 9.410645684681032130e-02
3.590087831646743277e-01 9.411863236017589673e-02
3.509528616394713696e-01 9.408939588006015597e-02
3.429690740177547825e-01 9.401766574157630063e-02
3.350583076029753915e-01 9.390251018645820458e-02
3.272214415831418144e-01 9.374328529844455637e-02
3.194593469331089564e-01 9.353935977011426650e-02
3.117728863177794407e-01 9.329008501511329432e-02
3.041629139962280792e-01 9.299520781137192438e-02
2.966302757267624823e-01 9.265499887310947591e-02
2.891758086729252497e-01 9.227005416685551964e-02
2.818003413104546162e-01 9.184128651146100664e-02
2.745046933352085494e-01 9.136962042671423201e-02
2.672896755720651774e-01 9.085597797803014741e-02
2.601560898848094272e-01 9.030130343995558528e-02
2.531047290870154232e-01 8.970658102087779306e-02
2.461363768539343022e-01 8.907306235746832723e-02
2.392518076353984391e-01 8.840221489255072063e-02
2.324517865697500740e-01 8.769589959935737700e-02
2.257370693988056676e-01 8.695616677556765317e-02
2.191084023838638650e-01 8.618488207309138449e-02
2.125665222227673956e-01 8.538384823143238544e-02
2.061121559680280102e-01 8.455500747900122904e-02
1.997460209460230063e-01 8.370028359632593340e-02
1.934688246772731102e-01 8.282123745919474367e-02
1.872812647978095990e-01 8.191905722146701485e-02
1.811840289816407656e-01 8.099385705420927839e-02
1.751777948643248317e-01 8.004559666377659977e-02
1.692632299676588570e-01 7.907466270244919992e-02
1.634409916254914164e-01 7.808151221713691137e-02
1.577117269106679265e-01 7.706654383658027851e-02
1.520760725631161714e-01 7.603035197115141919e-02
1.465346549190801317e-01 7.497400520014441128e-02
1.410880898415101115e-01 7.389739436210517043e-02
1.357369826516168221e-01 7.279796566854457307e-02
1.304819280615971966e-01 7.167282918392205160e-02
1.253235101085391490e-01 7.051902788963704261e-02
1.202623020895129402e-01 6.933444113650452656e-02
1.152988664978553679e-01 6.811810368465795462e-02
1.104337549606562163e-01 6.686879143487406418e-02
1.056675081774507419e-01 6.558500887975472760e-02
1.010006558601274085e-01 6.426812986249241799e-02
9.643371667405697956e-02 6.292254840859762277e-02
9.196719818044885031e-02 6.155574804628547586e-02
8.760159677994161509e-02 6.017751006911284395e-02
8.333739765743386485e-02 5.879552766957939214e-02
7.917507472816209813e-02 5.741602587101021782e-02
7.511509058502996439e-02 5.604565348337596509e-02
7.115789644719716645e-02 5.469101293810088582e-02
6.730393210993146358e-02 5.335612223617341304e-02
6.355362589573076981e-02 5.204161769607085208e-02
5.990739460672012129e-02 5.073402030247932404e-02
5.636564347832906385e-02 4.941477054485338138e-02
5.292876613425423482e-02 4.806917542792393805e-02
4.959714454271368922e-02 4.668531309773865656e-02
4.637114897399441382e-02 4.525777790991544758e-02
4.325113795930202176e-02 4.378198078352128764e-02
4.023745825091396000e-02 4.224958788673977700e-02
3.733044478364233587e-02 4.066280622389992910e-02
3.453042063760936031e-02 3.905868122698100825e-02
3.183769700234129196e-02 3.749072042841986030e-02
2.925257314218321358e-02 3.603715546500604883e-02
2.677533636303963682e-02 3.475289803753819906e-02
2.440626198044326678e-02 3.363512027544975080e-02
2.214561328895736647e-02 3.263132916826576302e-02
1.999364153291383062e-02 3.161493113607225652e-02
1.795058587848985532e-02 3.048574417576541476e-02
1.601667338712764455e-02 2.919432069532154617e-02
1.419211899029970692e-02 2.770884670511164841e-02
1.247712546562085301e-02 2.601515025135087839e-02
1.087188341431266636e-02 2.411837985768007162e-02
9.376571240020115106e-03 2.204335859042410445e-02
7.991355128984078959e-03 1.982452847998555229e-02
6.716389031571567969e-03 1.750454269132176860e-02
5.551814645166519568e-03 1.513321487269236876e-02
4.497761398421062928e-03 1.276557455860552123e-02
3.554346436871580472e-03 1.045738238140627233e-02
2.721674609919344512e-03 8.264471821480580405e-03
1.999838459177394334e-03 6.239900296079268355e-03
1.388918208186096237e-03 4.434311987481573750e-03
8.889817534969424173e-04 2.891490601114283816e-03
5.000846571264760954e-04 1.650565855162805908e-03
2.222701403818971855e-04 7.409943615641750034e-04
5.556907905679420168e-05 1.864804505348445019e-04
0.000000000000000000e+00 -5.050178373073065316e-09
0.000000000000000000e+00 1.749446450915278137e-09
5.556907905679420168e-05 -7.354265241680430518e-05
2.222701403818971855e-04 -2.924304543985716031e-04
5.000846571264760954e-04 -6.520662485692261569e-04
8.889817534969424173e-04 -1.144046593639865255e-03
1.388918208186096237e-03 -1.757895237064920849e-03
1.999838459177394334e-03 -2.479616523716548452e-03
2.721674609919344512e-03 -3.293473112121433118e-03
3.554346436871580472e-03 -4.181120305539681205e-03
4.497761398421062928e-03 -5.123143252477495649e-03
5.551814645166519568e-03 -6.098777802857485025e-03
6.716389031571567969e-03 -7.086962963094523005e-03
7.991355128984078959e-03 -8.066434889134478647e-03
9.376571240020115106e-03 -9.017167451755226520e-03
1.087188341431266636e-02 -9.920888112567255099e-03
1.247712546562085301e-02 -1.076155611823501231e-02
1.419211899029970692e-02 -1.152577163880062067e-02
1.601667338712764455e-02 -1.220572191492671349e-02
1.795058587848985532e-02 -1.279910508166459682e-02
1.999364153291383062e-02 -1.330894411233411387e-02
2.214561328895736647e-02 -1.374353167258068886e-02
2.440626198044326678e-02 -1.412569571942063826e-02
2.677533636303963682e-02 -1.448642868219099031e-02
2.925257314218321358e-02 -1.484140502933623332e-02
3.183769700234129196e-02 -1.519660024916997393e-02
3.453042063760936031e-02 -1.555076993853508026e-02
3.733044478364233587e-02 -1.589975477004002685e-02
4.023745825091396000e-02 -1.624237147635331641e-02
4.325113795930202176e-02 -1.657836067699240343e-02
4.637114897399441382e-02 -1.690609076194848209e-02
4.959714454271368922e-02 -1.722369837993684843e-02
5.292876613425423482e-02 -1.753026646666813043e-02
5.636564347832906385e-02 -1.782506797270255391e-02
5.990739460672012129e-02 -1.810714183019737980e-02
6.355362589573076981e-02 -1.837563508781830598e-02
6.730393210993146358e-02 -1.863016552440276835e-02
7.115789644719716645e-02 -1.887047998318961209e-02
7.511509058502996439e-02 -1.909643177468475783e-02
7.917507472816209813e-02 -1.930810366626356175e-02
8.333739765743386485e-02 -1.950601359501935583e-02
8.760159677994161509e-02 -1.969081010828617473e-02
9.196719818044885031e-02 -1.986328381699114728e-02
9.643371667405697956e-02 -2.002469807352340314e-02
1.010006558601274085e-01 -2.017695584224283439e-02
1.056675081774507419e-01 -2.032141835553109496e-02
1.104337549606562163e-01 -2.045870268425066529e-02
1.152988664978553679e-01 -2.058866368695757773e-02
1.202623020895129402e-01 -2.071043835899381153e-02
1.253235101085391490e-01 -2.082338178731252612e-02
1.304819280615971966e-01 -2.092705470512654098e-02
1.357369826516168221e-01 -2.102089177368879694e-02
1.410880898415101115e-01 -2.110423982936593737e-02
1.465346549190801317e-01 -2.117653484479624371e-02
1.520760725631161714e-01 -2.123726730184356468e-02
1.577117269106679265e-01 -2.128591929471546768e-02
1.634409916254914164e-01 -2.132197809646965009e-02
1.692632299676588570e-01 -2.134499971513394503e-02
1.751777948643248317e-01 -2.135455850882502643e-02
1.811840289816407656e-01 -2.135016665410173486e-02
1.872812647978095990e-01 -2.133135733323029623e-02
1.934688246772731102e-01 -2.129786488508702766e-02
1.997460209460230063e-01 -2.124915482989368082e-02
2.061121559680280102e-01 -2.118343238360817851e-02
2.125665222227673956e-01 -2.109836573585370523e-02
2.191084023838638650e-01 -2.099088130682962711e-02
2.257370693988056676e-01 -2.085784839251491468e-02
2.324517865697500740e-01 -2.069636908936867831e-02
2.392518076353984391e-01 -2.050315065097600351e-02
2.461363768539343022e-01 -2.027396786226827799e-02
2.531047290870154232e-01 -2.000570294008861480e-02
2.601560898848094272e-01 -1.969750909009768125e-02
2.672896755720651774e-01 -1.935006979019118084e-02
2.745046933352085494e-01 -1.896603900872194728e-02
2.818003413104546162e-01 -1.854795141526200189e-02
2.891758086729252497e-01 -1.809799367730706085e-02
2.966302757267624823e-01 -1.761892063098324107e-02
3.041629139962280792e-01 -1.711410707186608940e-02
3.117728863177794407e-01 -1.658646266844293615e-02
3.194593469331089564e-01 -1.603840769574691252e-02
3.272214415831418144e-01 -1.547185897751594125e-02
3.350583076029753915e-01 -1.488837618845442919e-02
3.429690740177547825e-01 -1.428974422281703051e-02
3.509528616394713696e-01 -1.367792283899134549e-02
3.590087831646743277e-01 -1.305507593638003706e-02
3.671359432730831873e-01 -1.242346492310825688e-02
3.753334387270930161e-01 -1.178525459715067808e-02
3.836003584721576765e-01 -1.114268700644550567e-02
3.919357837380436083e-01 -1.049875700998565559e-02
4.003387881409395943e-01 -9.856381221770006001e-03
4.088084377864137364e-01 -9.216629674690645854e-03
4.173437913732044313e-01 -8.579246375795893109e-03
4.259439002978354649e-01 -7.940883243450262696e-03
4.346078087600411255e-01 -7.297591151361886540e-03
4.433345538689928977e-01 -6.646114504899261997e-03
4.521231657503131940e-01 -5.983051756163771003e-03
4.609726676538650203e-01 -5.304169622078285656e-03
4.698820760623064752e-01 -4.605323808737846365e-03
4.788504008003974244e-01 -3.882916365517217767e-03
4.878766451450451402e-01 -3.132690808792591968e-03
4.969598059360780251e-01 -2.348986440747867846e-03
5.060988736877365390e-01 -1.528893846363090642e-03
5.152928327008634568e-01 -6.743362931601708243e-04
5.245406611757882365e-01 2.106228724432864419e-04
5.338413313258880688e-01 1.119589375472128693e-03
5.431938094918128401e-01 2.046306175733379577e-03
5.525970562563653488e-01 2.984863407488094842e-03
5.620500265600203438e-01 3.929096959259175542e-03
5.715516698170692855e-01 4.872540476894345919e-03
5.811009300323815019e-01 5.808173057909689005e-03
5.906967459187653091e-01 6.728624587641958421e-03
6.003380510149177729e-01 7.627830987013127853e-03
6.100237738039482327e-01 8.500988326260047745e-03
6.197528378324663745e-01 9.346777610443338796e-03
6.295241618302156450e-01 1.016583157379096110e-02
6.393366598302444581e-01 1.095810076398532826e-02
6.491892412895989839e-01 1.172321756082418329e-02
6.590808112105230876e-01 1.246101640420435759e-02
6.690102702621547603e-01 1.317146987813718438e-02
6.789765149027036095e-01 1.385484751810968709e-02
6.889784375020977514e-01 1.451121627530581673e-02
6.990149264650814542e-01 1.513927815291776779e-02
7.090848663547572039e-01 1.573668553079107454e-02
7.191871380165538730e-01 1.629862594675121970e-02
7.293206187026060050e-01 1.681990642597485514e-02
7.394841821965345563e-01 1.729591186003090822e-02
7.496766989386134394e-01 1.772195910694010154e-02
7.598970361513051053e-01 1.809291593982257154e-02
7.701440579651563922e-01 1.840371475741712018e-02
7.804166255450371015e-01 1.864956793827267714e-02
7.907135972167069760e-01 1.882541999038774352e-02
8.010338285937002034e-01 1.892570462468081555e-02
8.113761727045106786e-01 1.894609417169808990e-02
8.217394801200630372e-01 1.888419922149345287e-02
8.321225990814590245e-01 1.873864987656242639e-02
8.425243756279822138e-01 1.850913424150272407e-02
8.529436537253458628e-01 1.819488855304463373e-02
8.633792753941731402e-01 1.779464411898605547e-02
8.738300808386934015e-01 1.730788885593443835e-02
8.842949085756387495e-01 1.673468843873311337e-02
8.947725955633289985e-01 1.607344787546558657e-02
9.052619773309316109e-01 1.531990436610705143e-02
9.157618881078770645e-01 1.445392482604331702e-02
9.262711609534211021e-01 1.344554881138657759e-02
9.367886278863364335e-01 1.226608012276294256e-02
9.473131200147204556e-01 1.088747130003327353e-02
9.578434676659028923e-01 9.280937095045488361e-03
9.683785005164411430e-01 7.417445608526705529e-03
9.789170477221889044e-01 5.268451105979666399e-03
9.894579380484205267e-01 2.805531791814631654e-03
9.999999999999998890e-01 -1.598958273619146764e-09
