9.999999999999998890e-01 1.309999357579372421e-03
9.894579380484205267e-01 2.675447603161643529e-03
9.789170477221889044e-01 4.048740774051639082e-03
9.683785005164411430e-01 5.427658371748714412e-03
9.578434676659028923e-01 6.809829364370923073e-03
9.473131200147204556e-01 8.192915171502649155e-03
9.367886278863364335e-01 9.574749491155633979e-03
9.262711609534211021e-01 1.095308001778383215e-02
9.157618881078770645e-01 1.232539639775054319e-02
9.052619773309316109e-01 1.368944322333489130e-02
8.947725955633289985e-01 1.504353453161702200e-02
8.842949085756387495e-01 1.638729366744439905e-02
8.738300808386934015e-01 1.772233898400776136e-02
8.633792753941731402e-01 1.905108733573498275e-02
8.529436537253458628e-01 2.037666214379737009e-02
8.425243756279822138e-01 2.169865214929338551e-02
8.321225990814590245e-01 2.301245864710586495e-02
8.217394801200630372e-01 2.431027492277713573e-02
8.113761727045106786e-01 2.558159775376189771e-02
8.010338285937002034e-01 2.681815940420375494e-02
7.907135972167069760e-01 2.801416585863278699e-02
7.804166255450371015e-01 2.917119148100289633e-02
7.701440579651563922e-01 3.029576966838303312e-02
7.598970361513051053e-01 3.139468952509551214e-02
7.496766989386134394e-01 3.247436066985529002e-02
7.394841821965345563e-01 3.353746415816628162e-02
7.293206187026060050e-01 3.458449885225659687e-02
7.191871380165538730e-01 3.561331330054108568e-02
7.090848663547572039e-01 3.662090928669138601e-02
6.990149264650814542e-01 3.760532408113410191e-02
6.889784375020977514e-01 3.856504758107219544e-02
6.789765149027036095e-01 3.949905617769344790e-02
6.690102702621547603e-01 4.040649407207540234e-02
6.590808112105230876e-01 4.128663507096782398e-02
6.491892412895989839e-01 4.213886305652283365e-02
6.393366598302444581e-01 4.296280109877618353e-02
6.295241618302156450e-01 4.375826350548473603e-02
6.197528378324663745e-01 4.452542411797746902e-02
6.100237738039482327e-01 4.526449425627337292e-02
6.003380510149177729e-01 4.597564896282014396e-02
5.906967459187653091e-01 4.665880369975953373e-02
5.811009300323815019e-01 4.731343782272782322e-02
5.715516698170692855e-01 4.793892196837685332e-02
5.620500265600203438e-01 4.853453481027431016e-02
5.525970562563653488e-01 4.909964709030543301e-02
5.431938094918128401e-01 4.963375637051509193e-02
5.338413313258880688e-01 5.013653481013757851e-02
5.245406611757882365e-01 5.060782770506948303e-02
5.152928327008634568e-01 5.104753778657534352e-02
5.060988736877365390e-01 5.145560567596578483e-02
4.969598059360780251e-01 5.183190694666988535e-02
4.878766451450451402e-01 5.217624376179619272e-02
4.788504008003974244e-01 5.248814478740588402e-02
4.698820760623064752e-01 5.276699993293777063e-02
4.609726676538650203e-01 5.301243007412332481e-02
4.521231657503131940e-01 5.322413748512871967e-02
4.433345538689928977e-01 5.340156269651979287e-02
4.346078087600411255e-01 5.354403959024799792e-02
4.259439002978354649e-01 5.365093136317493350e-02
4.173437913732044313e-01 5.372156620401339483e-02
4.088084377864137364e-01 5.375505948486835467e-02
4.003387881409395943e-01 5.375078666825619522e-02
3.919357837380436083e-01 5.370936308564419615e-02
3.836003584721576765e-01 5.363209255770866324e-02
3.753334387270930161e-01 5.352151644324091434e-02
3.671359432730831873e-01 5.338029178345673337e-02
3.590087831646743277e-01 5.321073630902248969e-02
3.509528616394713696e-01 5.301498669270775232e-02
3.429690740177547825e-01 5.279489923899668979e-02
3.350583076029753915e-01 5.255181432540934061e-02
3.272214415831418144e-01 5.228619958540873386e-02
3.194593469331089564e-01 5.199857742182924930e-02
3.117728863177794407e-01 5.168969493061858350e-02
3.041629139962280792e-01 5.136024380366691067e-02
2.966302757267624823e-01 5.101082316318862608e-02
2.891758086729252497e-01 5.064212465422394949e-02
2.818003413104546162e-01 5.025494468438360812e-02
2.745046933352085494e-01 4.985002815292849387e-02
2.672896755720651774e-01 4.942807375313817975e-02
2.601560898848094272e-01 4.898987049498900598e-02
2.531047290870154232e-01 4.853625679414015626e-02
2.461363768539343022e-01 4.806781191125367170e-02
2.392518076353984391e-01 4.758491158242195845e-02
2.324517865697500740e-01 4.708761697632892623e-02
2.257370693988056676e-01 4.657584405118834342e-02
2.191084023838638650e-01 4.604970056723064337e-02
2.125665222227673956e-01 4.550937849673349772e-02
2.061121559680280102e-01 4.495504280663749352e-02
1.997460209460230063e-01 4.438690259352760098e-02
1.934688246772731102e-01 4.380544305915885783e-02
1.872812647978095990e-01 4.321128302987489733e-02
1.811840289816407656e-01 4.260523489501058525e-02
1.751777948643248317e-01 4.198814007319075919e-02
1.692632299676588570e-01 4.136076717471792730e-02
1.634409916254914164e-01 4.072390904980643239e-02
1.577117269106679265e-01 4.007847086470432696e-02
1.520760725631161714e-01 3.942529030579707688e-02
1.465346549190801317e-01 3.876499752350567179e-02
1.410880898415101115e-01 3.809786389665878459e-02
1.357369826516168221e-01 3.742351759810874645e-02
1.304819280615971966e-01 3.674167076526764497e-02
1.253235101085391490e-01 3.605229793331728161e-02
1.202623020895129402e-01 3.535545831059400124e-02
1.152988664978553679e-01 3.465129795174650557e-02
1.104337549606562163e-01 3.394007336551317644e-02
1.056675081774507419e-01 3.322216693201742593e-02
1.010006558601274085e-01 3.249806436316270142e-02
9.643371667405697956e-02 3.176835005008292467e-02
9.196719818044885031e-02 3.103367658045517313e-02
8.760159677994161509e-02 3.029476103656426195e-02
8.333739765743386485e-02 2.955246808462096489e-02
7.917507472816209813e-02 2.880775453558617055e-02
7.511509058502996439e-02 2.806147717252507195e-02
7.115789644719716645e-02 2.731433598458610224e-02
6.730393210993146358e-02 2.656623214653541093e-02
6.355362589573076981e-02 2.581672813671583716e-02
5.990739460672012129e-02 2.506574672862084754e-02
5.636564347832906385e-02 2.431345866716990919e-02
5.292876613425423482e-02 2.356057679385250084e-02
4.959714454271368922e-02 2.280782177877284378e-02
4.637114897399441382e-02 2.205512061500606788e-02
4.325113795930202176e-02 2.130213103356155477e-02
4.023745825091396000e-02 2.054833983113893078e-02
3.733044478364233587e-02 1.979351936661416511e-02
3.453042063760936031e-02 1.903843445021995151e-02
3.183769700234129196e-02 1.828414786132766950e-02
2.925257314218321358e-02 1.753200060387140671e-02
2.677533636303963682e-02 1.678365773803058153e-02
2.440626198044326678e-02 1.604134055155814406e-02
2.214561328895736647e-02 1.530425663324260985e-02
1.999364153291383062e-02 1.456622521989829611e-02
1.795058587848985532e-02 1.382333775435803588e-02
1.601667338712764455e-02 1.307586664560689976e-02
1.419211899029970692e-02 1.232435224932290456e-02
1.247712546562085301e-02 1.156949273369046495e-02
1.087188341431266636e-02 1.081816098231896256e-02
9.376571240020115106e-03 1.008337233784613492e-02
7.991355128984078959e-03 9.371704232136197216e-03
6.716389031571567969e-03 8.680679201989250152e-03
5.551814645166519568e-03 7.963619926323989642e-03
4.497761398421062928e-03 7.146109089824563901e-03
3.554346436871580472e-03 6.211643171464350729e-03
2.721674609919344512e-03 5.183184251402048019e-03
1.999838459177394334e-03 4.106349329407166932e-03
1.388918208186096237e-03 3.039454154423557302e-03
8.889817534969424173e-04 2.048366617879861674e-03
5.000846571264760954e-04 1.200065114676003011e-03
2.222701403818971855e-04 5.486280002209261483e-04
5.556907905679420168e-05 1.395910107287938288e-04
0.000000000000000000e+00 -3.867134391464273442e-09
0.000000000000000000e+00 3.029051829391713797e-09
5.556907905679420168e-05 -1.055086454516312365e-04
2.222701403818971855e-04 -4.146656116223640170e-04
5.000846571264760954e-04 -9.070250910236327471e-04
8.889817534969424173e-04 -1.548106372453093155e-03
1.388918208186096237e-03 -2.296924439872865230e-03
1.999838459177394334e-03 -3.102647436601606041e-03
2.721674609919344512e-03 -3.915135136700199914e-03
3.554346436871580472e-03 -4.689655967721386570e-03
4.497761398421062928e-03 -5.390845246732111316e-03
5.551814645166519568e-03 -6.000094067316889129e-03
6.716389031571567969e-03 -6.528087501811040763e-03
7.991355128984078959e-03 -7.028516562287759166e-03
9.376571240020115106e-03 -7.534807667831455204e-03
1.087188341431266636e-02 -8.048024950992537299e-03
1.247712546562085301e-02 -8.562886191522874405e-03
1.419211899029970692e-02 -9.069716090430243391e-03
1.601667338712764455e-02 -9.563368206730279639e-03
1.795058587848985532e-02 -1.004326219624703496e-02
1.999364153291383062e-02 -1.050943396132460010e-02
2.214561328895736647e-02 -1.096257298454982390e-02
2.440626198044326678e-02 -1.140713837137588560e-02
2.677533636303963682e-02 -1.184960179859345306e-02
2.925257314218321358e-02 -1.229129924257895551e-02
3.183769700234129196e-02 -1.273067480614145999e-02
3.453042063760936031e-02 -1.316653581353939562e-02
3.733044478364233587e-02 -1.359791784778312078e-02
4.023745825091396000e-02 -1.402411276968178362e-02
4.325113795930202176e-02 -1.444465383338488194e-02
4.637114897399441382e-02 -1.485981358301845939e-02
4.959714454271368922e-02 -1.527009052708690369e-02
5.292876613425423482e-02 -1.567591318916083942e-02
5.636564347832906385e-02 -1.607754881057207874e-02
5.990739460672012129e-02 -1.647475812838245998e-02
6.355362589573076981e-02 -1.686733834042924637e-02
6.730393210993146358e-02 -1.725552521081025539e-02
7.115789644719716645e-02 -1.763978300412626793e-02
7.511509058502996439e-02 -1.802093490917665297e-02
7.917507472816209813e-02 -1.839946303718013529e-02
8.333739765743386485e-02 -1.877504616758356518e-02
8.760159677994161509e-02 -1.914719850508707355e-02
9.196719818044885031e-02 -1.951532134049607792e-02
9.643371667405697956e-02 -1.987887946326108435e-02
1.010006558601274085e-01 -2.023744578389366500e-02
1.056675081774507419e-01 -2.059064758223358438e-02
1.104337549606562163e-01 -2.093817076027877297e-02
1.152988664978553679e-01 -2.127977544830013390e-02
1.202623020895129402e-01 -2.161529829769302455e-02
1.253235101085391490e-01 -2.194465710386288293e-02
1.304819280615971966e-01 -2.226784084746353046e-02
1.357369826516168221e-01 -2.258489943157496876e-02
1.410880898415101115e-01 -2.289594127540251281e-02
1.465346549190801317e-01 -2.320124779061842613e-02
1.520760725631161714e-01 -2.350115677725432908e-02
1.577117269106679265e-01 -2.379559119077372803e-02
1.634409916254914164e-01 -2.408424333492701838e-02
1.692632299676588570e-01 -2.436667695453840696e-02
1.751777948643248317e-01 -2.464241424674983374e-02
1.811840289816407656e-01 -2.491104826085062396e-02
1.872812647978095990e-01 -2.517219051627321916e-02
1.934688246772731102e-01 -2.542542147281495746e-02
1.997460209460230063e-01 -2.567033539406012727e-02
2.061121559680280102e-01 -2.590661459061435398e-02
2.125665222227673956e-01 -2.613400071785430129e-02
2.191084023838638650e-01 -2.635235646722616440e-02
2.257370693988056676e-01 -2.656156446212392178e-02
2.324517865697500740e-01 -2.676149707748783774e-02
2.392518076353984391e-01 -2.695207334397135140e-02
2.461363768539343022e-01 -2.713331677397593997e-02
2.531047290870154232e-01 -2.730515917399640308e-02
2.601560898848094272e-01 -2.746733757897613232e-02
2.672896755720651774e-01 -2.761945363234217382e-02
2.745046933352085494e-01 -2.776093424892813952e-02
2.818003413104546162e-01 -2.789124043266424241e-02
2.891758086729252497e-01 -2.800989429544329529e-02
2.966302757267624823e-01 -2.811636552354882315e-02
3.041629139962280792e-01 -2.821007427466011228e-02
3.117728863177794407e-01 -2.829067732172131644e-02
3.194593469331089564e-01 -2.835804344938528537e-02
3.272214415831418144e-01 -2.841192511587247935e-02
3.350583076029753915e-01 -2.845200535420117430e-02
3.429690740177547825e-01 -2.847828444334840267e-02
3.509528616394713696e-01 -2.849083918582414471e-02
3.590087831646743277e-01 -2.848850798880756680e-02
3.671359432730831873e-01 -2.846939543304207246e-02
3.753334387270930161e-01 -2.843119497221205383e-02
3.836003584721576765e-01 -2.837134056394770981e-02
3.919357837380436083e-01 -2.828680631773105442e-02
4.003387881409395943e-01 -2.817472034036948986e-02
4.088084377864137364e-01 -2.803387369949839752e-02
4.173437913732044313e-01 -2.786396840747970213e-02
4.259439002978354649e-01 -2.766631341539175712e-02
4.346078087600411255e-01 -2.744257640817155189e-02
4.433345538689928977e-01 -2.719422323726647731e-02
4.521231657503131940e-01 -2.692257772811959896e-02
4.609726676538650203e-01 -2.662868313137595547e-02
4.698820760623064752e-01 -2.631329747534241065e-02
4.788504008003974244e-01 -2.597662520123973640e-02
4.878766451450451402e-01 -2.561890031714712454e-02
4.969598059360780251e-01 -2.524057127247188517e-02
5.060988736877365390e-01 -2.484216140469554940e-02
5.152928327008634568e-01 -2.442427865163891709e-02
5.245406611757882365e-01 -2.398764470968802257e-02
5.338413313258880688e-01 -2.353312843972812929e-02
5.431938094918128401e-01 -2.306162650228698457e-02
5.525970562563653488e-01 -2.257404991791436139e-02
5.620500265600203438e-01 -2.207118763192785632e-02
5.715516698170692855e-01 -2.155370790622364308e-02
5.811009300323815019e-01 -2.102228134568458195e-02
5.906967459187653091e-01 -2.047758567971550217e-02
6.003380510149177729e-01 -1.992031108109311791e-02
6.100237738039482327e-01 -1.935115981874712537e-02
6.197528378324663745e-01 -1.877087056362781309e-02
6.295241618302156450e-01 -1.818019268478699921e-02
6.393366598302444581e-01 -1.757978840761452444e-02
6.491892412895989839e-01 -1.697035151829713942e-02
6.590808112105230876e-01 -1.635307484550402660e-02
6.690102702621547603e-01 -1.572945933476475530e-02
6.789765149027036095e-01 -1.510157118436043430e-02
6.889784375020977514e-01 -1.447162906739515864e-02
6.990149264650814542e-01 -1.384167319644287984e-02
7.090848663547572039e-01 -1.321377361519137858e-02
7.191871380165538730e-01 -1.259029637787943690e-02
7.293206187026060050e-01 -1.197356024592316319e-02
7.394841821965345563e-01 -1.136553174949892636e-02
7.496766989386134394e-01 -1.076852672993889801e-02
7.598970361513051053e-01 -1.018591719726381038e-02
7.701440579651563922e-01 -9.621784025943604449e-03
7.804166255450371015e-01 -9.081358024824860362e-03
7.907135972167069760e-01 -8.570226837235378481e-03
8.010338285937002034e-01 -8.094262407438369139e-03
8.113761727045106786e-01 -7.654664973707198464e-03
8.217394801200630372e-01 -7.245615978548991358e-03
8.321225990814590245e-01 -6.859028876037555518e-03
8.425243756279822138e-01 -6.484799939421014361e-03
8.529436537253458628e-01 -6.115446562862125908e-03
8.633792753941731402e-01 -5.746603271903454914e-03
8.738300808386934015e-01 -5.378145580509858907e-03
8.842949085756387495e-01 -5.013533423939371160e-03
8.947725955633289985e-01 -4.655496390674014259e-03
9.052619773309316109e-01 -4.305940982092195182e-03
9.157618881078770645e-01 -3.964717018013963999e-03
9.262711609534211021e-01 -3.630324320739984362e-03
9.367886278863364335e-01 -3.300673752158648361e-03
9.473131200147204556e-01 -2.973412579470877028e-03
9.578434676659028923e-01 -2.646455856895588588e-03
9.683785005164411430e-01 -2.317807972915839759e-03
9.789170477221889044e-01 -1.985295061928667257e-03
9.894579380484205267e-01 -1.646709739920792495e-03
9.999999999999998890e-01 -1.300000665693009337e-03
