9.999999999999998890e-01 -1.315026296508464221e-03
9.894579380484205267e-01 3.438888604752559741e-04
9.789170477221889044e-01 2.317739209739789856e-03
9.683785005164411430e-01 4.520281695515462189e-03
9.578434676659028923e-01 6.877024200967503734e-03
9.473131200147204556e-01 9.331722175818233864e-03
9.367886278863364335e-01 1.187126252033036782e-02
9.262711609534211021e-01 1.448816203753497574e-02
9.157618881078770645e-01 1.717121528633860222e-02
9.052619773309316109e-01 1.990945061522941470e-02
8.947725955633289985e-01 2.269330415976876167e-02
8.842949085756387495e-01 2.551308542294994375e-02
8.738300808386934015e-01 2.835865327662890831e-02
8.633792753941731402e-01 3.121980061013768584e-02
8.529436537253458628e-01 3.408636585637393746e-02
8.425243756279822138e-01 3.695049548252991867e-02
8.321225990814590245e-01 3.980697408226042955e-02
8.217394801200630372e-01 4.265149488833185065e-02
8.113761727045106786e-01 4.548046644963443103e-02
8.010338285937002034e-01 4.829006522444566352e-02
7.907135972167069760e-01 5.107627608295457061e-02
7.804166255450371015e-01 5.383529831793016501e-02
7.701440579651563922e-01 5.656348024409395964e-02
7.598970361513051053e-01 5.925717464209047380e-02
7.496766989386134394e-01 6.191274635699622886e-02
7.394841821965345563e-01 6.452664813584951808e-02
7.293206187026060050e-01 6.709540020850970898e-02
7.191871380165538730e-01 6.961568845246263182e-02
7.090848663547572039e-01 7.208424512668784589e-02
6.990149264650814542e-01 7.449770248305545572e-02
6.889784375020977514e-01 7.685289554934880696e-02
6.789765149027036095e-01 7.914767814872654406e-02
6.690102702621547603e-01 8.138035931167519887e-02
6.590808112105230876e-01 8.354988832162231482e-02
6.491892412895989839e-01 8.565531701088271999e-02
6.393366598302444581e-01 8.769558034815745640e-02
6.295241618302156450e-01 8.966965817583168186e-02
6.197528378324663745e-01 9.157669186043057574e-02
6.100237738039482327e-01 9.341586008904886884e-02
6.003380510149177729e-01 9.518636905689607797e-02
5.906967459187653091e-01 9.688748244863719383e-02
5.811009300323815019e-01 9.851855702271682114e-02
5.715516698170692855e-01 1.000789981454948269e-01
5.620500265600203438e-01 1.015682695578235817e-01
5.525970562563653488e-01 1.029858956926231889e-01
5.431938094918128401e-01 1.043314713580428404e-01
5.338413313258880688e-01 1.056046543184487874e-01
5.245406611757882365e-01 1.068051655731589999e-01
5.152928327008634568e-01 1.079327875794451469e-01
5.060988736877365390e-01 1.089873597673504807e-01
4.969598059360780251e-01 1.099688122513662603e-01
4.878766451450451402e-01 1.108771504134983266e-01
4.788504008003974244e-01 1.117124974383007646e-01
4.698820760623064752e-01 1.124750543470990766e-01
4.609726676538650203e-01 1.131650833718264859e-01
4.521231657503131940e-01 1.137828888727131088e-01
4.433345538689928977e-01 1.143288549859294012e-01
4.346078087600411255e-01 1.148034122658505990e-01
4.259439002978354649e-01 1.152070628761243803e-01
4.173437913732044313e-01 1.155403507149214692e-01
4.088084377864137364e-01 1.158038966838219747e-01
4.003387881409395943e-01 1.159983626493087255e-01
3.919357837380436083e-01 1.161244816084671116e-01
3.836003584721576765e-01 1.161830270071298327e-01
3.753334387270930161e-01 1.161748463656286645e-01
3.671359432730831873e-01 1.161008255939162820e-01
3.590087831646743277e-01 1.159619131012131210e-01
3.509528616394713696e-01 1.157591005458429301e-01
3.429690740177547825e-01 1.154934521852760965e-01
3.350583076029753915e-01 1.151660646146031586e-01
3.272214415831418144e-01 1.147780769879388069e-01
3.194593469331089564e-01 1.143306891461996905e-01
3.117728863177794407e-01 1.138251857730859379e-01
3.041629139962280792e-01 1.132628068202930077e-01
2.966302757267624823e-01 1.126447246927626128e-01
2.891758086729252497e-01 1.119720961410897025e-01
2.818003413104546162e-01 1.112460692714979660e-01
2.745046933352085494e-01 1.104678622237113272e-01
2.672896755720651774e-01 1.096387621273872820e-01
2.601560898848094272e-01 1.087601202085566321e-01
2.531047290870154232e-01 1.078333377808510657e-01
2.461363768539343022e-01 1.068598442879284544e-01
2.392518076353984391e-01 1.058411004462589122e-01
2.324517865697500740e-01 1.047786962738571637e-01
2.257370693988056676e-01 1.036742693407302768e-01
2.191084023838638650e-01 1.025292826642887067e-01
2.125665222227673956e-01 1.013450538701368420e-01
2.061121559680280102e-01 1.001224984130021922e-01
1.997460209460230063e-01 9.886243073157428840e-02
1.934688246772731102e-01 9.756592841188400922e-02
1.872812647978095990e-01 9.623416636870375795e-02
1.811840289816407656e-01 9.486837876377285372e-02
1.751777948643248317e-01 9.346986592569481167e-02
1.692632299676588570e-01 9.204010207189458614e-02
1.634409916254914164e-01 9.058061177115880880e-02
1.577117269106679265e-01 8.909295717779058821e-02
1.520760725631161714e-01 8.757880104702729651e-02
1.465346549190801317e-01 8.604002298292449946e-02
1.410880898415101115e-01 8.447802977388718659e-02
1.357369826516168221e-01 8.289324097042566342e-02
1.304819280615971966e-01 8.128605550230680321e-02
1.253235101085391490e-01 7.965703122258613322e-02
1.202623020895129402e-01 7.800692880829250553e-02
1.152988664978553679e-01 7.633677565861410330e-02
1.104337549606562163e-01 7.464781429579715744e-02
1.056675081774507419e-01 7.294151966385380159e-02
1.010006558601274085e-01 7.121946957814656587e-02
9.643371667405697956e-02 6.948335102064702451e-02
9.196719818044885031e-02 6.773520215583368753e-02
8.760159677994161509e-02 6.597731644995873113e-02
8.333739765743386485e-02 6.421156696867216795e-02
7.917507472816209813e-02 6.243940330430065855e-02
7.511509058502996439e-02 6.066100100600072681e-02
7.115789644719716645e-02 5.887592303093814455e-02
6.730393210993146358e-02 5.708481791941212580e-02
6.355362589573076981e-02 5.528889934448709409e-02
5.990739460672012129e-02 5.348955830628684960e-02
5.636564347832906385e-02 5.168842720013924058e-02
5.292876613425423482e-02 4.988806999650175628e-02
4.959714454271368922e-02 4.809128264524458601e-02
4.637114897399441382e-02 4.630047891946886124e-02
4.325113795930202176e-02 4.451848027229517862e-02
4.023745825091396000e-02 4.275001317865675943e-02
3.733044478364233587e-02 4.099829581663385486e-02
3.453042063760936031e-02 3.926059648737158236e-02
3.183769700234129196e-02 3.753226243332842549e-02
2.925257314218321358e-02 3.580665904740203132e-02
2.677533636303963682e-02 3.407958452007765066e-02
2.440626198044326678e-02 3.235261094722045871e-02
2.214561328895736647e-02 3.062778679304512669e-02
1.999364153291383062e-02 2.890678176433666979e-02
1.795058587848985532e-02 2.719491763233105111e-02
1.601667338712764455e-02 2.550286769648871937e-02
1.419211899029970692e-02 2.383743307241396533e-02
1.247712546562085301e-02 2.220048628938939284e-02
1.087188341431266636e-02 2.060493915457348515e-02
9.376571240020115106e-03 1.907299474201505640e-02
7.991355128984078959e-03 1.757720799081988194e-02
6.716389031571567969e-03 1.604928020546789180e-02
5.551814645166519568e-03 1.447316374321757151e-02
4.497761398421062928e-03 1.287127701393964152e-02
3.554346436871580472e-03 1.124636604780081782e-02
2.721674609919344512e-03 9.601696278654042391e-03
1.999838459177394334e-03 8.062040168891667496e-03
1.388918208186096237e-03 6.768897317644554171e-03
8.889817534969424173e-04 5.518100085601354739e-03
5.000846571264760954e-04 4.009189619828545069e-03
2.222701403818971855e-04 2.276878209480115520e-03
5.556907905679420168e-05 6.183716617920667234e-04
0.000000000000000000e+00 7.971051727737709497e-06
0.000000000000000000e+00 -1.002608004668914120e-05
5.556907905679420168e-05 -5.314891900844299737e-04
2.222701403818971855e-04 -1.957019238184434795e-03
5.000846571264760954e-04 -3.527603290953196680e-03
8.889817534969424173e-04 -4.966521336690427058e-03
1.388918208186096237e-03 -6.182468223935876778e-03
1.999838459177394334e-03 -7.318755909517005685e-03
2.721674609919344512e-03 -8.477167919154253439e-03
3.554346436871580472e-03 -9.576337948967115696e-03
4.497761398421062928e-03 -1.057595364527912085e-02
5.551814645166519568e-03 -1.156028139170550174e-02
6.716389031571567969e-03 -1.257270286061080121e-02
7.991355128984078959e-03 -1.357042575876086024e-02
9.376571240020115106e-03 -1.453642269317044315e-02
1.087188341431266636e-02 -1.549750638789169563e-02
1.247712546562085301e-02 -1.645872655604328078e-02
1.419211899029970692e-02 -1.739771823520107688e-02
1.601667338712764455e-02 -1.830311537081709058e-02
1.795058587848985532e-02 -1.917518775331117017e-02
1.999364153291383062e-02 -2.001088241224233122e-02
2.214561328895736647e-02 -2.080488669732821067e-02
2.440626198044326678e-02 -2.156149240258580305e-02
2.677533636303963682e-02 -2.229097760808539455e-02
2.925257314218321358e-02 -2.299823612576577109e-02
3.183769700234129196e-02 -2.368495719240466119e-02
3.453042063760936031e-02 -2.435217283946384398e-02
3.733044478364233587e-02 -2.500069063766794178e-02
4.023745825091396000e-02 -2.563177036049014978e-02
4.325113795930202176e-02 -2.624627047224009288e-02
4.637114897399441382e-02 -2.684199385152726686e-02
4.959714454271368922e-02 -2.741609018699014272e-02
5.292876613425423482e-02 -2.796721453547209787e-02
5.636564347832906385e-02 -2.849442571500918064e-02
5.990739460672012129e-02 -2.899677140986984050e-02
6.355362589573076981e-02 -2.947364438193169137e-02
6.730393210993146358e-02 -2.992545902580156722e-02
7.115789644719716645e-02 -3.035295693457661093e-02
7.511509058502996439e-02 -3.075722712314795174e-02
7.917507472816209813e-02 -3.114009829175645033e-02
8.333739765743386485e-02 -3.150478414484927936e-02
8.760159677994161509e-02 -3.185362557816191764e-02
9.196719818044885031e-02 -3.218718060189398877e-02
9.643371667405697956e-02 -3.250535558160046190e-02
1.010006558601274085e-01 -3.280738201989614328e-02
1.056675081774507419e-01 -3.309277724526941272e-02
1.104337549606562163e-01 -3.336146737054719591e-02
1.152988664978553679e-01 -3.361342226552820750e-02
1.202623020895129402e-01 -3.384864390895845482e-02
1.253235101085391490e-01 -3.406735342605233391e-02
1.304819280615971966e-01 -3.426997303177511250e-02
1.357369826516168221e-01 -3.445711846925557376e-02
1.410880898415101115e-01 -3.462955401103005176e-02
1.465346549190801317e-01 -3.478818529937778570e-02
1.520760725631161714e-01 -3.493391607587974929e-02
1.577117269106679265e-01 -3.506690972755584917e-02
1.634409916254914164e-01 -3.518697677726270734e-02
1.692632299676588570e-01 -3.529410299377629123e-02
1.751777948643248317e-01 -3.538835537066175457e-02
1.811840289816407656e-01 -3.546983141300402709e-02
1.872812647978095990e-01 -3.553866911114164640e-02
1.934688246772731102e-01 -3.559514579286899433e-02
1.997460209460230063e-01 -3.563958969770503887e-02
2.061121559680280102e-01 -3.567236843077841585e-02
2.125665222227673956e-01 -3.569392631306515795e-02
2.191084023838638650e-01 -3.570492063368594510e-02
2.257370693988056676e-01 -3.570591005842318338e-02
2.324517865697500740e-01 -3.569708341518404437e-02
2.392518076353984391e-01 -3.567849078751805791e-02
2.461363768539343022e-01 -3.565001054531424796e-02
2.531047290870154232e-01 -3.561154580551154081e-02
2.601560898848094272e-01 -3.556308637594435273e-02
2.672896755720651774e-01 -3.550463439819855072e-02
2.745046933352085494e-01 -3.543619717576861755e-02
2.818003413104546162e-01 -3.535779739839069874e-02
2.891758086729252497e-01 -3.526947896651187742e-02
2.966302757267624823e-01 -3.517133770021252381e-02
3.041629139962280792e-01 -3.506351975039286722e-02
3.117728863177794407e-01 -3.494607906141588421e-02
3.194593469331089564e-01 -3.481896984433950626e-02
3.272214415831418144e-01 -3.468195463108122989e-02
3.350583076029753915e-01 -3.453465410294975779e-02
3.429690740177547825e-01 -3.437673477364198288e-02
3.509528616394713696e-01 -3.420789235200370065e-02
3.590087831646743277e-01 -3.402779296313739738e-02
3.671359432730831873e-01 -3.383608772584781321e-02
3.753334387270930161e-01 -3.363243901919410472e-02
3.836003584721576765e-01 -3.341651259302015620e-02
3.919357837380436083e-01 -3.318796271584766033e-02
4.003387881409395943e-01 -3.294643981873072308e-02
4.088084377864137364e-01 -3.269159709755087295e-02
4.173437913732044313e-01 -3.242308695962090731e-02
4.259439002978354649e-01 -3.214055489506782021e-02
4.346078087600411255e-01 -3.184364569063547618e-02
4.433345538689928977e-01 -3.153200787753664136e-02
4.521231657503131940e-01 -3.120528715636046099e-02
4.609726676538650203e-01 -3.086311897701757984e-02
4.698820760623064752e-01 -3.050514342042291369e-02
4.788504008003974244e-01 -3.013101554276671756e-02
4.878766451450451402e-01 -2.974037561493977216e-02
4.969598059360780251e-01 -2.933283186781055277e-02
5.060988736877365390e-01 -2.890807179334522331e-02
5.152928327008634568e-01 -2.846592056588855002e-02
5.245406611757882365e-01 -2.800626784151022050e-02
5.338413313258880688e-01 -2.752907462030563038e-02
5.431938094918128401e-01 -2.703430065697703250e-02
5.525970562563653488e-01 -2.652189885985957452e-02
5.620500265600203438e-01 -2.599183746332682857e-02
5.715516698170692855e-01 -2.544410091971026355e-02
5.811009300323815019e-01 -2.487868660680484303e-02
5.906967459187653091e-01 -2.429560216032831607e-02
6.003380510149177729e-01 -2.369485649479294298e-02
6.100237738039482327e-01 -2.307646280520973120e-02
6.197528378324663745e-01 -2.244047131531272388e-02
6.295241618302156450e-01 -2.178694930390208048e-02
6.393366598302444581e-01 -2.111592551949620367e-02
6.491892412895989839e-01 -2.042742695908977835e-02
6.590808112105230876e-01 -1.972159666208135945e-02
6.690102702621547603e-01 -1.899858770976579903e-02
6.789765149027036095e-01 -1.825834728521215367e-02
6.889784375020977514e-01 -1.750090261826295346e-02
6.990149264650814542e-01 -1.672695617663522150e-02
7.090848663547572039e-01 -1.593770285099350634e-02
7.191871380165538730e-01 -1.513545762836686868e-02
7.293206187026060050e-01 -1.432273546688087734e-02
7.394841821965345563e-01 -1.350187123450295040e-02
7.496766989386134394e-01 -1.267522050510157955e-02
7.598970361513051053e-01 -1.184527793299602547e-02
7.701440579651563922e-01 -1.101458064318558590e-02
7.804166255450371015e-01 -1.018570944352422888e-02
7.907135972167069760e-01 -9.361232402243499506e-03
8.010338285937002034e-01 -8.543687838362153467e-03
8.113761727045106786e-01 -7.735742563169182608e-03
8.217394801200630372e-01 -6.940251668231143742e-03
8.321225990814590245e-01 -6.159845969873366245e-03
8.425243756279822138e-01 -5.396886413130785702e-03
8.529436537253458628e-01 -4.654457780573536228e-03
8.633792753941731402e-01 -3.936573177249087438e-03
8.738300808386934015e-01 -3.250037967598436162e-03
8.842949085756387495e-01 -2.604097651295856752e-03
8.947725955633289985e-01 -2.007986213619276580e-03
9.052619773309316109e-01 -1.470828087849024692e-03
9.157618881078770645e-01 -1.001326601574345759e-03
9.262711609534211021e-01 -6.080675932889595230e-04
9.367886278863364335e-01 -3.009534970517240156e-04
9.473131200147204556e-01 -9.009478247929463761e-05
9.578434676659028923e-01 1.795627376719464622e-05
9.683785005164411430e-01 1.127985739645288589e-05
9.789170477221889044e-01 -1.631895886115972063e-04
9.894579380484205267e-01 -5.759246845276547308e-04
9.999999999999998890e-01 -1.308605963039999103e-03
