9.999999999999998890e-01 1.573642047310570488e-02
9.894579380484205267e-01 1.619140358624023696e-02
9.789170477221889044e-01 1.664904873168519470e-02
9.683785005164411430e-01 1.710801227840891281e-02
9.578434676659028923e-01 1.756698126569614105e-02
9.473131200147204556e-01 1.802463894450543475e-02
9.367886278863364335e-01 1.847964117002769482e-02
9.262711609534211021e-01 1.893066514170297157e-02
9.157618881078770645e-01 1.937644652761429803e-02
9.052619773309316109e-01 1.981568960455370662e-02
8.947725955633289985e-01 2.024702537885359616e-02
8.842949085756387495e-01 2.066916566120018811e-02
8.738300808386934015e-01 2.108096704924960346e-02
8.633792753941731402e-01 2.148144081104058634e-02
8.529436537253458628e-01 2.186982328826075558e-02
8.425243756279822138e-01 2.224638031090109963e-02
8.321225990814590245e-01 2.261244403871636929e-02
8.217394801200630372e-01 2.296776828255332054e-02
8.113761727045106786e-01 2.331075021440704234e-02
8.010338285937002034e-01 2.364293483201997115e-02
7.907135972167069760e-01 2.396804588311784653e-02
7.804166255450371015e-01 2.428498364365334547e-02
7.701440579651563922e-01 2.459042970896288191e-02
7.598970361513051053e-01 2.489170328590364564e-02
7.496766989386134394e-01 2.519793519142855126e-02
7.394841821965345563e-01 2.548464119851034937e-02
7.293206187026060050e-01 2.571974630053695116e-02
7.191871380165538730e-01 2.592511162736170147e-02
7.090848663547572039e-01 2.615776416802358117e-02
6.990149264650814542e-01 2.654734999970610743e-02
6.889784375020977514e-01 2.719249513597385079e-02
6.789765149027036095e-01 2.795487270925917783e-02
6.690102702621547603e-01 2.867784867293457843e-02
6.590808112105230876e-01 2.936755770027831003e-02
6.491892412895989839e-01 3.005252728287316835e-02
6.393366598302444581e-01 3.072074165181839026e-02
6.295241618302156450e-01 3.136109605974435333e-02
6.197528378324663745e-01 3.198272540533503294e-02
6.100237738039482327e-01 3.259247827562484351e-02
6.003380510149177729e-01 3.318644208271165352e-02
5.906967459187653091e-01 3.376212309380281773e-02
5.811009300323815019e-01 3.432163200835974121e-02
5.715516698170692855e-01 3.486579505623847025e-02
5.620500265600203438e-01 3.539298850491294501e-02
5.525970562563653488e-01 3.590246767998253596e-02
5.431938094918128401e-01 3.639475174944371838e-02
5.338413313258880688e-01 3.686982870222492437e-02
5.245406611757882365e-01 3.732708970595804976e-02
5.152928327008634568e-01 3.776627972394513977e-02
5.060988736877365390e-01 3.818745813645625653e-02
4.969598059360780251e-01 3.859051608407020745e-02
4.878766451450451402e-01 3.897523194413386738e-02
4.788504008003974244e-01 3.934156088342349172e-02
4.698820760623064752e-01 3.968956070217016102e-02
4.609726676538650203e-01 4.001923258339567385e-02
4.521231657503131940e-01 4.033055692786401136e-02
4.433345538689928977e-01 4.062357598161266820e-02
4.346078087600411255e-01 4.089835775045914251e-02
4.259439002978354649e-01 4.115496647679169756e-02
4.173437913732044313e-01 4.139347232117839698e-02
4.088084377864137364e-01 4.161397949682680425e-02
4.003387881409395943e-01 4.181660469125911272e-02
3.919357837380436083e-01 4.200147432783968293e-02
3.836003584721576765e-01 4.216872640609958811e-02
3.753334387270930161e-01 4.231852821048855823e-02
3.671359432730831873e-01 4.245105305945586632e-02
3.590087831646743277e-01 4.256647429129150478e-02
3.509528616394713696e-01 4.266484612419494532e-02
3.429690740177547825e-01 4.274596283415085796e-02
3.350583076029753915e-01 4.280961594986731206e-02
3.272214415831418144e-01 4.285565506551052006e-02
3.194593469331089564e-01 4.288395913933398806e-02
3.117728863177794407e-01 4.289444356790744067e-02
3.041629139962280792e-01 4.288705930195758215e-02
2.966302757267624823e-01 4.286180031946065089e-02
2.891758086729252497e-01 4.281869147759422012e-02
2.818003413104546162e-01 4.275779016634517760e-02
2.745046933352085494e-01 4.267919392451331034e-02
2.672896755720651774e-01 4.258303738545188982e-02
2.601560898848094272e-01 4.246948104643778060e-02
2.531047290870154232e-01 4.233870899951283628e-02
2.461363768539343022e-01 4.219095979377162492e-02
2.392518076353984391e-01 4.202650691463557381e-02
2.324517865697500740e-01 4.184562180999763792e-02
2.257370693988056676e-01 4.164858962890395644e-02
2.191084023838638650e-01 4.143581031230839790e-02
2.125665222227673956e-01 4.120770177938980899e-02
2.061121559680280102e-01 4.096446861590818944e-02
1.997460209460230063e-01 4.070618092909959046e-02
1.934688246772731102e-01 4.043264024233713533e-02
1.872812647978095990e-01 4.014360852987957501e-02
1.811840289816407656e-01 3.983903535486271047e-02
1.751777948643248317e-01 3.951894257098614860e-02
1.692632299676588570e-01 3.918343260581345217e-02
1.634409916254914164e-01 3.883264635678598808e-02
1.577117269106679265e-01 3.846678508572452804e-02
1.520760725631161714e-01 3.808613566076755191e-02
1.465346549190801317e-01 3.769116013111584174e-02
1.410880898415101115e-01 3.728221180997454837e-02
1.357369826516168221e-01 3.685938056035459320e-02
1.304819280615971966e-01 3.642266566471760031e-02
1.253235101085391490e-01 3.597197011641031783e-02
1.202623020895129402e-01 3.550729523307221552e-02
1.152988664978553679e-01 3.502879680490723902e-02
1.104337549606562163e-01 3.453682472028242467e-02
1.056675081774507419e-01 3.403192872833293858e-02
1.010006558601274085e-01 3.351436775372072796e-02
9.643371667405697956e-02 3.298407660218833498e-02
9.196719818044885031e-02 3.244053498871259100e-02
8.760159677994161509e-02 3.188290271398842857e-02
8.333739765743386485e-02 3.131094333521981105e-02
7.917507472816209813e-02 3.072484567149197029e-02
7.511509058502996439e-02 3.012475870963993857e-02
7.115789644719716645e-02 2.951090161449734101e-02
6.730393210993146358e-02 2.888430792423032911e-02
6.355362589573076981e-02 2.824612766743240036e-02
5.990739460672012129e-02 2.759560829955626238e-02
5.636564347832906385e-02 2.693119535425082117e-02
5.292876613425423482e-02 2.625122338576288405e-02
4.959714454271368922e-02 2.555424424649078638e-02
4.637114897399441382e-02 2.483995303688887185e-02
4.325113795930202176e-02 2.410862479052201801e-02
4.023745825091396000e-02 2.336149186475483183e-02
3.733044478364233587e-02 2.259979552641574671e-02
3.453042063760936031e-02 2.182413039269053695e-02
3.183769700234129196e-02 2.103570106028711251e-02
2.925257314218321358e-02 2.023755156302255512e-02
2.677533636303963682e-02 1.943065498995653548e-02
2.440626198044326678e-02 1.861102819128554811e-02
2.214561328895736647e-02 1.777504520472955596e-02
1.999364153291383062e-02 1.692084487378974628e-02
1.795058587848985532e-02 1.604824523950600795e-02
1.601667338712764455e-02 1.515935764685637233e-02
1.419211899029970692e-02 1.425894342021492150e-02
1.247712546562085301e-02 1.335469875767759246e-02
1.087188341431266636e-02 1.245083802819153818e-02
9.376571240020115106e-03 1.154783823539955352e-02
7.991355128984078959e-03 1.064841986389885101e-02
6.716389031571567969e-03 9.756648437855600445e-03
5.551814645166519568e-03 8.865018218208762374e-03
4.497761398421062928e-03 7.958584591058087340e-03
3.554346436871580472e-03 7.036663737335866267e-03
2.721674609919344512e-03 6.109612844509503503e-03
1.999838459177394334e-03 5.205180636903576109e-03
1.388918208186096237e-03 4.351390513472127783e-03
8.889817534969424173e-04 3.512043824545598315e-03
5.000846571264760954e-04 2.643488300898022472e-03
2.222701403818971855e-04 1.826143936919485695e-03
5.556907905679420168e-05 1.064671022884212861e-03
0.000000000000000000e+00 -2.262863335734850180e-04
0.000000000000000000e+00 -2.543416291235504520e-04
5.556907905679420168e-05 -4.892515679829185192e-04
2.222701403818971855e-04 -1.118916888721291835e-03
5.000846571264760954e-04 -1.856808763257257466e-03
8.889817534969424173e-04 -2.486653247359320654e-03
1.388918208186096237e-03 -2.911135597392421146e-03
1.999838459177394334e-03 -3.317265531202933868e-03
2.721674609919344512e-03 -3.834883381988327122e-03
3.554346436871580472e-03 -4.356217487499597016e-03
4.497761398421062928e-03 -4.803862167308592217e-03
5.551814645166519568e-03 -5.219466139201531241e-03
6.716389031571567969e-03 -5.636688641517677463e-03
7.991355128984078959e-03 -6.055365316794319129e-03
9.376571240020115106e-03 -6.468641116320657768e-03
1.087188341431266636e-02 -6.864995209276117741e-03
1.247712546562085301e-02 -7.240317052610039175e-03
1.419211899029970692e-02 -7.599109025198559110e-03
1.601667338712764455e-02 -7.943863924872835228e-03
1.795058587848985532e-02 -8.274710753520807607e-03
1.999364153291383062e-02 -8.591508090375819112e-03
2.214561328895736647e-02 -8.893984317800715175e-03
2.440626198044326678e-02 -9.182011836390169268e-03
2.677533636303963682e-02 -9.455515719785380011e-03
2.925257314218321358e-02 -9.713957918990410306e-03
3.183769700234129196e-02 -9.956625785097115988e-03
3.453042063760936031e-02 -1.018350975410519180e-02
3.733044478364233587e-02 -1.039485808227257752e-02
4.023745825091396000e-02 -1.059042265064797685e-02
4.325113795930202176e-02 -1.076988548374231691e-02
4.637114897399441382e-02 -1.093359777498254491e-02
4.959714454271368922e-02 -1.108206931381095980e-02
5.292876613425423482e-02 -1.121554690290900436e-02
5.636564347832906385e-02 -1.133429751410392622e-02
5.990739460672012129e-02 -1.143891285492851066e-02
6.355362589573076981e-02 -1.152987395460341319e-02
6.730393210993146358e-02 -1.160712478440001361e-02
7.115789644719716645e-02 -1.167062475947466295e-02
7.511509058502996439e-02 -1.172060987721296015e-02
7.917507472816209813e-02 -1.175732246447522451e-02
8.333739765743386485e-02 -1.178093516184209634e-02
8.760159677994161509e-02 -1.179172584591849614e-02
9.196719818044885031e-02 -1.179016628200265336e-02
9.643371667405697956e-02 -1.177675721050663177e-02
1.010006558601274085e-01 -1.175201155967113206e-02
1.056675081774507419e-01 -1.171636752500789316e-02
1.104337549606562163e-01 -1.167017373816714963e-02
1.152988664978553679e-01 -1.161381710368991800e-02
1.202623020895129402e-01 -1.154772591667537797e-02
1.253235101085391490e-01 -1.147227600267010025e-02
1.304819280615971966e-01 -1.138778650582110766e-02
1.357369826516168221e-01 -1.129443943704989094e-02
1.410880898415101115e-01 -1.119232545899913681e-02
1.465346549190801317e-01 -1.108160627504987256e-02
1.520760725631161714e-01 -1.096248829298124977e-02
1.577117269106679265e-01 -1.083517959607851674e-02
1.634409916254914164e-01 -1.069990171321276787e-02
1.692632299676588570e-01 -1.055696623282952398e-02
1.751777948643248317e-01 -1.040671030835571380e-02
1.811840289816407656e-01 -1.024939841768040052e-02
1.872812647978095990e-01 -1.008517368050989432e-02
1.934688246772731102e-01 -9.913732119556935285e-03
1.997460209460230063e-01 -9.734954862405246698e-03
2.061121559680280102e-01 -9.549937235587946383e-03
2.125665222227673956e-01 -9.359544488664099660e-03
2.191084023838638650e-01 -9.162987822774183028e-03
2.257370693988056676e-01 -8.959777192707733817e-03
2.324517865697500740e-01 -8.751061499283131415e-03
2.392518076353984391e-01 -8.537524388588298152e-03
2.461363768539343022e-01 -8.318260396551596311e-03
2.531047290870154232e-01 -8.092899275689256766e-03
2.601560898848094272e-01 -7.862424570212987740e-03
2.672896755720651774e-01 -7.627523323937454754e-03
2.745046933352085494e-01 -7.388208676967070350e-03
2.818003413104546162e-01 -7.144527559486401128e-03
2.891758086729252497e-01 -6.896636197506451557e-03
2.966302757267624823e-01 -6.644478239203136134e-03
3.041629139962280792e-01 -6.387789731210895272e-03
3.117728863177794407e-01 -6.126934044664220785e-03
3.194593469331089564e-01 -5.862810921307232311e-03
3.272214415831418144e-01 -5.595569384277695492e-03
3.350583076029753915e-01 -5.324798936474167688e-03
3.429690740177547825e-01 -5.050537050674219937e-03
3.509528616394713696e-01 -4.773082014036388043e-03
3.590087831646743277e-01 -4.492344869333735752e-03
3.671359432730831873e-01 -4.208112096842501863e-03
3.753334387270930161e-01 -3.920853536791094399e-03
3.836003584721576765e-01 -3.631224801621960822e-03
3.919357837380436083e-01 -3.339091524019768310e-03
4.003387881409395943e-01 -3.044113509820392700e-03
4.088084377864137364e-01 -2.746434750172911492e-03
4.173437913732044313e-01 -2.446355013598810330e-03
4.259439002978354649e-01 -2.144186082636766102e-03
4.346078087600411255e-01 -1.840153596563883984e-03
4.433345538689928977e-01 -1.534177646584378987e-03
4.521231657503131940e-01 -1.226185046487334026e-03
4.609726676538650203e-01 -9.163060336735493871e-04
4.698820760623064752e-01 -6.045754276817890630e-04
4.788504008003974244e-01 -2.907227229033847627e-04
4.878766451450451402e-01 2.521540457078920460e-05
4.969598059360780251e-01 3.425206287048660207e-04
5.060988736877365390e-01 6.608792420444580028e-04
5.152928327008634568e-01 9.807654215772821770e-04
5.245406611757882365e-01 1.302365512857625281e-03
5.338413313258880688e-01 1.625368671781001135e-03
5.431938094918128401e-01 1.949511161197098764e-03
5.525970562563653488e-01 2.274619280749068384e-03
5.620500265600203438e-01 2.600358267628772105e-03
5.715516698170692855e-01 2.926290910740540069e-03
5.811009300323815019e-01 3.253002984981983627e-03
5.906967459187653091e-01 3.581793740538801070e-03
6.003380510149177729e-01 3.912153652559645887e-03
6.100237738039482327e-01 4.242415040749032869e-03
6.197528378324663745e-01 4.572167065819822927e-03
6.295241618302156450e-01 4.901683129956467024e-03
6.393366598302444581e-01 5.230668021862929819e-03
6.491892412895989839e-01 5.558704426295803594e-03
6.590808112105230876e-01 5.886461491660954087e-03
6.690102702621547603e-01 6.214687274228173144e-03
6.789765149027036095e-01 6.542117707799801479e-03
6.889784375020977514e-01 6.867344701906416722e-03
6.990149264650814542e-01 7.191393808578173952e-03
7.090848663547572039e-01 7.515386411069398774e-03
7.191871380165538730e-01 7.838268135819276630e-03
7.293206187026060050e-01 8.158811778939855514e-03
7.394841821965345563e-01 8.476798605416399970e-03
7.496766989386134394e-01 8.792323506257368818e-03
7.598970361513051053e-01 9.105787260808718975e-03
7.701440579651563922e-01 9.417220323728001455e-03
7.804166255450371015e-01 9.725774661108445296e-03
7.907135972167069760e-01 1.003068683478154643e-02
8.010338285937002034e-01 1.033154739816733933e-02
8.113761727045106786e-01 1.062844113285162269e-02
8.217394801200630372e-01 1.092210964146963538e-02
8.321225990814590245e-01 1.121254462141421313e-02
8.425243756279822138e-01 1.149874839253004280e-02
8.529436537253458628e-01 1.178001585999940981e-02
8.633792753941731402e-01 1.205607854651286753e-02
8.738300808386934015e-01 1.232785714286373756e-02
8.842949085756387495e-01 1.259711389368408166e-02
8.947725955633289985e-01 1.286279207763353291e-02
9.052619773309316109e-01 1.312187764529200787e-02
9.157618881078770645e-01 1.337334681739084548e-02
9.262711609534211021e-01 1.361775245778775942e-02
9.367886278863364335e-01 1.385826997949893107e-02
9.473131200147204556e-01 1.409826455283323676e-02
9.578434676659028923e-01 1.433248990700625169e-02
9.683785005164411430e-01 1.455170753399764351e-02
9.789170477221889044e-01 1.474557787331618776e-02
9.894579380484205267e-01 1.490881682155813411e-02
9.999999999999998890e-01 1.506265777100468210e-02
