9.999999999999998890e-01 4.400000152880607744e-03
9.894579380484205267e-01 5.865493936019485280e-03
9.789170477221889044e-01 7.365583227626763992e-03
9.683785005164411430e-01 8.900161777127815407e-03
9.578434676659028923e-01 1.046914239275194280e-02
9.473131200147204556e-01 1.207241893720923699e-02
9.367886278863364335e-01 1.370982306822321126e-02
9.262711609534211021e-01 1.538119885631634987e-02
9.157618881078770645e-01 1.708644140294533417e-02
9.052619773309316109e-01 1.882535773949260693e-02
8.947725955633289985e-01 2.059755918619776000e-02
8.842949085756387495e-01 2.240163535479451976e-02
8.738300808386934015e-01 2.423458917459966541e-02
8.633792753941731402e-01 2.609337772636624933e-02
8.529436537253458628e-01 2.797508390462466465e-02
8.425243756279822138e-01 2.987676329426361757e-02
8.321225990814590245e-01 3.179543346897757000e-02
8.217394801200630372e-01 3.372816658803452078e-02
8.113761727045106786e-01 3.567208699392401816e-02
8.010338285937002034e-01 3.762429310943792016e-02
7.907135972167069760e-01 3.958184256465815953e-02
7.804166255450371015e-01 4.154156577095088898e-02
7.701440579651563922e-01 4.350014663659992203e-02
7.598970361513051053e-01 4.545433087500341113e-02
7.496766989386134394e-01 4.740091013974687129e-02
7.394841821965345563e-01 4.933674942713937167e-02
7.293206187026060050e-01 5.125875134702625319e-02
7.191871380165538730e-01 5.316383785945132806e-02
7.090848663547572039e-01 5.504898017333960392e-02
6.990149264650814542e-01 5.691136878412406813e-02
6.889784375020977514e-01 5.874884771080601115e-02
6.789765149027036095e-01 6.056177632123956739e-02
6.690102702621547603e-01 6.235113059552516157e-02
6.590808112105230876e-01 6.411766185253853223e-02
6.491892412895989839e-01 6.586212949642161751e-02
6.393366598302444581e-01 6.758546314383033493e-02
6.295241618302156450e-01 6.928850574381906213e-02
6.197528378324663745e-01 7.097181493944988706e-02
6.100237738039482327e-01 7.263615772908864343e-02
6.003380510149177729e-01 7.428278701536583650e-02
5.906967459187653091e-01 7.591095365022494657e-02
5.811009300323815019e-01 7.751639162805597227e-02
5.715516698170692855e-01 7.909421683451452190e-02
5.620500265600203438e-01 8.063915705498239661e-02
5.525970562563653488e-01 8.214614777718250160e-02
5.431938094918128401e-01 8.361042186934730669e-02
5.338413313258880688e-01 8.502747660368119298e-02
5.245406611757882365e-01 8.639305082591461349e-02
5.152928327008634568e-01 8.770271781206798178e-02
5.060988736877365390e-01 8.895200568788996787e-02
4.969598059360780251e-01 9.013789474205430308e-02
4.878766451450451402e-01 9.125869245316255152e-02
4.788504008003974244e-01 9.231566191282034040e-02
4.698820760623064752e-01 9.331175516506219625e-02
4.609726676538650203e-01 9.424912183764579121e-02
4.521231657503131940e-01 9.512955659252031460e-02
4.433345538689928977e-01 9.595532102827017407e-02
4.346078087600411255e-01 9.672877729980636219e-02
4.259439002978354649e-01 9.745172029790681589e-02
4.173437913732044313e-01 9.812591105593751473e-02
4.088084377864137364e-01 9.875389098712171465e-02
4.003387881409395943e-01 9.933778872427040385e-02
3.919357837380436083e-01 9.987726757022512281e-02
3.836003584721576765e-01 1.003706067526027867e-01
3.753334387270930161e-01 1.008135772540720287e-01
3.671359432730831873e-01 1.012018693346609932e-01
3.590087831646743277e-01 1.015322631316131347e-01
3.509528616394713696e-01 1.018016982375844204e-01
3.429690740177547825e-01 1.020070794153560834e-01
3.350583076029753915e-01 1.021455639996479287e-01
3.272214415831418144e-01 1.022147814713535441e-01
3.194593469331089564e-01 1.022125364139166159e-01
3.117728863177794407e-01 1.021368310348435282e-01
3.041629139962280792e-01 1.019859123689345060e-01
2.966302757267624823e-01 1.017584070329073248e-01
2.891758086729252497e-01 1.014552403651595297e-01
2.818003413104546162e-01 1.010798148187976309e-01
2.745046933352085494e-01 1.006355861175805000e-01
2.672896755720651774e-01 1.001259428515926947e-01
2.601560898848094272e-01 9.955425311841489822e-02
2.531047290870154232e-01 9.892385719475636774e-02
2.461363768539343022e-01 9.823793159934708641e-02
2.392518076353984391e-01 9.749955907442356406e-02
2.324517865697500740e-01 9.671194139933847467e-02
2.257370693988056676e-01 9.587828518082128215e-02
2.191084023838638650e-01 9.500133240056661543e-02
2.125665222227673956e-01 9.408373760161096999e-02
2.061121559680280102e-01 9.312893001001346094e-02
1.997460209460230063e-01 9.213998817813698339e-02
1.934688246772731102e-01 9.111672243312030073e-02
1.872812647978095990e-01 9.005736574299715025e-02
1.811840289816407656e-01 8.895787841846676536e-02
1.751777948643248317e-01 8.781415670683544172e-02
1.692632299676588570e-01 8.662389990580211807e-02
1.634409916254914164e-01 8.538508259181484816e-02
1.577117269106679265e-01 8.409537039545042503e-02
1.520760725631161714e-01 8.275325193907803745e-02
1.465346549190801317e-01 8.135929518453011156e-02
1.410880898415101115e-01 7.991661614182385409e-02
1.357369826516168221e-01 7.843273591732019545e-02
1.304819280615971966e-01 7.691507104957139018e-02
1.253235101085391490e-01 7.537001889505690055e-02
1.202623020895129402e-01 7.380364081794656139e-02
1.152988664978553679e-01 7.222166179587519164e-02
1.104337549606562163e-01 7.062970909225596561e-02
1.056675081774507419e-01 6.903327278795746980e-02
1.010006558601274085e-01 6.743668141643822944e-02
9.643371667405697956e-02 6.584275314147962355e-02
9.196719818044885031e-02 6.424799185596458129e-02
8.760159677994161509e-02 6.264386918967945750e-02
8.333739765743386485e-02 6.102387507220834867e-02
7.917507472816209813e-02 5.938314877116794566e-02
7.511509058502996439e-02 5.771817437331396017e-02
7.115789644719716645e-02 5.602656264220467336e-02
6.730393210993146358e-02 5.430885755499035433e-02
6.355362589573076981e-02 5.256714254086317789e-02
5.990739460672012129e-02 5.080418101012106058e-02
5.636564347832906385e-02 4.902296011590020347e-02
5.292876613425423482e-02 4.722618743506717259e-02
4.959714454271368922e-02 4.541737330490865782e-02
4.637114897399441382e-02 4.360406673402984074e-02
4.325113795930202176e-02 4.179541510188106157e-02
4.023745825091396000e-02 4.000228125520404604e-02
3.733044478364233587e-02 3.823502996161231432e-02
3.453042063760936031e-02 3.650129498445233572e-02
3.183769700234129196e-02 3.480813677507587495e-02
2.925257314218321358e-02 3.316247162256064085e-02
2.677533636303963682e-02 3.157003060505226416e-02
2.440626198044326678e-02 3.003388721718949425e-02
2.214561328895736647e-02 2.853875805761432738e-02
1.999364153291383062e-02 2.703778434454070026e-02
1.795058587848985532e-02 2.549257849710789142e-02
1.601667338712764455e-02 2.388232852293335068e-02
1.419211899029970692e-02 2.219639307455255339e-02
1.247712546562085301e-02 2.043536010672385855e-02
1.087188341431266636e-02 1.860787133208951366e-02
9.376571240020115106e-03 1.673057180916857900e-02
7.991355128984078959e-03 1.482520310172148054e-02
6.716389031571567969e-03 1.291788502323885923e-02
5.551814645166519568e-03 1.103745959574490426e-02
4.497761398421062928e-03 9.214712190338652728e-03
3.554346436871580472e-03 7.480628908040719456e-03
2.721674609919344512e-03 5.866075935810491707e-03
1.999838459177394334e-03 4.399969174195306719e-03
1.388918208186096237e-03 3.109677697401403915e-03
8.889817534969424173e-04 2.018820368705403611e-03
5.000846571264760954e-04 1.148470213333062763e-03
2.222701403818971855e-04 5.143965649930718311e-04
5.556907905679420168e-05 1.292534347744403987e-04
0.000000000000000000e+00 -2.472157710861342971e-09
0.000000000000000000e+00 3.225776968106684439e-09
5.556907905679420168e-05 -1.228423871731685940e-04
2.222701403818971855e-04 -4.879534371462589787e-04
5.000846571264760954e-04 -1.086251438448481831e-03
8.889817534969424173e-04 -1.901231981904814156e-03
1.388918208186096237e-03 -2.912342560065393424e-03
1.999838459177394334e-03 -4.092151865010756201e-03
2.721674609919344512e-03 -5.409955676043906765e-03
3.554346436871580472e-03 -6.830252226842494639e-03
4.497761398421062928e-03 -8.315621902401187232e-03
5.551814645166519568e-03 -9.826268025100204015e-03
6.716389031571567969e-03 -1.132241051845259833e-02
7.991355128984078959e-03 -1.276478265649617048e-02
9.376571240020115106e-03 -1.411692568427033202e-02
1.087188341431266636e-02 -1.534628016113831137e-02
1.247712546562085301e-02 -1.642639455869425447e-02
1.419211899029970692e-02 -1.733791137971854926e-02
1.601667338712764455e-02 -1.807247173974331142e-02
1.795058587848985532e-02 -1.863277687233123869e-02
1.999364153291383062e-02 -1.903690889501653827e-02
2.214561328895736647e-02 -1.931686695353111369e-02
2.440626198044326678e-02 -1.952856401038654405e-02
2.677533636303963682e-02 -1.973939871491510803e-02
2.925257314218321358e-02 -1.997342465334125267e-02
3.183769700234129196e-02 -2.022943504050985289e-02
3.453042063760936031e-02 -2.050208090877134182e-02
3.733044478364233587e-02 -2.078414031189051644e-02
4.023745825091396000e-02 -2.106811906806929299e-02
4.325113795930202176e-02 -2.134544713031013771e-02
4.637114897399441382e-02 -2.160243748297002372e-02
4.959714454271368922e-02 -2.182473510229478164e-02
5.292876613425423482e-02 -2.200234610083497827e-02
5.636564347832906385e-02 -2.212947780417144975e-02
5.990739460672012129e-02 -2.221109553456669661e-02
6.355362589573076981e-02 -2.225431725893628823e-02
6.730393210993146358e-02 -2.226556170310028254e-02
7.115789644719716645e-02 -2.225299185923416967e-02
7.511509058502996439e-02 -2.222930335331065738e-02
7.917507472816209813e-02 -2.220348552789343580e-02
8.333739765743386485e-02 -2.217560659044747959e-02
8.760159677994161509e-02 -2.214394508360939540e-02
9.196719818044885031e-02 -2.210556808143555874e-02
9.643371667405697956e-02 -2.205717118065017232e-02
1.010006558601274085e-01 -2.199513902246584204e-02
1.056675081774507419e-01 -2.191755930600407590e-02
1.104337549606562163e-01 -2.182462877284817651e-02
1.152988664978553679e-01 -2.171721180066818468e-02
1.202623020895129402e-01 -2.159673194936428606e-02
1.253235101085391490e-01 -2.146475210059603511e-02
1.304819280615971966e-01 -2.132295285728695936e-02
1.357369826516168221e-01 -2.117328279820716169e-02
1.410880898415101115e-01 -2.101792953116210158e-02
1.465346549190801317e-01 -2.085959465408304681e-02
1.520760725631161714e-01 -2.070113536102595464e-02
1.577117269106679265e-01 -2.054408106191009734e-02
1.634409916254914164e-01 -2.038922083189390402e-02
1.692632299676588570e-01 -2.023691641926415180e-02
1.751777948643248317e-01 -2.008738322654599062e-02
1.811840289816407656e-01 -1.994102573371623818e-02
1.872812647978095990e-01 -1.979830115569324381e-02
1.934688246772731102e-01 -1.965959971271337425e-02
1.997460209460230063e-01 -1.952530285328899634e-02
2.061121559680280102e-01 -1.939583362764153718e-02
2.125665222227673956e-01 -1.927161273619798151e-02
2.191084023838638650e-01 -1.915302173081962281e-02
2.257370693988056676e-01 -1.904044560861711116e-02
2.324517865697500740e-01 -1.893429873087291646e-02
2.392518076353984391e-01 -1.883500036998254565e-02
2.461363768539343022e-01 -1.874297020670344024e-02
2.531047290870154232e-01 -1.865863521379293108e-02
2.601560898848094272e-01 -1.858243567560117007e-02
2.672896755720651774e-01 -1.851481813173160712e-02
2.745046933352085494e-01 -1.845623668162107642e-02
2.818003413104546162e-01 -1.840715112975981754e-02
2.891758086729252497e-01 -1.836802819748284757e-02
2.966302757267624823e-01 -1.833934493930297616e-02
3.041629139962280792e-01 -1.832158919687654208e-02
3.117728863177794407e-01 -1.831524959011141679e-02
3.194593469331089564e-01 -1.832081647916714018e-02
3.272214415831418144e-01 -1.833880327545531902e-02
3.350583076029753915e-01 -1.836973919977345771e-02
3.429690740177547825e-01 -1.841412971853055927e-02
3.509528616394713696e-01 -1.847247192112517339e-02
3.590087831646743277e-01 -1.854533245046530165e-02
3.671359432730831873e-01 -1.863330062571791693e-02
3.753334387270930161e-01 -1.873684807336079353e-02
3.836003584721576765e-01 -1.885643785749595638e-02
3.919357837380436083e-01 -1.899281374214303528e-02
4.003387881409395943e-01 -1.914662697332855310e-02
4.088084377864137364e-01 -1.931751953082424395e-02
4.173437913732044313e-01 -1.950457542647716924e-02
4.259439002978354649e-01 -1.970588216988373303e-02
4.346078087600411255e-01 -1.991931760647627780e-02
4.433345538689928977e-01 -2.014292836331414357e-02
4.521231657503131940e-01 -2.037468514426164085e-02
4.609726676538650203e-01 -2.061224182287649948e-02
4.698820760623064752e-01 -2.085322621979377941e-02
4.788504008003974244e-01 -2.109533396737006683e-02
4.878766451450451402e-01 -2.133606063347333326e-02
4.969598059360780251e-01 -2.157249904453363218e-02
5.060988736877365390e-01 -2.180231645008629329e-02
5.152928327008634568e-01 -2.202420982638178190e-02
5.245406611757882365e-01 -2.223731616944685935e-02
5.338413313258880688e-01 -2.244124484431000294e-02
5.431938094918128401e-01 -2.263550745595890520e-02
5.525970562563653488e-01 -2.281946300376523282e-02
5.620500265600203438e-01 -2.299250458978849970e-02
5.715516698170692855e-01 -2.315406748569959205e-02
5.811009300323815019e-01 -2.330358995799138369e-02
5.906967459187653091e-01 -2.344050171981955366e-02
6.003380510149177729e-01 -2.356410813538337146e-02
6.100237738039482327e-01 -2.367354563133510642e-02
6.197528378324663745e-01 -2.376710660461600969e-02
6.295241618302156450e-01 -2.384259758214660185e-02
6.393366598302444581e-01 -2.389789522424467377e-02
6.491892412895989839e-01 -2.393089680783848025e-02
6.590808112105230876e-01 -2.393938586363202059e-02
6.690102702621547603e-01 -2.392110108661375453e-02
6.789765149027036095e-01 -2.387379176064603065e-02
6.889784375020977514e-01 -2.379518592090825932e-02
6.990149264650814542e-01 -2.368289964125887964e-02
7.090848663547572039e-01 -2.353477710726762859e-02
7.191871380165538730e-01 -2.334962301360443693e-02
7.293206187026060050e-01 -2.312648449389414357e-02
7.394841821965345563e-01 -2.286447068900617982e-02
7.496766989386134394e-01 -2.256269986924137189e-02
7.598970361513051053e-01 -2.222028359493551791e-02
7.701440579651563922e-01 -2.183633401651026776e-02
7.804166255450371015e-01 -2.140996700884010423e-02
7.907135972167069760e-01 -2.094032331473238626e-02
8.010338285937002034e-01 -2.042658234152239238e-02
8.113761727045106786e-01 -1.986769502953601024e-02
8.217394801200630372e-01 -1.926226634556667261e-02
8.321225990814590245e-01 -1.860882606567326736e-02
8.425243756279822138e-01 -1.790584683177418382e-02
8.529436537253458628e-01 -1.715184629828944360e-02
8.633792753941731402e-01 -1.634539073075976998e-02
8.738300808386934015e-01 -1.548499915761499673e-02
8.842949085756387495e-01 -1.456915660029882258e-02
8.947725955633289985e-01 -1.359649177671431140e-02
9.052619773309316109e-01 -1.256558889652016099e-02
9.157618881078770645e-01 -1.147330766279046517e-02
9.262711609534211021e-01 -1.031540021260332791e-02
9.367886278863364335e-01 -9.087432701098799998e-03
9.473131200147204556e-01 -7.784895284007187569e-03
9.578434676659028923e-01 -6.403374303117533549e-03
9.683785005164411430e-01 -4.938496761562337183e-03
9.789170477221889044e-01 -3.385876904102716640e-03
9.894579380484205267e-01 -1.741141372436229295e-03
9.999999999999998890e-01 -1.938010707078714958e-10
