9.999999999999998890e-01 1.299999996360171051e-03
9.894579380484205267e-01 4.207984746730432379e-03
9.789170477221889044e-01 7.071539947573039081e-03
9.683785005164411430e-01 9.890278665960873863e-03
9.578434676659028923e-01 1.266383469085282515e-02
9.473131200147204556e-01 1.539185681921861545e-02
9.367886278863364335e-01 1.807402316781386853e-02
9.262711609534211021e-01 2.071002494453552667e-02
9.157618881078770645e-01 2.329957199477470514e-02
9.052619773309316109e-01 2.584239694785019775e-02
8.947725955633289985e-01 2.833827246495501662e-02
8.842949085756387495e-01 3.078708724572294317e-02
8.738300808386934015e-01 3.318890737267395780e-02
8.633792753941731402e-01 3.554381730015291480e-02
8.529436537253458628e-01 3.785190592617996425e-02
8.425243756279822138e-01 4.011328905807146766e-02
8.321225990814590245e-01 4.232811245569528813e-02
8.217394801200630372e-01 4.449652198936356051e-02
8.113761727045106786e-01 4.661866589360141866e-02
8.010338285937002034e-01 4.869475257508096983e-02
7.907135972167069760e-01 5.072506400815229161e-02
7.804166255450371015e-01 5.271019649354322101e-02
7.701440579651563922e-01 5.465095569234543205e-02
7.598970361513051053e-01 5.654813072339057167e-02
7.496766989386134394e-01 5.840250028361743118e-02
7.394841821965345563e-01 6.021485262260069249e-02
7.293206187026060050e-01 6.198598426790285360e-02
7.191871380165538730e-01 6.371671540611766049e-02
7.090848663547572039e-01 6.540786357436249865e-02
6.990149264650814542e-01 6.706018321817325267e-02
6.889784375020977514e-01 6.867415717039376810e-02
6.789765149027036095e-01 7.024918315918357581e-02
6.690102702621547603e-01 7.178440052336565458e-02
6.590808112105230876e-01 7.327907264318672675e-02
6.491892412895989839e-01 7.473248885796569818e-02
6.393366598302444581e-01 7.614393385437451256e-02
6.295241618302156450e-01 7.751273503186942304e-02
6.197528378324663745e-01 7.883832578336696928e-02
6.100237738039482327e-01 8.012012714333471841e-02
6.003380510149177729e-01 8.135750798775208403e-02
5.906967459187653091e-01 8.255023392221080836e-02
5.811009300323815019e-01 8.369875864210774008e-02
5.715516698170692855e-01 8.480367200367412706e-02
5.620500265600203438e-01 8.586566320433221267e-02
5.525970562563653488e-01 8.688543511414012488e-02
5.431938094918128401e-01 8.786369598589996444e-02
5.338413313258880688e-01 8.880110933544280161e-02
5.245406611757882365e-01 8.969830103787423958e-02
5.152928327008634568e-01 9.055604213290528726e-02
5.060988736877365390e-01 9.137519660336157479e-02
4.969598059360780251e-01 9.215617567647664543e-02
4.878766451450451402e-01 9.289897265996080455e-02
4.788504008003974244e-01 9.360263489900882972e-02
4.698820760623064752e-01 9.426567796547251354e-02
4.609726676538650203e-01 9.488695070379410401e-02
4.521231657503131940e-01 9.546547482721100264e-02
4.433345538689928977e-01 9.600026408839211489e-02
4.346078087600411255e-01 9.649035552003078220e-02
4.259439002978354649e-01 9.693494142391184676e-02
4.173437913732044313e-01 9.733329070640385494e-02
4.088084377864137364e-01 9.768477383157772587e-02
4.003387881409395943e-01 9.798880048635347229e-02
3.919357837380436083e-01 9.824481723034966807e-02
3.836003584721576765e-01 9.845228068892582229e-02
3.753334387270930161e-01 9.861065140739366797e-02
3.671359432730831873e-01 9.871944793664749751e-02
3.590087831646743277e-01 9.877833928763088411e-02
3.509528616394713696e-01 9.878706264080722166e-02
3.429690740177547825e-01 9.874545147825257441e-02
3.350583076029753915e-01 9.865341338396675652e-02
3.272214415831418144e-01 9.851096919932932072e-02
3.194593469331089564e-01 9.831821300580355361e-02
3.117728863177794407e-01 9.807533461336129244e-02
3.041629139962280792e-01 9.778260095049925993e-02
2.966302757267624823e-01 9.744037590845719410e-02
2.891758086729252497e-01 9.704923731845974122e-02
2.818003413104546162e-01 9.660999215658344630e-02
2.745046933352085494e-01 9.612351264940674489e-02
2.672896755720651774e-01 9.559072511796209981e-02
2.601560898848094272e-01 9.501262772554673608e-02
2.531047290870154232e-01 9.439027641895052223e-02
2.461363768539343022e-01 9.372477017695490797e-02
2.392518076353984391e-01 9.301724666231998839e-02
2.324517865697500740e-01 9.226895228708409391e-02
2.257370693988056676e-01 9.148118833271262629e-02
2.191084023838638650e-01 9.065522289119509747e-02
2.125665222227673956e-01 8.979234880460096324e-02
2.061121559680280102e-01 8.889410711834642986e-02
1.997460209460230063e-01 8.796200273842076645e-02
1.934688246772731102e-01 8.699687943753077468e-02
1.872812647978095990e-01 8.599927414396417447e-02
1.811840289816407656e-01 8.496931505014192199e-02
1.751777948643248317e-01 8.390714170203844580e-02
1.692632299676588570e-01 8.281329630417286203e-02
1.634409916254914164e-01 8.168843490682320407e-02
1.577117269106679265e-01 8.053329241514288472e-02
1.520760725631161714e-01 7.934872638840802239e-02
1.465346549190801317e-01 7.813585108281932701e-02
1.410880898415101115e-01 7.689594458793790055e-02
1.357369826516168221e-01 7.563053502178304632e-02
1.304819280615971966e-01 7.434123794175596933e-02
1.253235101085391490e-01 7.302976607267612497e-02
1.202623020895129402e-01 7.169788966915789652e-02
1.152988664978553679e-01 7.034744885956963067e-02
1.104337549606562163e-01 6.898037275093511778e-02
1.056675081774507419e-01 6.759868665955159894e-02
1.010006558601274085e-01 6.620438318926276378e-02
9.643371667405697956e-02 6.479936419155210570e-02
9.196719818044885031e-02 6.338463700497116993e-02
8.760159677994161509e-02 6.196051239589853155e-02
8.333739765743386485e-02 6.052785538716203700e-02
7.917507472816209813e-02 5.908790646710843780e-02
7.511509058502996439e-02 5.764162844571463218e-02
7.115789644719716645e-02 5.618924272523727337e-02
6.730393210993146358e-02 5.472624004729891023e-02
6.355362589573076981e-02 5.324626494998139364e-02
5.990739460672012129e-02 5.174617178341758827e-02
5.636564347832906385e-02 5.022403420583654993e-02
5.292876613425423482e-02 4.867735588378208772e-02
4.959714454271368922e-02 4.710534195856490997e-02
4.637114897399441382e-02 4.551572656454081628e-02
4.325113795930202176e-02 4.391958865261152978e-02
4.023745825091396000e-02 4.233151670075623735e-02
3.733044478364233587e-02 4.076544660049337410e-02
3.453042063760936031e-02 3.923084549490075262e-02
3.183769700234129196e-02 3.773627618275399165e-02
2.925257314218321358e-02 3.629015180442538707e-02
2.677533636303963682e-02 3.489909570406124484e-02
2.440626198044326678e-02 3.356570450532048167e-02
2.214561328895736647e-02 3.226562050323290159e-02
1.999364153291383062e-02 3.092814998891450437e-02
1.795058587848985532e-02 2.949503494060613448e-02
1.601667338712764455e-02 2.793381684230656151e-02
1.419211899029970692e-02 2.622700687164954830e-02
1.247712546562085301e-02 2.437365189050854503e-02
1.087188341431266636e-02 2.238467393830060811e-02
9.376571240020115106e-03 2.028279995143483436e-02
7.991355128984078959e-03 1.809832056009283777e-02
6.716389031571567969e-03 1.586803119711475279e-02
5.551814645166519568e-03 1.363282464078510725e-02
4.497761398421062928e-03 1.143653131641327210e-02
3.554346436871580472e-03 9.323400825690792565e-03
2.721674609919344512e-03 7.337599940433408435e-03
1.999838459177394334e-03 5.520576089354298395e-03
1.388918208186096237e-03 3.911603029553793916e-03
8.889817534969424173e-04 2.544607831985757143e-03
5.000846571264760954e-04 1.449879622001353690e-03
2.222701403818971855e-04 6.500973669973545777e-04
5.556907905679420168e-05 1.634659874079190812e-04
0.000000000000000000e+00 -3.557382379132120268e-09
0.000000000000000000e+00 2.086637275386251266e-09
5.556907905679420168e-05 -9.609538495543111904e-05
2.222701403818971855e-04 -3.821719021440665872e-04
5.000846571264760954e-04 -8.523527758887823819e-04
8.889817534969424173e-04 -1.495948046926939964e-03
1.388918208186096237e-03 -2.299628367696251226e-03
1.999838459177394334e-03 -3.245564357391102217e-03
2.721674609919344512e-03 -4.313752492236333849e-03
3.554346436871580472e-03 -5.480975060504281182e-03
4.497761398421062928e-03 -6.722657837327008015e-03
5.551814645166519568e-03 -8.012495593068266059e-03
6.716389031571567969e-03 -9.323996863421724068e-03
7.991355128984078959e-03 -1.063071647897289619e-02
9.376571240020115106e-03 -1.190771381677955751e-02
1.087188341431266636e-02 -1.313217274439961411e-02
1.247712546562085301e-02 -1.428478253368418993e-02
1.419211899029970692e-02 -1.535032049058241907e-02
1.601667338712764455e-02 -1.632004011787451317e-02
1.795058587848985532e-02 -1.719171693607620191e-02
1.999364153291383062e-02 -1.797226408302224701e-02
2.214561328895736647e-02 -1.867687375267362837e-02
2.440626198044326678e-02 -1.933506341585144658e-02
2.677533636303963682e-02 -1.998332110694164485e-02
2.925257314218321358e-02 -2.063304490692517354e-02
3.183769700234129196e-02 -2.128109267505001734e-02
3.453042063760936031e-02 -2.192259639834182733e-02
3.733044478364233587e-02 -2.255200795151598644e-02
4.023745825091396000e-02 -2.316416945078493897e-02
4.325113795930202176e-02 -2.375378918023092131e-02
4.637114897399441382e-02 -2.431405028826633119e-02
4.959714454271368922e-02 -2.483813642234183883e-02
5.292876613425423482e-02 -2.532139489918317637e-02
5.636564347832906385e-02 -2.576107034989160577e-02
5.990739460672012129e-02 -2.615907943434517269e-02
6.355362589573076981e-02 -2.651850295949746000e-02
6.730393210993146358e-02 -2.684279286366790182e-02
7.115789644719716645e-02 -2.713664118754760893e-02
7.511509058502996439e-02 -2.740757891487208622e-02
7.917507472816209813e-02 -2.766088881932687524e-02
8.333739765743386485e-02 -2.789641542701724181e-02
8.760159677994161509e-02 -2.811294866690879773e-02
9.196719818044885031e-02 -2.830860719536982748e-02
9.643371667405697956e-02 -2.848154611879409256e-02
1.010006558601274085e-01 -2.863008499920371638e-02
1.056675081774507419e-01 -2.875317044030884645e-02
1.104337549606562163e-01 -2.885050484414496477e-02
1.152988664978553679e-01 -2.892215804182669825e-02
1.202623020895129402e-01 -2.896854020091824480e-02
1.253235101085391490e-01 -2.899028140427058545e-02
1.304819280615971966e-01 -2.898820318147047118e-02
1.357369826516168221e-01 -2.896334186061028451e-02
1.410880898415101115e-01 -2.891693492415318978e-02
1.465346549190801317e-01 -2.885075922231777890e-02
1.520760725631161714e-01 -2.876674976741567386e-02
1.577117269106679265e-01 -2.866539836686146300e-02
1.634409916254914164e-01 -2.854637781018439652e-02
1.692632299676588570e-01 -2.840879593929346997e-02
1.751777948643248317e-01 -2.825158087153427713e-02
1.811840289816407656e-01 -2.807399212165395327e-02
1.872812647978095990e-01 -2.787530928914622175e-02
1.934688246772731102e-01 -2.765435676066074766e-02
1.997460209460230063e-01 -2.741014511175292670e-02
2.061121559680280102e-01 -2.714291302229606892e-02
2.125665222227673956e-01 -2.685381357408616124e-02
2.191084023838638650e-01 -2.654596268363846809e-02
2.257370693988056676e-01 -2.622273414592086321e-02
2.324517865697500740e-01 -2.588716276101890937e-02
2.392518076353984391e-01 -2.554277505945814000e-02
2.461363768539343022e-01 -2.519428022890800312e-02
2.531047290870154232e-01 -2.484540155864229868e-02
2.601560898848094272e-01 -2.449775671501244756e-02
2.672896755720651774e-01 -2.415165903189607499e-02
2.745046933352085494e-01 -2.380577157901768784e-02
2.818003413104546162e-01 -2.345891999165517980e-02
2.891758086729252497e-01 -2.311031112220429326e-02
2.966302757267624823e-01 -2.275891706794292910e-02
3.041629139962280792e-01 -2.240347549358507467e-02
3.117728863177794407e-01 -2.204368628342537675e-02
3.194593469331089564e-01 -2.168014531598679712e-02
3.272214415831418144e-01 -2.131346369989709985e-02
3.350583076029753915e-01 -2.094424282944467100e-02
3.429690740177547825e-01 -2.057313459607236494e-02
3.509528616394713696e-01 -2.020083079424190436e-02
3.590087831646743277e-01 -1.982808680684697289e-02
3.671359432730831873e-01 -1.945568767314029626e-02
3.753334387270930161e-01 -1.908438186591494834e-02
3.836003584721576765e-01 -1.871493834487795646e-02
3.919357837380436083e-01 -1.834835678489507224e-02
4.003387881409395943e-01 -1.798559057043395970e-02
4.088084377864137364e-01 -1.762691429311600416e-02
4.173437913732044313e-01 -1.727222533699249163e-02
4.259439002978354649e-01 -1.692074285134240186e-02
4.346078087600411255e-01 -1.657155744919403331e-02
4.433345538689928977e-01 -1.622392313134446429e-02
4.521231657503131940e-01 -1.587705864683709375e-02
4.609726676538650203e-01 -1.552998429794666575e-02
4.698820760623064752e-01 -1.518172815256570163e-02
4.788504008003974244e-01 -1.483141719878623525e-02
4.878766451450451402e-01 -1.447804300569242517e-02
4.969598059360780251e-01 -1.412031139426275610e-02
5.060988736877365390e-01 -1.375744031937151980e-02
5.152928327008634568e-01 -1.338955208776535649e-02
5.245406611757882365e-01 -1.301717332723774552e-02
5.338413313258880688e-01 -1.264127128025689835e-02
5.431938094918128401e-01 -1.226276023983455254e-02
5.525970562563653488e-01 -1.188245845427724628e-02
5.620500265600203438e-01 -1.150125538368092920e-02
5.715516698170692855e-01 -1.112011688327263145e-02
5.811009300323815019e-01 -1.074002650076403935e-02
5.906967459187653091e-01 -1.036197844862049751e-02
6.003380510149177729e-01 -9.986949446616155690e-03
6.100237738039482327e-01 -9.615869134752869432e-03
6.197528378324663745e-01 -9.249311401466170715e-03
6.295241618302156450e-01 -8.887648742742192132e-03
6.393366598302444581e-01 -8.531313640974501344e-03
6.491892412895989839e-01 -8.180766581526758077e-03
6.590808112105230876e-01 -7.836449198307815153e-03
6.690102702621547603e-01 -7.498798200461125225e-03
6.789765149027036095e-01 -7.168266154967955529e-03
6.889784375020977514e-01 -6.845312448870932709e-03
6.990149264650814542e-01 -6.530402830395864305e-03
7.090848663547572039e-01 -6.223956168232886929e-03
7.191871380165538730e-01 -5.926211245748456979e-03
7.293206187026060050e-01 -5.637357133036001444e-03
7.394841821965345563e-01 -5.357558289010168340e-03
7.496766989386134394e-01 -5.086979775064512724e-03
7.598970361513051053e-01 -4.825799927302840825e-03
7.701440579651563922e-01 -4.574185710160265372e-03
7.804166255450371015e-01 -4.332276045477545696e-03
7.907135972167069760e-01 -4.100230272904141840e-03
8.010338285937002034e-01 -3.878245363655808808e-03
8.113761727045106786e-01 -3.666275282022528684e-03
8.217394801200630372e-01 -3.463906901749536256e-03
8.321225990814590245e-01 -3.270660440843398999e-03
8.425243756279822138e-01 -3.086009407214190554e-03
8.529436537253458628e-01 -2.909413207023893704e-03
8.633792753941731402e-01 -2.740320582629132955e-03
8.738300808386934015e-01 -2.578200651002904038e-03
8.842949085756387495e-01 -2.422534349071306208e-03
8.947725955633289985e-01 -2.272705974591423487e-03
9.052619773309316109e-01 -2.128142830438575946e-03
9.157618881078770645e-01 -1.989576035193969979e-03
9.262711609534211021e-01 -1.858575578359366156e-03
9.367886278863364335e-01 -1.736866778678436722e-03
9.473131200147204556e-01 -1.626242233617643859e-03
9.578434676659028923e-01 -1.528436682420407713e-03
9.683785005164411430e-01 -1.445164577965304823e-03
9.789170477221889044e-01 -1.378173294935646550e-03
9.894579380484205267e-01 -1.329214283516350808e-03
9.999999999999998890e-01 -1.299999859939523703e-03
