9.999999999999998890e-01 8.000000035242376892e-03
9.894579380484205267e-01 1.133287148812119755e-02
9.789170477221889044e-01 1.466465599609543570e-02
9.683785005164411430e-01 1.799113754531094303e-02
9.578434676659028923e-01 2.130811644854936279e-02
9.473131200147204556e-01 2.461140043666507765e-02
9.367886278863364335e-01 2.789680838663525370e-02
9.262711609534211021e-01 3.116017951666968933e-02
9.157618881078770645e-01 3.439739494043433932e-02
9.052619773309316109e-01 3.760434929203011062e-02
8.947725955633289985e-01 4.077695272060109788e-02
8.842949085756387495e-01 4.391117001385353574e-02
8.738300808386934015e-01 4.700304969780088465e-02
8.633792753941731402e-01 5.004863350605104344e-02
8.529436537253458628e-01 5.304394954913992100e-02
8.425243756279822138e-01 5.598518020198865741e-02
8.321225990814590245e-01 5.886867488227195966e-02
8.217394801200630372e-01 6.169062106825719261e-02
8.113761727045106786e-01 6.444708727180727126e-02
8.010338285937002034e-01 6.713483365059035035e-02
7.907135972167069760e-01 6.975155628384389905e-02
7.804166255450371015e-01 7.229962531826429617e-02
7.701440579651563922e-01 7.478450103070916066e-02
7.598970361513051053e-01 7.721114142165820537e-02
7.496766989386134394e-01 7.958419997947317748e-02
7.394841821965345563e-01 8.190843866061861545e-02
7.293206187026060050e-01 8.418866441287688185e-02
7.191871380165538730e-01 8.642963139715149901e-02
7.090848663547572039e-01 8.863599144066869329e-02
6.990149264650814542e-01 9.081196846072023265e-02
6.889784375020977514e-01 9.296021936793301410e-02
6.789765149027036095e-01 9.507723110884186424e-02
6.690102702621547603e-01 9.715797731152818473e-02
6.590808112105230876e-01 9.919797990821715983e-02
6.491892412895989839e-01 1.011928664318978571e-01
6.393366598302444581e-01 1.031382167802209343e-01
6.295241618302156450e-01 1.050297327166989092e-01
6.197528378324663745e-01 1.068634341089450823e-01
6.100237738039482327e-01 1.086353631290781496e-01
6.003380510149177729e-01 1.103415213854792853e-01
5.906967459187653091e-01 1.119787418264224232e-01
5.811009300323815019e-01 1.135452868748441924e-01
5.715516698170692855e-01 1.150397902297311398e-01
5.620500265600203438e-01 1.164612174215941959e-01
5.525970562563653488e-01 1.178085319188118679e-01
5.431938094918128401e-01 1.190806715413714190e-01
5.338413313258880688e-01 1.202767540262425494e-01
5.245406611757882365e-01 1.213960773180437908e-01
5.152928327008634568e-01 1.224378625204436688e-01
5.060988736877365390e-01 1.234012989385536996e-01
4.969598059360780251e-01 1.242861374793899215e-01
4.878766451450451402e-01 1.250926300006636738e-01
4.788504008003974244e-01 1.258220352466009329e-01
4.698820760623064752e-01 1.264761958453092805e-01
4.609726676538650203e-01 1.270567600454732549e-01
4.521231657503131940e-01 1.275652844573648415e-01
4.433345538689928977e-01 1.280034082187080646e-01
4.346078087600411255e-01 1.283728105031794464e-01
4.259439002978354649e-01 1.286751964684588190e-01
4.173437913732044313e-01 1.289122536753485038e-01
4.088084377864137364e-01 1.290855446823501729e-01
4.003387881409395943e-01 1.291967286211705146e-01
3.919357837380436083e-01 1.292479766728230062e-01
3.836003584721576765e-01 1.292417601525614745e-01
3.753334387270930161e-01 1.291811114624122903e-01
3.671359432730831873e-01 1.290690748844839641e-01
3.590087831646743277e-01 1.289084346575219420e-01
3.509528616394713696e-01 1.287019318314004124e-01
3.429690740177547825e-01 1.284523044944101688e-01
3.350583076029753915e-01 1.281622255441347835e-01
3.272214415831418144e-01 1.278342487630579061e-01
3.194593469331089564e-01 1.274708753188223687e-01
3.117728863177794407e-01 1.270745435944357071e-01
3.041629139962280792e-01 1.266476301437487462e-01
2.966302757267624823e-01 1.261922961076683558e-01
2.891758086729252497e-01 1.257068651269204473e-01
2.818003413104546162e-01 1.251855139819078033e-01
2.745046933352085494e-01 1.246226987522291024e-01
2.672896755720651774e-01 1.240133501560821139e-01
2.601560898848094272e-01 1.233527911906051044e-01
2.531047290870154232e-01 1.226366918487129254e-01
2.461363768539343022e-01 1.218613898297417064e-01
2.392518076353984391e-01 1.210236687563482766e-01
2.324517865697500740e-01 1.201204615502189099e-01
2.257370693988056676e-01 1.191489361974658323e-01
2.191084023838638650e-01 1.181074537088716569e-01
2.125665222227673956e-01 1.169947516534986659e-01
2.061121559680280102e-01 1.158085238926867128e-01
1.997460209460230063e-01 1.145472919291375402e-01
1.934688246772731102e-01 1.132157794244402077e-01
1.872812647978095990e-01 1.118217314941676865e-01
1.811840289816407656e-01 1.103773233099864526e-01
1.751777948643248317e-01 1.088949962026042884e-01
1.692632299676588570e-01 1.073841607587301822e-01
1.634409916254914164e-01 1.058539066078274249e-01
1.577117269106679265e-01 1.043142431956956134e-01
1.520760725631161714e-01 1.027737138426518676e-01
1.465346549190801317e-01 1.012369997998795734e-01
1.410880898415101115e-01 9.970354675059303617e-02
1.357369826516168221e-01 9.816363901936914216e-02
1.304819280615971966e-01 9.660814389403310498e-02
1.253235101085391490e-01 9.503064576757644377e-02
1.202623020895129402e-01 9.342531181260647910e-02
1.152988664978553679e-01 9.178680050270644764e-02
1.104337549606562163e-01 9.011085539791331700e-02
1.056675081774507419e-01 8.839447379656724391e-02
1.010006558601274085e-01 8.663536335742474948e-02
9.643371667405697956e-02 8.483191368664662335e-02
9.196719818044885031e-02 8.298340492671078816e-02
8.760159677994161509e-02 8.108988663583216461e-02
8.333739765743386485e-02 7.915211320719973964e-02
7.917507472816209813e-02 7.717138725625959095e-02
7.511509058502996439e-02 7.514974558356764256e-02
7.115789644719716645e-02 7.308972200906295458e-02
6.730393210993146358e-02 7.099444278162199418e-02
6.355362589573076981e-02 6.886741092786954899e-02
5.990739460672012129e-02 6.671271894201410979e-02
5.636564347832906385e-02 6.453476711491445972e-02
5.292876613425423482e-02 6.233832140965293173e-02
4.959714454271368922e-02 6.012844700628231648e-02
4.637114897399441382e-02 5.791099602698071558e-02
4.325113795930202176e-02 5.569221087603798415e-02
4.023745825091396000e-02 5.347896006357567844e-02
3.733044478364233587e-02 5.127807104240290209e-02
3.453042063760936031e-02 4.909580472112399369e-02
3.183769700234129196e-02 4.693857859787872733e-02
2.925257314218321358e-02 4.481347387308867725e-02
2.677533636303963682e-02 4.272689297079377418e-02
2.440626198044326678e-02 4.068334610113213956e-02
2.214561328895736647e-02 3.866586774651560587e-02
1.999364153291383062e-02 3.662029450527888585e-02
1.795058587848985532e-02 3.450307796302491681e-02
1.601667338712764455e-02 3.229232854340425424e-02
1.419211899029970692e-02 2.997862083950735695e-02
1.247712546562085301e-02 2.756627715038743529e-02
1.087188341431266636e-02 2.506944454562558267e-02
9.376571240020115106e-03 2.251202504743230609e-02
7.991355128984078959e-03 1.992404272019925385e-02
6.716389031571567969e-03 1.734076695449623950e-02
5.551814645166519568e-03 1.480062267121824184e-02
4.497761398421062928e-03 1.234426251717265881e-02
3.554346436871580472e-03 1.001234045326985893e-02
2.721674609919344512e-03 7.845178266437916395e-03
1.999838459177394334e-03 5.880408611848936262e-03
1.388918208186096237e-03 4.153564802465566433e-03
8.889817534969424173e-04 2.695242548155241287e-03
5.000846571264760954e-04 1.532702127287973067e-03
2.222701403818971855e-04 6.863170127691455317e-04
5.556907905679420168e-05 1.724232679130474589e-04
0.000000000000000000e+00 -3.189742228791890304e-09
0.000000000000000000e+00 3.198257832058426265e-09
5.556907905679420168e-05 -1.450025636620669777e-04
2.222701403818971855e-04 -5.766253984166977344e-04
5.000846571264760954e-04 -1.285866366692217048e-03
8.889817534969424173e-04 -2.256348646635651309e-03
1.388918208186096237e-03 -3.467650080435312563e-03
1.999838459177394334e-03 -4.892450046433636894e-03
2.721674609919344512e-03 -6.500090777299331705e-03
3.554346436871580472e-03 -8.254977553973932847e-03
4.497761398421062928e-03 -1.011942513012621149e-02
5.551814645166519568e-03 -1.205307598022722741e-02
6.716389031571567969e-03 -1.401526349641450155e-02
7.991355128984078959e-03 -1.596535709995726068e-02
9.376571240020115106e-03 -1.786499825323427382e-02
1.087188341431266636e-02 -1.967904132912993639e-02
1.247712546562085301e-02 -2.137765348311611996e-02
1.419211899029970692e-02 -2.293720035296127960e-02
1.601667338712764455e-02 -2.434390749309124982e-02
1.795058587848985532e-02 -2.559392943383140273e-02
1.999364153291383062e-02 -2.669730082296143531e-02
2.214561328895736647e-02 -2.767663948161231194e-02
2.440626198044326678e-02 -2.857642149958119701e-02
2.677533636303963682e-02 -2.945189728282427560e-02
2.925257314218321358e-02 -3.032138267454634328e-02
3.183769700234129196e-02 -3.118191463254886206e-02
3.453042063760936031e-02 -3.202902534992736056e-02
3.733044478364233587e-02 -3.285779285391265264e-02
4.023745825091396000e-02 -3.366422598242195530e-02
4.325113795930202176e-02 -3.444473320256728061e-02
4.637114897399441382e-02 -3.519588179363789676e-02
4.959714454271368922e-02 -3.591436143364146183e-02
5.292876613425423482e-02 -3.659716736645585167e-02
5.636564347832906385e-02 -3.724130412346975810e-02
5.990739460672012129e-02 -3.784351556475771400e-02
6.355362589573076981e-02 -3.840069442964123142e-02
6.730393210993146358e-02 -3.891034175844609866e-02
7.115789644719716645e-02 -3.937023888145016470e-02
7.511509058502996439e-02 -3.977858150754319533e-02
7.917507472816209813e-02 -4.013391855825265003e-02
8.333739765743386485e-02 -4.043539580329481853e-02
8.760159677994161509e-02 -4.068258997639845331e-02
9.196719818044885031e-02 -4.087569774325252453e-02
9.643371667405697956e-02 -4.101541375579857707e-02
1.010006558601274085e-01 -4.110307835303576851e-02
1.056675081774507419e-01 -4.114069460723120825e-02
1.104337549606562163e-01 -4.113103037513235472e-02
1.152988664978553679e-01 -4.107747172775391697e-02
1.202623020895129402e-01 -4.098404668324297923e-02
1.253235101085391490e-01 -4.085583825710729922e-02
1.304819280615971966e-01 -4.069884725629248357e-02
1.357369826516168221e-01 -4.051957549910432943e-02
1.410880898415101115e-01 -4.032506798603368442e-02
1.465346549190801317e-01 -4.012454293274254208e-02
1.520760725631161714e-01 -3.992777961768300549e-02
1.577117269106679265e-01 -3.973805499926424262e-02
1.634409916254914164e-01 -3.955496680002554277e-02
1.692632299676588570e-01 -3.937563524128810666e-02
1.751777948643248317e-01 -3.919625465721191665e-02
1.811840289816407656e-01 -3.901368652089730327e-02
1.872812647978095990e-01 -3.882471125968228742e-02
1.934688246772731102e-01 -3.862462146202669255e-02
1.997460209460230063e-01 -3.840877212460527129e-02
2.061121559680280102e-01 -3.817443048126783339e-02
2.125665222227673956e-01 -3.792012205484635717e-02
2.191084023838638650e-01 -3.764690389525573999e-02
2.257370693988056676e-01 -3.735615306878540404e-02
2.324517865697500740e-01 -3.704877378885316347e-02
2.392518076353984391e-01 -3.672579408476966956e-02
2.461363768539343022e-01 -3.638867997040493713e-02
2.531047290870154232e-01 -3.603896115284105361e-02
2.601560898848094272e-01 -3.567818059694142369e-02
2.672896755720651774e-01 -3.530802647166246533e-02
2.745046933352085494e-01 -3.493040984337420635e-02
2.818003413104546162e-01 -3.454734373553815241e-02
2.891758086729252497e-01 -3.416095383328181939e-02
2.966302757267624823e-01 -3.377351379464448716e-02
3.041629139962280792e-01 -3.338737890238207412e-02
3.117728863177794407e-01 -3.300348974543104025e-02
3.194593469331089564e-01 -3.262147708286681352e-02
3.272214415831418144e-01 -3.224087843842925877e-02
3.350583076029753915e-01 -3.186119408301828909e-02
3.429690740177547825e-01 -3.148189259903138443e-02
3.509528616394713696e-01 -3.110241426015494109e-02
3.590087831646743277e-01 -3.072212177885208853e-02
3.671359432730831873e-01 -3.034033719456005404e-02
3.753334387270930161e-01 -2.995639449937997217e-02
3.836003584721576765e-01 -2.956960301254996440e-02
3.919357837380436083e-01 -2.917908480431685714e-02
4.003387881409395943e-01 -2.878397977878281722e-02
4.088084377864137364e-01 -2.838387885610551761e-02
4.173437913732044313e-01 -2.797861990389761619e-02
4.259439002978354649e-01 -2.756847608075784981e-02
4.346078087600411255e-01 -2.715379867120679483e-02
4.433345538689928977e-01 -2.673481912271551478e-02
4.521231657503131940e-01 -2.631177396098941315e-02
4.609726676538650203e-01 -2.588498653433596308e-02
4.698820760623064752e-01 -2.545477942023950321e-02
4.788504008003974244e-01 -2.502143786406870948e-02
4.878766451450451402e-01 -2.458527903298033876e-02
4.969598059360780251e-01 -2.414669166909789652e-02
5.060988736877365390e-01 -2.370596360719666798e-02
5.152928327008634568e-01 -2.326320166891336638e-02
5.245406611757882365e-01 -2.281843689233706285e-02
5.338413313258880688e-01 -2.237161928266062638e-02
5.431938094918128401e-01 -2.192271110564077141e-02
5.525970562563653488e-01 -2.147169533397684515e-02
5.620500265600203438e-01 -2.101854419394712584e-02
5.715516698170692855e-01 -2.056321814986803581e-02
5.811009300323815019e-01 -2.010567686283882757e-02
5.906967459187653091e-01 -1.964588018446345591e-02
6.003380510149177729e-01 -1.918379375946657056e-02
6.100237738039482327e-01 -1.871939404180364419e-02
6.197528378324663745e-01 -1.825272696347897405e-02
6.295241618302156450e-01 -1.778387807701667725e-02
6.393366598302444581e-01 -1.731292376155729729e-02
6.491892412895989839e-01 -1.683993658809972496e-02
6.590808112105230876e-01 -1.636499555654628499e-02
6.690102702621547603e-01 -1.588818192217995862e-02
6.789765149027036095e-01 -1.540957477468063094e-02
6.889784375020977514e-01 -1.492925331657677171e-02
6.990149264650814542e-01 -1.444730058411967423e-02
7.090848663547572039e-01 -1.396379421267166659e-02
7.191871380165538730e-01 -1.347878786590519205e-02
7.293206187026060050e-01 -1.299232929935606115e-02
7.394841821965345563e-01 -1.250446515600595748e-02
7.496766989386134394e-01 -1.201524198048693239e-02
7.598970361513051053e-01 -1.152470660386068803e-02
7.701440579651563922e-01 -1.103290595213318910e-02
7.804166255450371015e-01 -1.053988705413633209e-02
7.907135972167069760e-01 -1.004569666216195006e-02
8.010338285937002034e-01 -9.550381086017290660e-03
8.113761727045106786e-01 -9.053990218621871949e-03
8.217394801200630372e-01 -8.556579352861273108e-03
8.321225990814590245e-01 -8.058204912938557452e-03
8.425243756279822138e-01 -7.558924186084138401e-03
8.529436537253458628e-01 -7.058794361967676498e-03
8.633792753941731402e-01 -6.557872483179677005e-03
8.738300808386934015e-01 -6.056215827972965572e-03
8.842949085756387495e-01 -5.553881891355237112e-03
8.947725955633289985e-01 -5.050928185862254942e-03
9.052619773309316109e-01 -4.547412242785855464e-03
9.157618881078770645e-01 -4.043391720384159789e-03
9.262711609534211021e-01 -3.538924361174364871e-03
9.367886278863364335e-01 -3.034067947901549021e-03
9.473131200147204556e-01 -2.528880292797214702e-03
9.578434676659028923e-01 -2.023419272782153028e-03
9.683785005164411430e-01 -1.517742796797242862e-03
9.789170477221889044e-01 -1.011908794826076648e-03
9.894579380484205267e-01 -5.059752086442732789e-04
9.999999999999998890e-01 -4.173829138368716959e-14
