9.999999999999998890e-01 1.963845984722003982e-10
9.894579380484205267e-01 6.995836046089728456e-04
9.789170477221889044e-01 1.436446212213988646e-03
9.683785005164411430e-01 2.211164143634962269e-03
9.578434676659028923e-01 3.024340346894549038e-03
9.473131200147204556e-01 3.876554504210614604e-03
9.367886278863364335e-01 4.768307995423315231e-03
9.262711609534211021e-01 5.700117903952125163e-03
9.157618881078770645e-01 6.672565713300257495e-03
9.052619773309316109e-01 7.686120452818777544e-03
8.947725955633289985e-01 8.741002006383842560e-03
8.842949085756387495e-01 9.836161134429550340e-03
8.738300808386934015e-01 1.096857835310572835e-02
8.633792753941731402e-01 1.213516071023800456e-02
8.529436537253458628e-01 1.333295006591017802e-02
8.425243756279822138e-01 1.455897323138976782e-02
8.321225990814590245e-01 1.581022989655091540e-02
8.217394801200630372e-01 1.708372789949090878e-02
8.113761727045106786e-01 1.837649062272137326e-02
8.010338285937002034e-01 1.968564376976911223e-02
7.907135972167069760e-01 2.100845569134651356e-02
7.804166255450371015e-01 2.234295113777321623e-02
7.701440579651563922e-01 2.368765727801714488e-02
7.598970361513051053e-01 2.504104139819732927e-02
7.496766989386134394e-01 2.640153806436371792e-02
7.394841821965345563e-01 2.776763442673546231e-02
7.293206187026060050e-01 2.913784584800805863e-02
7.191871380165538730e-01 3.051070726282363935e-02
7.090848663547572039e-01 3.188475983487732562e-02
6.990149264650814542e-01 3.325853710680561764e-02
6.889784375020977514e-01 3.463039346885667807e-02
6.789765149027036095e-01 3.599791943192345856e-02
6.690102702621547603e-01 3.735853463372246913e-02
6.590808112105230876e-01 3.870978529176361677e-02
6.491892412895989839e-01 4.004925567627745653e-02
6.393366598302444581e-01 4.137455930747786781e-02
6.295241618302156450e-01 4.268336722784767112e-02
6.197528378324663745e-01 4.397347760461087912e-02
6.100237738039482327e-01 4.524269791979650818e-02
6.003380510149177729e-01 4.648882098137160912e-02
5.906967459187653091e-01 4.771002828900258730e-02
5.811009300323815019e-01 4.890516851127064968e-02
5.715516698170692855e-01 5.007324952372423782e-02
5.620500265600203438e-01 5.121341514512629117e-02
5.525970562563653488e-01 5.232484758623279913e-02
5.431938094918128401e-01 5.340676292051415447e-02
5.338413313258880688e-01 5.445838196948191851e-02
5.245406611757882365e-01 5.547893684762566363e-02
5.152928327008634568e-01 5.646781066187570725e-02
5.060988736877365390e-01 5.742449322131128187e-02
4.969598059360780251e-01 5.834816690367561343e-02
4.878766451450451402e-01 5.923771986157005953e-02
4.788504008003974244e-01 6.009129654787002950e-02
4.698820760623064752e-01 6.090663240394553896e-02
4.609726676538650203e-01 6.168180690525880416e-02
4.521231657503131940e-01 6.241507837186562047e-02
4.433345538689928977e-01 6.310470671707775481e-02
4.346078087600411255e-01 6.374899963278658765e-02
4.259439002978354649e-01 6.434653654728186845e-02
4.173437913732044313e-01 6.489598179551843427e-02
4.088084377864137364e-01 6.539594763851926118e-02
4.003387881409395943e-01 6.584521255115841076e-02
3.919357837380436083e-01 6.624325317763435361e-02
3.836003584721576765e-01 6.658994241623253374e-02
3.753334387270930161e-01 6.688587723632340165e-02
3.671359432730831873e-01 6.713175049532257854e-02
3.590087831646743277e-01 6.732813123753195184e-02
3.509528616394713696e-01 6.747562519722045959e-02
3.429690740177547825e-01 6.757496218128024312e-02
3.350583076029753915e-01 6.762689585719498797e-02
3.272214415831418144e-01 6.763219406666168276e-02
3.194593469331089564e-01 6.759165449795166702e-02
3.117728863177794407e-01 6.750611951750408457e-02
3.041629139962280792e-01 6.737648031940539350e-02
2.966302757267624823e-01 6.720366230141307240e-02
2.891758086729252497e-01 6.698794737926233589e-02
2.818003413104546162e-01 6.672892240406670672e-02
2.745046933352085494e-01 6.642632728645549156e-02
2.672896755720651774e-01 6.608007168080015648e-02
2.601560898848094272e-01 6.569001859704609592e-02
2.531047290870154232e-01 6.525605058188539698e-02
2.461363768539343022e-01 6.477876567624235582e-02
2.392518076353984391e-01 6.425932583466972825e-02
2.324517865697500740e-01 6.369980534948545270e-02
2.257370693988056676e-01 6.310272844300006401e-02
2.191084023838638650e-01 6.247027925564897777e-02
2.125665222227673956e-01 6.180451174289681299e-02
2.061121559680280102e-01 6.110765137817796705e-02
1.997460209460230063e-01 6.038189619036290340e-02
1.934688246772731102e-01 5.962897336731555475e-02
1.872812647978095990e-01 5.885040188008550804e-02
1.811840289816407656e-01 5.804745247433326649e-02
1.751777948643248317e-01 5.722136105947660256e-02
1.692632299676588570e-01 5.637346515235739514e-02
1.634409916254914164e-01 5.550512747488601378e-02
1.577117269106679265e-01 5.461772055603663495e-02
1.520760725631161714e-01 5.371261261179151314e-02
1.465346549190801317e-01 5.279115667577997939e-02
1.410880898415101115e-01 5.185457854306808889e-02
1.357369826516168221e-01 5.090385991398892196e-02
1.304819280615971966e-01 4.994004228243738991e-02
1.253235101085391490e-01 4.896431157162302317e-02
1.202623020895129402e-01 4.797784076247528506e-02
1.152988664978553679e-01 4.698177118826727533e-02
1.104337549606562163e-01 4.597739117137760595e-02
1.056675081774507419e-01 4.496615203566511898e-02
1.010006558601274085e-01 4.394926202736414850e-02
9.643371667405697956e-02 4.292756257780425133e-02
9.196719818044885031e-02 4.189990000267589110e-02
8.760159677994161509e-02 4.086353896731691193e-02
8.333739765743386485e-02 3.981654119504945272e-02
7.917507472816209813e-02 3.875761953698315249e-02
7.511509058502996439e-02 3.768610393691931848e-02
7.115789644719716645e-02 3.660207884311023063e-02
6.730393210993146358e-02 3.550892308921117096e-02
6.355362589573076981e-02 3.441143237805640437e-02
5.990739460672012129e-02 3.331305529660590070e-02
5.636564347832906385e-02 3.221693850151728655e-02
5.292876613425423482e-02 3.112762628770642664e-02
4.959714454271368922e-02 3.004881196117507175e-02
4.637114897399441382e-02 2.897822100623060476e-02
4.325113795930202176e-02 2.791137937604135436e-02
4.023745825091396000e-02 2.684187900707749042e-02
3.733044478364233587e-02 2.576399963687463907e-02
3.453042063760936031e-02 2.467548655852924017e-02
3.183769700234129196e-02 2.357531644188069417e-02
2.925257314218321358e-02 2.246391753950598841e-02
2.677533636303963682e-02 2.134246463016476608e-02
2.440626198044326678e-02 2.021325599024229383e-02
2.214561328895736647e-02 1.908101979700466480e-02
1.999364153291383062e-02 1.795448728942816707e-02
1.795058587848985532e-02 1.684102179895603443e-02
1.601667338712764455e-02 1.574544714152675481e-02
1.419211899029970692e-02 1.467568799444392801e-02
1.247712546562085301e-02 1.364282856923845245e-02
1.087188341431266636e-02 1.263367108127145914e-02
9.376571240020115106e-03 1.160990164367235906e-02
7.991355128984078959e-03 1.054519071207359743e-02
6.716389031571567969e-03 9.426204317544192857e-03
5.551814645166519568e-03 8.258134477969332823e-03
4.497761398421062928e-03 7.060353387017062610e-03
3.554346436871580472e-03 5.859426285081200877e-03
2.721674609919344512e-03 4.686617108650277704e-03
1.999838459177394334e-03 3.576593839997410477e-03
1.388918208186096237e-03 2.565355484409892906e-03
8.889817534969424173e-04 1.685767424723623367e-03
5.000846571264760954e-04 9.681994114896088710e-04
2.222701403818971855e-04 4.364682549068358967e-04
5.556907905679420168e-05 1.101627318022264490e-04
0.000000000000000000e+00 -5.055728264144930889e-09
0.000000000000000000e+00 1.446581939680941446e-08
5.556907905679420168e-05 -1.744919506861179704e-04
2.222701403818971855e-04 -6.819456765368192867e-04
5.000846571264760954e-04 -1.480502523918516070e-03
8.889817534969424173e-04 -2.498031320386164596e-03
1.388918208186096237e-03 -3.651174372376990440e-03
1.999838459177394334e-03 -4.842991522239457891e-03
2.721674609919344512e-03 -5.982584524199953402e-03
3.554346436871580472e-03 -6.998221667310326570e-03
4.497761398421062928e-03 -7.852375644790014764e-03
5.551814645166519568e-03 -8.567374192809626768e-03
6.716389031571567969e-03 -9.177748435375167671e-03
7.991355128984078959e-03 -9.726484286369531038e-03
9.376571240020115106e-03 -1.024245063212713899e-02
1.087188341431266636e-02 -1.073468180210391566e-02
1.247712546562085301e-02 -1.121247221034685215e-02
1.419211899029970692e-02 -1.168659894532995784e-02
1.601667338712764455e-02 -1.216017036693616687e-02
1.795058587848985532e-02 -1.262898848601285394e-02
1.999364153291383062e-02 -1.308977764327916467e-02
2.214561328895736647e-02 -1.354029346989530855e-02
2.440626198044326678e-02 -1.397902635210175083e-02
2.677533636303963682e-02 -1.440488252962572949e-02
2.925257314218321358e-02 -1.481616776628740667e-02
3.183769700234129196e-02 -1.521091253409604001e-02
3.453042063760936031e-02 -1.558770166720839165e-02
3.733044478364233587e-02 -1.594548991560311088e-02
4.023745825091396000e-02 -1.628390663410339209e-02
4.325113795930202176e-02 -1.660311079636353493e-02
4.637114897399441382e-02 -1.690464786792073362e-02
4.959714454271368922e-02 -1.719049622641138572e-02
5.292876613425423482e-02 -1.746254274496503514e-02
5.636564347832906385e-02 -1.772232164944981259e-02
5.990739460672012129e-02 -1.797020042846497051e-02
6.355362589573076981e-02 -1.820657101340109746e-02
6.730393210993146358e-02 -1.843266036936369937e-02
7.115789644719716645e-02 -1.865010787612855422e-02
7.511509058502996439e-02 -1.886118118893848755e-02
7.917507472816209813e-02 -1.906750443277923854e-02
8.333739765743386485e-02 -1.926920037000937058e-02
8.760159677994161509e-02 -1.946604139140626147e-02
9.196719818044885031e-02 -1.965751536848983974e-02
9.643371667405697956e-02 -1.984319325534196488e-02
1.010006558601274085e-01 -2.002280666826601607e-02
1.056675081774507419e-01 -2.019616395500296521e-02
1.104337549606562163e-01 -2.036315534774142677e-02
1.152988664978553679e-01 -2.052377343925659847e-02
1.202623020895129402e-01 -2.067811451129870220e-02
1.253235101085391490e-01 -2.082635535049954384e-02
1.304819280615971966e-01 -2.096874260120968822e-02
1.357369826516168221e-01 -2.110558747220973169e-02
1.410880898415101115e-01 -2.123726486029179836e-02
1.465346549190801317e-01 -2.136434958905227693e-02
1.520760725631161714e-01 -2.148747165664975298e-02
1.577117269106679265e-01 -2.160669512334436465e-02
1.634409916254914164e-01 -2.172176187628951580e-02
1.692632299676588570e-01 -2.183218491884729093e-02
1.751777948643248317e-01 -2.193739686269290112e-02
1.811840289816407656e-01 -2.203692160916195450e-02
1.872812647978095990e-01 -2.213028393660394083e-02
1.934688246772731102e-01 -2.221686126890500337e-02
1.997460209460230063e-01 -2.229605966285527763e-02
2.061121559680280102e-01 -2.236756096661315918e-02
2.125665222227673956e-01 -2.243123505156965555e-02
2.191084023838638650e-01 -2.248733768678709208e-02
2.257370693988056676e-01 -2.253618891254052445e-02
2.324517865697500740e-01 -2.257807745401502197e-02
2.392518076353984391e-01 -2.261333787670685366e-02
2.461363768539343022e-01 -2.264241597321320354e-02
2.531047290870154232e-01 -2.266577090528927932e-02
2.601560898848094272e-01 -2.268385980121263509e-02
2.672896755720651774e-01 -2.269716027474746184e-02
2.745046933352085494e-01 -2.270618275337049630e-02
2.818003413104546162e-01 -2.271148003033763782e-02
2.891758086729252497e-01 -2.271365775743971679e-02
2.966302757267624823e-01 -2.271336994806874912e-02
3.041629139962280792e-01 -2.271130505272635561e-02
3.117728863177794407e-01 -2.270786601802875573e-02
3.194593469331089564e-01 -2.270319213236599368e-02
3.272214415831418144e-01 -2.269742676756423064e-02
3.350583076029753915e-01 -2.269072419252920678e-02
3.429690740177547825e-01 -2.268324032930367495e-02
3.509528616394713696e-01 -2.267513569875437979e-02
3.590087831646743277e-01 -2.266660563866025602e-02
3.671359432730831873e-01 -2.265786018959270107e-02
3.753334387270930161e-01 -2.264907650518317370e-02
3.836003584721576765e-01 -2.264043517082536122e-02
3.919357837380436083e-01 -2.263223139424539246e-02
4.003387881409395943e-01 -2.262473297579210146e-02
4.088084377864137364e-01 -2.261784811275144649e-02
4.173437913732044313e-01 -2.261128439322214120e-02
4.259439002978354649e-01 -2.260438686059529703e-02
4.346078087600411255e-01 -2.259642809417316406e-02
4.433345538689928977e-01 -2.258675514865744055e-02
4.521231657503131940e-01 -2.257469341923097617e-02
4.609726676538650203e-01 -2.255946201123892533e-02
4.698820760623064752e-01 -2.254027671507397718e-02
4.788504008003974244e-01 -2.251638880782643598e-02
4.878766451450451402e-01 -2.248698291420619597e-02
4.969598059360780251e-01 -2.245110616426923555e-02
5.060988736877365390e-01 -2.240801835246185314e-02
5.152928327008634568e-01 -2.235735834273998995e-02
5.245406611757882365e-01 -2.229893038013340545e-02
5.338413313258880688e-01 -2.223271764883575849e-02
5.431938094918128401e-01 -2.215867824864627827e-02
5.525970562563653488e-01 -2.207672634912284659e-02
5.620500265600203438e-01 -2.198678820261395703e-02
5.715516698170692855e-01 -2.188880586013293439e-02
5.811009300323815019e-01 -2.178274628266976126e-02
5.906967459187653091e-01 -2.166859010009470482e-02
6.003380510149177729e-01 -2.154623405338355543e-02
6.100237738039482327e-01 -2.141545921003195838e-02
6.197528378324663745e-01 -2.127546395241868352e-02
6.295241618302156450e-01 -2.112511164704955133e-02
6.393366598302444581e-01 -2.096331755272493394e-02
6.491892412895989839e-01 -2.078901514594637401e-02
6.590808112105230876e-01 -2.060107460855759715e-02
6.690102702621547603e-01 -2.039834048018753995e-02
6.789765149027036095e-01 -2.017965950471744749e-02
6.889784375020977514e-01 -1.994386984766057316e-02
6.990149264650814542e-01 -1.968976760871390952e-02
7.090848663547572039e-01 -1.941619295544636317e-02
7.191871380165538730e-01 -1.912219285714490680e-02
7.293206187026060050e-01 -1.880686578360550587e-02
7.394841821965345563e-01 -1.846932140874731759e-02
7.496766989386134394e-01 -1.810866413689224061e-02
7.598970361513051053e-01 -1.772397970876764262e-02
7.701440579651563922e-01 -1.731435946714735691e-02
7.804166255450371015e-01 -1.687891243046531903e-02
7.907135972167069760e-01 -1.641672804306409938e-02
8.010338285937002034e-01 -1.592686060069608764e-02
8.113761727045106786e-01 -1.540853764958403926e-02
8.217394801200630372e-01 -1.486124933743782767e-02
8.321225990814590245e-01 -1.428452030856361410e-02
8.425243756279822138e-01 -1.367789329784352068e-02
8.529436537253458628e-01 -1.304094926854157920e-02
8.633792753941731402e-01 -1.237330464518930119e-02
8.738300808386934015e-01 -1.167450905834644531e-02
8.842949085756387495e-01 -1.094406624169369686e-02
8.947725955633289985e-01 -1.018169437575402840e-02
9.052619773309316109e-01 -9.387021231518716258e-03
9.157618881078770645e-01 -8.556832151259827907e-03
9.262711609534211021e-01 -7.686083560222942493e-03
9.367886278863364335e-01 -6.769392746080192362e-03
9.473131200147204556e-01 -5.801231045622978928e-03
9.578434676659028923e-01 -4.776203124583446556e-03
9.683785005164411430e-01 -3.688962976929566814e-03
9.789170477221889044e-01 -2.534104242989840185e-03
9.894579380484205267e-01 -1.306219047465972949e-03
9.999999999999998890e-01 -3.131524588933679955e-10
