9.999999999999998890e-01 4.006686638190563301e-04
9.894579380484205267e-01 4.835193084893977915e-03
9.789170477221889044e-01 8.538069992061157742e-03
9.683785005164411430e-01 1.192902122035561716e-02
9.578434676659028923e-01 1.515075345337769074e-02
9.473131200147204556e-01 1.827882620541838865e-02
9.367886278863364335e-01 2.136100906980367350e-02
9.262711609534211021e-01 2.442827513665570341e-02
9.157618881078770645e-01 2.748416062067016510e-02
9.052619773309316109e-01 3.052800958945131940e-02
8.947725955633289985e-01 3.355839875361150970e-02
8.842949085756387495e-01 3.657528534880395699e-02
8.738300808386934015e-01 3.958088157054396455e-02
8.633792753941731402e-01 4.257452851573837599e-02
8.529436537253458628e-01 4.555154980901545553e-02
8.425243756279822138e-01 4.850961984316384118e-02
8.321225990814590245e-01 5.144941976926680621e-02
8.217394801200630372e-01 5.437258285159939780e-02
8.113761727045106786e-01 5.728130467041751134e-02
8.010338285937002034e-01 6.017475145105966039e-02
7.907135972167069760e-01 6.304973297296220802e-02
7.804166255450371015e-01 6.590419159412519434e-02
7.701440579651563922e-01 6.873700109925677537e-02
7.598970361513051053e-01 7.154822508897049071e-02
7.496766989386134394e-01 7.433834139240204364e-02
7.394841821965345563e-01 7.710584019179107795e-02
7.293206187026060050e-01 7.984805846386719419e-02
7.191871380165538730e-01 8.256100680354752641e-02
7.090848663547572039e-01 8.524092814752720626e-02
6.990149264650814542e-01 8.788803470742471979e-02
6.889784375020977514e-01 9.050332099686854426e-02
6.789765149027036095e-01 9.308553870422768550e-02
6.690102702621547603e-01 9.563268623928423973e-02
6.590808112105230876e-01 9.814223900542067003e-02
6.491892412895989839e-01 1.006117112844106959e-01
6.393366598302444581e-01 1.030390735508005945e-01
6.295241618302156450e-01 1.054224446567286477e-01
6.197528378324663745e-01 1.077601026293397157e-01
6.100237738039482327e-01 1.100504420654289939e-01
6.003380510149177729e-01 1.122920495416262349e-01
5.906967459187653091e-01 1.144837948432393254e-01
5.811009300323815019e-01 1.166249946721905906e-01
5.715516698170692855e-01 1.187152076411016055e-01
5.620500265600203438e-01 1.207542580255577536e-01
5.525970562563653488e-01 1.227413761948673299e-01
5.431938094918128401e-01 1.246750544361814733e-01
5.338413313258880688e-01 1.265538361552586144e-01
5.245406611757882365e-01 1.283763544559466119e-01
5.152928327008634568e-01 1.301411185788112213e-01
5.060988736877365390e-01 1.318465566971387393e-01
4.969598059360780251e-01 1.334914894921417905e-01
4.878766451450451402e-01 1.350750995955073974e-01
4.788504008003974244e-01 1.365973857587987617e-01
4.698820760623064752e-01 1.380588026065293072e-01
4.609726676538650203e-01 1.394594923495536820e-01
4.521231657503131940e-01 1.407994662882923187e-01
4.433345538689928977e-01 1.420789581940554436e-01
4.346078087600411255e-01 1.432981690978693823e-01
4.259439002978354649e-01 1.444565711455192136e-01
4.173437913732044313e-01 1.455532828587599858e-01
4.088084377864137364e-01 1.465869744589743673e-01
4.003387881409395943e-01 1.475562518845141002e-01
3.919357837380436083e-01 1.484599770919109163e-01
3.836003584721576765e-01 1.492971038267323081e-01
3.753334387270930161e-01 1.500666815783079644e-01
3.671359432730831873e-01 1.507677277117139558e-01
3.590087831646743277e-01 1.513991250662145571e-01
3.509528616394713696e-01 1.519596377874631310e-01
3.429690740177547825e-01 1.524478235455711816e-01
3.350583076029753915e-01 1.528627221787877133e-01
3.272214415831418144e-01 1.532043115175343584e-01
3.194593469331089564e-01 1.534730754555794496e-01
3.117728863177794407e-01 1.536701085668680522e-01
3.041629139962280792e-01 1.537960644444247849e-01
2.966302757267624823e-01 1.538509482522933403e-01
2.891758086729252497e-01 1.538344172835904022e-01
2.818003413104546162e-01 1.537458339933409357e-01
2.745046933352085494e-01 1.535852964552086031e-01
2.672896755720651774e-01 1.533536525052309751e-01
2.601560898848094272e-01 1.530526599112421171e-01
2.531047290870154232e-01 1.526846679267395701e-01
2.461363768539343022e-01 1.522509349582883420e-01
2.392518076353984391e-01 1.517518563340660154e-01
2.324517865697500740e-01 1.511865046726249551e-01
2.257370693988056676e-01 1.505533985898293847e-01
2.191084023838638650e-01 1.498522915101320185e-01
2.125665222227673956e-01 1.490837177448507966e-01
2.061121559680280102e-01 1.482495220867975083e-01
1.997460209460230063e-01 1.473519838927107584e-01
1.934688246772731102e-01 1.463930611977498630e-01
1.872812647978095990e-01 1.453744273310646762e-01
1.811840289816407656e-01 1.442969942979965281e-01
1.751777948643248317e-01 1.431615896074351080e-01
1.692632299676588570e-01 1.419694288473993538e-01
1.634409916254914164e-01 1.407216411780755072e-01
1.577117269106679265e-01 1.394188772434160617e-01
1.520760725631161714e-01 1.380619313383015523e-01
1.465346549190801317e-01 1.366521300246970050e-01
1.410880898415101115e-01 1.351905392603949263e-01
1.357369826516168221e-01 1.336775693109948926e-01
1.304819280615971966e-01 1.321139269391092275e-01
1.253235101085391490e-01 1.305009184436586867e-01
1.202623020895129402e-01 1.288392986954397523e-01
1.152988664978553679e-01 1.271289868224246278e-01
1.104337549606562163e-01 1.253699904914716001e-01
1.056675081774507419e-01 1.235625064580025689e-01
1.010006558601274085e-01 1.217070597894228529e-01
9.643371667405697956e-02 1.198045052782793635e-01
9.196719818044885031e-02 1.178559900834720842e-01
8.760159677994161509e-02 1.158629200419797056e-01
8.333739765743386485e-02 1.138270595550978787e-01
7.917507472816209813e-02 1.117503848762327889e-01
7.511509058502996439e-02 1.096345279074224105e-01
7.115789644719716645e-02 1.074810265652107050e-01
6.730393210993146358e-02 1.052923351034585064e-01
6.355362589573076981e-02 1.030706610217492908e-01
5.990739460672012129e-02 1.008135347586673336e-01
5.636564347832906385e-02 9.851721742723930364e-02
5.292876613425423482e-02 9.618153148517909201e-02
4.959714454271368922e-02 9.380783683192206457e-02
4.637114897399441382e-02 9.139894746235467660e-02
4.325113795930202176e-02 8.895984863574503410e-02
4.023745825091396000e-02 8.650204560285951194e-02
3.733044478364233587e-02 8.403177111552802281e-02
3.453042063760936031e-02 8.153455583782028004e-02
3.183769700234129196e-02 7.898855493154498253e-02
2.925257314218321358e-02 7.636330131297422441e-02
2.677533636303963682e-02 7.364016285315667931e-02
2.440626198044326678e-02 7.082845701196216481e-02
2.214561328895736647e-02 6.795677752298712182e-02
1.999364153291383062e-02 6.508113911118787454e-02
1.795058587848985532e-02 6.224171671718015802e-02
1.601667338712764455e-02 5.944832806147568732e-02
1.419211899029970692e-02 5.661164114118229923e-02
1.247712546562085301e-02 5.352517863031713147e-02
1.087188341431266636e-02 5.006840124593548574e-02
9.376571240020115106e-03 4.622802944272138420e-02
7.991355128984078959e-03 4.216150539380170148e-02
6.716389031571567969e-03 3.817695273813148660e-02
5.551814645166519568e-03 3.463382463135881301e-02
4.497761398421062928e-03 3.186289333119033534e-02
3.554346436871580472e-03 2.948268492336620847e-02
2.721674609919344512e-03 2.670011187754629117e-02
1.999838459177394334e-03 2.305595860026661906e-02
1.388918208186096237e-03 1.836311991021678455e-02
8.889817534969424173e-04 1.310360692628185532e-02
5.000846571264760954e-04 8.035078926696975418e-03
2.222701403818971855e-04 3.802748901308237572e-03
5.556907905679420168e-05 9.807215058054807692e-04
0.000000000000000000e+00 3.073610944263503468e-07
0.000000000000000000e+00 -3.606673790173693978e-07
5.556907905679420168e-05 -1.047182916286098012e-03
2.222701403818971855e-04 -4.051822146210112656e-03
5.000846571264760954e-04 -8.519954961737359611e-03
8.889817534969424173e-04 -1.379731320138782337e-02
1.388918208186096237e-03 -1.915010630230398747e-02
1.999838459177394334e-03 -2.371899987882261640e-02
2.721674609919344512e-03 -2.696778788621660358e-02
3.554346436871580472e-03 -2.914222309961246593e-02
4.497761398421062928e-03 -3.080500478960439270e-02
5.551814645166519568e-03 -3.290698037222156841e-02
6.716389031571567969e-03 -3.591555663138148308e-02
7.991355128984078959e-03 -3.946215255281404488e-02
9.376571240020115106e-03 -4.313802413591904389e-02
1.087188341431266636e-02 -4.658607990603730320e-02
1.247712546562085301e-02 -4.962838572547362270e-02
1.419211899029970692e-02 -5.229024403468093135e-02
1.601667338712764455e-02 -5.471432752675498001e-02
1.795058587848985532e-02 -5.713618183786655508e-02
1.999364153291383062e-02 -5.965785982353453282e-02
2.214561328895736647e-02 -6.226800757388329527e-02
2.440626198044326678e-02 -6.491347427392418767e-02
2.677533636303963682e-02 -6.751866366290330823e-02
2.925257314218321358e-02 -7.004379817252405493e-02
3.183769700234129196e-02 -7.247411182773436100e-02
3.453042063760936031e-02 -7.482987126060852701e-02
3.733044478364233587e-02 -7.714605187043184487e-02
4.023745825091396000e-02 -7.944604560958978823e-02
4.325113795930202176e-02 -8.174458223179235927e-02
4.637114897399441382e-02 -8.403512143765261289e-02
4.959714454271368922e-02 -8.630555291184872913e-02
5.292876613425423482e-02 -8.854980040372735506e-02
5.636564347832906385e-02 -9.076447083474499522e-02
5.990739460672012129e-02 -9.294991465192274649e-02
6.355362589573076981e-02 -9.510849324931741622e-02
6.730393210993146358e-02 -9.724602228465674403e-02
7.115789644719716645e-02 -9.936627697083962041e-02
7.511509058502996439e-02 -1.014665198608317997e-01
7.917507472816209813e-02 -1.035429824465007309e-01
8.333739765743386485e-02 -1.055917852815861785e-01
8.760159677994161509e-02 -1.076095916152699089e-01
9.196719818044885031e-02 -1.095940263849846524e-01
9.643371667405697956e-02 -1.115434989235772195e-01
1.010006558601274085e-01 -1.134573997927369599e-01
1.056675081774507419e-01 -1.153349122631905366e-01
1.104337549606562163e-01 -1.171748712001957626e-01
1.152988664978553679e-01 -1.189759287122732351e-01
1.202623020895129402e-01 -1.207365781696994739e-01
1.253235101085391490e-01 -1.224554200786788782e-01
1.304819280615971966e-01 -1.241310809458150005e-01
1.357369826516168221e-01 -1.257612024254805838e-01
1.410880898415101115e-01 -1.273427554027587449e-01
1.465346549190801317e-01 -1.288731720079142051e-01
1.520760725631161714e-01 -1.303501847216999021e-01
1.577117269106679265e-01 -1.317716147701627205e-01
1.634409916254914164e-01 -1.331353754986663862e-01
1.692632299676588570e-01 -1.344397218531246385e-01
1.751777948643248317e-01 -1.356830683487702804e-01
1.811840289816407656e-01 -1.368639111855738111e-01
1.872812647978095990e-01 -1.379808636424980917e-01
1.934688246772731102e-01 -1.390329523205763029e-01
1.997460209460230063e-01 -1.400192035125563117e-01
2.061121559680280102e-01 -1.409381780261093342e-01
2.125665222227673956e-01 -1.417883669688078663e-01
2.191084023838638650e-01 -1.425683951798840110e-01
2.257370693988056676e-01 -1.432768299198780848e-01
2.324517865697500740e-01 -1.439120174223922077e-01
2.392518076353984391e-01 -1.444721778937610168e-01
2.461363768539343022e-01 -1.449553373810469892e-01
2.531047290870154232e-01 -1.453597829318762635e-01
2.601560898848094272e-01 -1.456843318794230902e-01
2.672896755720651774e-01 -1.459282332150338424e-01
2.745046933352085494e-01 -1.460913042473227230e-01
2.818003413104546162e-01 -1.461731181346001551e-01
2.891758086729252497e-01 -1.461728541994344044e-01
2.966302757267624823e-01 -1.460892383359669033e-01
3.041629139962280792e-01 -1.459205498352505459e-01
3.117728863177794407e-01 -1.456654354616431224e-01
3.194593469331089564e-01 -1.453229268065958091e-01
3.272214415831418144e-01 -1.448924559753111962e-01
3.350583076029753915e-01 -1.443737505038766855e-01
3.429690740177547825e-01 -1.437664907442500195e-01
3.509528616394713696e-01 -1.430702766892589795e-01
3.590087831646743277e-01 -1.422842900577342973e-01
3.671359432730831873e-01 -1.414075801831271573e-01
3.753334387270930161e-01 -1.404399250147302658e-01
3.836003584721576765e-01 -1.393816914141147723e-01
3.919357837380436083e-01 -1.382348159307472957e-01
4.003387881409395943e-01 -1.370016690671149728e-01
4.088084377864137364e-01 -1.356837951683621535e-01
4.173437913732044313e-01 -1.342820969671093267e-01
4.259439002978354649e-01 -1.327958939552167095e-01
4.346078087600411255e-01 -1.312244419442532284e-01
4.433345538689928977e-01 -1.295681879979227458e-01
4.521231657503131940e-01 -1.278279698100849293e-01
4.609726676538650203e-01 -1.260050119572703742e-01
4.698820760623064752e-01 -1.241012851179724708e-01
4.788504008003974244e-01 -1.221203631698499770e-01
4.878766451450451402e-01 -1.200672516686383529e-01
4.969598059360780251e-01 -1.179492957297958028e-01
5.060988736877365390e-01 -1.157728358291389981e-01
5.152928327008634568e-01 -1.135421069037207409e-01
5.245406611757882365e-01 -1.112608979120488506e-01
5.338413313258880688e-01 -1.089326307278618983e-01
5.431938094918128401e-01 -1.065600668157122705e-01
5.525970562563653488e-01 -1.041452185179554124e-01
5.620500265600203438e-01 -1.016898472248027735e-01
5.715516698170692855e-01 -9.919562269100160035e-02
5.811009300323815019e-01 -9.666612232814837669e-02
5.906967459187653091e-01 -9.410647779526717938e-02
6.003380510149177729e-01 -9.152140257605968776e-02
6.100237738039482327e-01 -8.891513495964867286e-02
6.197528378324663745e-01 -8.629037432874561708e-02
6.295241618302156450e-01 -8.364907104861128706e-02
6.393366598302444581e-01 -8.099441553707477370e-02
6.491892412895989839e-01 -7.833031815199126280e-02
6.590808112105230876e-01 -7.566138768205776799e-02
6.690102702621547603e-01 -7.299225223957721276e-02
6.789765149027036095e-01 -7.032608711718017769e-02
6.889784375020977514e-01 -6.766561482859581589e-02
6.990149264650814542e-01 -6.501374658711558951e-02
7.090848663547572039e-01 -6.237315095733688558e-02
7.191871380165538730e-01 -5.974540275781631965e-02
7.293206187026060050e-01 -5.713311043760935931e-02
7.394841821965345563e-01 -5.454280711236803025e-02
7.496766989386134394e-01 -5.198097874513258471e-02
7.598970361513051053e-01 -4.945208900900682769e-02
7.701440579651563922e-01 -4.695762178518109176e-02
7.804166255450371015e-01 -4.449350141635980554e-02
7.907135972167069760e-01 -4.205989955128992125e-02
8.010338285937002034e-01 -3.966567141928361434e-02
8.113761727045106786e-01 -3.731783257391989989e-02
8.217394801200630372e-01 -3.501940169736616343e-02
8.321225990814590245e-01 -3.277456537604685888e-02
8.425243756279822138e-01 -3.058942401686385107e-02
8.529436537253458628e-01 -2.847148225706753327e-02
8.633792753941731402e-01 -2.642949993349098456e-02
8.738300808386934015e-01 -2.447044203111254160e-02
8.842949085756387495e-01 -2.260007758723286617e-02
8.947725955633289985e-01 -2.083065835564372817e-02
9.052619773309316109e-01 -1.917934934723297333e-02
9.157618881078770645e-01 -1.766359798026715874e-02
9.262711609534211021e-01 -1.630056505294271568e-02
9.367886278863364335e-01 -1.510390588978861685e-02
9.473131200147204556e-01 -1.409078503590864388e-02
9.578434676659028923e-01 -1.331733789798995003e-02
9.683785005164411430e-01 -1.284982768053479461e-02
9.789170477221889044e-01 -1.271254186188502250e-02
9.894579380484205267e-01 -1.293975916854448252e-02
9.999999999999998890e-01 -1.368938177091778494e-02
