9.999999999999998890e-01 7.499993499327379512e-04
9.894579380484205267e-01 2.889352502318554786e-03
9.789170477221889044e-01 5.095464987737530725e-03
9.683785005164411430e-01 7.357242602863521205e-03
9.578434676659028923e-01 9.663427315160929079e-03
9.473131200147204556e-01 1.200279486916902387e-02
9.367886278863364335e-01 1.436430439055518156e-02
9.262711609534211021e-01 1.673683985011754222e-02
9.157618881078770645e-01 1.910904826796675643e-02
9.052619773309316109e-01 2.146991829697872736e-02
8.947725955633289985e-01 2.380921877514923651e-02
8.842949085756387495e-01 2.612137608675167352e-02
8.738300808386934015e-01 2.840807154868416756e-02
8.633792753941731402e-01 3.067128476732560588e-02
8.529436537253458628e-01 3.291253830444276079e-02
8.425243756279822138e-01 3.513347674846779845e-02
8.321225990814590245e-01 3.733591358170606361e-02
8.217394801200630372e-01 3.952157164358329616e-02
8.113761727045106786e-01 4.169208011853099000e-02
8.010338285937002034e-01 4.384908514294828807e-02
7.907135972167069760e-01 4.599422821691021013e-02
7.804166255450371015e-01 4.812888811272450496e-02
7.701440579651563922e-01 5.025426974408273018e-02
7.598970361513051053e-01 5.237161361891207872e-02
7.496766989386134394e-01 5.448217085366705015e-02
7.394841821965345563e-01 5.658710196997052133e-02
7.293206187026060050e-01 5.868753638333646522e-02
7.191871380165538730e-01 6.078468064280540678e-02
7.090848663547572039e-01 6.287971403928792336e-02
6.990149264650814542e-01 6.497351147758355372e-02
6.889784375020977514e-01 6.706426397262466033e-02
6.789765149027036095e-01 6.913898802668259902e-02
6.690102702621547603e-01 7.118197795976444198e-02
6.590808112105230876e-01 7.317858742259099325e-02
6.491892412895989839e-01 7.511432465365297517e-02
6.393366598302444581e-01 7.697446186604209317e-02
6.295241618302156450e-01 7.874489151322752734e-02
6.197528378324663745e-01 8.041311678106682903e-02
6.100237738039482327e-01 8.196598002780711156e-02
6.003380510149177729e-01 8.338859212428970102e-02
5.906967459187653091e-01 8.467376269880948214e-02
5.811009300323815019e-01 8.582781684927716370e-02
5.715516698170692855e-01 8.686042477087414782e-02
5.620500265600203438e-01 8.778413425886168187e-02
5.525970562563653488e-01 8.861069460796543173e-02
5.431938094918128401e-01 8.935062174452280959e-02
5.338413313258880688e-01 9.001432325033463522e-02
5.245406611757882365e-01 9.061217463947632278e-02
5.152928327008634568e-01 9.115461250659044612e-02
5.060988736877365390e-01 9.165197562833639344e-02
4.969598059360780251e-01 9.211253325695073491e-02
4.878766451450451402e-01 9.254254045566304154e-02
4.788504008003974244e-01 9.294267850779859563e-02
4.698820760623064752e-01 9.331040937658334478e-02
4.609726676538650203e-01 9.364447055022624700e-02
4.521231657503131940e-01 9.394420352988114287e-02
4.433345538689928977e-01 9.420845785109099868e-02
4.346078087600411255e-01 9.443594836069964249e-02
4.259439002978354649e-01 9.462582833603597199e-02
4.173437913732044313e-01 9.477738113584276147e-02
4.088084377864137364e-01 9.488977249498761757e-02
4.003387881409395943e-01 9.496222995654941823e-02
3.919357837380436083e-01 9.499435123361130162e-02
3.836003584721576765e-01 9.498591661612790227e-02
3.753334387270930161e-01 9.493700311248054469e-02
3.671359432730831873e-01 9.484775755386963547e-02
3.590087831646743277e-01 9.471835622996671589e-02
3.509528616394713696e-01 9.454901444515921571e-02
3.429690740177547825e-01 9.434002269313189470e-02
3.350583076029753915e-01 9.409171819507197720e-02
3.272214415831418144e-01 9.380450579868571115e-02
3.194593469331089564e-01 9.347881848462021026e-02
3.117728863177794407e-01 9.311512358047902005e-02
3.041629139962280792e-01 9.271397575613989084e-02
2.966302757267624823e-01 9.227600976997776816e-02
2.891758086729252497e-01 9.180108435228093167e-02
2.818003413104546162e-01 9.128821064848445521e-02
2.745046933352085494e-01 9.073645438294203336e-02
2.672896755720651774e-01 9.014498269594553581e-02
2.601560898848094272e-01 8.951314431344910283e-02
2.531047290870154232e-01 8.884044115625301663e-02
2.461363768539343022e-01 8.812655626692594835e-02
2.392518076353984391e-01 8.737130214689169116e-02
2.324517865697500740e-01 8.657462111217721634e-02
2.257370693988056676e-01 8.573656029435500203e-02
2.191084023838638650e-01 8.485743111778086545e-02
2.125665222227673956e-01 8.393765819448796572e-02
2.061121559680280102e-01 8.297762015777748745e-02
1.997460209460230063e-01 8.197784914430750192e-02
1.934688246772731102e-01 8.093974343386976800e-02
1.872812647978095990e-01 7.986515768514834690e-02
1.811840289816407656e-01 7.875670850661149747e-02
1.751777948643248317e-01 7.761713499061630162e-02
1.692632299676588570e-01 7.644891755052782290e-02
1.634409916254914164e-01 7.525449045093485223e-02
1.577117269106679265e-01 7.403631387587439328e-02
1.520760725631161714e-01 7.279684171836962869e-02
1.465346549190801317e-01 7.153850345940818145e-02
1.410880898415101115e-01 7.026385789422574801e-02
1.357369826516168221e-01 6.897572344304722658e-02
1.304819280615971966e-01 6.767688307209898668e-02
1.253235101085391490e-01 6.637000897308374670e-02
1.202623020895129402e-01 6.505763628472860383e-02
1.152988664978553679e-01 6.374212680464950986e-02
1.104337549606562163e-01 6.242589574373977324e-02
1.056675081774507419e-01 6.111141484902664345e-02
1.010006558601274085e-01 5.980069949372748828e-02
9.643371667405697956e-02 5.849496407300455725e-02
9.196719818044885031e-02 5.718955872439618338e-02
8.760159677994161509e-02 5.587512932827230772e-02
8.333739765743386485e-02 5.454407161926165537e-02
7.917507472816209813e-02 5.319025454881310538e-02
7.511509058502996439e-02 5.180908322149400252e-02
7.115789644719716645e-02 5.039755729128293782e-02
6.730393210993146358e-02 4.895852289792451684e-02
6.355362589573076981e-02 4.749758881285808670e-02
5.990739460672012129e-02 4.601964479059959118e-02
5.636564347832906385e-02 4.452938085622616671e-02
5.292876613425423482e-02 4.303205340883283631e-02
4.959714454271368922e-02 4.153264123406882891e-02
4.637114897399441382e-02 4.003400670651172805e-02
4.325113795930202176e-02 3.853809008178865625e-02
4.023745825091396000e-02 3.704562006547848507e-02
3.733044478364233587e-02 3.555756341612308080e-02
3.453042063760936031e-02 3.407646842826006495e-02
3.183769700234129196e-02 3.260514917808138291e-02
2.925257314218321358e-02 3.114633612417677319e-02
2.677533636303963682e-02 2.970348675862459834e-02
2.440626198044326678e-02 2.828145722232195888e-02
2.214561328895736647e-02 2.687128005083969443e-02
1.999364153291383062e-02 2.543944256667088344e-02
1.795058587848985532e-02 2.395827989431521809e-02
1.601667338712764455e-02 2.241272618736174504e-02
1.419211899029970692e-02 2.079659858104664083e-02
1.247712546562085301e-02 1.911377120959984258e-02
1.087188341431266636e-02 1.737445774358681652e-02
9.376571240020115106e-03 1.559510689111620434e-02
7.991355128984078959e-03 1.379647205141718708e-02
6.716389031571567969e-03 1.200300581218657209e-02
5.551814645166519568e-03 1.024115821554801367e-02
4.497761398421062928e-03 8.538782129189265158e-03
3.554346436871580472e-03 6.923759873642658901e-03
2.721674609919344512e-03 5.423759701974185596e-03
1.999838459177394334e-03 4.064550147595143680e-03
1.388918208186096237e-03 2.870433132478741444e-03
8.889817534969424173e-04 1.862343286268672207e-03
5.000846571264760954e-04 1.058935490520922489e-03
2.222701403818971855e-04 4.741370509106115189e-04
5.556907905679420168e-05 1.191103822017135048e-04
0.000000000000000000e+00 -2.126971256063702212e-09
0.000000000000000000e+00 1.886310777322280734e-09
5.556907905679420168e-05 -7.153971285067957484e-05
2.222701403818971855e-04 -2.841781480184197889e-04
5.000846571264760954e-04 -6.326523404736208002e-04
8.889817534969424173e-04 -1.107383926471290289e-03
1.388918208186096237e-03 -1.696432038102273611e-03
1.999838459177394334e-03 -2.383831856450433460e-03
2.721674609919344512e-03 -3.151672241051713206e-03
3.554346436871580472e-03 -3.979163047161042403e-03
4.497761398421062928e-03 -4.844312044077522805e-03
5.551814645166519568e-03 -5.723601040132039221e-03
6.716389031571567969e-03 -6.593346488258218507e-03
7.991355128984078959e-03 -7.429905431002499852e-03
9.376571240020115106e-03 -8.211029544646588144e-03
1.087188341431266636e-02 -8.916435484076581236e-03
1.247712546562085301e-02 -9.528957320141121304e-03
1.419211899029970692e-02 -1.003506813595501750e-02
1.601667338712764455e-02 -1.042719765809115538e-02
1.795058587848985532e-02 -1.070375536719648558e-02
1.999364153291383062e-02 -1.087115437017685191e-02
2.214561328895736647e-02 -1.094313092270280882e-02
2.440626198044326678e-02 -1.094696000424259449e-02
2.677533636303963682e-02 -1.091655891150573529e-02
2.925257314218321358e-02 -1.086257413327552761e-02
3.183769700234129196e-02 -1.078198403328622414e-02
3.453042063760936031e-02 -1.066874147946737794e-02
3.733044478364233587e-02 -1.051549894364625128e-02
4.023745825091396000e-02 -1.031531239466920713e-02
4.325113795930202176e-02 -1.006081463008028434e-02
4.637114897399441382e-02 -9.741555677009367670e-03
4.959714454271368922e-02 -9.346888664570746769e-03
5.292876613425423482e-02 -8.869683808667825145e-03
5.636564347832906385e-02 -8.306103033372884761e-03
5.990739460672012129e-02 -7.660641478615362772e-03
6.355362589573076981e-02 -6.939787846632988755e-03
6.730393210993146358e-02 -6.150448173139682478e-03
7.115789644719716645e-02 -5.301310114134806691e-03
7.511509058502996439e-02 -4.405199167075410198e-03
7.917507472816209813e-02 -3.472807318916454073e-03
8.333739765743386485e-02 -2.509229866814828222e-03
8.760159677994161509e-02 -1.518714485324401545e-03
9.196719818044885031e-02 -5.052404788001432041e-04
9.643371667405697956e-02 5.262831130748640363e-04
1.010006558601274085e-01 1.569646164274604398e-03
1.056675081774507419e-01 2.620794960265495667e-03
1.104337549606562163e-01 3.678415272661561715e-03
1.152988664978553679e-01 4.741680954899214241e-03
1.202623020895129402e-01 5.810094043270554696e-03
1.253235101085391490e-01 6.883114890681513859e-03
1.304819280615971966e-01 7.960160567187103686e-03
1.357369826516168221e-01 9.040718281880643498e-03
1.410880898415101115e-01 1.012434080819506373e-02
1.465346549190801317e-01 1.121072900142445344e-02
1.520760725631161714e-01 1.229957293237504863e-02
1.577117269106679265e-01 1.338970092378971924e-02
1.634409916254914164e-01 1.447943778126078995e-02
1.692632299676588570e-01 1.556666471147941620e-02
1.751777948643248317e-01 1.664909237086833679e-02
1.811840289816407656e-01 1.772452671761498219e-02
1.872812647978095990e-01 1.879070265882903240e-02
1.934688246772731102e-01 1.984486424666245113e-02
1.997460209460230063e-01 2.088433288114655353e-02
2.061121559680280102e-01 2.190727917126271060e-02
2.125665222227673956e-01 2.291243719768397760e-02
2.191084023838638650e-01 2.389968013473566660e-02
2.257370693988056676e-01 2.486904258763411590e-02
2.324517865697500740e-01 2.582039228398043049e-02
2.392518076353984391e-01 2.675368321703932781e-02
2.461363768539343022e-01 2.766911726200140670e-02
2.531047290870154232e-01 2.856696065876610652e-02
2.601560898848094272e-01 2.944753910456361298e-02
2.672896755720651774e-01 3.031127776316996925e-02
2.745046933352085494e-01 3.115874701950617845e-02
2.818003413104546162e-01 3.199061561671116133e-02
2.891758086729252497e-01 3.280766654508920216e-02
2.966302757267624823e-01 3.361077001031855666e-02
3.041629139962280792e-01 3.440083100948689021e-02
3.117728863177794407e-01 3.517772482355684127e-02
3.194593469331089564e-01 3.594037575203873347e-02
3.272214415831418144e-01 3.668765938289608730e-02
3.350583076029753915e-01 3.741844165186830606e-02
3.429690740177547825e-01 3.813159713254973826e-02
3.509528616394713696e-01 3.882599596680842702e-02
3.590087831646743277e-01 3.950041211338436997e-02
3.671359432730831873e-01 4.015358546051860794e-02
3.753334387270930161e-01 4.078439695105170321e-02
3.836003584721576765e-01 4.139172936285073073e-02
3.919357837380436083e-01 4.197407685008926886e-02
4.003387881409395943e-01 4.253007982317839192e-02
4.088084377864137364e-01 4.305986778146391608e-02
4.173437913732044313e-01 4.356441172863287359e-02
4.259439002978354649e-01 4.404622891924465933e-02
4.346078087600411255e-01 4.450808484462109166e-02
4.433345538689928977e-01 4.495221928872285971e-02
4.521231657503131940e-01 4.538110541049963226e-02
4.609726676538650203e-01 4.579819304180244438e-02
4.698820760623064752e-01 4.620663798584724591e-02
4.788504008003974244e-01 4.660851306177724029e-02
4.878766451450451402e-01 4.700709124157325530e-02
4.969598059360780251e-01 4.740821359533226032e-02
5.060988736877365390e-01 4.781161050974035154e-02
5.152928327008634568e-01 4.820639524304647094e-02
5.245406611757882365e-01 4.857743872356042047e-02
5.338413313258880688e-01 4.890511244440675503e-02
5.431938094918128401e-01 4.916969182974933322e-02
5.525970562563653488e-01 4.935171318952540076e-02
5.620500265600203438e-01 4.943147094039904155e-02
5.715516698170692855e-01 4.938887862324165684e-02
5.811009300323815019e-01 4.920169008106470981e-02
5.906967459187653091e-01 4.884624855395804099e-02
6.003380510149177729e-01 4.830368812484368835e-02
6.100237738039482327e-01 4.756109124059430121e-02
6.197528378324663745e-01 4.663192119119055623e-02
6.295241618302156450e-01 4.554470021564056836e-02
6.393366598302444581e-01 4.432477487091844581e-02
6.491892412895989839e-01 4.299628817041160206e-02
6.590808112105230876e-01 4.158643358981684024e-02
6.690102702621547603e-01 4.012353938192642078e-02
6.789765149027036095e-01 3.863526940631760442e-02
6.889784375020977514e-01 3.714961861432931195e-02
6.990149264650814542e-01 3.569709315765089847e-02
7.090848663547572039e-01 3.430173774938460873e-02
7.191871380165538730e-01 3.296107626476313390e-02
7.293206187026060050e-01 3.166610459504234920e-02
7.394841821965345563e-01 3.040661301731823959e-02
7.496766989386134394e-01 2.917210937850431632e-02
7.598970361513051053e-01 2.795196728122394461e-02
7.701440579651563922e-01 2.673562058954561532e-02
7.804166255450371015e-01 2.551266550193606944e-02
7.907135972167069760e-01 2.427196314927985987e-02
8.010338285937002034e-01 2.300118472181178486e-02
8.113761727045106786e-01 2.169547915248181552e-02
8.217394801200630372e-01 2.036129515808115728e-02
8.321225990814590245e-01 1.900709568340884503e-02
8.425243756279822138e-01 1.764271215624474073e-02
8.529436537253458628e-01 1.627784168261524680e-02
8.633792753941731402e-01 1.492194821844773124e-02
8.738300808386934015e-01 1.358446882370310457e-02
8.842949085756387495e-01 1.227488195955802816e-02
8.947725955633289985e-01 1.100346245571130060e-02
9.052619773309316109e-01 9.779933803426038574e-03
9.157618881078770645e-01 8.601096891158907867e-03
9.262711609534211021e-01 7.455441764577333888e-03
9.367886278863364335e-01 6.329933441327088850e-03
9.473131200147204556e-01 5.210869066548631974e-03
9.578434676659028923e-01 4.085056078930024946e-03
9.683785005164411430e-01 2.939466447835458341e-03
9.789170477221889044e-01 1.760694707450969482e-03
9.894579380484205267e-01 5.352612571651269588e-04
9.999999999999998890e-01 -7.499986725909336700e-04
