9.999999999999998890e-01 2.500000851398303907e-03
9.894579380484205267e-01 4.767119516069596996e-03
9.789170477221889044e-01 6.943866214748615519e-03
9.683785005164411430e-01 9.040955791715762219e-03
9.578434676659028923e-01 1.106932539620502504e-02
9.473131200147204556e-01 1.303987626011186320e-02
9.367886278863364335e-01 1.496328782459715664e-02
9.262711609534211021e-01 1.685035165266693391e-02
9.157618881078770645e-01 1.871219380133586074e-02
9.052619773309316109e-01 2.055951449681883356e-02
8.947725955633289985e-01 2.240204272437823149e-02
8.842949085756387495e-01 2.424443105544913171e-02
8.738300808386934015e-01 2.608344709590116814e-02
8.633792753941731402e-01 2.791557919361897788e-02
8.529436537253458628e-01 2.973787422135178854e-02
8.425243756279822138e-01 3.154729861123646562e-02
8.321225990814590245e-01 3.334068517207576521e-02
8.217394801200630372e-01 3.511488177239770192e-02
8.113761727045106786e-01 3.686677816610419572e-02
8.010338285937002034e-01 3.859359532114883112e-02
7.907135972167069760e-01 4.029303338929765554e-02
7.804166255450371015e-01 4.196545362727755607e-02
7.701440579651563922e-01 4.361297597437155393e-02
7.598970361513051053e-01 4.523741815413238887e-02
7.496766989386134394e-01 4.684041978457452460e-02
7.394841821965345563e-01 4.842371769704311574e-02
7.293206187026060050e-01 4.998908854764422260e-02
7.191871380165538730e-01 5.153826180438992460e-02
7.090848663547572039e-01 5.307291863684875100e-02
6.990149264650814542e-01 5.459458486241876296e-02
6.889784375020977514e-01 5.610420907770165277e-02
6.789765149027036095e-01 5.760046385982794254e-02
6.690102702621547603e-01 5.908145704113408614e-02
6.590808112105230876e-01 6.054547559020516390e-02
6.491892412895989839e-01 6.199085814954647528e-02
6.393366598302444581e-01 6.341597813576937970e-02
6.295241618302156450e-01 6.481921827967163097e-02
6.197528378324663745e-01 6.619896927243509865e-02
6.100237738039482327e-01 6.755372906008001721e-02
6.003380510149177729e-01 6.888220323372160059e-02
5.906967459187653091e-01 7.018249816026955745e-02
5.811009300323815019e-01 7.145165605389806884e-02
5.715516698170692855e-01 7.268659678104584521e-02
5.620500265600203438e-01 7.388421555338869906e-02
5.525970562563653488e-01 7.504148086705146603e-02
5.431938094918128401e-01 7.615546232653372383e-02
5.338413313258880688e-01 7.722347905063382811e-02
5.245406611757882365e-01 7.824308542109814635e-02
5.152928327008634568e-01 7.921161613928551226e-02
5.060988736877365390e-01 8.012630098660744604e-02
4.969598059360780251e-01 8.098563676132820854e-02
4.878766451450451402e-01 8.178927295177633450e-02
4.788504008003974244e-01 8.253936437913894641e-02
4.698820760623064752e-01 8.323949273057928977e-02
4.609726676538650203e-01 8.389252161631700899e-02
4.521231657503131940e-01 8.450098091331707806e-02
4.433345538689928977e-01 8.506770196953303276e-02
4.346078087600411255e-01 8.559556830543038619e-02
4.259439002978354649e-01 8.608702254447386792e-02
4.173437913732044313e-01 8.654443726506139134e-02
4.088084377864137364e-01 8.697058695621522062e-02
4.003387881409395943e-01 8.736797676670042534e-02
3.919357837380436083e-01 8.773762373500672285e-02
3.836003584721576765e-01 8.807972527596215351e-02
3.753334387270930161e-01 8.839301487927161971e-02
3.671359432730831873e-01 8.867614276391769246e-02
3.590087831646743277e-01 8.892830018357779365e-02
3.509528616394713696e-01 8.914872673302480510e-02
3.429690740177547825e-01 8.933657720921592271e-02
3.350583076029753915e-01 8.949110526505933694e-02
3.272214415831418144e-01 8.961176620481293986e-02
3.194593469331089564e-01 8.969806780913143485e-02
3.117728863177794407e-01 8.974956773992295855e-02
3.041629139962280792e-01 8.976591465658502467e-02
2.966302757267624823e-01 8.974680543860663606e-02
2.891758086729252497e-01 8.969022157422947006e-02
2.818003413104546162e-01 8.959228801841002954e-02
2.745046933352085494e-01 8.944940431143200144e-02
2.672896755720651774e-01 8.925832641313444227e-02
2.601560898848094272e-01 8.901608444418344923e-02
2.531047290870154232e-01 8.871995168952191702e-02
2.461363768539343022e-01 8.836768418121139501e-02
2.392518076353984391e-01 8.795736021930260218e-02
2.324517865697500740e-01 8.748716357481915729e-02
2.257370693988056676e-01 8.695544542304693703e-02
2.191084023838638650e-01 8.636141045224056401e-02
2.125665222227673956e-01 8.570453241526948540e-02
2.061121559680280102e-01 8.498353630229257827e-02
1.997460209460230063e-01 8.419775220382250125e-02
1.934688246772731102e-01 8.335101704671368794e-02
1.872812647978095990e-01 8.244936408369862857e-02
1.811840289816407656e-01 8.150204889426582167e-02
1.751777948643248317e-01 8.051848752110675467e-02
1.692632299676588570e-01 7.950577813148095030e-02
1.634409916254914164e-01 7.847083963103475279e-02
1.577117269106679265e-01 7.742148103682296167e-02
1.520760725631161714e-01 7.636424465842925335e-02
1.465346549190801317e-01 7.530229716545557006e-02
1.410880898415101115e-01 7.423433644854371405e-02
1.357369826516168221e-01 7.315126250377390615e-02
1.304819280615971966e-01 7.204443554052894494e-02
1.253235101085391490e-01 7.090747830210741842e-02
1.202623020895129402e-01 6.973490848694484379e-02
1.152988664978553679e-01 6.852219961384903302e-02
1.104337549606562163e-01 6.726513955004416456e-02
1.056675081774507419e-01 6.595991524297445396e-02
1.010006558601274085e-01 6.460526751062781181e-02
9.643371667405697956e-02 6.320308085875991910e-02
9.196719818044885031e-02 6.176623836244200805e-02
8.760159677994161509e-02 6.031644162609956644e-02
8.333739765743386485e-02 5.887279963956555673e-02
7.917507472816209813e-02 5.745195799799748121e-02
7.511509058502996439e-02 5.606580437860599758e-02
7.115789644719716645e-02 5.472049580189028428e-02
6.730393210993146358e-02 5.339775876352066686e-02
6.355362589573076981e-02 5.206874277555266495e-02
5.990739460672012129e-02 5.071411468411176487e-02
5.636564347832906385e-02 4.931863477345842933e-02
5.292876613425423482e-02 4.786790993473745426e-02
4.959714454271368922e-02 4.635083264595840635e-02
4.637114897399441382e-02 4.476979160129774399e-02
4.325113795930202176e-02 4.313251889637504527e-02
4.023745825091396000e-02 4.145248853138647216e-02
3.733044478364233587e-02 3.974346571766638331e-02
3.453042063760936031e-02 3.801605263515513838e-02
3.183769700234129196e-02 3.628049847399884148e-02
2.925257314218321358e-02 3.454767356464886335e-02
2.677533636303963682e-02 3.282743627993096880e-02
2.440626198044326678e-02 3.112715185541923418e-02
2.214561328895736647e-02 2.944022591344287385e-02
1.999364153291383062e-02 2.773615810225504852e-02
1.795058587848985532e-02 2.599091786721997518e-02
1.601667338712764455e-02 2.419386146429124834e-02
1.419211899029970692e-02 2.234194116404809166e-02
1.247712546562085301e-02 2.044046770406422742e-02
1.087188341431266636e-02 1.850071608040841295e-02
9.376571240020115106e-03 1.653987820982238260e-02
7.991355128984078959e-03 1.457878538637322544e-02
6.716389031571567969e-03 1.264137628980151716e-02
5.551814645166519568e-03 1.075338173916541747e-02
4.497761398421062928e-03 8.941778164551120178e-03
3.554346436871580472e-03 7.233359635434231244e-03
2.721674609919344512e-03 5.654579119673639777e-03
1.999838459177394334e-03 4.230027182137715419e-03
1.388918208186096237e-03 2.982862421409472175e-03
8.889817534969424173e-04 1.932976812513206768e-03
5.000846571264760954e-04 1.098067199792689651e-03
2.222701403818971855e-04 4.913415554066455446e-04
5.556907905679420168e-05 1.233816415231103942e-04
0.000000000000000000e+00 -2.065736527550020472e-09
0.000000000000000000e+00 7.457320867174063994e-10
5.556907905679420168e-05 -1.891446152972815062e-05
2.222701403818971855e-04 -7.486836628638772462e-05
5.000846571264760954e-04 -1.657643371049629701e-04
8.889817534969424173e-04 -2.877961389702199824e-04
1.388918208186096237e-03 -4.362335891454911362e-04
1.999838459177394334e-03 -6.047847958868181762e-04
2.721674609919344512e-03 -7.864329304609644564e-04
3.554346436871580472e-03 -9.731134774497553555e-04
4.497761398421062928e-03 -1.156382714603069930e-03
5.551814645166519568e-03 -1.327354384361168101e-03
6.716389031571567969e-03 -1.477254356697724636e-03
7.991355128984078959e-03 -1.597584179520491771e-03
9.376571240020115106e-03 -1.680666543538056291e-03
1.087188341431266636e-02 -1.719945025133836052e-03
1.247712546562085301e-02 -1.710519085673285929e-03
1.419211899029970692e-02 -1.649402304143416514e-03
1.601667338712764455e-02 -1.536503593279723136e-03
1.795058587848985532e-02 -1.374637782937717864e-03
1.999364153291383062e-02 -1.170617008284396271e-03
2.214561328895736647e-02 -9.348651341708478276e-04
2.440626198044326678e-02 -6.839697078774858866e-04
2.677533636303963682e-02 -4.374481514511479045e-04
2.925257314218321358e-02 -2.033507563125334981e-04
3.183769700234129196e-02 1.698266274338457339e-05
3.453042063760936031e-02 2.235365119180812580e-04
3.733044478364233587e-02 4.169409209062939058e-04
4.023745825091396000e-02 5.981669009801022846e-04
4.325113795930202176e-02 7.686622967379191018e-04
4.637114897399441382e-02 9.316820167129611762e-04
4.959714454271368922e-02 1.090868778176003282e-03
5.292876613425423482e-02 1.248982378316667967e-03
5.636564347832906385e-02 1.407820570024207038e-03
5.990739460672012129e-02 1.566606524705797376e-03
6.355362589573076981e-02 1.724208974779686734e-03
6.730393210993146358e-02 1.880137055312230097e-03
7.115789644719716645e-02 2.033832293139927437e-03
7.511509058502996439e-02 2.184289186051145259e-03
7.917507472816209813e-02 2.330861364156788969e-03
8.333739765743386485e-02 2.473769360553291878e-03
8.760159677994161509e-02 2.613413977168818278e-03
9.196719818044885031e-02 2.750327467472006744e-03
9.643371667405697956e-02 2.885220236759821789e-03
1.010006558601274085e-01 3.019027423334887626e-03
1.056675081774507419e-01 3.152299434120426139e-03
1.104337549606562163e-01 3.285098681103032665e-03
1.152988664978553679e-01 3.417402367971452727e-03
1.202623020895129402e-01 3.549133471754682516e-03
1.253235101085391490e-01 3.680266172965933856e-03
1.304819280615971966e-01 3.810820593042917644e-03
1.357369826516168221e-01 3.940815367416549732e-03
1.410880898415101115e-01 4.070272083688102234e-03
1.465346549190801317e-01 4.199267277949329802e-03
1.520760725631161714e-01 4.327897830975984024e-03
1.577117269106679265e-01 4.456147980397392322e-03
1.634409916254914164e-01 4.583940062992369023e-03
1.692632299676588570e-01 4.711166840571865723e-03
1.751777948643248317e-01 4.837711574168567473e-03
1.811840289816407656e-01 4.963473978868834444e-03
1.872812647978095990e-01 5.088358330871026181e-03
1.934688246772731102e-01 5.212262965013499290e-03
1.997460209460230063e-01 5.335089217339964926e-03
2.061121559680280102e-01 5.456756654770186961e-03
2.125665222227673956e-01 5.577195141947197989e-03
2.191084023838638650e-01 5.696353300146561605e-03
2.257370693988056676e-01 5.814185388823237856e-03
2.324517865697500740e-01 5.930650754275963721e-03
2.392518076353984391e-01 6.045713748965519246e-03
2.461363768539343022e-01 6.159347903961605135e-03
2.531047290870154232e-01 6.271532040541637557e-03
2.601560898848094272e-01 6.382252526927074607e-03
2.672896755720651774e-01 6.491501884458258584e-03
2.745046933352085494e-01 6.599281002219737659e-03
2.818003413104546162e-01 6.705597420609991921e-03
2.891758086729252497e-01 6.810466614514375412e-03
2.966302757267624823e-01 6.913911304323372940e-03
3.041629139962280792e-01 7.015950315918682671e-03
3.117728863177794407e-01 7.116380100329286820e-03
3.194593469331089564e-01 7.214790984574206457e-03
3.272214415831418144e-01 7.310743412254266937e-03
3.350583076029753915e-01 7.403779071664336013e-03
3.429690740177547825e-01 7.493421672603194604e-03
3.509528616394713696e-01 7.579180284207431492e-03
3.590087831646743277e-01 7.660533698491110190e-03
3.671359432730831873e-01 7.736943070164486666e-03
3.753334387270930161e-01 7.807860625420002046e-03
3.836003584721576765e-01 7.872725606237470503e-03
3.919357837380436083e-01 7.930921867770782813e-03
4.003387881409395943e-01 7.981828547182439823e-03
4.088084377864137364e-01 8.024907591234805432e-03
4.173437913732044313e-01 8.059659891065034526e-03
4.259439002978354649e-01 8.085639636109103259e-03
4.346078087600411255e-01 8.102413888400918085e-03
4.433345538689928977e-01 8.109546335061886685e-03
4.521231657503131940e-01 8.106579500517553660e-03
4.609726676538650203e-01 8.092998231314809873e-03
4.698820760623064752e-01 8.068319270676870686e-03
4.788504008003974244e-01 8.032157123035210330e-03
4.878766451450451402e-01 7.984017355191740106e-03
4.969598059360780251e-01 7.923172662737371086e-03
5.060988736877365390e-01 7.849456231688062280e-03
5.152928327008634568e-01 7.763675775033638225e-03
5.245406611757882365e-01 7.667082072620393617e-03
5.338413313258880688e-01 7.561412657005735401e-03
5.431938094918128401e-01 7.448402382485600284e-03
5.525970562563653488e-01 7.329744064813222514e-03
5.620500265600203438e-01 7.207188107249198027e-03
5.715516698170692855e-01 7.082553327479175834e-03
5.811009300323815019e-01 6.957817484094308731e-03
5.906967459187653091e-01 6.835065301875027990e-03
6.003380510149177729e-01 6.716088317265675803e-03
6.100237738039482327e-01 6.602263071195222169e-03
6.197528378324663745e-01 6.492832343243800167e-03
6.295241618302156450e-01 6.385817034692277058e-03
6.393366598302444581e-01 6.279469605019811357e-03
6.491892412895989839e-01 6.172134903122844865e-03
6.590808112105230876e-01 6.061961130283845603e-03
6.690102702621547603e-01 5.947020527424962122e-03
6.789765149027036095e-01 5.825413033334096539e-03
6.889784375020977514e-01 5.695224894925984480e-03
6.990149264650814542e-01 5.554438032137723989e-03
7.090848663547572039e-01 5.401124877186563172e-03
7.191871380165538730e-01 5.233801264287681748e-03
7.293206187026060050e-01 5.051097869934936639e-03
7.394841821965345563e-01 4.851682830812588387e-03
7.496766989386134394e-01 4.634193884881357417e-03
7.598970361513051053e-01 4.397174222991355637e-03
7.701440579651563922e-01 4.139210227653774242e-03
7.804166255450371015e-01 3.859008347781744085e-03
7.907135972167069760e-01 3.555119537485116991e-03
8.010338285937002034e-01 3.225826515641524918e-03
8.113761727045106786e-01 2.871131033458070372e-03
8.217394801200630372e-01 2.493634580177605392e-03
8.321225990814590245e-01 2.096503655172461851e-03
8.425243756279822138e-01 1.683342050068718700e-03
8.529436537253458628e-01 1.257616366119200741e-03
8.633792753941731402e-01 8.226342719563832333e-04
8.738300808386934015e-01 3.819712952500255924e-04
8.842949085756387495e-01 -6.058265360048465151e-05
8.947725955633289985e-01 -5.016721888612718809e-04
9.052619773309316109e-01 -9.377324173210338900e-04
9.157618881078770645e-01 -1.359106842732907662e-03
9.262711609534211021e-01 -1.752218456324950747e-03
9.367886278863364335e-01 -2.102752614061800807e-03
9.473131200147204556e-01 -2.396068238335176577e-03
9.578434676659028923e-01 -2.617752389419252586e-03
9.683785005164411430e-01 -2.753468288914523183e-03
9.789170477221889044e-01 -2.788725193390686856e-03
9.894579380484205267e-01 -2.709012729296513596e-03
9.999999999999998890e-01 -2.500000620018938587e-03
