9.999999999999998890e-01 3.196725145191564630e-07
9.894579380484205267e-01 1.491674335599873320e-03
9.789170477221889044e-01 3.179845036151522034e-03
9.683785005164411430e-01 5.002721293352877484e-03
9.578434676659028923e-01 6.926371235472367043e-03
9.473131200147204556e-01 8.926897192436906298e-03
9.367886278863364335e-01 1.099196495341794172e-02
9.262711609534211021e-01 1.311384578048206337e-02
9.157618881078770645e-01 1.529078420751927604e-02
9.052619773309316109e-01 1.751728714204350834e-02
8.947725955633289985e-01 1.977934551210688147e-02
8.842949085756387495e-01 2.206944075203211633e-02
8.738300808386934015e-01 2.439178254705015245e-02
8.633792753941731402e-01 2.674788515865371766e-02
8.529436537253458628e-01 2.913433865069406034e-02
8.425243756279822138e-01 3.154953727524765356e-02
8.321225990814590245e-01 3.399421574929133855e-02
8.217394801200630372e-01 3.646749584914354275e-02
8.113761727045106786e-01 3.896703349661844590e-02
8.010338285937002034e-01 4.149344560409663762e-02
7.907135972167069760e-01 4.404920987960576906e-02
7.804166255450371015e-01 4.662985551827646125e-02
7.701440579651563922e-01 4.922625426045997010e-02
7.598970361513051053e-01 5.183000725909933659e-02
7.496766989386134394e-01 5.443396123285279553e-02
7.394841821965345563e-01 5.703714103302892635e-02
7.293206187026060050e-01 5.964127514150380921e-02
7.191871380165538730e-01 6.224664315759236011e-02
7.090848663547572039e-01 6.485267428472343831e-02
6.990149264650814542e-01 6.745737440781314487e-02
6.889784375020977514e-01 7.005780342086895263e-02
6.789765149027036095e-01 7.264894502071750360e-02
6.690102702621547603e-01 7.522404671911277207e-02
6.590808112105230876e-01 7.777217262344757187e-02
6.491892412895989839e-01 8.028105039693733680e-02
6.393366598302444581e-01 8.273723172793784331e-02
6.295241618302156450e-01 8.513266543982572765e-02
6.197528378324663745e-01 8.747295023623374854e-02
6.100237738039482327e-01 8.976141538766992112e-02
6.003380510149177729e-01 9.199252010791275636e-02
5.906967459187653091e-01 9.415106592236673066e-02
5.811009300323815019e-01 9.620755658422064371e-02
5.715516698170692855e-01 9.814683798859487329e-02
5.620500265600203438e-01 9.997614884579075767e-02
5.525970562563653488e-01 1.016995026384817646e-01
5.431938094918128401e-01 1.033150557424026006e-01
5.338413313258880688e-01 1.048234347599080324e-01
5.245406611757882365e-01 1.062280238267776927e-01
5.152928327008634568e-01 1.075302651121111952e-01
5.060988736877365390e-01 1.087300850890154935e-01
4.969598059360780251e-01 1.098309316158750382e-01
4.878766451450451402e-01 1.108385959213226690e-01
4.788504008003974244e-01 1.117562686206729355e-01
4.698820760623064752e-01 1.125855147017085500e-01
4.609726676538650203e-01 1.133278144686718364e-01
4.521231657503131940e-01 1.139846393840683175e-01
4.433345538689928977e-01 1.145576187127311379e-01
4.346078087600411255e-01 1.150484219359577676e-01
4.259439002978354649e-01 1.154585644864928734e-01
4.173437913732044313e-01 1.157895602307632832e-01
4.088084377864137364e-01 1.160431707063800388e-01
4.003387881409395943e-01 1.162220939813525117e-01
3.919357837380436083e-01 1.163323523145955163e-01
3.836003584721576765e-01 1.163794586884258353e-01
3.753334387270930161e-01 1.163647775230628040e-01
3.671359432730831873e-01 1.162892080912420051e-01
3.590087831646743277e-01 1.161545809660373130e-01
3.509528616394713696e-01 1.159627011489873794e-01
3.429690740177547825e-01 1.157149891838371303e-01
3.350583076029753915e-01 1.154129244029348245e-01
3.272214415831418144e-01 1.150581863547342071e-01
3.194593469331089564e-01 1.146524793829236943e-01
3.117728863177794407e-01 1.141974551390772530e-01
3.041629139962280792e-01 1.136925434492145892e-01
2.966302757267624823e-01 1.131344201641761998e-01
2.891758086729252497e-01 1.125226191505235007e-01
2.818003413104546162e-01 1.118599466621046368e-01
2.745046933352085494e-01 1.111484884521288380e-01
2.672896755720651774e-01 1.103895652843599057e-01
2.601560898848094272e-01 1.095852325939108973e-01
2.531047290870154232e-01 1.087380486475961056e-01
2.461363768539343022e-01 1.078495234626572069e-01
2.392518076353984391e-01 1.069206921680775496e-01
2.324517865697500740e-01 1.059546392618853222e-01
2.257370693988056676e-01 1.049546208631104566e-01
2.191084023838638650e-01 1.039166461632687888e-01
2.125665222227673956e-01 1.028343461375370027e-01
2.061121559680280102e-01 1.017071773835517695e-01
1.997460209460230063e-01 1.005369815858187243e-01
1.934688246772731102e-01 9.932640583936327983e-02
1.872812647978095990e-01 9.807829555341887606e-02
1.811840289816407656e-01 9.679527026096479414e-02
1.751777948643248317e-01 9.547977886612776799e-02
1.692632299676588570e-01 9.413388755763331395e-02
1.634409916254914164e-01 9.275996889848957261e-02
1.577117269106679265e-01 9.136148969581731061e-02
1.520760725631161714e-01 8.994098359493403472e-02
1.465346549190801317e-01 8.849833478996313452e-02
1.410880898415101115e-01 8.703238901607851519e-02
1.357369826516168221e-01 8.554073614754680033e-02
1.304819280615971966e-01 8.402336138482810468e-02
1.253235101085391490e-01 8.248434961714806724e-02
1.202623020895129402e-01 8.092453321906481478e-02
1.152988664978553679e-01 7.933987715417595288e-02
1.104337549606562163e-01 7.773100863886220346e-02
1.056675081774507419e-01 7.610426172385245658e-02
1.010006558601274085e-01 7.446288579887745673e-02
9.643371667405697956e-02 7.280706882219097065e-02
9.196719818044885031e-02 7.114183407593893671e-02
8.760159677994161509e-02 6.947523386789271338e-02
8.333739765743386485e-02 6.780113392598965949e-02
7.917507472816209813e-02 6.610465810773676065e-02
7.511509058502996439e-02 6.438374166910268426e-02
7.115789644719716645e-02 6.264336394428375587e-02
6.730393210993146358e-02 6.088358536191212228e-02
6.355362589573076981e-02 5.910208322173981371e-02
5.990739460672012129e-02 5.729709978442926871e-02
5.636564347832906385e-02 5.546851372111183398e-02
5.292876613425423482e-02 5.362385327402708485e-02
4.959714454271368922e-02 5.177234197226294327e-02
4.637114897399441382e-02 4.991912101551716080e-02
4.325113795930202176e-02 4.806897952340442176e-02
4.023745825091396000e-02 4.622964604054068810e-02
3.733044478364233587e-02 4.440278374077779450e-02
3.453042063760936031e-02 4.256949751760658734e-02
3.183769700234129196e-02 4.071832722956405387e-02
2.925257314218321358e-02 3.886644323750013119e-02
2.677533636303963682e-02 3.702577240623371874e-02
2.440626198044326678e-02 3.518795417555423827e-02
2.214561328895736647e-02 3.335527476759563709e-02
1.999364153291383062e-02 3.155288474107145746e-02
1.795058587848985532e-02 2.978442653605095636e-02
1.601667338712764455e-02 2.801868454668529629e-02
1.419211899029970692e-02 2.623894756963370337e-02
1.247712546562085301e-02 2.445024196784508635e-02
1.087188341431266636e-02 2.266132203553889585e-02
9.376571240020115106e-03 2.088201159723055908e-02
7.991355128984078959e-03 1.909557870074052310e-02
6.716389031571567969e-03 1.726651390480980069e-02
5.551814645166519568e-03 1.542904869059666742e-02
4.497761398421062928e-03 1.365966916074896551e-02
3.554346436871580472e-03 1.191670909958356291e-02
2.721674609919344512e-03 1.010570051579354547e-02
1.999838459177394334e-03 8.333203034113592991e-03
1.388918208186096237e-03 6.763843332348005305e-03
8.889817534969424173e-04 5.208042007753910761e-03
5.000846571264760954e-04 3.411987986211724704e-03
2.222701403818971855e-04 1.670445416268142138e-03
5.556907905679420168e-05 4.425629470321268411e-04
0.000000000000000000e+00 6.675058169551017835e-06
0.000000000000000000e+00 -8.543343472932861935e-05
5.556907905679420168e-05 -3.921921301856767751e-04
2.222701403818971855e-04 -1.244599573804125838e-03
5.000846571264760954e-04 -2.403029346718151254e-03
8.889817534969424173e-04 -3.474567292842831601e-03
1.388918208186096237e-03 -4.209789869866156775e-03
1.999838459177394334e-03 -4.835587897350981414e-03
2.721674609919344512e-03 -5.525002155078733053e-03
3.554346436871580472e-03 -6.147910688285776817e-03
4.497761398421062928e-03 -6.628961376139270827e-03
5.551814645166519568e-03 -7.074565946623041779e-03
6.716389031571567969e-03 -7.553734013795027069e-03
7.991355128984078959e-03 -8.044368612197724464e-03
9.376571240020115106e-03 -8.534780591655849805e-03
1.087188341431266636e-02 -9.037763967710527035e-03
1.247712546562085301e-02 -9.560341666158402724e-03
1.419211899029970692e-02 -1.010104084546890532e-02
1.601667338712764455e-02 -1.065671742075165358e-02
1.795058587848985532e-02 -1.122309423490391346e-02
1.999364153291383062e-02 -1.179628676219912804e-02
2.214561328895736647e-02 -1.237266939209872262e-02
2.440626198044326678e-02 -1.294747648511018062e-02
2.677533636303963682e-02 -1.351531499186124641e-02
2.925257314218321358e-02 -1.407224609835916115e-02
3.183769700234129196e-02 -1.461464729914259408e-02
3.453042063760936031e-02 -1.513481593656286484e-02
3.733044478364233587e-02 -1.562608790154173741e-02
4.023745825091396000e-02 -1.610094387479868439e-02
4.325113795930202176e-02 -1.657675570594466588e-02
4.637114897399441382e-02 -1.705678214255587632e-02
4.959714454271368922e-02 -1.753958857758802434e-02
5.292876613425423482e-02 -1.802346778148463183e-02
5.636564347832906385e-02 -1.850670330174778583e-02
5.990739460672012129e-02 -1.898780550911595075e-02
6.355362589573076981e-02 -1.946532703966331879e-02
6.730393210993146358e-02 -1.993779596169984597e-02
7.115789644719716645e-02 -2.040356153916212528e-02
7.511509058502996439e-02 -2.086055109784832468e-02
7.917507472816209813e-02 -2.130705503993982064e-02
8.333739765743386485e-02 -2.174225779239426573e-02
8.760159677994161509e-02 -2.216761366442299847e-02
9.196719818044885031e-02 -2.258819254193961817e-02
9.643371667405697956e-02 -2.300616387762283513e-02
1.010006558601274085e-01 -2.341907540149982397e-02
1.056675081774507419e-01 -2.382537593110775967e-02
1.104337549606562163e-01 -2.422499117284061809e-02
1.152988664978553679e-01 -2.461696589543307945e-02
1.202623020895129402e-01 -2.499941939388274081e-02
1.253235101085391490e-01 -2.537153368363922329e-02
1.304819280615971966e-01 -2.573330044781105969e-02
1.357369826516168221e-01 -2.608282085419389579e-02
1.410880898415101115e-01 -2.641727550244400702e-02
1.465346549190801317e-01 -2.673887079257959015e-02
1.520760725631161714e-01 -2.705270642177557208e-02
1.577117269106679265e-01 -2.736232989297587154e-02
1.634409916254914164e-01 -2.767006177558461663e-02
1.692632299676588570e-01 -2.797533907769076192e-02
1.751777948643248317e-01 -2.827660970960509806e-02
1.811840289816407656e-01 -2.857366168519029706e-02
1.872812647978095990e-01 -2.886660768039254338e-02
1.934688246772731102e-01 -2.915485624954604338e-02
1.997460209460230063e-01 -2.943770650254824706e-02
2.061121559680280102e-01 -2.971482814141003861e-02
2.125665222227673956e-01 -2.998591525929244356e-02
2.191084023838638650e-01 -3.025045681309566220e-02
2.257370693988056676e-01 -3.050794611557487018e-02
2.324517865697500740e-01 -3.075799417770596830e-02
2.392518076353984391e-01 -3.100019092540645671e-02
2.461363768539343022e-01 -3.123403904881215040e-02
2.531047290870154232e-01 -3.145907856016801757e-02
2.601560898848094272e-01 -3.167493730615811992e-02
2.672896755720651774e-01 -3.188117046854237191e-02
2.745046933352085494e-01 -3.207721163431273559e-02
2.818003413104546162e-01 -3.226264814252184643e-02
2.891758086729252497e-01 -3.243726498524563545e-02
2.966302757267624823e-01 -3.260047157247068783e-02
3.041629139962280792e-01 -3.275135274413432801e-02
3.117728863177794407e-01 -3.289094580946032298e-02
3.194593469331089564e-01 -3.302198585340059001e-02
3.272214415831418144e-01 -3.314552577977736975e-02
3.350583076029753915e-01 -3.326126567365847442e-02
3.429690740177547825e-01 -3.336890808844248518e-02
3.509528616394713696e-01 -3.346818096837443635e-02
3.590087831646743277e-01 -3.355881891375642884e-02
3.671359432730831873e-01 -3.364055992932255684e-02
3.753334387270930161e-01 -3.371314198211841640e-02
3.836003584721576765e-01 -3.377630286058556225e-02
3.919357837380436083e-01 -3.382977945617503951e-02
4.003387881409395943e-01 -3.387331144156578711e-02
4.088084377864137364e-01 -3.390665428345495530e-02
4.173437913732044313e-01 -3.392956284144486856e-02
4.259439002978354649e-01 -3.394176873569894337e-02
4.346078087600411255e-01 -3.394301391810510687e-02
4.433345538689928977e-01 -3.393309636975850446e-02
4.521231657503131940e-01 -3.391179310658415380e-02
4.609726676538650203e-01 -3.387878821064530671e-02
4.698820760623064752e-01 -3.383382685828340009e-02
4.788504008003974244e-01 -3.377683489246556536e-02
4.878766451450451402e-01 -3.370761013939372469e-02
4.969598059360780251e-01 -3.362563731415516705e-02
5.060988736877365390e-01 -3.352958003832127998e-02
5.152928327008634568e-01 -3.341683485235551199e-02
5.245406611757882365e-01 -3.328575418891762533e-02
5.338413313258880688e-01 -3.313618012232639326e-02
5.431938094918128401e-01 -3.296815988983756163e-02
5.525970562563653488e-01 -3.278181690158680356e-02
5.620500265600203438e-01 -3.257647633593381553e-02
5.715516698170692855e-01 -3.235080420708796867e-02
5.811009300323815019e-01 -3.210564837864308962e-02
5.906967459187653091e-01 -3.184302742598511815e-02
6.003380510149177729e-01 -3.155633752385318680e-02
6.100237738039482327e-01 -3.123348134639632873e-02
6.197528378324663745e-01 -3.086814920241423219e-02
6.295241618302156450e-01 -3.045783058868505727e-02
6.393366598302444581e-01 -3.000272789817005556e-02
6.491892412895989839e-01 -2.950390875183340686e-02
6.590808112105230876e-01 -2.895944703453368074e-02
6.690102702621547603e-01 -2.836717920146025404e-02
6.789765149027036095e-01 -2.773038492436620192e-02
6.889784375020977514e-01 -2.704904661566020010e-02
6.990149264650814542e-01 -2.629998538849690620e-02
7.090848663547572039e-01 -2.545816218776467479e-02
7.191871380165538730e-01 -2.451573519617480587e-02
7.293206187026060050e-01 -2.347048319870556274e-02
7.394841821965345563e-01 -2.232519376209004744e-02
7.496766989386134394e-01 -2.108052969246780248e-02
7.598970361513051053e-01 -1.972941953963783940e-02
7.701440579651563922e-01 -1.827151112099065222e-02
7.804166255450371015e-01 -1.672319519870480234e-02
7.907135972167069760e-01 -1.510701119580197538e-02
8.010338285937002034e-01 -1.345219870827210791e-02
8.113761727045106786e-01 -1.176686599956230407e-02
8.217394801200630372e-01 -1.002836113188215056e-02
8.321225990814590245e-01 -8.267819774277800765e-03
8.425243756279822138e-01 -6.584974515995928659e-03
8.529436537253458628e-01 -5.040355276171543802e-03
8.633792753941731402e-01 -3.648362179279785941e-03
8.738300808386934015e-01 -2.416759846539163082e-03
8.842949085756387495e-01 -1.349254134849315560e-03
8.947725955633289985e-01 -4.479172440085793885e-04
9.052619773309316109e-01 2.864649461450417085e-04
9.157618881078770645e-01 8.549999059669717485e-04
9.262711609534211021e-01 1.259316019241175835e-03
9.367886278863364335e-01 1.495164925966750756e-03
9.473131200147204556e-01 1.557356788464472289e-03
9.578434676659028923e-01 1.456490167827223861e-03
9.683785005164411430e-01 1.214696758651752015e-03
9.789170477221889044e-01 8.810916489509052450e-04
9.894579380484205267e-01 5.002670371439436143e-04
9.999999999999998890e-01 4.672603819761989843e-05
