9.999999999999998890e-01 7.999986883923146212e-04
9.894579380484205267e-01 4.077867607792454163e-03
9.789170477221889044e-01 7.438239522329213871e-03
9.683785005164411430e-01 1.086246639384732746e-02
9.578434676659028923e-01 1.433171739215639146e-02
9.473131200147204556e-01 1.782721237677990442e-02
9.367886278863364335e-01 2.133041129571975128e-02
9.262711609534211021e-01 2.482270727384012707e-02
9.157618881078770645e-01 2.828525445390236981e-02
9.052619773309316109e-01 3.169963242485485805e-02
8.947725955633289985e-01 3.504841975784508956e-02
8.842949085756387495e-01 3.832267849454534109e-02
8.738300808386934015e-01 4.152676539322198990e-02
8.633792753941731402e-01 4.466582127150196119e-02
8.529436537253458628e-01 4.774446167238531602e-02
8.425243756279822138e-01 5.076739194172498471e-02
8.321225990814590245e-01 5.373945859238043327e-02
8.217394801200630372e-01 5.666548486459328793e-02
8.113761727045106786e-01 5.955024793558067603e-02
8.010338285937002034e-01 6.239825765423567816e-02
7.907135972167069760e-01 6.521333359208075775e-02
7.804166255450371015e-01 6.799338295120563314e-02
7.701440579651563922e-01 7.073237175040213154e-02
7.598970361513051053e-01 7.342467547693921903e-02
7.496766989386134394e-01 7.606493191221798400e-02
7.394841821965345563e-01 7.864768136030704515e-02
7.293206187026060050e-01 8.116747607958368915e-02
7.191871380165538730e-01 8.361925201486072878e-02
7.090848663547572039e-01 8.599804963585490347e-02
6.990149264650814542e-01 8.829866064968516781e-02
6.889784375020977514e-01 9.051778566315180075e-02
6.789765149027036095e-01 9.266073290325595180e-02
6.690102702621547603e-01 9.473513264829104552e-02
6.590808112105230876e-01 9.674860058713270761e-02
6.491892412895989839e-01 9.870876531663284881e-02
6.393366598302444581e-01 1.006233018720619488e-01
6.295241618302156450e-01 1.024995508168295572e-01
6.197528378324663745e-01 1.043440210150203828e-01
6.100237738039482327e-01 1.061637123671225480e-01
6.003380510149177729e-01 1.079668249934440660e-01
5.906967459187653091e-01 1.097577434497308269e-01
5.811009300323815019e-01 1.115340669066525042e-01
5.715516698170692855e-01 1.132909328562478751e-01
5.620500265600203438e-01 1.150209261131861921e-01
5.525970562563653488e-01 1.167173715201760831e-01
5.431938094918128401e-01 1.183747152619119558e-01
5.338413313258880688e-01 1.199872400437093922e-01
5.245406611757882365e-01 1.215490211635586876e-01
5.152928327008634568e-01 1.230546084878425123e-01
5.060988736877365390e-01 1.244989690937633037e-01
4.969598059360780251e-01 1.258770942005057458e-01
4.878766451450451402e-01 1.271839508503874727e-01
4.788504008003974244e-01 1.284141634992600478e-01
4.698820760623064752e-01 1.295622024719256526e-01
4.609726676538650203e-01 1.306230047578716413e-01
4.521231657503131940e-01 1.315917700680134805e-01
4.433345538689928977e-01 1.324638608729403200e-01
4.346078087600411255e-01 1.332348314884981566e-01
4.259439002978354649e-01 1.339009390501975094e-01
4.173437913732044313e-01 1.344586208145974460e-01
4.088084377864137364e-01 1.349039951661625547e-01
4.003387881409395943e-01 1.352336643590094367e-01
3.919357837380436083e-01 1.354464513758285860e-01
3.836003584721576765e-01 1.355433781312797292e-01
3.753334387270930161e-01 1.355307450390451085e-01
3.671359432730831873e-01 1.354154618167146829e-01
3.590087831646743277e-01 1.352032983368138264e-01
3.509528616394713696e-01 1.348999231869447979e-01
3.429690740177547825e-01 1.345111855316963034e-01
3.350583076029753915e-01 1.340427951234242354e-01
3.272214415831418144e-01 1.335001606283117426e-01
3.194593469331089564e-01 1.328884989274178030e-01
3.117728863177794407e-01 1.322127844941610453e-01
3.041629139962280792e-01 1.314780781363733830e-01
2.966302757267624823e-01 1.306895083960075699e-01
2.891758086729252497e-01 1.298503162075656248e-01
2.818003413104546162e-01 1.289616542698274748e-01
2.745046933352085494e-01 1.280240993435041996e-01
2.672896755720651774e-01 1.270378190418861852e-01
2.601560898848094272e-01 1.260033337502927953e-01
2.531047290870154232e-01 1.249214446967162745e-01
2.461363768539343022e-01 1.237929007779401125e-01
2.392518076353984391e-01 1.226184422802570756e-01
2.324517865697500740e-01 1.213990946408372296e-01
2.257370693988056676e-01 1.201360229011510516e-01
2.191084023838638650e-01 1.188302648696251129e-01
2.125665222227673956e-01 1.174828900559349854e-01
2.061121559680280102e-01 1.160955275200347275e-01
1.997460209460230063e-01 1.146697945874197988e-01
1.934688246772731102e-01 1.132061705857680678e-01
1.872812647978095990e-01 1.117042641094900673e-01
1.811840289816407656e-01 1.101615556346774438e-01
1.751777948643248317e-01 1.085753068640842034e-01
1.692632299676588570e-01 1.069439245892012391e-01
1.634409916254914164e-01 1.052661719223257908e-01
1.577117269106679265e-01 1.035411280453268357e-01
1.520760725631161714e-01 1.017681527002563813e-01
1.465346549190801317e-01 9.994715435156395489e-02
1.410880898415101115e-01 9.808059975963817623e-02
1.357369826516168221e-01 9.617581606397650196e-02
1.304819280615971966e-01 9.424040316567727782e-02
1.253235101085391490e-01 9.228147547977089138e-02
1.202623020895129402e-01 9.030585612433511544e-02
1.152988664978553679e-01 8.832001004212222672e-02
1.104337549606562163e-01 8.632984263247490964e-02
1.056675081774507419e-01 8.434064523095284593e-02
1.010006558601274085e-01 8.235786746404694103e-02
9.643371667405697956e-02 8.038668999297191031e-02
9.196719818044885031e-02 7.842458966879725657e-02
8.760159677994161509e-02 7.646270359911522263e-02
8.333739765743386485e-02 7.449274601593193490e-02
7.917507472816209813e-02 7.250718780308849920e-02
7.511509058502996439e-02 7.050074713448746533e-02
7.115789644719716645e-02 6.846987168173229721e-02
6.730393210993146358e-02 6.641444762497113186e-02
6.355362589573076981e-02 6.433640512304894532e-02
5.990739460672012129e-02 6.224009063396279684e-02
5.636564347832906385e-02 6.013032759613107237e-02
5.292876613425423482e-02 5.800915107985629010e-02
4.959714454271368922e-02 5.587961683677067359e-02
4.637114897399441382e-02 5.375364171590885781e-02
4.325113795930202176e-02 5.164765344990893819e-02
4.023745825091396000e-02 4.958555804761795305e-02
3.733044478364233587e-02 4.759110595379657804e-02
3.453042063760936031e-02 4.568228697756254036e-02
3.183769700234129196e-02 4.387282390526896919e-02
2.925257314218321358e-02 4.216843771818322428e-02
2.677533636303963682e-02 4.057712886272607511e-02
2.440626198044326678e-02 3.911385732033901413e-02
2.214561328895736647e-02 3.775371788858535027e-02
1.999364153291383062e-02 3.640014758663682320e-02
1.795058587848985532e-02 3.496169050339514861e-02
1.601667338712764455e-02 3.336603151034012171e-02
1.419211899029970692e-02 3.156899777013996017e-02
1.247712546562085301e-02 2.956021729838699541e-02
1.087188341431266636e-02 2.734557469060251711e-02
9.376571240020115106e-03 2.494658443684768037e-02
7.991355128984078959e-03 2.239899564913392510e-02
6.716389031571567969e-03 1.975096765312174540e-02
5.551814645166519568e-03 1.705679275164401557e-02
4.497761398421062928e-03 1.437522632729828533e-02
3.554346436871580472e-03 1.176717894482588907e-02
2.721674609919344512e-03 9.294449897725572465e-03
1.999838459177394334e-03 7.015219869469871590e-03
1.388918208186096237e-03 4.984771932968648338e-03
8.889817534969424173e-04 3.251297241868448661e-03
5.000846571264760954e-04 1.858030072155179282e-03
2.222701403818971855e-04 8.373308631007464259e-04
5.556907905679420168e-05 2.151917776359705029e-04
0.000000000000000000e+00 6.018015744712726726e-06
0.000000000000000000e+00 2.598693172487324353e-09
5.556907905679420168e-05 -1.285193193563129404e-04
2.222701403818971855e-04 -5.114295420702214857e-04
5.000846571264760954e-04 -1.141712872954352056e-03
8.889817534969424173e-04 -2.006547693297658017e-03
1.388918208186096237e-03 -3.089916910171905569e-03
1.999838459177394334e-03 -4.370341753834206672e-03
2.721674609919344512e-03 -5.823607078658865621e-03
3.554346436871580472e-03 -7.421374045372342715e-03
4.497761398421062928e-03 -9.133465645880925465e-03
5.551814645166519568e-03 -1.092729165813151326e-02
6.716389031571567969e-03 -1.276954158800586332e-02
7.991355128984078959e-03 -1.462621941562965155e-02
9.376571240020115106e-03 -1.646461381980224292e-02
1.087188341431266636e-02 -1.825391023137381760e-02
1.247712546562085301e-02 -1.996619542192040742e-02
1.419211899029970692e-02 -2.157700929386656419e-02
1.601667338712764455e-02 -2.306894249077682049e-02
1.795058587848985532e-02 -2.443159793076933248e-02
1.999364153291383062e-02 -2.566231398236081679e-02
2.214561328895736647e-02 -2.676588004288788999e-02
2.440626198044326678e-02 -2.776527931546713193e-02
2.677533636303963682e-02 -2.869365929686204866e-02
2.925257314218321358e-02 -2.956461187360453352e-02
3.183769700234129196e-02 -3.038001349160093095e-02
3.453042063760936031e-02 -3.113777153407999709e-02
3.733044478364233587e-02 -3.183470064772930125e-02
4.023745825091396000e-02 -3.247230330261859782e-02
4.325113795930202176e-02 -3.305457432221280134e-02
4.637114897399441382e-02 -3.358884716832526846e-02
4.959714454271368922e-02 -3.408376659289712174e-02
5.292876613425423482e-02 -3.454892378648487944e-02
5.636564347832906385e-02 -3.499207107627044788e-02
5.990739460672012129e-02 -3.541350615346694486e-02
6.355362589573076981e-02 -3.581258454328211521e-02
6.730393210993146358e-02 -3.619076611797230475e-02
7.115789644719716645e-02 -3.655032758153439754e-02
7.511509058502996439e-02 -3.689458665752914229e-02
7.917507472816209813e-02 -3.722516632598371622e-02
8.333739765743386485e-02 -3.753991646495536544e-02
8.760159677994161509e-02 -3.783534802559503085e-02
9.196719818044885031e-02 -3.810645876863736486e-02
9.643371667405697956e-02 -3.834754110743493483e-02
1.010006558601274085e-01 -3.855218249859138774e-02
1.056675081774507419e-01 -3.871703748847661608e-02
1.104337549606562163e-01 -3.884259944910515433e-02
1.152988664978553679e-01 -3.893120812275581433e-02
1.202623020895129402e-01 -3.898687960390757185e-02
1.253235101085391490e-01 -3.901417822697333948e-02
1.304819280615971966e-01 -3.901811551274018963e-02
1.357369826516168221e-01 -3.900426270169907866e-02
1.410880898415101115e-01 -3.897877719916346961e-02
1.465346549190801317e-01 -3.894987574978961420e-02
1.520760725631161714e-01 -3.892637891687984047e-02
1.577117269106679265e-01 -3.891157528260371506e-02
1.634409916254914164e-01 -3.890544612770174132e-02
1.692632299676588570e-01 -3.890463613371317880e-02
1.751777948643248317e-01 -3.890453666673630850e-02
1.811840289816407656e-01 -3.890143329139567063e-02
1.872812647978095990e-01 -3.889156042025514182e-02
1.934688246772731102e-01 -3.886942691631295466e-02
1.997460209460230063e-01 -3.882953029007729651e-02
2.061121559680280102e-01 -3.876826379528800631e-02
2.125665222227673956e-01 -3.868357496587618988e-02
2.191084023838638650e-01 -3.857689393460544958e-02
2.257370693988056676e-01 -3.845013774215817748e-02
2.324517865697500740e-01 -3.830469533130343579e-02
2.392518076353984391e-01 -3.814212773599660183e-02
2.461363768539343022e-01 -3.796455915081074078e-02
2.531047290870154232e-01 -3.777420797091839838e-02
2.601560898848094272e-01 -3.757333268478204452e-02
2.672896755720651774e-01 -3.736441345931203195e-02
2.745046933352085494e-01 -3.715026620839997212e-02
2.818003413104546162e-01 -3.693381244777289851e-02
2.891758086729252497e-01 -3.671808568790910221e-02
2.966302757267624823e-01 -3.650645475420266628e-02
3.041629139962280792e-01 -3.630251525071277741e-02
3.117728863177794407e-01 -3.610728187172251857e-02
3.194593469331089564e-01 -3.591936019049377093e-02
3.272214415831418144e-01 -3.573694509078866044e-02
3.350583076029753915e-01 -3.555798035298632365e-02
3.429690740177547825e-01 -3.538038528542281069e-02
3.509528616394713696e-01 -3.520203715912741116e-02
3.590087831646743277e-01 -3.502052814104527484e-02
3.671359432730831873e-01 -3.483330183124987156e-02
3.753334387270930161e-01 -3.463785732974202641e-02
3.836003584721576765e-01 -3.443162500552456734e-02
3.919357837380436083e-01 -3.421144978723272140e-02
4.003387881409395943e-01 -3.397420159934708833e-02
4.088084377864137364e-01 -3.371800498622128106e-02
4.173437913732044313e-01 -3.344172899681871480e-02
4.259439002978354649e-01 -3.314569286129046694e-02
4.346078087600411255e-01 -3.283049256494254692e-02
4.433345538689928977e-01 -3.249638120986438755e-02
4.521231657503131940e-01 -3.214360531516594760e-02
4.609726676538650203e-01 -3.177260030822084275e-02
4.698820760623064752e-01 -3.138384911557535323e-02
4.788504008003974244e-01 -3.097786796137926013e-02
4.878766451450451402e-01 -3.055513041976261335e-02
4.969598059360780251e-01 -3.011602314875977751e-02
5.060988736877365390e-01 -2.966135376870145807e-02
5.152928327008634568e-01 -2.919264651169018593e-02
5.245406611757882365e-01 -2.871182386319830193e-02
5.338413313258880688e-01 -2.822126728712934240e-02
5.431938094918128401e-01 -2.772338656319781047e-02
5.525970562563653488e-01 -2.722058841029382711e-02
5.620500265600203438e-01 -2.671534854119489780e-02
5.715516698170692855e-01 -2.621022157167091776e-02
5.811009300323815019e-01 -2.570794515564528426e-02
5.906967459187653091e-01 -2.521138516854668984e-02
6.003380510149177729e-01 -2.472313540866285728e-02
6.100237738039482327e-01 -2.424533241118399796e-02
6.197528378324663745e-01 -2.377739742333442874e-02
6.295241618302156450e-01 -2.331718955412222932e-02
6.393366598302444581e-01 -2.286280979772983835e-02
6.491892412895989839e-01 -2.241245418639691706e-02
6.590808112105230876e-01 -2.196409143277485571e-02
6.690102702621547603e-01 -2.151560440354106582e-02
6.789765149027036095e-01 -2.106491853894592453e-02
6.889784375020977514e-01 -2.060993634467075258e-02
6.990149264650814542e-01 -2.014839161942469717e-02
7.090848663547572039e-01 -1.967822733359262527e-02
7.191871380165538730e-01 -1.919833588890339227e-02
7.293206187026060050e-01 -1.870786087634860456e-02
7.394841821965345563e-01 -1.820604233441325964e-02
7.496766989386134394e-01 -1.769210208033997547e-02
7.598970361513051053e-01 -1.716516976718510112e-02
7.701440579651563922e-01 -1.662440894181828333e-02
7.804166255450371015e-01 -1.606908340867095955e-02
7.907135972167069760e-01 -1.549834829712896933e-02
8.010338285937002034e-01 -1.491116262051957880e-02
8.113761727045106786e-01 -1.430742076772451889e-02
8.217394801200630372e-01 -1.368843767721286166e-02
8.321225990814590245e-01 -1.305577895224172523e-02
8.425243756279822138e-01 -1.241118231505738793e-02
8.529436537253458628e-01 -1.175645100531266113e-02
8.633792753941731402e-01 -1.109343715273896323e-02
8.738300808386934015e-01 -1.042383036142805093e-02
8.842949085756387495e-01 -9.749211137402312433e-03
8.947725955633289985e-01 -9.071696153420136591e-03
9.052619773309316109e-01 -8.393195920003333060e-03
9.157618881078770645e-01 -7.708739897460773274e-03
9.262711609534211021e-01 -7.008917988886386764e-03
9.367886278863364335e-01 -6.283392472298216652e-03
9.473131200147204556e-01 -5.521415845637677074e-03
9.578434676659028923e-01 -4.712562350508935245e-03
9.683785005164411430e-01 -3.846514497162879537e-03
9.789170477221889044e-01 -2.912743948993018472e-03
9.894579380484205267e-01 -1.900688746116924958e-03
9.999999999999998890e-01 -8.000008148110463639e-04
