9.999999999999998890e-01 2.476214381067505680e-09
9.894579380484205267e-01 2.878999761370130278e-03
9.789170477221889044e-01 5.507198952422180660e-03
9.683785005164411430e-01 7.919171535895575334e-03
9.578434676659028923e-01 1.015012380769514215e-02
9.473131200147204556e-01 1.223514693820385545e-02
9.367886278863364335e-01 1.420866450886317314e-02
9.262711609534211021e-01 1.610540984470725315e-02
9.157618881078770645e-01 1.796106061558888287e-02
9.052619773309316109e-01 1.981004512503416540e-02
8.947725955633289985e-01 2.168390392286974680e-02
8.842949085756387495e-01 2.359622748990241464e-02
8.738300808386934015e-01 2.553262294129226423e-02
8.633792753941731402e-01 2.747746343223574778e-02
8.529436537253458628e-01 2.941678471864628275e-02
8.425243756279822138e-01 3.133646953903573840e-02
8.321225990814590245e-01 3.322209817978830776e-02
8.217394801200630372e-01 3.505925372506383392e-02
8.113761727045106786e-01 3.683361817445122977e-02
8.010338285937002034e-01 3.853216234315071098e-02
7.907135972167069760e-01 4.014394582580883136e-02
7.804166255450371015e-01 4.167113486454509380e-02
7.701440579651563922e-01 4.312458994825001113e-02
7.598970361513051053e-01 4.451394936521149703e-02
7.496766989386134394e-01 4.584811590956448107e-02
7.394841821965345563e-01 4.713639887453766053e-02
7.293206187026060050e-01 4.838823997088760598e-02
7.191871380165538730e-01 4.961266471705243902e-02
7.090848663547572039e-01 5.081849243699075591e-02
6.990149264650814542e-01 5.201432583052215120e-02
6.889784375020977514e-01 5.320693425131337723e-02
6.789765149027036095e-01 5.439546549119313179e-02
6.690102702621547603e-01 5.557710012455015919e-02
6.590808112105230876e-01 5.674934773831775969e-02
6.491892412895989839e-01 5.790976615873832944e-02
6.393366598302444581e-01 5.905584020323198513e-02
6.295241618302156450e-01 6.018513048905196894e-02
6.197528378324663745e-01 6.129541446232156243e-02
6.100237738039482327e-01 6.238443636724105151e-02
6.003380510149177729e-01 6.344981562335068326e-02
5.906967459187653091e-01 6.448982319732174395e-02
5.811009300323815019e-01 6.550386966334284522e-02
5.715516698170692855e-01 6.649166169250647629e-02
5.620500265600203438e-01 6.745317017608017107e-02
5.525970562563653488e-01 6.838834860276582495e-02
5.431938094918128401e-01 6.929710540091688076e-02
5.338413313258880688e-01 7.017935832051751255e-02
5.245406611757882365e-01 7.103504257730840210e-02
5.152928327008634568e-01 7.186418660700806538e-02
5.060988736877365390e-01 7.266687971201940544e-02
4.969598059360780251e-01 7.344295847828566370e-02
4.878766451450451402e-01 7.419200292810340658e-02
4.788504008003974244e-01 7.491281679191168219e-02
4.698820760623064752e-01 7.560376477563013342e-02
4.609726676538650203e-01 7.626347252809845267e-02
4.521231657503131940e-01 7.689070623539553950e-02
4.433345538689928977e-01 7.748426087285439912e-02
4.346078087600411255e-01 7.804296392869476684e-02
4.259439002978354649e-01 7.856576093958787810e-02
4.173437913732044313e-01 7.905166959468751253e-02
4.088084377864137364e-01 7.949984993155255475e-02
4.003387881409395943e-01 7.990948594755646617e-02
3.919357837380436083e-01 8.027969392889340583e-02
3.836003584721576765e-01 8.060952155356397586e-02
3.753334387270930161e-01 8.089785073535168958e-02
3.671359432730831873e-01 8.114360887984460591e-02
3.590087831646743277e-01 8.134592910057156234e-02
3.509528616394713696e-01 8.150402644618964798e-02
3.429690740177547825e-01 8.161722282766360748e-02
3.350583076029753915e-01 8.168491999766101797e-02
3.272214415831418144e-01 8.170664144677032559e-02
3.194593469331089564e-01 8.168201601269675649e-02
3.117728863177794407e-01 8.161081503245046220e-02
3.041629139962280792e-01 8.149284782732439669e-02
2.966302757267624823e-01 8.132798938781052311e-02
2.891758086729252497e-01 8.111698276735801461e-02
2.818003413104546162e-01 8.086151540026559337e-02
2.745046933352085494e-01 8.056336149941052682e-02
2.672896755720651774e-01 8.022433131316694666e-02
2.601560898848094272e-01 7.984623566128888628e-02
2.531047290870154232e-01 7.943087642593192610e-02
2.461363768539343022e-01 7.897995696189875903e-02
2.392518076353984391e-01 7.849513356699688860e-02
2.324517865697500740e-01 7.797822340750470982e-02
2.257370693988056676e-01 7.743107919804878558e-02
2.191084023838638650e-01 7.685515140126100708e-02
2.125665222227673956e-01 7.625183534773048721e-02
2.061121559680280102e-01 7.562332489785279777e-02
1.997460209460230063e-01 7.497157805368903638e-02
1.934688246772731102e-01 7.429581961558777425e-02
1.872812647978095990e-01 7.359375022546629785e-02
1.811840289816407656e-01 7.286031740419353364e-02
1.751777948643248317e-01 7.209027388800902381e-02
1.692632299676588570e-01 7.128015567423173771e-02
1.634409916254914164e-01 7.042688473895568346e-02
1.577117269106679265e-01 6.952739819772026097e-02
1.520760725631161714e-01 6.857921776961556359e-02
1.465346549190801317e-01 6.758124908421962729e-02
1.410880898415101115e-01 6.653465110093537138e-02
1.357369826516168221e-01 6.544460907674194694e-02
1.304819280615971966e-01 6.431642401144301024e-02
1.253235101085391490e-01 6.315481654519762567e-02
1.202623020895129402e-01 6.196438983134999745e-02
1.152988664978553679e-01 6.074965164623340880e-02
1.104337549606562163e-01 5.951487507343274780e-02
1.056675081774507419e-01 5.826406132383370184e-02
1.010006558601274085e-01 5.700106300350692157e-02
9.643371667405697956e-02 5.572960823784096213e-02
9.196719818044885031e-02 5.445353529069739407e-02
8.760159677994161509e-02 5.317675843013275339e-02
8.333739765743386485e-02 5.190293501552512012e-02
7.917507472816209813e-02 5.063550141906526109e-02
7.511509058502996439e-02 4.937748648534234786e-02
7.115789644719716645e-02 4.812955521359297412e-02
6.730393210993146358e-02 4.687483080391883355e-02
6.355362589573076981e-02 4.558894264735091628e-02
5.990739460672012129e-02 4.425510211952607409e-02
5.636564347832906385e-02 4.285969013884427525e-02
5.292876613425423482e-02 4.138927592797594229e-02
4.959714454271368922e-02 3.983434453729570862e-02
4.637114897399441382e-02 3.820271472989354711e-02
4.325113795930202176e-02 3.651004287514721114e-02
4.023745825091396000e-02 3.478296624977985502e-02
3.733044478364233587e-02 3.304800202837289425e-02
3.453042063760936031e-02 3.132354890183077639e-02
3.183769700234129196e-02 2.962569327958141513e-02
2.925257314218321358e-02 2.796856921744519942e-02
2.677533636303963682e-02 2.636486086563233008e-02
2.440626198044326678e-02 2.482467148244992330e-02
2.214561328895736647e-02 2.334337023423052604e-02
1.999364153291383062e-02 2.189102351301318999e-02
1.795058587848985532e-02 2.044137829827211844e-02
1.601667338712764455e-02 1.897765211930793269e-02
1.419211899029970692e-02 1.749066592905135914e-02
1.247712546562085301e-02 1.597997179282412486e-02
1.087188341431266636e-02 1.445031024497880207e-02
9.376571240020115106e-03 1.291150651313139816e-02
7.991355128984078959e-03 1.137718612246159215e-02
6.716389031571567969e-03 9.864261027317439146e-03
5.551814645166519568e-03 8.391448997087363332e-03
4.497761398421062928e-03 6.978763308091594578e-03
3.554346436871580472e-03 5.646534154816473805e-03
2.721674609919344512e-03 4.415129786580163258e-03
1.999838459177394334e-03 3.303640972137684637e-03
1.388918208186096237e-03 2.330148502783235386e-03
8.889817534969424173e-04 1.510307176608460290e-03
5.000846571264760954e-04 8.581089186875267725e-04
2.222701403818971855e-04 3.840197531742666989e-04
5.556907905679420168e-05 9.643883738072803191e-05
0.000000000000000000e+00 -1.573904960689463191e-09
0.000000000000000000e+00 -1.605512612962815714e-06
5.556907905679420168e-05 -6.637840972269107125e-05
2.222701403818971855e-04 -2.590390580685926567e-04
5.000846571264760954e-04 -5.752002961789045308e-04
8.889817534969424173e-04 -1.006876938590899311e-03
1.388918208186096237e-03 -1.544124669566500352e-03
1.999838459177394334e-03 -2.173672369276757801e-03
2.721674609919344512e-03 -2.880655260225895714e-03
3.554346436871580472e-03 -3.647863870851659335e-03
4.497761398421062928e-03 -4.457153390858499369e-03
5.551814645166519568e-03 -5.289220305413761848e-03
6.716389031571567969e-03 -6.124725355487140727e-03
7.991355128984078959e-03 -6.944509605585587504e-03
9.376571240020115106e-03 -7.730766301758010967e-03
1.087188341431266636e-02 -8.467569984672533925e-03
1.247712546562085301e-02 -9.141811407151883076e-03
1.419211899029970692e-02 -9.743660918839637530e-03
1.601667338712764455e-02 -1.026868063099742323e-02
1.795058587848985532e-02 -1.071782962797894305e-02
1.999364153291383062e-02 -1.109904988059940735e-02
2.214561328895736647e-02 -1.142670852503923848e-02
2.440626198044326678e-02 -1.172750112673483051e-02
2.677533636303963682e-02 -1.203399099135049437e-02
2.925257314218321358e-02 -1.235572937625297602e-02
3.183769700234129196e-02 -1.268845568972396323e-02
3.453042063760936031e-02 -1.302252092170457995e-02
3.733044478364233587e-02 -1.334573067560277694e-02
4.023745825091396000e-02 -1.364550428983803652e-02
4.325113795930202176e-02 -1.390769593970437104e-02
4.637114897399441382e-02 -1.411069755850438007e-02
4.959714454271368922e-02 -1.423215441428624800e-02
5.292876613425423482e-02 -1.425705569869424247e-02
5.636564347832906385e-02 -1.417854934182552484e-02
5.990739460672012129e-02 -1.401175836926123359e-02
6.355362589573076981e-02 -1.377636912861565470e-02
6.730393210993146358e-02 -1.349113171618455780e-02
7.115789644719716645e-02 -1.317970515589847111e-02
7.511509058502996439e-02 -1.287802597720197686e-02
7.917507472816209813e-02 -1.260876506087694332e-02
8.333739765743386485e-02 -1.236384387620101909e-02
8.760159677994161509e-02 -1.212758369879988335e-02
9.196719818044885031e-02 -1.187764087285485791e-02
9.643371667405697956e-02 -1.158770134798234146e-02
1.010006558601274085e-01 -1.122712358481109743e-02
1.056675081774507419e-01 -1.077917491911990940e-02
1.104337549606562163e-01 -1.024450657568533145e-02
1.152988664978553679e-01 -9.629071942597508191e-03
1.202623020895129402e-01 -8.943205985297434865e-03
1.253235101085391490e-01 -8.197980227189646113e-03
1.304819280615971966e-01 -7.405055454919446528e-03
1.357369826516168221e-01 -6.577806239261380951e-03
1.410880898415101115e-01 -5.731183314930337822e-03
1.465346549190801317e-01 -4.883894159473959815e-03
1.520760725631161714e-01 -4.055522343622548591e-03
1.577117269106679265e-01 -3.253678136821326703e-03
1.634409916254914164e-01 -2.479144445534517231e-03
1.692632299676588570e-01 -1.727768364460827155e-03
1.751777948643248317e-01 -9.935688127710217213e-04
1.811840289816407656e-01 -2.719971400702870796e-04
1.872812647978095990e-01 4.416026719281768674e-04
1.934688246772731102e-01 1.154768616132208431e-03
1.997460209460230063e-01 1.874891475508838525e-03
2.061121559680280102e-01 2.605556650934894285e-03
2.125665222227673956e-01 3.347882746901811608e-03
2.191084023838638650e-01 4.098068536809151667e-03
2.257370693988056676e-01 4.851666469695351327e-03
2.324517865697500740e-01 5.605083817808310942e-03
2.392518076353984391e-01 6.354459909547425893e-03
2.461363768539343022e-01 7.095045578977437518e-03
2.531047290870154232e-01 7.821931230203735264e-03
2.601560898848094272e-01 8.530123254998949606e-03
2.672896755720651774e-01 9.214324115416880345e-03
2.745046933352085494e-01 9.868777780107237940e-03
2.818003413104546162e-01 1.048747220647695648e-02
2.891758086729252497e-01 1.106410550235276298e-02
2.966302757267624823e-01 1.159211443975893992e-02
3.041629139962280792e-01 1.206492194187797420e-02
3.117728863177794407e-01 1.248090488579461053e-02
3.194593469331089564e-01 1.284302447006670581e-02
3.272214415831418144e-01 1.315472221359541630e-02
3.350583076029753915e-01 1.341970309929247859e-02
3.429690740177547825e-01 1.364194466480012254e-02
3.509528616394713696e-01 1.382565941661912517e-02
3.590087831646743277e-01 1.397563782274958109e-02
3.671359432730831873e-01 1.409697928616589213e-02
3.753334387270930161e-01 1.419474021076057302e-02
3.836003584721576765e-01 1.427417750448440291e-02
3.919357837380436083e-01 1.434191601466403704e-02
4.003387881409395943e-01 1.440446050740441797e-02
4.088084377864137364e-01 1.446507267688281438e-02
4.173437913732044313e-01 1.452527896179002867e-02
4.259439002978354649e-01 1.458364402153350912e-02
4.346078087600411255e-01 1.463822069444138500e-02
4.433345538689928977e-01 1.468794485178085384e-02
4.521231657503131940e-01 1.473173517669245682e-02
4.609726676538650203e-01 1.476792790598385405e-02
4.698820760623064752e-01 1.479489535928879898e-02
4.788504008003974244e-01 1.481133278514791193e-02
4.878766451450451402e-01 1.481571313537041919e-02
4.969598059360780251e-01 1.480599551792976046e-02
5.060988736877365390e-01 1.478100184642033334e-02
5.152928327008634568e-01 1.474108216715761498e-02
5.245406611757882365e-01 1.468719424773862539e-02
5.338413313258880688e-01 1.462093838118997194e-02
5.431938094918128401e-01 1.454389472078867866e-02
5.525970562563653488e-01 1.445756691261731314e-02
5.620500265600203438e-01 1.436349721499099140e-02
5.715516698170692855e-01 1.426328356590719423e-02
5.811009300323815019e-01 1.415875021785013843e-02
5.906967459187653091e-01 1.405186666332914128e-02
6.003380510149177729e-01 1.394407403038786311e-02
6.100237738039482327e-01 1.383611663521087595e-02
6.197528378324663745e-01 1.372540792066852949e-02
6.295241618302156450e-01 1.360745694198145506e-02
6.393366598302444581e-01 1.347815413727402288e-02
6.491892412895989839e-01 1.333352722139940702e-02
6.590808112105230876e-01 1.316918490916619590e-02
6.690102702621547603e-01 1.298059376152513496e-02
6.789765149027036095e-01 1.276338622585563611e-02
6.889784375020977514e-01 1.251313213085929535e-02
6.990149264650814542e-01 1.222486511401375646e-02
7.090848663547572039e-01 1.189534803329552956e-02
7.191871380165538730e-01 1.152830008001362594e-02
7.293206187026060050e-01 1.112919892794726230e-02
7.394841821965345563e-01 1.070397962815971757e-02
7.496766989386134394e-01 1.025872048064252126e-02
7.598970361513051053e-01 9.799641976699306062e-03
7.701440579651563922e-01 9.332947242058631243e-03
7.804166255450371015e-01 8.864760515884880995e-03
7.907135972167069760e-01 8.401573645989066780e-03
8.010338285937002034e-01 7.950478799601789701e-03
8.113761727045106786e-01 7.515133570567747792e-03
8.217394801200630372e-01 7.093996331062409240e-03
8.321225990814590245e-01 6.684562559001294701e-03
8.425243756279822138e-01 6.283655239458094816e-03
8.529436537253458628e-01 5.888214465882979885e-03
8.633792753941731402e-01 5.495344677839280462e-03
8.738300808386934015e-01 5.102088746525032179e-03
8.842949085756387495e-01 4.705416337282495795e-03
8.947725955633289985e-01 4.302130830334149891e-03
9.052619773309316109e-01 3.889180325058961846e-03
9.157618881078770645e-01 3.466525749164203578e-03
9.262711609534211021e-01 3.036067548999440459e-03
9.367886278863364335e-01 2.600080979076685016e-03
9.473131200147204556e-01 2.161005042055695428e-03
9.578434676659028923e-01 1.721144248320587589e-03
9.683785005164411430e-01 1.282758955658219605e-03
9.789170477221889044e-01 8.482040281242908455e-04
9.894579380484205267e-01 4.198528230356389002e-04
9.999999999999998890e-01 -4.938324873934346387e-10
