9.999999999999998890e-01 5.898374197412658522e-10
9.894579380484205267e-01 2.102168966500993566e-03
9.789170477221889044e-01 4.224788559566816648e-03
9.683785005164411430e-01 6.360201340979916400e-03
9.578434676659028923e-01 8.500892741979803463e-03
9.473131200147204556e-01 1.063933003822077443e-02
9.367886278863364335e-01 1.276785122296981642e-02
9.262711609534211021e-01 1.487890479359167684e-02
9.157618881078770645e-01 1.696523667145555594e-02
9.052619773309316109e-01 1.901937625493924089e-02
8.947725955633289985e-01 2.103342417023145242e-02
8.842949085756387495e-01 2.300317584299593765e-02
8.738300808386934015e-01 2.493038675161590723e-02
8.633792753941731402e-01 2.681787736430722366e-02
8.529436537253458628e-01 2.866917200215063702e-02
8.425243756279822138e-01 3.048746216427397279e-02
8.321225990814590245e-01 3.227553026904100841e-02
8.217394801200630372e-01 3.403659586247737706e-02
8.113761727045106786e-01 3.577423805117729838e-02
8.010338285937002034e-01 3.749081483090316996e-02
7.907135972167069760e-01 3.918748595789622174e-02
7.804166255450371015e-01 4.086284340441111856e-02
7.701440579651563922e-01 4.251383379228496073e-02
7.598970361513051053e-01 4.413806529688056590e-02
7.496766989386134394e-01 4.573349964960941177e-02
7.394841821965345563e-01 4.729778486940319077e-02
7.293206187026060050e-01 4.882847913245828148e-02
7.191871380165538730e-01 5.032353366511033849e-02
7.090848663547572039e-01 5.178097995177100010e-02
6.990149264650814542e-01 5.319845226762454776e-02
6.889784375020977514e-01 5.457383965125596481e-02
6.789765149027036095e-01 5.590669615969912770e-02
6.690102702621547603e-01 5.719730514487807171e-02
6.590808112105230876e-01 5.844694409545324321e-02
6.491892412895989839e-01 5.965700290696501068e-02
6.393366598302444581e-01 6.082855227917694646e-02
6.295241618302156450e-01 6.196265489206193716e-02
6.197528378324663745e-01 6.306049587585513261e-02
6.100237738039482327e-01 6.412325649274826234e-02
6.003380510149177729e-01 6.515207138395812114e-02
5.906967459187653091e-01 6.614794752529663813e-02
5.811009300323815019e-01 6.711168099043743340e-02
5.715516698170692855e-01 6.804389979722913484e-02
5.620500265600203438e-01 6.894502492056199527e-02
5.525970562563653488e-01 6.981560460358415821e-02
5.431938094918128401e-01 7.065635049151114400e-02
5.338413313258880688e-01 7.146775759818213558e-02
5.245406611757882365e-01 7.225011639903768101e-02
5.152928327008634568e-01 7.300417285412193202e-02
5.060988736877365390e-01 7.373097061814050390e-02
4.969598059360780251e-01 7.443017016241583461e-02
4.878766451450451402e-01 7.510016038748264233e-02
4.788504008003974244e-01 7.573649952433386678e-02
4.698820760623064752e-01 7.633315491700477795e-02
4.609726676538650203e-01 7.688509196067104534e-02
4.521231657503131940e-01 7.738778471177382157e-02
4.433345538689928977e-01 7.783662050269150867e-02
4.346078087600411255e-01 7.822776139856256472e-02
4.259439002978354649e-01 7.856200240450869621e-02
4.173437913732044313e-01 7.884175645801726195e-02
4.088084377864137364e-01 7.906934481073116250e-02
4.003387881409395943e-01 7.924705254341340988e-02
3.919357837380436083e-01 7.937713069932259002e-02
3.836003584721576765e-01 7.946180660623526626e-02
3.753334387270930161e-01 7.950325827384115140e-02
3.671359432730831873e-01 7.950361936548197561e-02
3.590087831646743277e-01 7.946493278023240847e-02
3.509528616394713696e-01 7.938923608110638741e-02
3.429690740177547825e-01 7.927858617790284335e-02
3.350583076029753915e-01 7.913493252449715909e-02
3.272214415831418144e-01 7.896002625955735044e-02
3.194593469331089564e-01 7.875575623256970970e-02
3.117728863177794407e-01 7.852423419344303768e-02
3.041629139962280792e-01 7.826679305888814553e-02
2.966302757267624823e-01 7.798371091926603604e-02
2.891758086729252497e-01 7.767456888643926860e-02
2.818003413104546162e-01 7.733828131281465790e-02
2.745046933352085494e-01 7.697407687929221087e-02
2.672896755720651774e-01 7.658150529650496752e-02
2.601560898848094272e-01 7.616013639105047306e-02
2.531047290870154232e-01 7.570955568897555499e-02
2.461363768539343022e-01 7.522945910405057224e-02
2.392518076353984391e-01 7.471960760431678450e-02
2.324517865697500740e-01 7.417969871997089071e-02
2.257370693988056676e-01 7.360942993781585675e-02
2.191084023838638650e-01 7.300876659922700407e-02
2.125665222227673956e-01 7.237779478916193943e-02
2.061121559680280102e-01 7.171658813149567324e-02
1.997460209460230063e-01 7.102530962645059454e-02
1.934688246772731102e-01 7.030459953709469745e-02
1.872812647978095990e-01 6.955547739359543846e-02
1.811840289816407656e-01 6.877991407280406588e-02
1.751777948643248317e-01 6.798010162695311553e-02
1.692632299676588570e-01 6.715814265569490515e-02
1.634409916254914164e-01 6.631603588897215518e-02
1.577117269106679265e-01 6.545554109871060122e-02
1.520760725631161714e-01 6.457859011814602590e-02
1.465346549190801317e-01 6.368759852776811892e-02
1.410880898415101115e-01 6.278266106803041813e-02
1.357369826516168221e-01 6.185918093359042691e-02
1.304819280615971966e-01 6.091184555867175388e-02
1.253235101085391490e-01 5.993508807731984245e-02
1.202623020895129402e-01 5.892451812671647970e-02
1.152988664978553679e-01 5.787739443198729877e-02
1.104337549606562163e-01 5.679071205881815881e-02
1.056675081774507419e-01 5.566119553924527702e-02
1.010006558601274085e-01 5.448952220705770289e-02
9.643371667405697956e-02 5.328060038015215022e-02
9.196719818044885031e-02 5.204487316733963365e-02
8.760159677994161509e-02 5.079677200212105032e-02
8.333739765743386485e-02 4.954478533767873311e-02
7.917507472816209813e-02 4.829238176782654768e-02
7.511509058502996439e-02 4.703503512756421201e-02
7.115789644719716645e-02 4.576396970610549508e-02
6.730393210993146358e-02 4.447364256100810181e-02
6.355362589573076981e-02 4.316029238903755505e-02
5.990739460672012129e-02 4.182124448322353805e-02
5.636564347832906385e-02 4.045445889397126377e-02
5.292876613425423482e-02 3.905895562516788905e-02
4.959714454271368922e-02 3.763604587334112850e-02
4.637114897399441382e-02 3.619572299911213292e-02
4.325113795930202176e-02 3.475063622964476295e-02
4.023745825091396000e-02 3.331423611860067496e-02
3.733044478364233587e-02 3.189857495454729436e-02
3.453042063760936031e-02 3.051087485138711392e-02
3.183769700234129196e-02 2.915859217725436103e-02
2.925257314218321358e-02 2.785206403835748315e-02
2.677533636303963682e-02 2.659647339947225630e-02
2.440626198044326678e-02 2.538504511203413735e-02
2.214561328895736647e-02 2.419630881040154419e-02
1.999364153291383062e-02 2.298578850396311435e-02
1.795058587848985532e-02 2.172010542943062991e-02
1.601667338712764455e-02 2.038596544453417231e-02
1.419211899029970692e-02 1.897720120856601425e-02
1.247712546562085301e-02 1.749480985842223613e-02
1.087188341431266636e-02 1.594739453259372275e-02
9.376571240020115106e-03 1.435128201995770555e-02
7.991355128984078959e-03 1.272644984543429801e-02
6.716389031571567969e-03 1.109596726878493873e-02
5.551814645166519568e-03 9.485422325126094747e-03
4.497761398421062928e-03 7.922196671138975396e-03
3.554346436871580472e-03 6.433525493846367280e-03
2.721674609919344512e-03 5.046339091726671777e-03
1.999838459177394334e-03 3.785902581565271478e-03
1.388918208186096237e-03 2.676139002323277543e-03
8.889817534969424173e-04 1.737601853649808252e-03
5.000846571264760954e-04 9.885876238095742813e-04
2.222701403818971855e-04 4.428088594646486403e-04
5.556907905679420168e-05 1.112725320648392369e-04
0.000000000000000000e+00 -2.307158082304889819e-09
0.000000000000000000e+00 1.083409205516179686e-09
5.556907905679420168e-05 -5.635928431612743819e-05
2.222701403818971855e-04 -2.243496461222876611e-04
5.000846571264760954e-04 -5.010936707192976828e-04
8.889817534969424173e-04 -8.813291347469819417e-04
1.388918208186096237e-03 -1.358484598649629298e-03
1.999838459177394334e-03 -1.923754807805411280e-03
2.721674609919344512e-03 -2.567212601282917693e-03
3.554346436871580472e-03 -3.277238136969922843e-03
4.497761398421062928e-03 -4.041469417038865905e-03
5.551814645166519568e-03 -4.846577244962874988e-03
6.716389031571567969e-03 -5.678936110748221237e-03
7.991355128984078959e-03 -6.524634999434219922e-03
9.376571240020115106e-03 -7.370333776937458559e-03
1.087188341431266636e-02 -8.203528477069010894e-03
1.247712546562085301e-02 -9.012877083182217058e-03
1.419211899029970692e-02 -9.788424865479605080e-03
1.601667338712764455e-02 -1.052325847391974954e-02
1.795058587848985532e-02 -1.121347267565578343e-02
1.999364153291383062e-02 -1.185815090236886846e-02
2.214561328895736647e-02 -1.245932878848579096e-02
2.440626198044326678e-02 -1.302709847652725947e-02
2.677533636303963682e-02 -1.357614299971734127e-02
2.925257314218321358e-02 -1.411330490175523832e-02
3.183769700234129196e-02 -1.464051000793103498e-02
3.453042063760936031e-02 -1.515640046563243928e-02
3.733044478364233587e-02 -1.565842896539932153e-02
4.023745825091396000e-02 -1.614625977592014719e-02
4.325113795930202176e-02 -1.662049733788169628e-02
4.637114897399441382e-02 -1.708207292167946562e-02
4.959714454271368922e-02 -1.753226753083924477e-02
5.292876613425423482e-02 -1.797341449010346481e-02
5.636564347832906385e-02 -1.840745185809597104e-02
5.990739460672012129e-02 -1.883389876931891235e-02
6.355362589573076981e-02 -1.925200401315032075e-02
6.730393210993146358e-02 -1.966180266896200984e-02
7.115789644719716645e-02 -2.006345586031613518e-02
7.511509058502996439e-02 -2.045708467283353926e-02
7.917507472816209813e-02 -2.084321670303241822e-02
8.333739765743386485e-02 -2.122320285803195455e-02
8.760159677994161509e-02 -2.159729682709505411e-02
9.196719818044885031e-02 -2.196368925253661814e-02
9.643371667405697956e-02 -2.231921745768363635e-02
1.010006558601274085e-01 -2.265910762496983408e-02
1.056675081774507419e-01 -2.297978939167241025e-02
1.104337549606562163e-01 -2.327935044342410026e-02
1.152988664978553679e-01 -2.355726975083304378e-02
1.202623020895129402e-01 -2.381433451494364972e-02
1.253235101085391490e-01 -2.405121838624492761e-02
1.304819280615971966e-01 -2.426848985999043029e-02
1.357369826516168221e-01 -2.446730043737900887e-02
1.410880898415101115e-01 -2.464921105413967958e-02
1.465346549190801317e-01 -2.481561982887087181e-02
1.520760725631161714e-01 -2.496759880201934040e-02
1.577117269106679265e-01 -2.510431418611067805e-02
1.634409916254914164e-01 -2.522397077846912430e-02
1.692632299676588570e-01 -2.532483818233592643e-02
1.751777948643248317e-01 -2.540520711853970839e-02
1.811840289816407656e-01 -2.546331265706413410e-02
1.872812647978095990e-01 -2.549728377263561427e-02
1.934688246772731102e-01 -2.550484552805714830e-02
1.997460209460230063e-01 -2.548420719323446493e-02
2.061121559680280102e-01 -2.543589477558247380e-02
2.125665222227673956e-01 -2.536138340820940501e-02
2.191084023838638650e-01 -2.526339119186752150e-02
2.257370693988056676e-01 -2.514476317535948094e-02
2.324517865697500740e-01 -2.500803563235104096e-02
2.392518076353984391e-01 -2.485629545699697546e-02
2.461363768539343022e-01 -2.469392628736274964e-02
2.531047290870154232e-01 -2.452396262520877002e-02
2.601560898848094272e-01 -2.434663352416855525e-02
2.672896755720651774e-01 -2.416029773349267704e-02
2.745046933352085494e-01 -2.396091253433068474e-02
2.818003413104546162e-01 -2.374465793848086481e-02
2.891758086729252497e-01 -2.350823900208815626e-02
2.966302757267624823e-01 -2.324769986977099842e-02
3.041629139962280792e-01 -2.295836603325051434e-02
3.117728863177794407e-01 -2.263632542351149898e-02
3.194593469331089564e-01 -2.227846293129814512e-02
3.272214415831418144e-01 -2.188261759600180351e-02
3.350583076029753915e-01 -2.144731990059338400e-02
3.429690740177547825e-01 -2.097080115560994579e-02
3.509528616394713696e-01 -2.045109566378653168e-02
3.590087831646743277e-01 -1.988633278915766939e-02
3.671359432730831873e-01 -1.927467726861997396e-02
3.753334387270930161e-01 -1.861415292903229393e-02
3.836003584721576765e-01 -1.790272547784511545e-02
3.919357837380436083e-01 -1.713840152745431736e-02
4.003387881409395943e-01 -1.631917204556088824e-02
4.088084377864137364e-01 -1.544286941761099929e-02
4.173437913732044313e-01 -1.450730990241178020e-02
4.259439002978354649e-01 -1.351045071666704019e-02
4.346078087600411255e-01 -1.245018787589276255e-02
4.433345538689928977e-01 -1.132408826918954343e-02
4.521231657503131940e-01 -1.013480167757834123e-02
4.609726676538650203e-01 -8.899556962542128774e-03
4.698820760623064752e-01 -7.637855403970109786e-03
4.788504008003974244e-01 -6.368540596670681404e-03
4.878766451450451402e-01 -5.112525173502846347e-03
4.969598059360780251e-01 -3.894856191250879642e-03
5.060988736877365390e-01 -2.733340858874512645e-03
5.152928327008634568e-01 -1.632983786429606293e-03
5.245406611757882365e-01 -5.930732937264387387e-04
5.338413313258880688e-01 3.933245586004568148e-04
5.431938094918128401e-01 1.332241630087153093e-03
5.525970562563653488e-01 2.228161156732448838e-03
5.620500265600203438e-01 3.086292107401771533e-03
5.715516698170692855e-01 3.912667217750243065e-03
5.811009300323815019e-01 4.713728261017811026e-03
5.906967459187653091e-01 5.496105431987917921e-03
6.003380510149177729e-01 6.264839701554432080e-03
6.100237738039482327e-01 7.023382095588889991e-03
6.197528378324663745e-01 7.770310369828808961e-03
6.295241618302156450e-01 8.501488952013379341e-03
6.393366598302444581e-01 9.213884799675598619e-03
6.491892412895989839e-01 9.904920035492627284e-03
6.590808112105230876e-01 1.057131357891312982e-02
6.690102702621547603e-01 1.120956242751675568e-02
6.789765149027036095e-01 1.181653666985527096e-02
6.889784375020977514e-01 1.238908028169532355e-02
6.990149264650814542e-01 1.292334752327165340e-02
7.090848663547572039e-01 1.341504829891747991e-02
7.191871380165538730e-01 1.385896540588822494e-02
7.293206187026060050e-01 1.424976467773104993e-02
7.394841821965345563e-01 1.458240876414850645e-02
7.496766989386134394e-01 1.485169808266344378e-02
7.598970361513051053e-01 1.505188220788695151e-02
7.701440579651563922e-01 1.517748724823237728e-02
7.804166255450371015e-01 1.522379172183023661e-02
7.907135972167069760e-01 1.518521202108858749e-02
8.010338285937002034e-01 1.505456402561319330e-02
8.113761727045106786e-01 1.482919914604491352e-02
8.217394801200630372e-01 1.451351551838787196e-02
8.321225990814590245e-01 1.411528675770340989e-02
8.425243756279822138e-01 1.364574793809784740e-02
8.529436537253458628e-01 1.311519069185719012e-02
8.633792753941731402e-01 1.253275225446749859e-02
8.738300808386934015e-01 1.190882273393679448e-02
8.842949085756387495e-01 1.125481506148526961e-02
8.947725955633289985e-01 1.058014873985487284e-02
9.052619773309316109e-01 9.891159989791946383e-03
9.157618881078770645e-01 9.176573204705221892e-03
9.262711609534211021e-01 8.414203736911681289e-03
9.367886278863364335e-01 7.583223725676610863e-03
9.473131200147204556e-01 6.663502341370745874e-03
9.578434676659028923e-01 5.634101006727895017e-03
9.683785005164411430e-01 4.473799949294844647e-03
9.789170477221889044e-01 3.161845214905823539e-03
9.894579380484205267e-01 1.677581403441639508e-03
9.999999999999998890e-01 -1.728487620004139874e-09
