9.999999999999998890e-01 1.222499876489140319e-03
9.894579380484205267e-01 4.866466737552361914e-03
9.789170477221889044e-01 8.443307870145981900e-03
9.683785005164411430e-01 1.195390413021740587e-02
9.578434676659028923e-01 1.539918581205320866e-02
9.473131200147204556e-01 1.878009855735070580e-02
9.367886278863364335e-01 2.209760223261578171e-02
9.262711609534211021e-01 2.535268369694186966e-02
9.157618881078770645e-01 2.854638538808183801e-02
9.052619773309316109e-01 3.167974212651836208e-02
8.947725955633289985e-01 3.475376108265152558e-02
8.842949085756387495e-01 3.776952606624823378e-02
8.738300808386934015e-01 4.072823543811075059e-02
8.633792753941731402e-01 4.363059735310918091e-02
8.529436537253458628e-01 4.647664700246850744e-02
8.425243756279822138e-01 4.926627244823856416e-02
8.321225990814590245e-01 5.199925207950414907e-02
8.217394801200630372e-01 5.467543209754868738e-02
8.113761727045106786e-01 5.729472872396797201e-02
8.010338285937002034e-01 5.985705824744081555e-02
7.907135972167069760e-01 6.236233817322905243e-02
7.804166255450371015e-01 6.481052796544985173e-02
7.701440579651563922e-01 6.720161740217674151e-02
7.598970361513051053e-01 6.953561569669228226e-02
7.496766989386134394e-01 7.181254706182370329e-02
7.394841821965345563e-01 7.403246959726857146e-02
7.293206187026060050e-01 7.619546159406244412e-02
7.191871380165538730e-01 7.830162813962722457e-02
7.090848663547572039e-01 8.035109086536269818e-02
6.990149264650814542e-01 8.234400290627832963e-02
6.889784375020977514e-01 8.428053435128479709e-02
6.789765149027036095e-01 8.616088400428123517e-02
6.690102702621547603e-01 8.798526693929863141e-02
6.590808112105230876e-01 8.975392853571602381e-02
6.491892412895989839e-01 9.146713017148394576e-02
6.393366598302444581e-01 9.312516046556987281e-02
6.295241618302156450e-01 9.472832501515277004e-02
6.197528378324663745e-01 9.627695874908168139e-02
6.100237738039482327e-01 9.777141192662910929e-02
6.003380510149177729e-01 9.921205729289392372e-02
5.906967459187653091e-01 1.005992880218547908e-01
5.811009300323815019e-01 1.019335276096833137e-01
5.715516698170692855e-01 1.032152104264389414e-01
5.620500265600203438e-01 1.044447831706440677e-01
5.525970562563653488e-01 1.056227256523706165e-01
5.431938094918128401e-01 1.067495559064169791e-01
5.338413313258880688e-01 1.078257793939901704e-01
5.245406611757882365e-01 1.088518917046576023e-01
5.152928327008634568e-01 1.098284811957500606e-01
5.060988736877365390e-01 1.107561973873026351e-01
4.969598059360780251e-01 1.116354320610241369e-01
4.878766451450451402e-01 1.124663418077810340e-01
4.788504008003974244e-01 1.132485760232213451e-01
4.698820760623064752e-01 1.139815246181318797e-01
4.609726676538650203e-01 1.146649756141667337e-01
4.521231657503131940e-01 1.152988362411791340e-01
4.433345538689928977e-01 1.158824144185338356e-01
4.346078087600411255e-01 1.164146076596258711e-01
4.259439002978354649e-01 1.168934325965195614e-01
4.173437913732044313e-01 1.173166869727044342e-01
4.088084377864137364e-01 1.176825992609655258e-01
4.003387881409395943e-01 1.179895480005115072e-01
3.919357837380436083e-01 1.182360047792270774e-01
3.836003584721576765e-01 1.184205329199820300e-01
3.753334387270930161e-01 1.185419158473905582e-01
3.671359432730831873e-01 1.185990587896027515e-01
3.590087831646743277e-01 1.185910726642528112e-01
3.509528616394713696e-01 1.185171384513312304e-01
3.429690740177547825e-01 1.183765235662390114e-01
3.350583076029753915e-01 1.181691094634068906e-01
3.272214415831418144e-01 1.178958810996788148e-01
3.194593469331089564e-01 1.175580650770956664e-01
3.117728863177794407e-01 1.171570786165979927e-01
3.041629139962280792e-01 1.166943535732822279e-01
2.966302757267624823e-01 1.161713219795504626e-01
2.891758086729252497e-01 1.155894729799580439e-01
2.818003413104546162e-01 1.149503595980927162e-01
2.745046933352085494e-01 1.142555692835306863e-01
2.672896755720651774e-01 1.135067205264670975e-01
2.601560898848094272e-01 1.127054676017528040e-01
2.531047290870154232e-01 1.118534969323099898e-01
2.461363768539343022e-01 1.109525575201532194e-01
2.392518076353984391e-01 1.100043793150104199e-01
2.324517865697500740e-01 1.090101344673782974e-01
2.257370693988056676e-01 1.079706993542146054e-01
2.191084023838638650e-01 1.068870247539675244e-01
2.125665222227673956e-01 1.057601213367593829e-01
2.061121559680280102e-01 1.045911503747676968e-01
1.997460209460230063e-01 1.033813478332488434e-01
1.934688246772731102e-01 1.021320376382361117e-01
1.872812647978095990e-01 1.008446076406467329e-01
1.811840289816407656e-01 9.952059632911175457e-02
1.751777948643248317e-01 9.816158829577134592e-02
1.692632299676588570e-01 9.676919203749539955e-02
1.634409916254914164e-01 9.534510971014668879e-02
1.577117269106679265e-01 9.389129274911017786e-02
1.520760725631161714e-01 9.240939982263399188e-02
1.465346549190801317e-01 9.090029855859114993e-02
1.410880898415101115e-01 8.936471119774654082e-02
1.357369826516168221e-01 8.780330029985371210e-02
1.304819280615971966e-01 8.621693388772100342e-02
1.253235101085391490e-01 8.460683082770575902e-02
1.202623020895129402e-01 8.297430523459094209e-02
1.152988664978553679e-01 8.132076543768324006e-02
1.104337549606562163e-01 7.964785703665663852e-02
1.056675081774507419e-01 7.795749263410636787e-02
1.010006558601274085e-01 7.625155557533001838e-02
9.643371667405697956e-02 7.453191408898533765e-02
9.196719818044885031e-02 7.280091432694313358e-02
8.760159677994161509e-02 7.106122239105085170e-02
8.333739765743386485e-02 6.931450034188818554e-02
7.917507472816209813e-02 6.756157559627334885e-02
7.511509058502996439e-02 6.580198600846152990e-02
7.115789644719716645e-02 6.403467013363259297e-02
6.730393210993146358e-02 6.225979610484390359e-02
6.355362589573076981e-02 6.047819637257180470e-02
5.990739460672012129e-02 5.869107036381145809e-02
5.636564347832906385e-02 5.689989612704882127e-02
5.292876613425423482e-02 5.510686231754733516e-02
4.959714454271368922e-02 5.331447337299620448e-02
4.637114897399441382e-02 5.152556687240297806e-02
4.325113795930202176e-02 4.974320744890153856e-02
4.023745825091396000e-02 4.797095383540526947e-02
3.733044478364233587e-02 4.621252815269508846e-02
3.453042063760936031e-02 4.447179417363841814e-02
3.183769700234129196e-02 4.274929672036251876e-02
2.925257314218321358e-02 4.103712558496704077e-02
2.677533636303963682e-02 3.932734183010740125e-02
2.440626198044326678e-02 3.761475633511024430e-02
2.214561328895736647e-02 3.589779971938873715e-02
1.999364153291383062e-02 3.418065203786843642e-02
1.795058587848985532e-02 3.246683607638093522e-02
1.601667338712764455e-02 3.075823001312069302e-02
1.419211899029970692e-02 2.906359533683264620e-02
1.247712546562085301e-02 2.740002401460252257e-02
1.087188341431266636e-02 2.577410310569285684e-02
9.376571240020115106e-03 2.418212721005983529e-02
7.991355128984078959e-03 2.264494506063565588e-02
6.716389031571567969e-03 2.120144737468771662e-02
5.551814645166519568e-03 1.983016053515851765e-02
4.497761398421062928e-03 1.846792870758739991e-02
3.554346436871580472e-03 1.709682743981880831e-02
2.721674609919344512e-03 1.572414905620151890e-02
1.999838459177394334e-03 1.432172128392283222e-02
1.388918208186096237e-03 1.287400568236823223e-02
8.889817534969424173e-04 1.159519773414688718e-02
5.000846571264760954e-04 1.068470945288178472e-02
2.222701403818971855e-04 9.652752294837144836e-03
5.556907905679420168e-05 7.282176884286535937e-03
0.000000000000000000e+00 4.962354167418010835e-05
0.000000000000000000e+00 2.188802007747180084e-08
5.556907905679420168e-05 -1.420538121876627766e-04
2.222701403818971855e-04 -5.563914207458863122e-04
5.000846571264760954e-04 -1.215470137259929513e-03
8.889817534969424173e-04 -2.068082688394772776e-03
1.388918208186096237e-03 -3.055972440493258738e-03
1.999838459177394334e-03 -4.114964419266050298e-03
2.721674609919344512e-03 -5.183779078919963784e-03
3.554346436871580472e-03 -6.210216709411925211e-03
4.497761398421062928e-03 -7.171706464519330901e-03
5.551814645166519568e-03 -8.099168368987998481e-03
6.716389031571567969e-03 -9.014056540741608933e-03
7.991355128984078959e-03 -9.913217594637200800e-03
9.376571240020115106e-03 -1.078664909523951478e-02
1.087188341431266636e-02 -1.161846198408352134e-02
1.247712546562085301e-02 -1.240254376277279483e-02
1.419211899029970692e-02 -1.314442606079915463e-02
1.601667338712764455e-02 -1.385333868631840291e-02
1.795058587848985532e-02 -1.454073763924846642e-02
1.999364153291383062e-02 -1.520695418650114782e-02
2.214561328895736647e-02 -1.584350374297844796e-02
2.440626198044326678e-02 -1.644411453695806408e-02
2.677533636303963682e-02 -1.700421007026636094e-02
2.925257314218321358e-02 -1.751952777991928542e-02
3.183769700234129196e-02 -1.798622653461604340e-02
3.453042063760936031e-02 -1.840253043024904500e-02
3.733044478364233587e-02 -1.876788894406143660e-02
4.023745825091396000e-02 -1.908333412810327839e-02
4.325113795930202176e-02 -1.935110708177587360e-02
4.637114897399441382e-02 -1.957653030519328208e-02
4.959714454271368922e-02 -1.976634127045224718e-02
5.292876613425423482e-02 -1.992903237358460006e-02
5.636564347832906385e-02 -2.007145197861428740e-02
5.990739460672012129e-02 -2.019290920167888734e-02
6.355362589573076981e-02 -2.029131700846919725e-02
6.730393210993146358e-02 -2.036541255217626245e-02
7.115789644719716645e-02 -2.041401351094684208e-02
7.511509058502996439e-02 -2.043576779816567296e-02
7.917507472816209813e-02 -2.042944056451862986e-02
8.333739765743386485e-02 -2.039408757574283360e-02
8.760159677994161509e-02 -2.032885392396762553e-02
9.196719818044885031e-02 -2.023297987784882998e-02
9.643371667405697956e-02 -2.010586201323107461e-02
1.010006558601274085e-01 -1.994711197968122157e-02
1.056675081774507419e-01 -1.975650250953478113e-02
1.104337549606562163e-01 -1.953398886035389095e-02
1.152988664978553679e-01 -1.927972458229722588e-02
1.202623020895129402e-01 -1.899406797187932344e-02
1.253235101085391490e-01 -1.867762775718647891e-02
1.304819280615971966e-01 -1.833123672380465585e-02
1.357369826516168221e-01 -1.795595874290960292e-02
1.410880898415101115e-01 -1.755305583413407228e-02
1.465346549190801317e-01 -1.712417844969096881e-02
1.520760725631161714e-01 -1.667123121715693990e-02
1.577117269106679265e-01 -1.619629341311254120e-02
1.634409916254914164e-01 -1.570163908941445488e-02
1.692632299676588570e-01 -1.519029160454847364e-02
1.751777948643248317e-01 -1.466541602924154378e-02
1.811840289816407656e-01 -1.412917003115580356e-02
1.872812647978095990e-01 -1.358314172717070382e-02
1.934688246772731102e-01 -1.302792296810252951e-02
1.997460209460230063e-01 -1.246392331627107532e-02
2.061121559680280102e-01 -1.189196983323830177e-02
2.125665222227673956e-01 -1.131296317960252436e-02
2.191084023838638650e-01 -1.072771917440550581e-02
2.257370693988056676e-01 -1.013709927573944528e-02
2.324517865697500740e-01 -9.542128863810757713e-03
2.392518076353984391e-01 -8.943875676495420882e-03
2.461363768539343022e-01 -8.343442554898748004e-03
2.531047290870154232e-01 -7.741994710759573899e-03
2.601560898848094272e-01 -7.140803509855830553e-03
2.672896755720651774e-01 -6.541188305538241272e-03
2.745046933352085494e-01 -5.944526684267635065e-03
2.818003413104546162e-01 -5.352274256152682146e-03
2.891758086729252497e-01 -4.765982476088774511e-03
2.966302757267624823e-01 -4.187244927512001787e-03
3.041629139962280792e-01 -3.617700381018858127e-03
3.117728863177794407e-01 -3.059111352888425287e-03
3.194593469331089564e-01 -2.513350232042591437e-03
3.272214415831418144e-01 -1.982263140336776655e-03
3.350583076029753915e-01 -1.467700682493273436e-03
3.429690740177547825e-01 -9.718442536529198770e-04
3.509528616394713696e-01 -4.968997644509864269e-04
3.590087831646743277e-01 -4.327478497916415509e-05
3.671359432730831873e-01 3.896856974397527808e-04
3.753334387270930161e-01 8.032168156871368012e-04
3.836003584721576765e-01 1.198801828230300522e-03
3.919357837380436083e-01 1.577845212544748757e-03
4.003387881409395943e-01 1.941779949255292240e-03
4.088084377864137364e-01 2.292337573389349216e-03
4.173437913732044313e-01 2.631327846418135812e-03
4.259439002978354649e-01 2.960494219170863028e-03
4.346078087600411255e-01 3.281709745201064326e-03
4.433345538689928977e-01 3.597349660803818468e-03
4.521231657503131940e-01 3.909302923674132756e-03
4.609726676538650203e-01 4.217777775654938527e-03
4.698820760623064752e-01 4.522411833745175816e-03
4.788504008003974244e-01 4.822196031859187111e-03
4.878766451450451402e-01 5.116125091209180846e-03
4.969598059360780251e-01 5.403381894257564336e-03
5.060988736877365390e-01 5.683087796786321678e-03
5.152928327008634568e-01 5.954227632191043743e-03
5.245406611757882365e-01 6.215803055940286037e-03
5.338413313258880688e-01 6.466854342723314317e-03
5.431938094918128401e-01 6.706355710636635256e-03
5.525970562563653488e-01 6.933215465436888200e-03
5.620500265600203438e-01 7.146661350584712635e-03
5.715516698170692855e-01 7.346241701901294781e-03
5.811009300323815019e-01 7.531552904509073929e-03
5.906967459187653091e-01 7.702219180716382563e-03
6.003380510149177729e-01 7.857854072386592434e-03
6.100237738039482327e-01 7.998063923349178067e-03
6.197528378324663745e-01 8.122463946624683059e-03
6.295241618302156450e-01 8.230674669030305438e-03
6.393366598302444581e-01 8.322316704445508612e-03
6.491892412895989839e-01 8.397011302103015579e-03
6.590808112105230876e-01 8.454383900949224290e-03
6.690102702621547603e-01 8.494062873784668025e-03
6.789765149027036095e-01 8.515683244439050184e-03
6.889784375020977514e-01 8.518882170266394924e-03
6.990149264650814542e-01 8.503296231837953814e-03
7.090848663547572039e-01 8.468566603192962880e-03
7.191871380165538730e-01 8.414352054517635141e-03
7.293206187026060050e-01 8.340310189050938183e-03
7.394841821965345563e-01 8.246082676682219004e-03
7.496766989386134394e-01 8.131327292422678779e-03
7.598970361513051053e-01 7.995750011055674858e-03
7.701440579651563922e-01 7.839032031280349089e-03
7.804166255450371015e-01 7.660787458474430794e-03
7.907135972167069760e-01 7.460702529494143455e-03
8.010338285937002034e-01 7.238602810816388219e-03
8.113761727045106786e-01 6.994173396884419656e-03
8.217394801200630372e-01 6.726879509747519213e-03
8.321225990814590245e-01 6.436504298140102893e-03
8.425243756279822138e-01 6.123224132506713963e-03
8.529436537253458628e-01 5.786577927894313682e-03
8.633792753941731402e-01 5.425478665447926001e-03
8.738300808386934015e-01 5.040164588149084746e-03
8.842949085756387495e-01 4.631892129179345473e-03
8.947725955633289985e-01 4.199254840554706054e-03
9.052619773309316109e-01 3.739373845694823461e-03
9.157618881078770645e-01 3.255558201369895127e-03
9.262711609534211021e-01 2.753946447524110389e-03
9.367886278863364335e-01 2.230826923807427680e-03
9.473131200147204556e-01 1.680374583736343221e-03
9.578434676659028923e-01 1.119454335497231537e-03
9.683785005164411430e-01 5.662871611469063194e-04
9.789170477221889044e-01 -1.236128521367487452e-05
9.894579380484205267e-01 -5.314139747591340888e-04
9.999999999999998890e-01 -2.385930486877750817e-04
