9.999999999999998890e-01 -1.432122531723399439e-10
9.894579380484205267e-01 2.145164381668718517e-03
9.789170477221889044e-01 4.248659576058808410e-03
9.683785005164411430e-01 6.309482761033210346e-03
9.578434676659028923e-01 8.326619224838306341e-03
9.473131200147204556e-01 1.029907663543163515e-02
9.367886278863364335e-01 1.222593031161766514e-02
9.262711609534211021e-01 1.410624977017387038e-02
9.157618881078770645e-01 1.593906638633529188e-02
9.052619773309316109e-01 1.772350065815950573e-02
8.947725955633289985e-01 1.945886517632457527e-02
8.842949085756387495e-01 2.114535000157203096e-02
8.738300808386934015e-01 2.278450450450278039e-02
8.633792753941731402e-01 2.437795298173867087e-02
8.529436537253458628e-01 2.592725834555068692e-02
8.425243756279822138e-01 2.743397299473796305e-02
8.321225990814590245e-01 2.889964596154344714e-02
8.217394801200630372e-01 3.032590320385194702e-02
8.113761727045106786e-01 3.171442825589950582e-02
8.010338285937002034e-01 3.306665441167864344e-02
7.907135972167069760e-01 3.438365714601021583e-02
7.804166255450371015e-01 3.566458873794950413e-02
7.701440579651563922e-01 3.690733284904692407e-02
7.598970361513051053e-01 3.811001290557849280e-02
7.496766989386134394e-01 3.927090071197893162e-02
7.394841821965345563e-01 4.038825758296468726e-02
7.293206187026060050e-01 4.146034540226746501e-02
7.191871380165538730e-01 4.248546694400676810e-02
7.090848663547572039e-01 4.346198749242855680e-02
6.990149264650814542e-01 4.438851607267663146e-02
6.889784375020977514e-01 4.526448794084877991e-02
6.789765149027036095e-01 4.609256591895897343e-02
6.690102702621547603e-01 4.687620433318958474e-02
6.590808112105230876e-01 4.761857025511234687e-02
6.491892412895989839e-01 4.832279497475979596e-02
6.393366598302444581e-01 4.899209207573615443e-02
6.295241618302156450e-01 4.962959470024562447e-02
6.197528378324663745e-01 5.023820399346867055e-02
6.100237738039482327e-01 5.082089223009655238e-02
6.003380510149177729e-01 5.138083200740953954e-02
5.906967459187653091e-01 5.192006791248281183e-02
5.811009300323815019e-01 5.243867675734482925e-02
5.715516698170692855e-01 5.293631777689426082e-02
5.620500265600203438e-01 5.341233060357673812e-02
5.525970562563653488e-01 5.386617387064576712e-02
5.431938094918128401e-01 5.429747693479653609e-02
5.338413313258880688e-01 5.470581504331981787e-02
5.245406611757882365e-01 5.509070606636924661e-02
5.152928327008634568e-01 5.545180962523153789e-02
5.060988736877365390e-01 5.578889159107133094e-02
4.969598059360780251e-01 5.610147652053679157e-02
4.878766451450451402e-01 5.638886090520859456e-02
4.788504008003974244e-01 5.664979418472365635e-02
4.698820760623064752e-01 5.688272948012878388e-02
4.609726676538650203e-01 5.708641073022071438e-02
4.521231657503131940e-01 5.725971974333882164e-02
4.433345538689928977e-01 5.740144934141068467e-02
4.346078087600411255e-01 5.751042045803492209e-02
4.259439002978354649e-01 5.758583275976186105e-02
4.173437913732044313e-01 5.762692821673176535e-02
4.088084377864137364e-01 5.763252046755441144e-02
4.003387881409395943e-01 5.760175825045342479e-02
3.919357837380436083e-01 5.753556110124670442e-02
3.836003584721576765e-01 5.743585389532793184e-02
3.753334387270930161e-01 5.730639865997791405e-02
3.671359432730831873e-01 5.715105148531581664e-02
3.590087831646743277e-01 5.697296204643800821e-02
3.509528616394713696e-01 5.677520634705805064e-02
3.429690740177547825e-01 5.656094797828927628e-02
3.350583076029753915e-01 5.633321130666289756e-02
3.272214415831418144e-01 5.609474418500673409e-02
3.194593469331089564e-01 5.584821006720265546e-02
3.117728863177794407e-01 5.559618478243488066e-02
3.041629139962280792e-01 5.534111284443682388e-02
2.966302757267624823e-01 5.508516708253084759e-02
2.891758086729252497e-01 5.482750795284893619e-02
2.818003413104546162e-01 5.456404364436755194e-02
2.745046933352085494e-01 5.429081357002916303e-02
2.672896755720651774e-01 5.400414422984684687e-02
2.601560898848094272e-01 5.370060229782868538e-02
2.531047290870154232e-01 5.337696769077719672e-02
2.461363768539343022e-01 5.303043730823496504e-02
2.392518076353984391e-01 5.265848495992572070e-02
2.324517865697500740e-01 5.225866239605019697e-02
2.257370693988056676e-01 5.182866267840233881e-02
2.191084023838638650e-01 5.136694577141471402e-02
2.125665222227673956e-01 5.087220725796755272e-02
2.061121559680280102e-01 5.034243176616721299e-02
1.997460209460230063e-01 4.977614358745794526e-02
1.934688246772731102e-01 4.917596966008572212e-02
1.872812647978095990e-01 4.854654567960760975e-02
1.811840289816407656e-01 4.789547976837901094e-02
1.751777948643248317e-01 4.723053750735720091e-02
1.692632299676588570e-01 4.655737863929589049e-02
1.634409916254914164e-01 4.588146991331546604e-02
1.577117269106679265e-01 4.520900178777553791e-02
1.520760725631161714e-01 4.454507281432123350e-02
1.465346549190801317e-01 4.389188907871732076e-02
1.410880898415101115e-01 4.324772883462144057e-02
1.357369826516168221e-01 4.260399555023525880e-02
1.304819280615971966e-01 4.195250490656124431e-02
1.253235101085391490e-01 4.128707486243380492e-02
1.202623020895129402e-01 4.060217533737923989e-02
1.152988664978553679e-01 3.989293587237863203e-02
1.104337549606562163e-01 3.915498546248418615e-02
1.056675081774507419e-01 3.838454886665761817e-02
1.010006558601274085e-01 3.757941932679385172e-02
9.643371667405697956e-02 3.673930075022131814e-02
9.196719818044885031e-02 3.587064154790243348e-02
8.760159677994161509e-02 3.498530327153323571e-02
8.333739765743386485e-02 3.409362103123440846e-02
7.917507472816209813e-02 3.320455461120139923e-02
7.511509058502996439e-02 3.232508174038873500e-02
7.115789644719716645e-02 3.145959282590712891e-02
6.730393210993146358e-02 3.060061631932177797e-02
6.355362589573076981e-02 2.973560079450306842e-02
5.990739460672012129e-02 2.885699659421875340e-02
5.636564347832906385e-02 2.795911608848822977e-02
5.292876613425423482e-02 2.703514088152445677e-02
4.959714454271368922e-02 2.608047044419895683e-02
4.637114897399441382e-02 2.510221679204342748e-02
4.325113795930202176e-02 2.411199296872606340e-02
4.023745825091396000e-02 2.312589005066945785e-02
3.733044478364233587e-02 2.215922234983686012e-02
3.453042063760936031e-02 2.122177229190904540e-02
3.183769700234129196e-02 2.032196755302214178e-02
2.925257314218321358e-02 1.946745852459967618e-02
2.677533636303963682e-02 1.866408620001580240e-02
2.440626198044326678e-02 1.791394508342479888e-02
2.214561328895736647e-02 1.720227789734587662e-02
1.999364153291383062e-02 1.648561866410070201e-02
1.795058587848985532e-02 1.572756671798970426e-02
1.601667338712764455e-02 1.490674603251048239e-02
1.419211899029970692e-02 1.401056272487807668e-02
1.247712546562085301e-02 1.303613565621851433e-02
1.087188341431266636e-02 1.198756879806733497e-02
9.376571240020115106e-03 1.087591440112500342e-02
7.991355128984078959e-03 9.716741279936561004e-03
6.716389031571567969e-03 8.529511642072166305e-03
5.551814645166519568e-03 7.336204347392640511e-03
4.497761398421062928e-03 6.160618353042364090e-03
3.554346436871580472e-03 5.026957615286584136e-03
2.721674609919344512e-03 3.959497939385304977e-03
1.999838459177394334e-03 2.981113935626947091e-03
1.388918208186096237e-03 2.113537543883087406e-03
8.889817534969424173e-04 1.375588024297494426e-03
5.000846571264760954e-04 7.840916986686611179e-04
2.222701403818971855e-04 3.516642300537525367e-04
5.556907905679420168e-05 8.844072507891502749e-05
0.000000000000000000e+00 -1.980778454243763052e-09
0.000000000000000000e+00 1.319458804004287607e-09
5.556907905679420168e-05 -4.226321964423925058e-05
2.222701403818971855e-04 -1.676558665017018046e-04
5.000846571264760954e-04 -3.724647921392574852e-04
8.889817534969424173e-04 -6.499447353604643172e-04
1.388918208186096237e-03 -9.917009993410642009e-04
1.999838459177394334e-03 -1.386540400815068109e-03
2.721674609919344512e-03 -1.821947593053636558e-03
3.554346436871580472e-03 -2.283476872320123682e-03
4.497761398421062928e-03 -2.755931476995531273e-03
5.551814645166519568e-03 -3.223198042467131843e-03
6.716389031571567969e-03 -3.669226005318677181e-03
7.991355128984078959e-03 -4.078255930672551426e-03
9.376571240020115106e-03 -4.435766207410734262e-03
1.087188341431266636e-02 -4.728944074667221741e-03
1.247712546562085301e-02 -4.947600677535021925e-03
1.419211899029970692e-02 -5.084590017235731882e-03
1.601667338712764455e-02 -5.137448247182410145e-03
1.795058587848985532e-02 -5.108416783396638530e-03
1.999364153291383062e-02 -5.006254299694381203e-03
2.214561328895736647e-02 -4.845614299858528456e-03
2.440626198044326678e-02 -4.651263855097649905e-03
2.677533636303963682e-02 -4.452824665091256566e-03
2.925257314218321358e-02 -4.261560578111349765e-03
3.183769700234129196e-02 -4.078033570141248454e-03
3.453042063760936031e-02 -3.901023611210561320e-03
3.733044478364233587e-02 -3.728487475942907862e-03
4.023745825091396000e-02 -3.558158658059712692e-03
4.325113795930202176e-02 -3.387267674336860452e-03
4.637114897399441382e-02 -3.210853357876708360e-03
4.959714454271368922e-02 -3.023565220762911183e-03
5.292876613425423482e-02 -2.821474285242065241e-03
5.636564347832906385e-02 -2.602040529179906834e-03
5.990739460672012129e-02 -2.366300011568449324e-03
6.355362589573076981e-02 -2.115940684034787328e-03
6.730393210993146358e-02 -1.852230108948182572e-03
7.115789644719716645e-02 -1.576695626905157480e-03
7.511509058502996439e-02 -1.291685486747738351e-03
7.917507472816209813e-02 -9.997332531668011533e-04
8.333739765743386485e-02 -7.035026305975062341e-04
8.760159677994161509e-02 -4.058854656215010260e-04
9.196719818044885031e-02 -1.101463275251980559e-04
9.643371667405697956e-02 1.798824906035261439e-04
1.010006558601274085e-01 4.596680376345332842e-04
1.056675081774507419e-01 7.266279467997619444e-04
1.104337549606562163e-01 9.806221834298784953e-04
1.152988664978553679e-01 1.222152818158540703e-03
1.202623020895129402e-01 1.452236175006426213e-03
1.253235101085391490e-01 1.672049511715114831e-03
1.304819280615971966e-01 1.882905697636898809e-03
1.357369826516168221e-01 2.086352868804946473e-03
1.410880898415101115e-01 2.284156652506472759e-03
1.465346549190801317e-01 2.478624251227403916e-03
1.520760725631161714e-01 2.672211154632277760e-03
1.577117269106679265e-01 2.865834958579464766e-03
1.634409916254914164e-01 3.059549726953464388e-03
1.692632299676588570e-01 3.252870799600003117e-03
1.751777948643248317e-01 3.445117663005326132e-03
1.811840289816407656e-01 3.635784836411923206e-03
1.872812647978095990e-01 3.824389921894754633e-03
1.934688246772731102e-01 4.010267805073039135e-03
1.997460209460230063e-01 4.192737320627009517e-03
2.061121559680280102e-01 4.371260922559778647e-03
2.125665222227673956e-01 4.545374234848897736e-03
2.191084023838638650e-01 4.714735363957850249e-03
2.257370693988056676e-01 4.879013592827092724e-03
2.324517865697500740e-01 5.037843987517737904e-03
2.392518076353984391e-01 5.190859360486432296e-03
2.461363768539343022e-01 5.337699651587380842e-03
2.531047290870154232e-01 5.477999624071398614e-03
2.601560898848094272e-01 5.611382853835725042e-03
2.672896755720651774e-01 5.737471270376613523e-03
2.745046933352085494e-01 5.855885974176230045e-03
2.818003413104546162e-01 5.966243054569215012e-03
2.891758086729252497e-01 6.068152190032548125e-03
2.966302757267624823e-01 6.161222044955637356e-03
3.041629139962280792e-01 6.245074915288703968e-03
3.117728863177794407e-01 6.319616278090291368e-03
3.194593469331089564e-01 6.385014535457506947e-03
3.272214415831418144e-01 6.441488844120501350e-03
3.350583076029753915e-01 6.489291897846096412e-03
3.429690740177547825e-01 6.528697159884135418e-03
3.509528616394713696e-01 6.559998403176383816e-03
3.590087831646743277e-01 6.583558192599436171e-03
3.671359432730831873e-01 6.599773923585994760e-03
3.753334387270930161e-01 6.609022621164078494e-03
3.836003584721576765e-01 6.611700111972131089e-03
3.919357837380436083e-01 6.608376878014535216e-03
4.003387881409395943e-01 6.599600208669047924e-03
4.088084377864137364e-01 6.585463500228094791e-03
4.173437913732044313e-01 6.565807020900570230e-03
4.259439002978354649e-01 6.540013804797854997e-03
4.346078087600411255e-01 6.507387570725923012e-03
4.433345538689928977e-01 6.467367311103177849e-03
4.521231657503131940e-01 6.419371244531067375e-03
4.609726676538650203e-01 6.362677142632151492e-03
4.698820760623064752e-01 6.296587599760036097e-03
4.788504008003974244e-01 6.220520421129703374e-03
4.878766451450451402e-01 6.133777594765734906e-03
4.969598059360780251e-01 6.035409434755938975e-03
5.060988736877365390e-01 5.924996559770577195e-03
5.152928327008634568e-01 5.803047607535089490e-03
5.245406611757882365e-01 5.670490390220353678e-03
5.338413313258880688e-01 5.528711792101280789e-03
5.431938094918128401e-01 5.379075947416716783e-03
5.525970562563653488e-01 5.222884577551942589e-03
5.620500265600203438e-01 5.061511341084718937e-03
5.715516698170692855e-01 4.896409125216613992e-03
5.811009300323815019e-01 4.729115443622209161e-03
5.906967459187653091e-01 4.561225778046997838e-03
6.003380510149177729e-01 4.394212178508696311e-03
6.100237738039482327e-01 4.229354772127954729e-03
6.197528378324663745e-01 4.066861320844432359e-03
6.295241618302156450e-01 3.906327753013743610e-03
6.393366598302444581e-01 3.747486554259582634e-03
6.491892412895989839e-01 3.590129383744195771e-03
6.590808112105230876e-01 3.433967899722789336e-03
6.690102702621547603e-01 3.278684648535452363e-03
6.789765149027036095e-01 3.123983584618794662e-03
6.889784375020977514e-01 2.969572291294079753e-03
6.990149264650814542e-01 2.815141753393304077e-03
7.090848663547572039e-01 2.660358776611256894e-03
7.191871380165538730e-01 2.504817959596052253e-03
7.293206187026060050e-01 2.348102862027758118e-03
7.394841821965345563e-01 2.189814244805866547e-03
7.496766989386134394e-01 2.029527772773623891e-03
7.598970361513051053e-01 1.866747704635543688e-03
7.701440579651563922e-01 1.701023252317762462e-03
7.804166255450371015e-01 1.532019977573380884e-03
7.907135972167069760e-01 1.359261395037471981e-03
8.010338285937002034e-01 1.182022890960417877e-03
8.113761727045106786e-01 1.001064879505718548e-03
8.217394801200630372e-01 8.193940544983271653e-04
8.321225990814590245e-01 6.404328043295710697e-04
8.425243756279822138e-01 4.678962062541796771e-04
8.529436537253458628e-01 3.055128145097497114e-04
8.633792753941731402e-01 1.570029781282974047e-04
8.738300808386934015e-01 2.602987124600319977e-05
8.842949085756387495e-01 -8.377098697808009432e-05
8.947725955633289985e-01 -1.684368246820605673e-04
9.052619773309316109e-01 -2.241779994774954689e-04
9.157618881078770645e-01 -2.519262410819560205e-04
9.262711609534211021e-01 -2.556531749302283973e-04
9.367886278863364335e-01 -2.399148904914053123e-04
9.473131200147204556e-01 -2.095255156942646185e-04
9.578434676659028923e-01 -1.691099734098983911e-04
9.683785005164411430e-01 -1.232336836504591777e-04
9.789170477221889044e-01 -7.661115817372210143e-05
9.894579380484205267e-01 -3.398858896499754088e-05
9.999999999999998890e-01 5.001212188646923157e-10
