9.999999999999998890e-01 9.000019591699305382e-04
9.894579380484205267e-01 2.409248717284045646e-03
9.789170477221889044e-01 3.971352748093423188e-03
9.683785005164411430e-01 5.574858763176384312e-03
9.578434676659028923e-01 7.208767972113184694e-03
9.473131200147204556e-01 8.861997289524404381e-03
9.367886278863364335e-01 1.052297982614987075e-02
9.262711609534211021e-01 1.218045525395974014e-02
9.157618881078770645e-01 1.382403554634233436e-02
9.052619773309316109e-01 1.544266774165186339e-02
8.947725955633289985e-01 1.702385559107081475e-02
8.842949085756387495e-01 1.855767851064565876e-02
8.738300808386934015e-01 2.003871346054255168e-02
8.633792753941731402e-01 2.146811181633584420e-02
8.529436537253458628e-01 2.285522665201474707e-02
8.425243756279822138e-01 2.420824817817703728e-02
8.321225990814590245e-01 2.553329159161471865e-02
8.217394801200630372e-01 2.683388643441369723e-02
8.113761727045106786e-01 2.811116435214782577e-02
8.010338285937002034e-01 2.936553291112148009e-02
7.907135972167069760e-01 3.059696851775718651e-02
7.804166255450371015e-01 3.180635782007833895e-02
7.701440579651563922e-01 3.299524285044280053e-02
7.598970361513051053e-01 3.416547976185954627e-02
7.496766989386134394e-01 3.531916789665260487e-02
7.394841821965345563e-01 3.645897426997540131e-02
7.293206187026060050e-01 3.758744318813630331e-02
7.191871380165538730e-01 3.870460539582357140e-02
7.090848663547572039e-01 3.980910345564926678e-02
6.990149264650814542e-01 4.089750828534287341e-02
6.889784375020977514e-01 4.196579185927682559e-02
6.789765149027036095e-01 4.301026789623625668e-02
6.690102702621547603e-01 4.402767965355534885e-02
6.590808112105230876e-01 4.501597094582088232e-02
6.491892412895989839e-01 4.597421943084207402e-02
6.393366598302444581e-01 4.690404892147397725e-02
6.295241618302156450e-01 4.780727400667219434e-02
6.197528378324663745e-01 4.868504123456906391e-02
6.100237738039482327e-01 4.953851908599140458e-02
6.003380510149177729e-01 5.036911940154209510e-02
5.906967459187653091e-01 5.117795975504212114e-02
5.811009300323815019e-01 5.196560628010010729e-02
5.715516698170692855e-01 5.273257917386872662e-02
5.620500265600203438e-01 5.347941178433368581e-02
5.525970562563653488e-01 5.420670724913195793e-02
5.431938094918128401e-01 5.491513601643679271e-02
5.338413313258880688e-01 5.560499943191245936e-02
5.245406611757882365e-01 5.627618928862911790e-02
5.152928327008634568e-01 5.692806403259150633e-02
5.060988736877365390e-01 5.755955787371745680e-02
4.969598059360780251e-01 5.816985002349589484e-02
4.878766451450451402e-01 5.875829401628471921e-02
4.788504008003974244e-01 5.932410319293900114e-02
4.698820760623064752e-01 5.986647530021357855e-02
4.609726676538650203e-01 6.038522940293278296e-02
4.521231657503131940e-01 6.088053664712772539e-02
4.433345538689928977e-01 6.135281044484471036e-02
4.346078087600411255e-01 6.180255268079772046e-02
4.259439002978354649e-01 6.223018808280560837e-02
4.173437913732044313e-01 6.263612309239770248e-02
4.088084377864137364e-01 6.302080678325285013e-02
4.003387881409395943e-01 6.338471643407019018e-02
3.919357837380436083e-01 6.372838990824480909e-02
3.836003584721576765e-01 6.405239513114878436e-02
3.753334387270930161e-01 6.435734909791873681e-02
3.671359432730831873e-01 6.464384674736599334e-02
3.590087831646743277e-01 6.491239997526848660e-02
3.509528616394713696e-01 6.516356960644496821e-02
3.429690740177547825e-01 6.539804695564405135e-02
3.350583076029753915e-01 6.561597386201330206e-02
3.272214415831418144e-01 6.581645664166360654e-02
3.194593469331089564e-01 6.599850060430732801e-02
3.117728863177794407e-01 6.616112584300307131e-02
3.041629139962280792e-01 6.630337915140827043e-02
2.966302757267624823e-01 6.642434989502894738e-02
2.891758086729252497e-01 6.652338986702824308e-02
2.818003413104546162e-01 6.660007976480908365e-02
2.745046933352085494e-01 6.665293615196254962e-02
2.672896755720651774e-01 6.667946675803043677e-02
2.601560898848094272e-01 6.667686999817114268e-02
2.531047290870154232e-01 6.664218323998136184e-02
2.461363768539343022e-01 6.657303087984112189e-02
2.392518076353984391e-01 6.646741611424893115e-02
2.324517865697500740e-01 6.632327426611915600e-02
2.257370693988056676e-01 6.613866994139262767e-02
2.191084023838638650e-01 6.591295651828499302e-02
2.125665222227673956e-01 6.564626303063410273e-02
2.061121559680280102e-01 6.533986387383895755e-02
1.997460209460230063e-01 6.499539077270860554e-02
1.934688246772731102e-01 6.461408185866236720e-02
1.872812647978095990e-01 6.419715992951222083e-02
1.811840289816407656e-01 6.374630135171993617e-02
1.751777948643248317e-01 6.326307989443320789e-02
1.692632299676588570e-01 6.274831322289256552e-02
1.634409916254914164e-01 6.220178525680328252e-02
1.577117269106679265e-01 6.162081415659184658e-02
1.520760725631161714e-01 6.100268744111756597e-02
1.465346549190801317e-01 6.034563919672969456e-02
1.410880898415101115e-01 5.964820137346776852e-02
1.357369826516168221e-01 5.890922808526398435e-02
1.304819280615971966e-01 5.812789868729882625e-02
1.253235101085391490e-01 5.730387510139391821e-02
1.202623020895129402e-01 5.643726776715220217e-02
1.152988664978553679e-01 5.552875542203379589e-02
1.104337549606562163e-01 5.457934823193685142e-02
1.056675081774507419e-01 5.359040251306709801e-02
1.010006558601274085e-01 5.256346627668037619e-02
9.643371667405697956e-02 5.150027223240150748e-02
9.196719818044885031e-02 5.040281195668304404e-02
8.760159677994161509e-02 4.927329128679297510e-02
8.333739765743386485e-02 4.811399258750615610e-02
7.917507472816209813e-02 4.692724238215781329e-02
7.511509058502996439e-02 4.571531745398339092e-02
7.115789644719716645e-02 4.448051080932945156e-02
6.730393210993146358e-02 4.322549494278875998e-02
6.355362589573076981e-02 4.195312519903456744e-02
5.990739460672012129e-02 4.066623020642926023e-02
5.636564347832906385e-02 3.936772346536866057e-02
5.292876613425423482e-02 3.806104595056176987e-02
4.959714454271368922e-02 3.674964989727177306e-02
4.637114897399441382e-02 3.543623093037602534e-02
4.325113795930202176e-02 3.412372169012913709e-02
4.023745825091396000e-02 3.281671728208881283e-02
3.733044478364233587e-02 3.151796331140435670e-02
3.453042063760936031e-02 3.022338596040338027e-02
3.183769700234129196e-02 2.892707904115063636e-02
2.925257314218321358e-02 2.762179686593897732e-02
2.677533636303963682e-02 2.630282242337118881e-02
2.440626198044326678e-02 2.497120235571889321e-02
2.214561328895736647e-02 2.362831445884511911e-02
1.999364153291383062e-02 2.227491789563992505e-02
1.795058587848985532e-02 2.091614493805270605e-02
1.601667338712764455e-02 1.956385653137947267e-02
1.419211899029970692e-02 1.823578062588809140e-02
1.247712546562085301e-02 1.695627814348366416e-02
1.087188341431266636e-02 1.574961151494825434e-02
9.376571240020115106e-03 1.463607179088894164e-02
7.991355128984078959e-03 1.357166076583487396e-02
6.716389031571567969e-03 1.245821542564669142e-02
5.551814645166519568e-03 1.123737215100938797e-02
4.497761398421062928e-03 9.885858974572187680e-03
3.554346436871580472e-03 8.423918851167310970e-03
2.721674609919344512e-03 6.900246628005009611e-03
1.999838459177394334e-03 5.377422039348202405e-03
1.388918208186096237e-03 3.925391772582820932e-03
8.889817534969424173e-04 2.615964412968655936e-03
5.000846571264760954e-04 1.519222565531346989e-03
2.222701403818971855e-04 6.903146349017282284e-04
5.556907905679420168e-05 1.749950992724102529e-04
0.000000000000000000e+00 -4.622294662468011899e-09
0.000000000000000000e+00 3.952038280638728730e-09
5.556907905679420168e-05 -1.344842921119481372e-04
2.222701403818971855e-04 -5.293194601494020804e-04
5.000846571264760954e-04 -1.160627782749065881e-03
8.889817534969424173e-04 -1.987641873319277198e-03
1.388918208186096237e-03 -2.961282565601758114e-03
1.999838459177394334e-03 -4.019292578432365204e-03
2.721674609919344512e-03 -5.098121112152161419e-03
3.554346436871580472e-03 -6.136383930508588179e-03
4.497761398421062928e-03 -7.079669274727402525e-03
5.551814645166519568e-03 -7.886591832974116853e-03
6.716389031571567969e-03 -8.542068019992320183e-03
7.991355128984078959e-03 -9.071199479425688661e-03
9.376571240020115106e-03 -9.531216109939837089e-03
1.087188341431266636e-02 -1.001571543801442823e-02
1.247712546562085301e-02 -1.056784288263480989e-02
1.419211899029970692e-02 -1.117086184377110054e-02
1.601667338712764455e-02 -1.180318863872899422e-02
1.795058587848985532e-02 -1.244211317814436675e-02
1.999364153291383062e-02 -1.307200279542868743e-02
2.214561328895736647e-02 -1.368343409945292112e-02
2.440626198044326678e-02 -1.427313135452654147e-02
2.677533636303963682e-02 -1.484175447666897379e-02
2.925257314218321358e-02 -1.538896896286264838e-02
3.183769700234129196e-02 -1.591438923068809116e-02
3.453042063760936031e-02 -1.642202181232625333e-02
3.733044478364233587e-02 -1.691782237433271316e-02
4.023745825091396000e-02 -1.740685780128832516e-02
4.325113795930202176e-02 -1.789306569101016542e-02
4.637114897399441382e-02 -1.837631745539517608e-02
4.959714454271368922e-02 -1.885544540203757877e-02
5.292876613425423482e-02 -1.933054837949129551e-02
5.636564347832906385e-02 -1.980176296744949951e-02
5.990739460672012129e-02 -2.026814111514173289e-02
6.355362589573076981e-02 -2.072864790124915799e-02
6.730393210993146358e-02 -2.118270194219424099e-02
7.115789644719716645e-02 -2.162980912944422948e-02
7.511509058502996439e-02 -2.206948733203985269e-02
7.917507472816209813e-02 -2.250142995073019930e-02
8.333739765743386485e-02 -2.292568279792564848e-02
8.760159677994161509e-02 -2.334226993613340920e-02
9.196719818044885031e-02 -2.375110594266933994e-02
9.643371667405697956e-02 -2.415211237927043092e-02
1.010006558601274085e-01 -2.454524003328643900e-02
1.056675081774507419e-01 -2.493057225715064260e-02
1.104337549606562163e-01 -2.530835761749213736e-02
1.152988664978553679e-01 -2.567903891917479309e-02
1.202623020895129402e-01 -2.604324873700727960e-02
1.253235101085391490e-01 -2.640165902485705138e-02
1.304819280615971966e-01 -2.675491551373640822e-02
1.357369826516168221e-01 -2.710294358896420119e-02
1.410880898415101115e-01 -2.744516080645967651e-02
1.465346549190801317e-01 -2.778112549681934287e-02
1.520760725631161714e-01 -2.811048268259659297e-02
1.577117269106679265e-01 -2.843282616825026921e-02
1.634409916254914164e-01 -2.874773958142641875e-02
1.692632299676588570e-01 -2.905492232721001294e-02
1.751777948643248317e-01 -2.935404618708470012e-02
1.811840289816407656e-01 -2.964434445532611317e-02
1.872812647978095990e-01 -2.992485056425706752e-02
1.934688246772731102e-01 -3.019438839849884412e-02
1.997460209460230063e-01 -3.045174226123192190e-02
2.061121559680280102e-01 -3.069577936237193397e-02
2.125665222227673956e-01 -3.092529528310764692e-02
2.191084023838638650e-01 -3.113879578222739433e-02
2.257370693988056676e-01 -3.133499186758901406e-02
2.324517865697500740e-01 -3.151328575787751968e-02
2.392518076353984391e-01 -3.167357541625361039e-02
2.461363768539343022e-01 -3.181659646565752897e-02
2.531047290870154232e-01 -3.194312164841393853e-02
2.601560898848094272e-01 -3.205379297768626290e-02
2.672896755720651774e-01 -3.214943830402067215e-02
2.745046933352085494e-01 -3.223118810244282595e-02
2.818003413104546162e-01 -3.230004599063773796e-02
2.891758086729252497e-01 -3.235679639359890364e-02
2.966302757267624823e-01 -3.240161764383769905e-02
3.041629139962280792e-01 -3.243404957613817835e-02
3.117728863177794407e-01 -3.245373812986338674e-02
3.194593469331089564e-01 -3.246045169594008462e-02
3.272214415831418144e-01 -3.245388891928153302e-02
3.350583076029753915e-01 -3.243369958625517968e-02
3.429690740177547825e-01 -3.239963668829430599e-02
3.509528616394713696e-01 -3.235157457018152799e-02
3.590087831646743277e-01 -3.228988687305611727e-02
3.671359432730831873e-01 -3.221522080588176684e-02
3.753334387270930161e-01 -3.212823123501324513e-02
3.836003584721576765e-01 -3.202959438936196085e-02
3.919357837380436083e-01 -3.192010459971666297e-02
4.003387881409395943e-01 -3.180059613854614720e-02
4.088084377864137364e-01 -3.167187776578365976e-02
4.173437913732044313e-01 -3.153458793139728156e-02
4.259439002978354649e-01 -3.138869035818771247e-02
4.346078087600411255e-01 -3.123399197473021929e-02
4.433345538689928977e-01 -3.107036334932668925e-02
4.521231657503131940e-01 -3.089768033609172765e-02
4.609726676538650203e-01 -3.071579527764667361e-02
4.698820760623064752e-01 -3.052456781951687348e-02
4.788504008003974244e-01 -3.032388467977525578e-02
4.878766451450451402e-01 -3.011366297212014764e-02
4.969598059360780251e-01 -2.989387163029730982e-02
5.060988736877365390e-01 -2.966447190230955128e-02
5.152928327008634568e-01 -2.942540342354876479e-02
5.245406611757882365e-01 -2.917664562904861980e-02
5.338413313258880688e-01 -2.891823128680717780e-02
5.431938094918128401e-01 -2.865005723873219334e-02
5.525970562563653488e-01 -2.837185021085796705e-02
5.620500265600203438e-01 -2.808317500343286699e-02
5.715516698170692855e-01 -2.778344950982438930e-02
5.811009300323815019e-01 -2.747213983054864680e-02
5.906967459187653091e-01 -2.714875186235617133e-02
6.003380510149177729e-01 -2.681272190387541665e-02
6.100237738039482327e-01 -2.646352128259690795e-02
6.197528378324663745e-01 -2.610149033267984003e-02
6.295241618302156450e-01 -2.572747360987268431e-02
6.393366598302444581e-01 -2.534226240696515683e-02
6.491892412895989839e-01 -2.494665689244801934e-02
6.590808112105230876e-01 -2.454171353260806154e-02
6.690102702621547603e-01 -2.412842837029356355e-02
6.789765149027036095e-01 -2.370689076373468790e-02
6.889784375020977514e-01 -2.327675881889063741e-02
6.990149264650814542e-01 -2.283713954802838245e-02
7.090848663547572039e-01 -2.238701769122993651e-02
7.191871380165538730e-01 -2.192549818823031488e-02
7.293206187026060050e-01 -2.145174259822712690e-02
7.394841821965345563e-01 -2.096500077435956358e-02
7.496766989386134394e-01 -2.046467292456534415e-02
7.598970361513051053e-01 -1.995049648811080684e-02
7.701440579651563922e-01 -1.942215964618185589e-02
7.804166255450371015e-01 -1.887913931475264720e-02
7.907135972167069760e-01 -1.832115830943620988e-02
8.010338285937002034e-01 -1.774842310888808186e-02
8.113761727045106786e-01 -1.716132947593139099e-02
8.217394801200630372e-01 -1.656048175845725723e-02
8.321225990814590245e-01 -1.594653292872686562e-02
8.425243756279822138e-01 -1.532008092541308451e-02
8.529436537253458628e-01 -1.467933366240300325e-02
8.633792753941731402e-01 -1.401998624966539937e-02
8.738300808386934015e-01 -1.333769760474908320e-02
8.842949085756387495e-01 -1.262814281663318834e-02
8.947725955633289985e-01 -1.188616619647040254e-02
9.052619773309316109e-01 -1.110594492754039819e-02
9.157618881078770645e-01 -1.028115747272846138e-02
9.262711609534211021e-01 -9.405195309278451682e-03
9.367886278863364335e-01 -8.471606056067037746e-03
9.473131200147204556e-01 -7.474010362417151526e-03
9.578434676659028923e-01 -6.405941962687971072e-03
9.683785005164411430e-01 -5.260909332692493591e-03
9.789170477221889044e-01 -4.032500655483265382e-03
9.894579380484205267e-01 -2.714330567520023205e-03
9.999999999999998890e-01 -1.299999797661259560e-03
