9.999999999999998890e-01 -1.057765583064304961e-03
9.894579380484205267e-01 2.258287654674286397e-04
9.789170477221889044e-01 1.690108607053467235e-03
9.683785005164411430e-01 3.318203353178210673e-03
9.578434676659028923e-01 5.039361853017935815e-03
9.473131200147204556e-01 6.795956039554598010e-03
9.367886278863364335e-01 8.596249197115244517e-03
9.262711609534211021e-01 1.044542840803178510e-02
9.157618881078770645e-01 1.231659999287646953e-02
9.052619773309316109e-01 1.418627169008806511e-02
8.947725955633289985e-01 1.604581804686087965e-02
8.842949085756387495e-01 1.789275016821331721e-02
8.738300808386934015e-01 1.973156661192939157e-02
8.633792753941731402e-01 2.156173753208017949e-02
8.529436537253458628e-01 2.337519666820406933e-02
8.425243756279822138e-01 2.516395668388623011e-02
8.321225990814590245e-01 2.692094232579219509e-02
8.217394801200630372e-01 2.864396744092502847e-02
8.113761727045106786e-01 3.033532746481029316e-02
8.010338285937002034e-01 3.199541896093396898e-02
7.907135972167069760e-01 3.362306218434094052e-02
7.804166255450371015e-01 3.521818308230244277e-02
7.701440579651563922e-01 3.678142151685149380e-02
7.598970361513051053e-01 3.831279467365348440e-02
7.496766989386134394e-01 3.981200949725254012e-02
7.394841821965345563e-01 4.127917586021875862e-02
7.293206187026060050e-01 4.271455659392921211e-02
7.191871380165538730e-01 4.411815614972536270e-02
7.090848663547572039e-01 4.548993407773008896e-02
6.990149264650814542e-01 4.683015356838288179e-02
6.889784375020977514e-01 4.813897297378300771e-02
6.789765149027036095e-01 4.941566673222121814e-02
6.690102702621547603e-01 5.065948216212125266e-02
6.590808112105230876e-01 5.187042037377278397e-02
6.491892412895989839e-01 5.304866048756685937e-02
6.393366598302444581e-01 5.419441208821424577e-02
6.295241618302156450e-01 5.530789209136279666e-02
6.197528378324663745e-01 5.638932172429096668e-02
6.100237738039482327e-01 5.743892411040943391e-02
6.003380510149177729e-01 5.845692527732142263e-02
5.906967459187653091e-01 5.944357961466268520e-02
5.811009300323815019e-01 6.039918837992419576e-02
5.715516698170692855e-01 6.132401597282647471e-02
5.620500265600203438e-01 6.221827087891329544e-02
5.525970562563653488e-01 6.308227034402620614e-02
5.431938094918128401e-01 6.391645948084129225e-02
5.338413313258880688e-01 6.472108503932882950e-02
5.245406611757882365e-01 6.549620893515244180e-02
5.152928327008634568e-01 6.624233033702542350e-02
5.060988736877365390e-01 6.696026696143569934e-02
4.969598059360780251e-01 6.764996240301841823e-02
4.878766451450451402e-01 6.831053883596265031e-02
4.788504008003974244e-01 6.893917069521689200e-02
4.698820760623064752e-01 6.953226216196622955e-02
4.609726676538650203e-01 7.008970361766841961e-02
4.521231657503131940e-01 7.061303450690832595e-02
4.433345538689928977e-01 7.110284247171157201e-02
4.346078087600411255e-01 7.155934844137232242e-02
4.259439002978354649e-01 7.198302641418240222e-02
4.173437913732044313e-01 7.237451416856625908e-02
4.088084377864137364e-01 7.273479453483107371e-02
4.003387881409395943e-01 7.306462907439727206e-02
3.919357837380436083e-01 7.336354045896165132e-02
3.836003584721576765e-01 7.363051392964346797e-02
3.753334387270930161e-01 7.386377689250235579e-02
3.671359432730831873e-01 7.406227804130137427e-02
3.590087831646743277e-01 7.422725136546112767e-02
3.509528616394713696e-01 7.436002161801479049e-02
3.429690740177547825e-01 7.446130244886589589e-02
3.350583076029753915e-01 7.453169402982857961e-02
3.272214415831418144e-01 7.457174414185249733e-02
3.194593469331089564e-01 7.458243789251484124e-02
3.117728863177794407e-01 7.456540841832287603e-02
3.041629139962280792e-01 7.452112796938342720e-02
2.966302757267624823e-01 7.444842425046237222e-02
2.891758086729252497e-01 7.434406861009869305e-02
2.818003413104546162e-01 7.420292675917289360e-02
2.745046933352085494e-01 7.402410916676756270e-02
2.672896755720651774e-01 7.381061904834927689e-02
2.601560898848094272e-01 7.356401161414966028e-02
2.531047290870154232e-01 7.328468010499591956e-02
2.461363768539343022e-01 7.297387639898197942e-02
2.392518076353984391e-01 7.263336710150286590e-02
2.324517865697500740e-01 7.226430145342309375e-02
2.257370693988056676e-01 7.186759159404652875e-02
2.191084023838638650e-01 7.144495427206482008e-02
2.125665222227673956e-01 7.099734556041123468e-02
2.061121559680280102e-01 7.051874453715525903e-02
1.997460209460230063e-01 7.000205092041371369e-02
1.934688246772731102e-01 6.944815148223731915e-02
1.872812647978095990e-01 6.886006410760207863e-02
1.811840289816407656e-01 6.823918708992220139e-02
1.751777948643248317e-01 6.758689716384867763e-02
1.692632299676588570e-01 6.690593886490260600e-02
1.634409916254914164e-01 6.619862990356954746e-02
1.577117269106679265e-01 6.546525849781163753e-02
1.520760725631161714e-01 6.470732038972686062e-02
1.465346549190801317e-01 6.392994705980226122e-02
1.410880898415101115e-01 6.313392519261910862e-02
1.357369826516168221e-01 6.231053565568079461e-02
1.304819280615971966e-01 6.145281291409784852e-02
1.253235101085391490e-01 6.055855328346310823e-02
1.202623020895129402e-01 5.962869410526785985e-02
1.152988664978553679e-01 5.866787284485214943e-02
1.104337549606562163e-01 5.767989937087883434e-02
1.056675081774507419e-01 5.666729408737340018e-02
1.010006558601274085e-01 5.563235200160483729e-02
9.643371667405697956e-02 5.457730645065148045e-02
9.196719818044885031e-02 5.350587650110404103e-02
8.760159677994161509e-02 5.242271544749132345e-02
8.333739765743386485e-02 5.132856315591499685e-02
7.917507472816209813e-02 5.022047095278766443e-02
7.511509058502996439e-02 4.908592157512971926e-02
7.115789644719716645e-02 4.790908911669613385e-02
6.730393210993146358e-02 4.669290797124288350e-02
6.355362589573076981e-02 4.544853210298551577e-02
5.990739460672012129e-02 4.418013432289792652e-02
5.636564347832906385e-02 4.288986876431406803e-02
5.292876613425423482e-02 4.158466142121368392e-02
4.959714454271368922e-02 4.027177900455321952e-02
4.637114897399441382e-02 3.895270437254330642e-02
4.325113795930202176e-02 3.762983866660874616e-02
4.023745825091396000e-02 3.631498938932323228e-02
3.733044478364233587e-02 3.501208699761720888e-02
3.453042063760936031e-02 3.369440556448249219e-02
3.183769700234129196e-02 3.233891749774880225e-02
2.925257314218321358e-02 3.094670787934351158e-02
2.677533636303963682e-02 2.952585768189534485e-02
2.440626198044326678e-02 2.809122912245907641e-02
2.214561328895736647e-02 2.665380894695127192e-02
1.999364153291383062e-02 2.521620312394833377e-02
1.795058587848985532e-02 2.377861483380016086e-02
1.601667338712764455e-02 2.233933761071567672e-02
1.419211899029970692e-02 2.091027818196079802e-02
1.247712546562085301e-02 1.951952692972632603e-02
1.087188341431266636e-02 1.817044800073804381e-02
9.376571240020115106e-03 1.683834610758534397e-02
7.991355128984078959e-03 1.548022482625627597e-02
6.716389031571567969e-03 1.404360014497118073e-02
5.551814645166519568e-03 1.255617675434866388e-02
4.497761398421062928e-03 1.110117116697811185e-02
3.554346436871580472e-03 9.707547816837821739e-03
2.721674609919344512e-03 8.357856289216860843e-03
1.999838459177394334e-03 6.932541704787870823e-03
1.388918208186096237e-03 5.298203612518630895e-03
8.889817534969424173e-04 3.610675625481535745e-03
5.000846571264760954e-04 2.130402974100610494e-03
2.222701403818971855e-04 9.798973836437556255e-04
5.556907905679420168e-05 2.340991583338275853e-04
0.000000000000000000e+00 -1.622690599664275630e-05
0.000000000000000000e+00 -1.579012923145667628e-04
5.556907905679420168e-05 -5.767285463896585458e-04
2.222701403818971855e-04 -1.649184867926745384e-03
5.000846571264760954e-04 -3.374387278352701091e-03
8.889817534969424173e-04 -5.127394375276902831e-03
1.388918208186096237e-03 -6.391451117208919036e-03
1.999838459177394334e-03 -7.294232326205753701e-03
2.721674609919344512e-03 -8.051797649972094670e-03
3.554346436871580472e-03 -8.833290998980050310e-03
4.497761398421062928e-03 -9.705774953460638912e-03
5.551814645166519568e-03 -1.055604006525428899e-02
6.716389031571567969e-03 -1.130073679474602813e-02
7.991355128984078959e-03 -1.193650829149273465e-02
9.376571240020115106e-03 -1.249545309851849903e-02
1.087188341431266636e-02 -1.304631525821071773e-02
1.247712546562085301e-02 -1.362328656345855246e-02
1.419211899029970692e-02 -1.421880730176891192e-02
1.601667338712764455e-02 -1.482576024397410860e-02
1.795058587848985532e-02 -1.543957114243625292e-02
1.999364153291383062e-02 -1.605575130841947057e-02
2.214561328895736647e-02 -1.666964547296998292e-02
2.440626198044326678e-02 -1.727468553921361616e-02
2.677533636303963682e-02 -1.786334343511005243e-02
2.925257314218321358e-02 -1.843132986288031558e-02
3.183769700234129196e-02 -1.897517578405397143e-02
3.453042063760936031e-02 -1.948327737593227166e-02
3.733044478364233587e-02 -1.994392305542747046e-02
4.023745825091396000e-02 -2.036957918916977930e-02
4.325113795930202176e-02 -2.078032612124643130e-02
4.637114897399441382e-02 -2.118596250493462452e-02
4.959714454271368922e-02 -2.159103788422991194e-02
5.292876613425423482e-02 -2.199200444451274508e-02
5.636564347832906385e-02 -2.238426986734083288e-02
5.990739460672012129e-02 -2.276731035016297394e-02
6.355362589573076981e-02 -2.314060288037775651e-02
6.730393210993146358e-02 -2.350097083530679198e-02
7.115789644719716645e-02 -2.384564537122864022e-02
7.511509058502996439e-02 -2.417402343532759623e-02
7.917507472816209813e-02 -2.448439347336015676e-02
8.333739765743386485e-02 -2.477217347446364695e-02
8.760159677994161509e-02 -2.503564233931487512e-02
9.196719818044885031e-02 -2.527855442632986893e-02
9.643371667405697956e-02 -2.550561110320097302e-02
1.010006558601274085e-01 -2.572198978531506017e-02
1.056675081774507419e-01 -2.592903362237439224e-02
1.104337549606562163e-01 -2.612348990085877273e-02
1.152988664978553679e-01 -2.630372570992224601e-02
1.202623020895129402e-01 -2.646996279950257144e-02
1.253235101085391490e-01 -2.662116255488186298e-02
1.304819280615971966e-01 -2.675522435885303862e-02
1.357369826516168221e-01 -2.687129763961514789e-02
1.410880898415101115e-01 -2.696929080141690499e-02
1.465346549190801317e-01 -2.704727247713219207e-02
1.520760725631161714e-01 -2.710260392284798842e-02
1.577117269106679265e-01 -2.713629262636614581e-02
1.634409916254914164e-01 -2.715165866753383589e-02
1.692632299676588570e-01 -2.715513107986728542e-02
1.751777948643248317e-01 -2.715321800713341172e-02
1.811840289816407656e-01 -2.714537863481751231e-02
1.872812647978095990e-01 -2.712914776475403023e-02
1.934688246772731102e-01 -2.710471954818567675e-02
1.997460209460230063e-01 -2.707272428188329388e-02
2.061121559680280102e-01 -2.703247936822082351e-02
2.125665222227673956e-01 -2.698319773185116344e-02
2.191084023838638650e-01 -2.692476180759918389e-02
2.257370693988056676e-01 -2.685705756955436216e-02
2.324517865697500740e-01 -2.677963315393158683e-02
2.392518076353984391e-01 -2.669205316776163822e-02
2.461363768539343022e-01 -2.659403754444535084e-02
2.531047290870154232e-01 -2.648530081478716464e-02
2.601560898848094272e-01 -2.636550981500397975e-02
2.672896755720651774e-01 -2.623430524248675927e-02
2.745046933352085494e-01 -2.609129782835533859e-02
2.818003413104546162e-01 -2.593618612855648486e-02
2.891758086729252497e-01 -2.576877775318587790e-02
2.966302757267624823e-01 -2.558867831889033786e-02
3.041629139962280792e-01 -2.539528786700971652e-02
3.117728863177794407e-01 -2.518844508298985832e-02
3.194593469331089564e-01 -2.496833749736893093e-02
3.272214415831418144e-01 -2.473418930426288936e-02
3.350583076029753915e-01 -2.448470518467679713e-02
3.429690740177547825e-01 -2.422139313350022208e-02
3.509528616394713696e-01 -2.394750852844473518e-02
3.590087831646743277e-01 -2.366544425914465441e-02
3.671359432730831873e-01 -2.337686714396592855e-02
3.753334387270930161e-01 -2.308164935016822350e-02
3.836003584721576765e-01 -2.277898029854322215e-02
3.919357837380436083e-01 -2.246889096470794725e-02
4.003387881409395943e-01 -2.215164849042791997e-02
4.088084377864137364e-01 -2.182708484183529599e-02
4.173437913732044313e-01 -2.149494958766496461e-02
4.259439002978354649e-01 -2.115522122221678153e-02
4.346078087600411255e-01 -2.080790618273742343e-02
4.433345538689928977e-01 -2.045290279737046676e-02
4.521231657503131940e-01 -2.009010116918408598e-02
4.609726676538650203e-01 -1.971943358035890131e-02
4.698820760623064752e-01 -1.934084862767272012e-02
4.788504008003974244e-01 -1.895431528735429597e-02
4.878766451450451402e-01 -1.855973615471869648e-02
4.969598059360780251e-01 -1.815689304706689933e-02
5.060988736877365390e-01 -1.774662272794639770e-02
5.152928327008634568e-01 -1.733149306063059072e-02
5.245406611757882365e-01 -1.691299633902495700e-02
5.338413313258880688e-01 -1.649092034329879483e-02
5.431938094918128401e-01 -1.606515586281080654e-02
5.525970562563653488e-01 -1.563585526023740166e-02
5.620500265600203438e-01 -1.520308776607822571e-02
5.715516698170692855e-01 -1.476682826789010687e-02
5.811009300323815019e-01 -1.432708351018310150e-02
5.906967459187653091e-01 -1.388389153602136508e-02
6.003380510149177729e-01 -1.343731065382442434e-02
6.100237738039482327e-01 -1.298740437011805700e-02
6.197528378324663745e-01 -1.253415072940639551e-02
6.295241618302156450e-01 -1.207750145037022813e-02
6.393366598302444581e-01 -1.161760620880456299e-02
6.491892412895989839e-01 -1.115465253119140264e-02
6.590808112105230876e-01 -1.068842745600138630e-02
6.690102702621547603e-01 -1.021870033359275134e-02
6.789765149027036095e-01 -9.746044493011248727e-03
6.889784375020977514e-01 -9.270927130028529597e-03
6.990149264650814542e-01 -8.792107144712218297e-03
7.090848663547572039e-01 -8.309344551309503016e-03
7.191871380165538730e-01 -7.827879415552501524e-03
7.293206187026060050e-01 -7.353176104189390952e-03
7.394841821965345563e-01 -6.887514265531097940e-03
7.496766989386134394e-01 -6.431956736746131074e-03
7.598970361513051053e-01 -5.986022407529829892e-03
7.701440579651563922e-01 -5.549427714910164060e-03
7.804166255450371015e-01 -5.122806725815089168e-03
7.907135972167069760e-01 -4.706474005760724784e-03
8.010338285937002034e-01 -4.299987294283667653e-03
8.113761727045106786e-01 -3.903449660427241348e-03
8.217394801200630372e-01 -3.517850192173654043e-03
8.321225990814590245e-01 -3.142941139655381667e-03
8.425243756279822138e-01 -2.777081762397731138e-03
8.529436537253458628e-01 -2.424642369304011707e-03
8.633792753941731402e-01 -2.096102280962962392e-03
8.738300808386934015e-01 -1.796183407418973799e-03
8.842949085756387495e-01 -1.524310380060309687e-03
8.947725955633289985e-01 -1.280980500222051203e-03
9.052619773309316109e-01 -1.067439203787774304e-03
9.157618881078770645e-01 -8.827516856525811310e-04
9.262711609534211021e-01 -7.250890907176369034e-04
9.367886278863364335e-01 -5.970497629588886624e-04
9.473131200147204556e-01 -5.020874218669852665e-04
9.578434676659028923e-01 -4.327936288894833512e-04
9.683785005164411430e-01 -3.883505473912289498e-04
9.789170477221889044e-01 -4.354870151115948365e-04
9.894579380484205267e-01 -6.531819582341945405e-04
9.999999999999998890e-01 -1.059408778249002750e-03
