9.999999999999998890e-01 2.849449180259203390e-04
9.894579380484205267e-01 9.054297837887191700e-04
9.789170477221889044e-01 1.615272676790350821e-03
9.683785005164411430e-01 2.316628337199120018e-03
9.578434676659028923e-01 3.000937997589278507e-03
9.473131200147204556e-01 3.676420558048160755e-03
9.367886278863364335e-01 4.346983331489145605e-03
9.262711609534211021e-01 5.017006246488147671e-03
9.157618881078770645e-01 5.693553160090939272e-03
9.052619773309316109e-01 6.380249721316387859e-03
8.947725955633289985e-01 7.073542173807401134e-03
8.842949085756387495e-01 7.770955476505831717e-03
8.738300808386934015e-01 8.472982451767616802e-03
8.633792753941731402e-01 9.179760816869327739e-03
8.529436537253458628e-01 9.890599658975226735e-03
8.425243756279822138e-01 1.060471891477495626e-02
8.321225990814590245e-01 1.132129519890549829e-02
8.217394801200630372e-01 1.203933903774750611e-02
8.113761727045106786e-01 1.275773251714790342e-02
8.010338285937002034e-01 1.347579139384079937e-02
7.907135972167069760e-01 1.419317642588444582e-02
7.804166255450371015e-01 1.490946227276692543e-02
7.701440579651563922e-01 1.562409295796290433e-02
7.598970361513051053e-01 1.633586529915734623e-02
7.496766989386134394e-01 1.704318444439317445e-02
7.394841821965345563e-01 1.774425360248701317e-02
7.293206187026060050e-01 1.843729673561361748e-02
7.191871380165538730e-01 1.912127411660276971e-02
7.090848663547572039e-01 1.979550723741218057e-02
6.990149264650814542e-01 2.045968525801444143e-02
6.889784375020977514e-01 2.111360379660346884e-02
6.789765149027036095e-01 2.175699892183188822e-02
6.690102702621547603e-01 2.238967172888242652e-02
6.590808112105230876e-01 2.301171211901730657e-02
6.491892412895989839e-01 2.362326770071624185e-02
6.393366598302444581e-01 2.422446677820813687e-02
6.295241618302156450e-01 2.481538904157562855e-02
6.197528378324663745e-01 2.539600383156883495e-02
6.100237738039482327e-01 2.596620080643612105e-02
6.003380510149177729e-01 2.652574165293914571e-02
5.906967459187653091e-01 2.707441264776897644e-02
5.811009300323815019e-01 2.761206704935836517e-02
5.715516698170692855e-01 2.813849923225181238e-02
5.620500265600203438e-01 2.865341008063820166e-02
5.525970562563653488e-01 2.915650045729833995e-02
5.431938094918128401e-01 2.964748041104064286e-02
5.338413313258880688e-01 3.012607299659115362e-02
5.245406611757882365e-01 3.059202022156994050e-02
5.152928327008634568e-01 3.104517548450222084e-02
5.060988736877365390e-01 3.148548845595452311e-02
4.969598059360780251e-01 3.191292740506156828e-02
4.878766451450451402e-01 3.232747256079077786e-02
4.788504008003974244e-01 3.272911230298130442e-02
4.698820760623064752e-01 3.311781118015492964e-02
4.609726676538650203e-01 3.349328720625122796e-02
4.521231657503131940e-01 3.385513792914664893e-02
4.433345538689928977e-01 3.420299741114731645e-02
4.346078087600411255e-01 3.453652025200226738e-02
4.259439002978354649e-01 3.485538707791922125e-02
4.173437913732044313e-01 3.515932986144834627e-02
4.088084377864137364e-01 3.544827774194620612e-02
4.003387881409395943e-01 3.572222045591916251e-02
3.919357837380436083e-01 3.598115937643002471e-02
3.836003584721576765e-01 3.622511416961132769e-02
3.753334387270930161e-01 3.645415346860082784e-02
3.671359432730831873e-01 3.666826876587243877e-02
3.590087831646743277e-01 3.686722366233373405e-02
3.509528616394713696e-01 3.705074889575110664e-02
3.429690740177547825e-01 3.721858433969800484e-02
3.350583076029753915e-01 3.737049597950761054e-02
3.272214415831418144e-01 3.750629600068419722e-02
3.194593469331089564e-01 3.762584110055303827e-02
3.117728863177794407e-01 3.772904928108222061e-02
3.041629139962280792e-01 3.781586383688395614e-02
2.966302757267624823e-01 3.788625613941076081e-02
2.891758086729252497e-01 3.794025540897207754e-02
2.818003413104546162e-01 3.797794775882054608e-02
2.745046933352085494e-01 3.799933906848011050e-02
2.672896755720651774e-01 3.800435124208785542e-02
2.601560898848094272e-01 3.799279101216255367e-02
2.531047290870154232e-01 3.796438793762035857e-02
2.461363768539343022e-01 3.791898610249478524e-02
2.392518076353984391e-01 3.785650771420660810e-02
2.324517865697500740e-01 3.777689408029236140e-02
2.257370693988056676e-01 3.768009625134487867e-02
2.191084023838638650e-01 3.756606534668696651e-02
2.125665222227673956e-01 3.743476314865212123e-02
2.061121559680280102e-01 3.728621733203980187e-02
1.997460209460230063e-01 3.712050057436277334e-02
1.934688246772731102e-01 3.693778620393711742e-02
1.872812647978095990e-01 3.673821721436117821e-02
1.811840289816407656e-01 3.652167848984004539e-02
1.751777948643248317e-01 3.628799572998070433e-02
1.692632299676588570e-01 3.603702180201664301e-02
1.634409916254914164e-01 3.576868845861813639e-02
1.577117269106679265e-01 3.548313398169501698e-02
1.520760725631161714e-01 3.518047303721086316e-02
1.465346549190801317e-01 3.486067914697053849e-02
1.410880898415101115e-01 3.452364989032398468e-02
1.357369826516168221e-01 3.416917578057509369e-02
1.304819280615971966e-01 3.379719077219434792e-02
1.253235101085391490e-01 3.340788549693407550e-02
1.202623020895129402e-01 3.300148433485984578e-02
1.152988664978553679e-01 3.257822473249902956e-02
1.104337549606562163e-01 3.213832597070805791e-02
1.056675081774507419e-01 3.168198633171290246e-02
1.010006558601274085e-01 3.120943249851798953e-02
9.643371667405697956e-02 3.072094565532923829e-02
9.196719818044885031e-02 3.021723384161589115e-02
8.760159677994161509e-02 2.969924714993627674e-02
8.333739765743386485e-02 2.916650151481354342e-02
7.917507472816209813e-02 2.861751391799751201e-02
7.511509058502996439e-02 2.805089847402093134e-02
7.115789644719716645e-02 2.746540799029463520e-02
6.730393210993146358e-02 2.686036857525079743e-02
6.355362589573076981e-02 2.623555523293884598e-02
5.990739460672012129e-02 2.559186311158915747e-02
5.636564347832906385e-02 2.493099993253567598e-02
5.292876613425423482e-02 2.425661029357722639e-02
4.959714454271368922e-02 2.357273895053680138e-02
4.637114897399441382e-02 2.288226807254466894e-02
4.325113795930202176e-02 2.218802945194548251e-02
4.023745825091396000e-02 2.149387485995205363e-02
3.733044478364233587e-02 2.079909668640897089e-02
3.453042063760936031e-02 2.008835988794286168e-02
3.183769700234129196e-02 1.934672020013062863e-02
2.925257314218321358e-02 1.856724950210006733e-02
2.677533636303963682e-02 1.774349138992630318e-02
2.440626198044326678e-02 1.686749646920180506e-02
2.214561328895736647e-02 1.594345709354372254e-02
1.999364153291383062e-02 1.499731859993254889e-02
1.795058587848985532e-02 1.405707301681073315e-02
1.601667338712764455e-02 1.315037790433009821e-02
1.419211899029970692e-02 1.230181737567418235e-02
1.247712546562085301e-02 1.153144664158409910e-02
1.087188341431266636e-02 1.084086200551539689e-02
9.376571240020115106e-03 1.021051134065853808e-02
7.991355128984078959e-03 9.582840771027924254e-03
6.716389031571567969e-03 8.871038051411669553e-03
5.551814645166519568e-03 8.040035045160150856e-03
4.497761398421062928e-03 7.095813410196547162e-03
3.554346436871580472e-03 6.061475942920850971e-03
2.721674609919344512e-03 4.971880365645898678e-03
1.999838459177394334e-03 3.876121168137710953e-03
1.388918208186096237e-03 2.830261861531199394e-03
8.889817534969424173e-04 1.886977617556246344e-03
5.000846571264760954e-04 1.095898817696833302e-03
2.222701403818971855e-04 4.976489697754094476e-04
5.556907905679420168e-05 1.262843519699880933e-04
0.000000000000000000e+00 -1.211082464958805702e-08
0.000000000000000000e+00 1.211082464958805702e-08
5.556907905679420168e-05 -1.262843519699880933e-04
2.222701403818971855e-04 -4.976489697754094476e-04
5.000846571264760954e-04 -1.095898817696833302e-03
8.889817534969424173e-04 -1.886977617556246344e-03
1.388918208186096237e-03 -2.830261861531199394e-03
1.999838459177394334e-03 -3.876121168137710953e-03
2.721674609919344512e-03 -4.971880365645898678e-03
3.554346436871580472e-03 -6.061475942920850971e-03
4.497761398421062928e-03 -7.095813410196547162e-03
5.551814645166519568e-03 -8.040035045160150856e-03
6.716389031571567969e-03 -8.871038051411669553e-03
7.991355128984078959e-03 -9.582840771027924254e-03
9.376571240020115106e-03 -1.021051134065853808e-02
1.087188341431266636e-02 -1.084086200551539689e-02
1.247712546562085301e-02 -1.153144664158409910e-02
1.419211899029970692e-02 -1.230181737567418235e-02
1.601667338712764455e-02 -1.315037790433009821e-02
1.795058587848985532e-02 -1.405707301681073315e-02
1.999364153291383062e-02 -1.499731859993254889e-02
2.214561328895736647e-02 -1.594345709354372254e-02
2.440626198044326678e-02 -1.686749646920180506e-02
2.677533636303963682e-02 -1.774349138992630318e-02
2.925257314218321358e-02 -1.856724950210006733e-02
3.183769700234129196e-02 -1.934672020013062863e-02
3.453042063760936031e-02 -2.008835988794286168e-02
3.733044478364233587e-02 -2.079909668640897089e-02
4.023745825091396000e-02 -2.149387485995205363e-02
4.325113795930202176e-02 -2.218802945194548251e-02
4.637114897399441382e-02 -2.288226807254466894e-02
4.959714454271368922e-02 -2.357273895053680138e-02
5.292876613425423482e-02 -2.425661029357722639e-02
5.636564347832906385e-02 -2.493099993253567598e-02
5.990739460672012129e-02 -2.559186311158915747e-02
6.355362589573076981e-02 -2.623555523293884598e-02
6.730393210993146358e-02 -2.686036857525079743e-02
7.115789644719716645e-02 -2.746540799029463520e-02
7.511509058502996439e-02 -2.805089847402093134e-02
7.917507472816209813e-02 -2.861751391799751201e-02
8.333739765743386485e-02 -2.916650151481354342e-02
8.760159677994161509e-02 -2.969924714993627674e-02
9.196719818044885031e-02 -3.021723384161589115e-02
9.643371667405697956e-02 -3.072094565532923829e-02
1.010006558601274085e-01 -3.120943249851798953e-02
1.056675081774507419e-01 -3.168198633171290246e-02
1.104337549606562163e-01 -3.213832597070805791e-02
1.152988664978553679e-01 -3.257822473249902956e-02
1.202623020895129402e-01 -3.300148433485984578e-02
1.253235101085391490e-01 -3.340788549693407550e-02
1.304819280615971966e-01 -3.379719077219434792e-02
1.357369826516168221e-01 -3.416917578057509369e-02
1.410880898415101115e-01 -3.452364989032398468e-02
1.465346549190801317e-01 -3.486067914697053849e-02
1.520760725631161714e-01 -3.518047303721086316e-02
1.577117269106679265e-01 -3.548313398169501698e-02
1.634409916254914164e-01 -3.576868845861813639e-02
1.692632299676588570e-01 -3.603702180201664301e-02
1.751777948643248317e-01 -3.628799572998070433e-02
1.811840289816407656e-01 -3.652167848984004539e-02
1.872812647978095990e-01 -3.673821721436117821e-02
1.934688246772731102e-01 -3.693778620393711742e-02
1.997460209460230063e-01 -3.712050057436277334e-02
2.061121559680280102e-01 -3.728621733203980187e-02
2.125665222227673956e-01 -3.743476314865212123e-02
2.191084023838638650e-01 -3.756606534668696651e-02
2.257370693988056676e-01 -3.768009625134487867e-02
2.324517865697500740e-01 -3.777689408029236140e-02
2.392518076353984391e-01 -3.785650771420660810e-02
2.461363768539343022e-01 -3.791898610249478524e-02
2.531047290870154232e-01 -3.796438793762035857e-02
2.601560898848094272e-01 -3.799279101216255367e-02
2.672896755720651774e-01 -3.800435124208785542e-02
2.745046933352085494e-01 -3.799933906848011050e-02
2.818003413104546162e-01 -3.797794775882054608e-02
2.891758086729252497e-01 -3.794025540897207754e-02
2.966302757267624823e-01 -3.788625613941076081e-02
3.041629139962280792e-01 -3.781586383688395614e-02
3.117728863177794407e-01 -3.772904928108222061e-02
3.194593469331089564e-01 -3.762584110055303827e-02
3.272214415831418144e-01 -3.750629600068419722e-02
3.350583076029753915e-01 -3.737049597950761054e-02
3.429690740177547825e-01 -3.721858433969800484e-02
3.509528616394713696e-01 -3.705074889575110664e-02
3.590087831646743277e-01 -3.686722366233373405e-02
3.671359432730831873e-01 -3.666826876587243877e-02
3.753334387270930161e-01 -3.645415346860082784e-02
3.836003584721576765e-01 -3.622511416961132769e-02
3.919357837380436083e-01 -3.598115937643002471e-02
4.003387881409395943e-01 -3.572222045591916251e-02
4.088084377864137364e-01 -3.544827774194620612e-02
4.173437913732044313e-01 -3.515932986144834627e-02
4.259439002978354649e-01 -3.485538707791922125e-02
4.346078087600411255e-01 -3.453652025200226738e-02
4.433345538689928977e-01 -3.420299741114731645e-02
4.521231657503131940e-01 -3.385513792914664893e-02
4.609726676538650203e-01 -3.349328720625122796e-02
4.698820760623064752e-01 -3.311781118015492964e-02
4.788504008003974244e-01 -3.272911230298130442e-02
4.878766451450451402e-01 -3.232747256079077786e-02
4.969598059360780251e-01 -3.191292740506156828e-02
5.060988736877365390e-01 -3.148548845595452311e-02
5.152928327008634568e-01 -3.104517548450222084e-02
5.245406611757882365e-01 -3.059202022156994050e-02
5.338413313258880688e-01 -3.012607299659115362e-02
5.431938094918128401e-01 -2.964748041104064286e-02
5.525970562563653488e-01 -2.915650045729833995e-02
5.620500265600203438e-01 -2.865341008063820166e-02
5.715516698170692855e-01 -2.813849923225181238e-02
5.811009300323815019e-01 -2.761206704935836517e-02
5.906967459187653091e-01 -2.707441264776897644e-02
6.003380510149177729e-01 -2.652574165293914571e-02
6.100237738039482327e-01 -2.596620080643612105e-02
6.197528378324663745e-01 -2.539600383156883495e-02
6.295241618302156450e-01 -2.481538904157562855e-02
6.393366598302444581e-01 -2.422446677820813687e-02
6.491892412895989839e-01 -2.362326770071624185e-02
6.590808112105230876e-01 -2.301171211901730657e-02
6.690102702621547603e-01 -2.238967172888242652e-02
6.789765149027036095e-01 -2.175699892183188822e-02
6.889784375020977514e-01 -2.111360379660346884e-02
6.990149264650814542e-01 -2.045968525801444143e-02
7.090848663547572039e-01 -1.979550723741218057e-02
7.191871380165538730e-01 -1.912127411660276971e-02
7.293206187026060050e-01 -1.843729673561361748e-02
7.394841821965345563e-01 -1.774425360248701317e-02
7.496766989386134394e-01 -1.704318444439317445e-02
7.598970361513051053e-01 -1.633586529915734623e-02
7.701440579651563922e-01 -1.562409295796290433e-02
7.804166255450371015e-01 -1.490946227276692543e-02
7.907135972167069760e-01 -1.419317642588444582e-02
8.010338285937002034e-01 -1.347579139384079937e-02
8.113761727045106786e-01 -1.275773251714790342e-02
8.217394801200630372e-01 -1.203933903774750611e-02
8.321225990814590245e-01 -1.132129519890549829e-02
8.425243756279822138e-01 -1.060471891477495626e-02
8.529436537253458628e-01 -9.890599658975226735e-03
8.633792753941731402e-01 -9.179760816869327739e-03
8.738300808386934015e-01 -8.472982451767616802e-03
8.842949085756387495e-01 -7.770955476505831717e-03
8.947725955633289985e-01 -7.073542173807401134e-03
9.052619773309316109e-01 -6.380249721316387859e-03
9.157618881078770645e-01 -5.693553160090939272e-03
9.262711609534211021e-01 -5.017006246488147671e-03
9.367886278863364335e-01 -4.346983331489145605e-03
9.473131200147204556e-01 -3.676420558048160755e-03
9.578434676659028923e-01 -3.000937997589278507e-03
9.683785005164411430e-01 -2.316628337199120018e-03
9.789170477221889044e-01 -1.615272676790350821e-03
9.894579380484205267e-01 -9.054297837887191700e-04
9.999999999999998890e-01 -2.849449180259203390e-04
