9.999999999999998890e-01 2.099984866922088096e-04
9.894579380484205267e-01 2.328776027996161228e-03
9.789170477221889044e-01 4.466300605186419512e-03
9.683785005164411430e-01 6.617674732411957944e-03
9.578434676659028923e-01 8.777645505777798701e-03
9.473131200147204556e-01 1.094103633418985581e-02
9.367886278863364335e-01 1.310307653021660843e-02
9.262711609534211021e-01 1.525878786356908191e-02
9.157618881078770645e-01 1.740257344863840872e-02
9.052619773309316109e-01 1.952948562778999281e-02
8.947725955633289985e-01 2.163600908688766838e-02
8.842949085756387495e-01 2.372146657876377310e-02
8.738300808386934015e-01 2.578945973264743646e-02
8.633792753941731402e-01 2.784488225066979877e-02
8.529436537253458628e-01 2.989359311286618123e-02
8.425243756279822138e-01 3.193419072320434482e-02
8.321225990814590245e-01 3.395678006555317291e-02
8.217394801200630372e-01 3.594634628462232279e-02
8.113761727045106786e-01 3.788371335215731661e-02
8.010338285937002034e-01 3.975407782562945941e-02
7.907135972167069760e-01 4.154718337495498515e-02
7.804166255450371015e-01 4.326401392533662377e-02
7.701440579651563922e-01 4.491293767366352774e-02
7.598970361513051053e-01 4.650108332864248684e-02
7.496766989386134394e-01 4.803472796139082734e-02
7.394841821965345563e-01 4.951960406250065228e-02
7.293206187026060050e-01 5.096111999615293708e-02
7.191871380165538730e-01 5.236423440240327992e-02
7.090848663547572039e-01 5.373356833189293913e-02
6.990149264650814542e-01 5.507289899557529095e-02
6.889784375020977514e-01 5.638427339768871394e-02
6.789765149027036095e-01 5.766345160912644818e-02
6.690102702621547603e-01 5.890447387385480682e-02
6.590808112105230876e-01 6.010130706102694009e-02
6.491892412895989839e-01 6.124901915300037109e-02
6.393366598302444581e-01 6.234596532423319903e-02
6.295241618302156450e-01 6.339238484413978192e-02
6.197528378324663745e-01 6.439164301651206790e-02
6.100237738039482327e-01 6.534717714541479761e-02
6.003380510149177729e-01 6.626160864519715921e-02
5.906967459187653091e-01 6.713646459034457170e-02
5.811009300323815019e-01 6.797156896507229595e-02
5.715516698170692855e-01 6.876622822397293611e-02
5.620500265600203438e-01 6.951925334111547228e-02
5.525970562563653488e-01 7.022970041816666009e-02
5.431938094918128401e-01 7.089697722651114309e-02
5.338413313258880688e-01 7.152073800158548211e-02
5.245406611757882365e-01 7.210087204877273226e-02
5.152928327008634568e-01 7.263736964093374382e-02
5.060988736877365390e-01 7.313029231306034106e-02
4.969598059360780251e-01 7.357961440389143570e-02
4.878766451450451402e-01 7.398521665305649031e-02
4.788504008003974244e-01 7.434667006510278786e-02
4.698820760623064752e-01 7.466338979421006938e-02
4.609726676538650203e-01 7.493506245844269720e-02
4.521231657503131940e-01 7.516146907836560032e-02
4.433345538689928977e-01 7.534207455696731448e-02
4.346078087600411255e-01 7.547620341940332322e-02
4.259439002978354649e-01 7.556314959649591823e-02
4.173437913732044313e-01 7.560215078484058826e-02
4.088084377864137364e-01 7.559223148213325971e-02
4.003387881409395943e-01 7.553270174076047450e-02
3.919357837380436083e-01 7.542420990627012045e-02
3.836003584721576765e-01 7.526826521221617605e-02
3.753334387270930161e-01 7.506808595274910845e-02
3.671359432730831873e-01 7.482705456177368708e-02
3.590087831646743277e-01 7.454809677169187132e-02
3.509528616394713696e-01 7.423396578148831748e-02
3.429690740177547825e-01 7.388719317450942459e-02
3.350583076029753915e-01 7.350966271280016950e-02
3.272214415831418144e-01 7.310213010067909134e-02
3.194593469331089564e-01 7.266537300557761314e-02
3.117728863177794407e-01 7.220038609241984096e-02
3.041629139962280792e-01 7.170814442145800882e-02
2.966302757267624823e-01 7.118956452483306274e-02
2.891758086729252497e-01 7.064530607190705469e-02
2.818003413104546162e-01 7.007575295904386325e-02
2.745046933352085494e-01 6.948128042677208238e-02
2.672896755720651774e-01 6.886227011999478120e-02
2.601560898848094272e-01 6.821912765360874098e-02
2.531047290870154232e-01 6.755229741949192457e-02
2.461363768539343022e-01 6.686246446628807405e-02
2.392518076353984391e-01 6.615056593322755918e-02
2.324517865697500740e-01 6.541843749550757536e-02
2.257370693988056676e-01 6.466833366443405784e-02
2.191084023838638650e-01 6.390196829599335826e-02
2.125665222227673956e-01 6.312090660270180953e-02
2.061121559680280102e-01 6.232733780656593559e-02
1.997460209460230063e-01 6.152330518591365982e-02
1.934688246772731102e-01 6.070890915028953616e-02
1.872812647978095990e-01 5.988297718545141507e-02
1.811840289816407656e-01 5.904159172299855429e-02
1.751777948643248317e-01 5.818048923294667080e-02
1.692632299676588570e-01 5.729666479030334075e-02
1.634409916254914164e-01 5.638750048620377875e-02
1.577117269106679265e-01 5.545071231578606319e-02
1.520760725631161714e-01 5.448421280661092103e-02
1.465346549190801317e-01 5.348627424938046798e-02
1.410880898415101115e-01 5.245967847530994682e-02
1.357369826516168221e-01 5.141594016100817927e-02
1.304819280615971966e-01 5.036668723456536739e-02
1.253235101085391490e-01 4.932206014627713020e-02
1.202623020895129402e-01 4.829183345766990820e-02
1.152988664978553679e-01 4.728539970157278477e-02
1.104337549606562163e-01 4.631006802667703842e-02
1.056675081774507419e-01 4.537084647648584323e-02
1.010006558601274085e-01 4.447481430657124202e-02
9.643371667405697956e-02 4.362994387798457135e-02
9.196719818044885031e-02 4.282285989230043277e-02
8.760159677994161509e-02 4.202256503846968361e-02
8.333739765743386485e-02 4.119970129864999886e-02
7.917507472816209813e-02 4.032667303221498800e-02
7.511509058502996439e-02 3.937837619987926557e-02
7.115789644719716645e-02 3.833461490377751413e-02
6.730393210993146358e-02 3.720376377298234560e-02
6.355362589573076981e-02 3.600881677919913482e-02
5.990739460672012129e-02 3.477662222331606018e-02
5.636564347832906385e-02 3.353441895749332408e-02
5.292876613425423482e-02 3.230314970137097841e-02
4.959714454271368922e-02 3.110040578427677657e-02
4.637114897399441382e-02 2.993835142044054543e-02
4.325113795930202176e-02 2.882331367464846181e-02
4.023745825091396000e-02 2.774566103530056588e-02
3.733044478364233587e-02 2.669393039435205214e-02
3.453042063760936031e-02 2.566233221596829137e-02
3.183769700234129196e-02 2.464629022972432068e-02
2.925257314218321358e-02 2.364157853832063449e-02
2.677533636303963682e-02 2.264556041143192533e-02
2.440626198044326678e-02 2.165881170720171042e-02
2.214561328895736647e-02 2.068044145134002865e-02
1.999364153291383062e-02 1.970620736257547648e-02
1.795058587848985532e-02 1.872907916951569232e-02
1.601667338712764455e-02 1.773863550080551771e-02
1.419211899029970692e-02 1.673259645567172493e-02
1.247712546562085301e-02 1.571898721255314893e-02
1.087188341431266636e-02 1.470114434572635659e-02
9.376571240020115106e-03 1.367858003479585638e-02
7.991355128984078959e-03 1.268434442527873428e-02
6.716389031571567969e-03 1.177604754833905427e-02
5.551814645166519568e-03 1.093386305642285623e-02
4.497761398421062928e-03 1.007652462284480861e-02
3.554346436871580472e-03 9.091412826647906481e-03
2.721674609919344512e-03 7.863381559484679956e-03
1.999838459177394334e-03 6.423947610755047395e-03
1.388918208186096237e-03 4.884130505078514151e-03
8.889817534969424173e-04 3.368646704956974620e-03
5.000846571264760954e-04 2.007314964586331876e-03
2.222701403818971855e-04 9.262089355203767483e-04
5.556907905679420168e-05 2.383395033287491319e-04
0.000000000000000000e+00 -7.330913427043643883e-08
0.000000000000000000e+00 7.696071750985126839e-10
5.556907905679420168e-05 -9.670285932276779302e-05
2.222701403818971855e-04 -3.816527513270016555e-04
5.000846571264760954e-04 -8.400618732366503267e-04
8.889817534969424173e-04 -1.447133238519984766e-03
1.388918208186096237e-03 -2.172768598591635729e-03
1.999838459177394334e-03 -2.978035740997889754e-03
2.721674609919344512e-03 -3.823025012437739067e-03
3.554346436871580472e-03 -4.669012966923553540e-03
4.497761398421062928e-03 -5.480133439815050578e-03
5.551814645166519568e-03 -6.225862709482807116e-03
6.716389031571567969e-03 -6.891687793501036219e-03
7.991355128984078959e-03 -7.487822241268119079e-03
9.376571240020115106e-03 -8.036103378665516647e-03
1.087188341431266636e-02 -8.570259304003504872e-03
1.247712546562085301e-02 -9.104040559262371532e-03
1.419211899029970692e-02 -9.627995288218900438e-03
1.601667338712764455e-02 -1.013732096791337793e-02
1.795058587848985532e-02 -1.063264041234071415e-02
1.999364153291383062e-02 -1.111186382367618242e-02
2.214561328895736647e-02 -1.157088832974340932e-02
2.440626198044326678e-02 -1.200976350633009733e-02
2.677533636303963682e-02 -1.243132566102515130e-02
2.925257314218321358e-02 -1.283784042696103564e-02
3.183769700234129196e-02 -1.323126841625047248e-02
3.453042063760936031e-02 -1.361395607168944429e-02
3.733044478364233587e-02 -1.398878764510799559e-02
4.023745825091396000e-02 -1.436091451693841808e-02
4.325113795930202176e-02 -1.473672399569356598e-02
4.637114897399441382e-02 -1.512439232545062864e-02
4.959714454271368922e-02 -1.553348522094906425e-02
5.292876613425423482e-02 -1.597704503924663247e-02
5.636564347832906385e-02 -1.646319492789411615e-02
5.990739460672012129e-02 -1.697920404993501220e-02
6.355362589573076981e-02 -1.750759108299110994e-02
6.730393210993146358e-02 -1.803052904507265741e-02
7.115789644719716645e-02 -1.852524353403444887e-02
7.511509058502996439e-02 -1.895712246548322127e-02
7.917507472816209813e-02 -1.929956369230380678e-02
8.333739765743386485e-02 -1.954599010727627040e-02
8.760159677994161509e-02 -1.970351576051770567e-02
9.196719818044885031e-02 -1.979851151131364548e-02
9.643371667405697956e-02 -1.986253086550336319e-02
1.010006558601274085e-01 -1.993158328855744454e-02
1.056675081774507419e-01 -2.003262822717571945e-02
1.104337549606562163e-01 -2.018075785185287005e-02
1.152988664978553679e-01 -2.037802821479836254e-02
1.202623020895129402e-01 -2.061409990782204354e-02
1.253235101085391490e-01 -2.088119729547915915e-02
1.304819280615971966e-01 -2.117403222517722644e-02
1.357369826516168221e-01 -2.148471113221892687e-02
1.410880898415101115e-01 -2.180323406085678956e-02
1.465346549190801317e-01 -2.211786285880119191e-02
1.520760725631161714e-01 -2.241638008205136881e-02
1.577117269106679265e-01 -2.269131051826576637e-02
1.634409916254914164e-01 -2.293848451060771440e-02
1.692632299676588570e-01 -2.315987518792223671e-02
1.751777948643248317e-01 -2.335977092805265401e-02
1.811840289816407656e-01 -2.354080456355094053e-02
1.872812647978095990e-01 -2.370542560830174103e-02
1.934688246772731102e-01 -2.385797832246780090e-02
1.997460209460230063e-01 -2.400305255046912903e-02
2.061121559680280102e-01 -2.414405312383696364e-02
2.125665222227673956e-01 -2.428309079168668519e-02
2.191084023838638650e-01 -2.441907682166194124e-02
2.257370693988056676e-01 -2.455046032092927585e-02
2.324517865697500740e-01 -2.467613679620225819e-02
2.392518076353984391e-01 -2.479487148079665901e-02
2.461363768539343022e-01 -2.490498943210599225e-02
2.531047290870154232e-01 -2.500500053164278827e-02
2.601560898848094272e-01 -2.509386449905021826e-02
2.672896755720651774e-01 -2.517093178722441121e-02
2.745046933352085494e-01 -2.523607731704890014e-02
2.818003413104546162e-01 -2.528915080266985055e-02
2.891758086729252497e-01 -2.532991358473052346e-02
2.966302757267624823e-01 -2.535816534431882194e-02
3.041629139962280792e-01 -2.537374991990168707e-02
3.117728863177794407e-01 -2.537643315411563377e-02
3.194593469331089564e-01 -2.536589912895609658e-02
3.272214415831418144e-01 -2.534171023335937689e-02
3.350583076029753915e-01 -2.530335919247540463e-02
3.429690740177547825e-01 -2.525060240477966164e-02
3.509528616394713696e-01 -2.518326657184329770e-02
3.590087831646743277e-01 -2.510021018263864159e-02
3.671359432730831873e-01 -2.499969302595456827e-02
3.753334387270930161e-01 -2.487946494646333176e-02
3.836003584721576765e-01 -2.473698792373015681e-02
3.919357837380436083e-01 -2.456937242584757153e-02
4.003387881409395943e-01 -2.437383988581178634e-02
4.088084377864137364e-01 -2.414884787188483276e-02
4.173437913732044313e-01 -2.389364448788299303e-02
4.259439002978354649e-01 -2.360914393299023625e-02
4.346078087600411255e-01 -2.329657892385562576e-02
4.433345538689928977e-01 -2.295679018688277784e-02
4.521231657503131940e-01 -2.259066251109577428e-02
4.609726676538650203e-01 -2.219944245974992195e-02
4.698820760623064752e-01 -2.178441653874216982e-02
4.788504008003974244e-01 -2.134681689978205898e-02
4.878766451450451402e-01 -2.088799798477167929e-02
4.969598059360780251e-01 -2.040956573127898632e-02
5.060988736877365390e-01 -1.991289446530994378e-02
5.152928327008634568e-01 -1.939892671429645915e-02
5.245406611757882365e-01 -1.886844491550451405e-02
5.338413313258880688e-01 -1.832206779177812661e-02
5.431938094918128401e-01 -1.776047445878769365e-02
5.525970562563653488e-01 -1.718443250178370782e-02
5.620500265600203438e-01 -1.659480260860328113e-02
5.715516698170692855e-01 -1.599253437702098310e-02
5.811009300323815019e-01 -1.537861561200843004e-02
5.906967459187653091e-01 -1.475407032008477053e-02
6.003380510149177729e-01 -1.412002138038805261e-02
6.100237738039482327e-01 -1.347768686322473562e-02
6.197528378324663745e-01 -1.282856016057484436e-02
6.295241618302156450e-01 -1.217430514721876307e-02
6.393366598302444581e-01 -1.151666572276298720e-02
6.491892412895989839e-01 -1.085740539860193497e-02
6.590808112105230876e-01 -1.019816227793788992e-02
6.690102702621547603e-01 -9.540539431484491156e-03
6.789765149027036095e-01 -8.886230374454701791e-03
6.889784375020977514e-01 -8.236910888984816381e-03
6.990149264650814542e-01 -7.594038377505107039e-03
7.090848663547572039e-01 -6.959252352558260336e-03
7.191871380165538730e-01 -6.335093045561547564e-03
7.293206187026060050e-01 -5.723949103789746640e-03
7.394841821965345563e-01 -5.127114364991019503e-03
7.496766989386134394e-01 -4.547108051016148129e-03
7.598970361513051053e-01 -3.990087623870310247e-03
7.701440579651563922e-01 -3.464835247519526019e-03
7.804166255450371015e-01 -2.984467252797408203e-03
7.907135972167069760e-01 -2.562298498799682293e-03
8.010338285937002034e-01 -2.210839906430564755e-03
8.113761727045106786e-01 -1.932613368402149191e-03
8.217394801200630372e-01 -1.715377120228767181e-03
8.321225990814590245e-01 -1.543151048061303186e-03
8.425243756279822138e-01 -1.396992298318630544e-03
8.529436537253458628e-01 -1.263306177600391489e-03
8.633792753941731402e-01 -1.134689815764705059e-03
8.738300808386934015e-01 -1.010664826655858443e-03
8.842949085756387495e-01 -8.965310645019888185e-04
8.947725955633289985e-01 -7.959985408786782353e-04
9.052619773309316109e-01 -7.111722882073794440e-04
9.157618881078770645e-01 -6.411903083410993220e-04
9.262711609534211021e-01 -5.832589331274325465e-04
9.367886278863364335e-01 -5.338203761111781805e-04
9.473131200147204556e-01 -4.889785144721744362e-04
9.578434676659028923e-01 -4.452003556560086379e-04
9.683785005164411430e-01 -3.990727542799020369e-04
9.789170477221889044e-01 -3.469336302292081830e-04
9.894579380484205267e-01 -2.850738451239357308e-04
9.999999999999998890e-01 -2.100009261903446967e-04
