9.999999999999998890e-01 6.500000558507895015e-03
9.894579380484205267e-01 1.046638169693878129e-02
9.789170477221889044e-01 1.436291596180415409e-02
9.683785005164411430e-01 1.819580741243822380e-02
9.578434676659028923e-01 2.197141209044190316e-02
9.473131200147204556e-01 2.569606718717946589e-02
9.367886278863364335e-01 2.937597380876167882e-02
9.262711609534211021e-01 3.301741210972712615e-02
9.157618881078770645e-01 3.662689058186810453e-02
9.052619773309316109e-01 4.021064537397366079e-02
8.947725955633289985e-01 4.377428509683915087e-02
8.842949085756387495e-01 4.732000377352464648e-02
8.738300808386934015e-01 5.084468776998073147e-02
8.633792753941731402e-01 5.434506085645475493e-02
8.529436537253458628e-01 5.781825593128993301e-02
8.425243756279822138e-01 6.126133120228680756e-02
8.321225990814590245e-01 6.467123362181775859e-02
8.217394801200630372e-01 6.804501318753633510e-02
8.113761727045106786e-01 7.137982527682801281e-02
8.010338285937002034e-01 7.467285384911231949e-02
7.907135972167069760e-01 7.792132307608705399e-02
7.804166255450371015e-01 8.112271271113193072e-02
7.701440579651563922e-01 8.427467688226811249e-02
7.598970361513051053e-01 8.737489329096431723e-02
7.496766989386134394e-01 9.042106321451109929e-02
7.394841821965345563e-01 9.341098319905451197e-02
7.293206187026060050e-01 9.634250213055145506e-02
7.191871380165538730e-01 9.921351513771357877e-02
7.090848663547572039e-01 1.020219611583313701e-01
6.990149264650814542e-01 1.047659139944895068e-01
6.889784375020977514e-01 1.074436543964490676e-01
6.789765149027036095e-01 1.100541669989343191e-01
6.690102702621547603e-01 1.125966392873944261e-01
6.590808112105230876e-01 1.150703037472944612e-01
6.491892412895989839e-01 1.174744188559048025e-01
6.393366598302444581e-01 1.198082902068930006e-01
6.295241618302156450e-01 1.220712811197616904e-01
6.197528378324663745e-01 1.242628744122663831e-01
6.100237738039482327e-01 1.263825373839442545e-01
6.003380510149177729e-01 1.284296770217132067e-01
5.906967459187653091e-01 1.304042812374314464e-01
5.811009300323815019e-01 1.323073427143125758e-01
5.715516698170692855e-01 1.341400790220459993e-01
5.620500265600203438e-01 1.359038883303239076e-01
5.525970562563653488e-01 1.376001321746957717e-01
5.431938094918128401e-01 1.392301124811432256e-01
5.338413313258880688e-01 1.407951612449786505e-01
5.245406611757882365e-01 1.422966433020262378e-01
5.152928327008634568e-01 1.437358995220277824e-01
5.060988736877365390e-01 1.451142529086704158e-01
4.969598059360780251e-01 1.464330807639318832e-01
4.878766451450451402e-01 1.476938211929261502e-01
4.788504008003974244e-01 1.488981389644746800e-01
4.698820760623064752e-01 1.500478133657100477e-01
4.609726676538650203e-01 1.511444281499298159e-01
4.521231657503131940e-01 1.521895033506678041e-01
4.433345538689928977e-01 1.531848166463022354e-01
4.346078087600411255e-01 1.541321573025231095e-01
4.259439002978354649e-01 1.550327541230937800e-01
4.173437913732044313e-01 1.558878697188762763e-01
4.088084377864137364e-01 1.566998516674796837e-01
4.003387881409395943e-01 1.574704250715023568e-01
3.919357837380436083e-01 1.581977006276067133e-01
3.836003584721576765e-01 1.588777240960607684e-01
3.753334387270930161e-01 1.595027506359346647e-01
3.671359432730831873e-01 1.600649389782548837e-01
3.590087831646743277e-01 1.605581621240258772e-01
3.509528616394713696e-01 1.609765599590582408e-01
3.429690740177547825e-01 1.613142528257061614e-01
3.350583076029753915e-01 1.615657741615296461e-01
3.272214415831418144e-01 1.617264207457009273e-01
3.194593469331089564e-01 1.617917832517957177e-01
3.117728863177794407e-01 1.617577886591939906e-01
3.041629139962280792e-01 1.616207697145035371e-01
2.966302757267624823e-01 1.613776817849328360e-01
2.891758086729252497e-01 1.610291412639824338e-01
2.818003413104546162e-01 1.605797097206054236e-01
2.745046933352085494e-01 1.600340600689851567e-01
2.672896755720651774e-01 1.593967829770054911e-01
2.601560898848094272e-01 1.586724413327205985e-01
2.531047290870154232e-01 1.578655613905791122e-01
2.461363768539343022e-01 1.569804631537708439e-01
2.392518076353984391e-01 1.560213483112841693e-01
2.324517865697500740e-01 1.549925663075474580e-01
2.257370693988056676e-01 1.538984715233268352e-01
2.191084023838638650e-01 1.527428334842257374e-01
2.125665222227673956e-01 1.515293092935082742e-01
2.061121559680280102e-01 1.502625166197751605e-01
1.997460209460230063e-01 1.489466592143048884e-01
1.934688246772731102e-01 1.475819940631198368e-01
1.872812647978095990e-01 1.461669551976299830e-01
1.811840289816407656e-01 1.446975727350735264e-01
1.751777948643248317e-01 1.431697211998294583e-01
1.692632299676588570e-01 1.415808818549743053e-01
1.634409916254914164e-01 1.399290830474120007e-01
1.577117269106679265e-01 1.382129288384549570e-01
1.520760725631161714e-01 1.364311511324473869e-01
1.465346549190801317e-01 1.345825376264312423e-01
1.410880898415101115e-01 1.326649981168570580e-01
1.357369826516168221e-01 1.306747147985838908e-01
1.304819280615971966e-01 1.286083989880535128e-01
1.253235101085391490e-01 1.264639826063913286e-01
1.202623020895129402e-01 1.242404033878787006e-01
1.152988664978553679e-01 1.219378301225938488e-01
1.104337549606562163e-01 1.195563866911244083e-01
1.056675081774507419e-01 1.170961649044197916e-01
1.010006558601274085e-01 1.145600501140753291e-01
9.643371667405697956e-02 1.119544298359833323e-01
9.196719818044885031e-02 1.092983517700886475e-01
8.760159677994161509e-02 1.066210106070687447e-01
8.333739765743386485e-02 1.039485143073065471e-01
7.917507472816209813e-02 1.013039764311379903e-01
7.511509058502996439e-02 9.870413697726033997e-02
7.115789644719716645e-02 9.615785618664823842e-02
6.730393210993146358e-02 9.363962280917625947e-02
6.355362589573076981e-02 9.110910344433779950e-02
5.990739460672012129e-02 8.853975523427642935e-02
5.636564347832906385e-02 8.591087875059327805e-02
5.292876613425423482e-02 8.320252792163844446e-02
4.959714454271368922e-02 8.039985888833366123e-02
4.637114897399441382e-02 7.750984327980293964e-02
4.325113795930202176e-02 7.454810159818728299e-02
4.023745825091396000e-02 7.153957858066178899e-02
3.733044478364233587e-02 6.850927533727683982e-02
3.453042063760936031e-02 6.547578474471234256e-02
3.183769700234129196e-02 6.245665512383671847e-02
2.925257314218321358e-02 5.946986090542666359e-02
2.677533636303963682e-02 5.653134040394588306e-02
2.440626198044326678e-02 5.365229208461414628e-02
2.214561328895736647e-02 5.081641627405392853e-02
1.999364153291383062e-02 4.796027660742503002e-02
1.795058587848985532e-02 4.503277114514443735e-02
1.601667338712764455e-02 4.200856742431575280e-02
1.419211899029970692e-02 3.887727444693763607e-02
1.247712546562085301e-02 3.564499760611057610e-02
1.087188341431266636e-02 3.232953759506456554e-02
9.376571240020115106e-03 2.896029947245268646e-02
7.991355128984078959e-03 2.557399178870333606e-02
6.716389031571567969e-03 2.221357851560945909e-02
5.551814645166519568e-03 1.892573694431788980e-02
4.497761398421062928e-03 1.575975893587542795e-02
3.554346436871580472e-03 1.276488401694076021e-02
2.721674609919344512e-03 9.989912833021039398e-03
1.999838459177394334e-03 7.480354614425724531e-03
1.388918208186096237e-03 5.279157779516636603e-03
8.889817534969424173e-04 3.423288700802158083e-03
5.000846571264760954e-04 1.945675800485293077e-03
2.222701403818971855e-04 8.709214256673261266e-04
5.556907905679420168e-05 2.187491793412005975e-04
0.000000000000000000e+00 -3.845089615821176984e-09
0.000000000000000000e+00 2.823812090330028517e-09
5.556907905679420168e-05 -1.388965144544643867e-04
2.222701403818971855e-04 -5.525932105590392659e-04
5.000846571264760954e-04 -1.233128708866454036e-03
8.889817534969424173e-04 -2.166018655173883919e-03
1.388918208186096237e-03 -3.333196425796805876e-03
1.999838459177394334e-03 -4.710482332996050216e-03
2.721674609919344512e-03 -6.270732954271072100e-03
3.554346436871580472e-03 -7.982414999384958645e-03
4.497761398421062928e-03 -9.812117991675386314e-03
5.551814645166519568e-03 -1.172402002571704994e-02
6.716389031571567969e-03 -1.368198270007074495e-02
7.991355128984078959e-03 -1.564983760779163277e-02
9.376571240020115106e-03 -1.759334572321682305e-02
1.087188341431266636e-02 -1.948100687101132766e-02
1.247712546562085301e-02 -2.128592788570934924e-02
1.419211899029970692e-02 -2.298659393024707689e-02
1.601667338712764455e-02 -2.457003133801681852e-02
1.795058587848985532e-02 -2.603187419512344170e-02
1.999364153291383062e-02 -2.737989509685506348e-02
2.214561328895736647e-02 -2.863286065523762067e-02
2.440626198044326678e-02 -2.982849604790427725e-02
2.677533636303963682e-02 -3.101361876366326431e-02
2.925257314218321358e-02 -3.220054397706952065e-02
3.183769700234129196e-02 -3.338147091025736590e-02
3.453042063760936031e-02 -3.454522701958923081e-02
3.733044478364233587e-02 -3.567920883952566125e-02
4.023745825091396000e-02 -3.677120904721756234e-02
4.325113795930202176e-02 -3.780832289797365908e-02
4.637114897399441382e-02 -3.877313370961740085e-02
4.959714454271368922e-02 -3.964831780742483769e-02
5.292876613425423482e-02 -4.042334725932516387e-02
5.636564347832906385e-02 -4.109395691522482047e-02
5.990739460672012129e-02 -4.167163636880665684e-02
6.355362589573076981e-02 -4.217160614499768784e-02
6.730393210993146358e-02 -4.260976666817369723e-02
7.115789644719716645e-02 -4.300628624887202489e-02
7.511509058502996439e-02 -4.339135047295566289e-02
7.917507472816209813e-02 -4.378470759086323938e-02
8.333739765743386485e-02 -4.418181076544951819e-02
8.760159677994161509e-02 -4.457266220431416182e-02
9.196719818044885031e-02 -4.494296326639136974e-02
9.643371667405697956e-02 -4.527641117554011274e-02
1.010006558601274085e-01 -4.555467090927697860e-02
1.056675081774507419e-01 -4.576715050532368517e-02
1.104337549606562163e-01 -4.591289475759079142e-02
1.152988664978553679e-01 -4.599375979298753192e-02
1.202623020895129402e-01 -4.601390081018363887e-02
1.253235101085391490e-01 -4.597788572819009462e-02
1.304819280615971966e-01 -4.589062688284929747e-02
1.357369826516168221e-01 -4.575810926629757247e-02
1.410880898415101115e-01 -4.558725409218294944e-02
1.465346549190801317e-01 -4.538678667820204155e-02
1.520760725631161714e-01 -4.516602141363598721e-02
1.577117269106679265e-01 -4.492999316802046006e-02
1.634409916254914164e-01 -4.468137662155539230e-02
1.692632299676588570e-01 -4.442165454809807179e-02
1.751777948643248317e-01 -4.415192325708469645e-02
1.811840289816407656e-01 -4.387392444340305203e-02
1.872812647978095990e-01 -4.358969531441372891e-02
1.934688246772731102e-01 -4.330158518504126364e-02
1.997460209460230063e-01 -4.301182551759037687e-02
2.061121559680280102e-01 -4.272184384133704410e-02
2.125665222227673956e-01 -4.243238072997091576e-02
2.191084023838638650e-01 -4.214261171716786325e-02
2.257370693988056676e-01 -4.185153112734677633e-02
2.324517865697500740e-01 -4.155846923244724267e-02
2.392518076353984391e-01 -4.126267972761717140e-02
2.461363768539343022e-01 -4.096313012316924601e-02
2.531047290870154232e-01 -4.065875602601102395e-02
2.601560898848094272e-01 -4.034850223487792403e-02
2.672896755720651774e-01 -4.003122640244247132e-02
2.745046933352085494e-01 -3.970564973199280229e-02
2.818003413104546162e-01 -3.937043684902141044e-02
2.891758086729252497e-01 -3.902419116035603375e-02
2.966302757267624823e-01 -3.866543141930418176e-02
3.041629139962280792e-01 -3.829264839297583101e-02
3.117728863177794407e-01 -3.790551799682287393e-02
3.194593469331089564e-01 -3.750481446302296462e-02
3.272214415831418144e-01 -3.709143379383013361e-02
3.350583076029753915e-01 -3.666633922285602448e-02
3.429690740177547825e-01 -3.623054653296824829e-02
3.509528616394713696e-01 -3.578511887758367011e-02
3.590087831646743277e-01 -3.533125290764704829e-02
3.671359432730831873e-01 -3.487021542399439816e-02
3.753334387270930161e-01 -3.440325364868092317e-02
3.836003584721576765e-01 -3.393165699912047834e-02
3.919357837380436083e-01 -3.345703270203468499e-02
4.003387881409395943e-01 -3.298095874533378546e-02
4.088084377864137364e-01 -3.250425283902679680e-02
4.173437913732044313e-01 -3.202731649534162200e-02
4.259439002978354649e-01 -3.154981779798534530e-02
4.346078087600411255e-01 -3.107129365193013470e-02
4.433345538689928977e-01 -3.059148444219467883e-02
4.521231657503131940e-01 -3.011012266350378969e-02
4.609726676538650203e-01 -2.962679546152500315e-02
4.698820760623064752e-01 -2.914109196674766894e-02
4.788504008003974244e-01 -2.865266543884631423e-02
4.878766451450451402e-01 -2.816111594346259669e-02
4.969598059360780251e-01 -2.766592377679657003e-02
5.060988736877365390e-01 -2.716674028957265577e-02
5.152928327008634568e-01 -2.666352338601547800e-02
5.245406611757882365e-01 -2.615635963055004329e-02
5.338413313258880688e-01 -2.564547328500254089e-02
5.431938094918128401e-01 -2.513106865314676530e-02
5.525970562563653488e-01 -2.461331590070168010e-02
5.620500265600203438e-01 -2.409240408966248359e-02
5.715516698170692855e-01 -2.356854288044944040e-02
5.811009300323815019e-01 -2.304194405874576343e-02
5.906967459187653091e-01 -2.251281975995034212e-02
6.003380510149177729e-01 -2.198137310477828177e-02
6.100237738039482327e-01 -2.144778955723726510e-02
6.197528378324663745e-01 -2.091213801100527334e-02
6.295241618302156450e-01 -2.037442098380256791e-02
6.393366598302444581e-01 -1.983465725185221476e-02
6.491892412895989839e-01 -1.929287250802057263e-02
6.590808112105230876e-01 -1.874908233258935214e-02
6.690102702621547603e-01 -1.820329893527779935e-02
6.789765149027036095e-01 -1.765553891631996969e-02
6.889784375020977514e-01 -1.710581908439850335e-02
6.990149264650814542e-01 -1.655415044733624455e-02
7.090848663547572039e-01 -1.600055356913956950e-02
7.191871380165538730e-01 -1.544509040761702506e-02
7.293206187026060050e-01 -1.488783330939113907e-02
7.394841821965345563e-01 -1.432885711283179812e-02
7.496766989386134394e-01 -1.376823716728963268e-02
7.598970361513051053e-01 -1.320604891736569531e-02
7.701440579651563922e-01 -1.264236794916584992e-02
7.804166255450371015e-01 -1.207727012496184402e-02
7.907135972167069760e-01 -1.151083214184562761e-02
8.010338285937002034e-01 -1.094313198594638360e-02
8.113761727045106786e-01 -1.037424128834597142e-02
8.217394801200630372e-01 -9.804222033027214234e-03
8.321225990814590245e-01 -9.233134420634015946e-03
8.425243756279822138e-01 -8.661037415535019490e-03
8.529436537253458628e-01 -8.087990386559173323e-03
8.633792753941731402e-01 -7.514053205484435595e-03
8.738300808386934015e-01 -6.939285664577020049e-03
8.842949085756387495e-01 -6.363747460286825475e-03
8.947725955633289985e-01 -5.787498232403543753e-03
9.052619773309316109e-01 -5.210597896798135724e-03
9.157618881078770645e-01 -4.633109930194512401e-03
9.262711609534211021e-01 -4.055100110157065611e-03
9.367886278863364335e-01 -3.476634748330191364e-03
9.473131200147204556e-01 -2.897780402438673939e-03
9.578434676659028923e-01 -2.318603503379747417e-03
9.683785005164411430e-01 -1.739170451174463410e-03
9.789170477221889044e-01 -1.159547800932293716e-03
9.894579380484205267e-01 -5.798021472537620569e-04
9.999999999999998890e-01 4.309515393219945718e-13
