9.999999999999998890e-01 -1.613467829492680580e-10
9.894579380484205267e-01 3.104692646045506576e-05
9.789170477221889044e-01 2.194122051068842958e-04
9.683785005164411430e-01 5.682247739994953414e-04
9.578434676659028923e-01 1.080493441132860137e-03
9.473131200147204556e-01 1.759175399022402551e-03
9.367886278863364335e-01 2.607154292064197462e-03
9.262711609534211021e-01 3.627231503449293397e-03
9.157618881078770645e-01 4.822050033116267141e-03
9.052619773309316109e-01 6.194217633706948153e-03
8.947725955633289985e-01 7.746313514729917006e-03
8.842949085756387495e-01 9.480718205181969463e-03
8.738300808386934015e-01 1.139950460550523056e-02
8.633792753941731402e-01 1.350484402049300856e-02
8.529436537253458628e-01 1.579905754844723384e-02
8.425243756279822138e-01 1.828394879120220917e-02
8.321225990814590245e-01 2.096076431284534664e-02
8.217394801200630372e-01 2.383153536998334002e-02
8.113761727045106786e-01 2.689890316105392892e-02
8.010338285937002034e-01 3.016289449199887826e-02
7.907135972167069760e-01 3.361990514862099599e-02
7.804166255450371015e-01 3.724757079295729079e-02
7.701440579651563922e-01 4.101115535213853414e-02
7.598970361513051053e-01 4.487826672433745806e-02
7.496766989386134394e-01 4.881793920477738025e-02
7.394841821965345563e-01 5.279891608363527361e-02
7.293206187026060050e-01 5.678991940723035481e-02
7.191871380165538730e-01 6.076047336070489191e-02
7.090848663547572039e-01 6.468068037215608801e-02
6.990149264650814542e-01 6.852201471886409934e-02
6.889784375020977514e-01 7.225968219976916518e-02
6.789765149027036095e-01 7.588308217623848662e-02
6.690102702621547603e-01 7.938531246776081574e-02
6.590808112105230876e-01 8.275898277555050753e-02
6.491892412895989839e-01 8.599675578938301146e-02
6.393366598302444581e-01 8.909176952507925906e-02
6.295241618302156450e-01 9.203745316352733574e-02
6.197528378324663745e-01 9.482773252019895127e-02
6.100237738039482327e-01 9.745640253013113097e-02
6.003380510149177729e-01 9.991688603391889190e-02
5.906967459187653091e-01 1.022060622389346918e-01
5.811009300323815019e-01 1.043267909072647937e-01
5.715516698170692855e-01 1.062832537558465879e-01
5.620500265600203438e-01 1.080806820817772074e-01
5.525970562563653488e-01 1.097240348274605148e-01
5.431938094918128401e-01 1.112178511677277964e-01
5.338413313258880688e-01 1.125668046011124718e-01
5.245406611757882365e-01 1.137757213506223331e-01
5.152928327008634568e-01 1.148492625533096834e-01
5.060988736877365390e-01 1.157919490727731676e-01
4.969598059360780251e-01 1.166084021156305051e-01
4.878766451450451402e-01 1.173033312679601647e-01
4.788504008003974244e-01 1.178815798600141435e-01
4.698820760623064752e-01 1.183480538627170869e-01
4.609726676538650203e-01 1.187075075517824707e-01
4.521231657503131940e-01 1.189646145627365342e-01
4.433345538689928977e-01 1.191240294579232889e-01
4.346078087600411255e-01 1.191903580508122812e-01
4.259439002978354649e-01 1.191679732168863803e-01
4.173437913732044313e-01 1.190611982795154733e-01
4.088084377864137364e-01 1.188745097774665666e-01
4.003387881409395943e-01 1.186121823973759620e-01
3.919357837380436083e-01 1.182775419074093004e-01
3.836003584721576765e-01 1.178733752772777588e-01
3.753334387270930161e-01 1.174014847159616792e-01
3.671359432730831873e-01 1.168635853519427031e-01
3.590087831646743277e-01 1.162616746062051648e-01
3.509528616394713696e-01 1.155977489337359776e-01
3.429690740177547825e-01 1.148737030312251134e-01
3.350583076029753915e-01 1.140914467529836052e-01
3.272214415831418144e-01 1.132529423097183574e-01
3.194593469331089564e-01 1.123601641487812497e-01
3.117728863177794407e-01 1.114150961175397608e-01
3.041629139962280792e-01 1.104196911398168945e-01
2.966302757267624823e-01 1.093758965212165146e-01
2.891758086729252497e-01 1.082866099555272188e-01
2.818003413104546162e-01 1.071557504906970743e-01
2.745046933352085494e-01 1.059869717025482411e-01
2.672896755720651774e-01 1.047836569654851807e-01
2.601560898848094272e-01 1.035495075716511421e-01
2.531047290870154232e-01 1.022883376484599594e-01
2.461363768539343022e-01 1.010022912576064302e-01
2.392518076353984391e-01 9.969218576572834445e-02
2.324517865697500740e-01 9.835663630149663050e-02
2.257370693988056676e-01 9.699322442995328419e-02
2.191084023838638650e-01 9.560075291561725974e-02
2.125665222227673956e-01 9.417848916337495657e-02
2.061121559680280102e-01 9.272508400769767511e-02
1.997460209460230063e-01 9.123948853731331243e-02
1.934688246772731102e-01 8.972336596392319064e-02
1.872812647978095990e-01 8.817964736861926001e-02
1.811840289816407656e-01 8.661297891639184454e-02
1.751777948643248317e-01 8.502816613574619431e-02
1.692632299676588570e-01 8.342903408777085916e-02
1.634409916254914164e-01 8.181930647328013173e-02
1.577117269106679265e-01 8.020301177247758651e-02
1.520760725631161714e-01 7.858376464832185493e-02
1.465346549190801317e-01 7.696407139769305406e-02
1.410880898415101115e-01 7.534500070257367510e-02
1.357369826516168221e-01 7.372511879513361788e-02
1.304819280615971966e-01 7.210312956776346316e-02
1.253235101085391490e-01 7.047844386431270647e-02
1.202623020895129402e-01 6.885064042355096281e-02
1.152988664978553679e-01 6.721944696916183626e-02
1.104337549606562163e-01 6.558483324818234483e-02
1.056675081774507419e-01 6.394705059612311449e-02
1.010006558601274085e-01 6.230662722155493050e-02
9.643371667405697956e-02 6.066438323031089069e-02
9.196719818044885031e-02 5.902173136106624723e-02
8.760159677994161509e-02 5.738057774970520275e-02
8.333739765743386485e-02 5.574298163101976122e-02
7.917507472816209813e-02 5.411106013276714005e-02
7.511509058502996439e-02 5.248653203998394218e-02
7.115789644719716645e-02 5.087029537922665295e-02
6.730393210993146358e-02 4.925841676709692696e-02
6.355362589573076981e-02 4.764502787045825360e-02
5.990739460672012129e-02 4.602720500796660813e-02
5.636564347832906385e-02 4.440311223077492153e-02
5.292876613425423482e-02 4.277021803805906158e-02
4.959714454271368922e-02 4.112753008792126297e-02
4.637114897399441382e-02 3.948204682877659577e-02
4.325113795930202176e-02 3.784386945630467680e-02
4.023745825091396000e-02 3.622627246475398216e-02
3.733044478364233587e-02 3.464189282786650503e-02
3.453042063760936031e-02 3.309918183524832025e-02
3.183769700234129196e-02 3.160565210413533027e-02
2.925257314218321358e-02 3.016844527844720486e-02
2.677533636303963682e-02 2.879314280174351259e-02
2.440626198044326678e-02 2.748193507723551907e-02
2.214561328895736647e-02 2.621703321331519260e-02
1.999364153291383062e-02 2.494638872553113160e-02
1.795058587848985532e-02 2.362692694849605896e-02
1.601667338712764455e-02 2.223431707732700241e-02
1.419211899029970692e-02 2.075512174126210863e-02
1.247712546562085301e-02 1.918793989382895984e-02
1.087188341431266636e-02 1.754001857620932081e-02
9.376571240020115106e-03 1.582720318541098320e-02
7.991355128984078959e-03 1.407086740232571694e-02
6.716389031571567969e-03 1.229714201379966676e-02
5.551814645166519568e-03 1.053517414016997070e-02
4.497761398421062928e-03 8.816278300122337014e-03
3.554346436871580472e-03 7.172122400568843245e-03
2.721674609919344512e-03 5.634350679960890319e-03
1.999838459177394334e-03 4.232687545139246846e-03
1.388918208186096237e-03 2.995315899657363060e-03
8.889817534969424173e-04 1.946595797602549945e-03
5.000846571264760954e-04 1.108282809141751361e-03
2.222701403818971855e-04 4.966715859413066122e-04
5.556907905679420168e-05 1.248447229449724000e-04
0.000000000000000000e+00 -2.556605311285746299e-09
0.000000000000000000e+00 4.357990091982091373e-09
5.556907905679420168e-05 -1.553735670497992784e-04
2.222701403818971855e-04 -6.168798759559274494e-04
5.000846571264760954e-04 -1.372253680669463429e-03
8.889817534969424173e-04 -2.399212257205366339e-03
1.388918208186096237e-03 -3.670020655029557904e-03
1.999838459177394334e-03 -5.147690548617333758e-03
2.721674609919344512e-03 -6.790855473480252556e-03
3.554346436871580472e-03 -8.551751634090597534e-03
4.497761398421062928e-03 -1.038011203142726567e-02
5.551814645166519568e-03 -1.222260464222216930e-02
6.716389031571567969e-03 -1.402606715861717292e-02
7.991355128984078959e-03 -1.573824421484695466e-02
9.376571240020115106e-03 -1.731090861879182319e-02
1.087188341431266636e-02 -1.870140048032237906e-02
1.247712546562085301e-02 -1.987564196371085362e-02
1.419211899029970692e-02 -2.080951054339622019e-02
1.601667338712764455e-02 -2.149422448771224139e-02
1.795058587848985532e-02 -2.193642062397302764e-02
1.999364153291383062e-02 -2.216411011013588381e-02
2.214561328895736647e-02 -2.222463827972625053e-02
2.440626198044326678e-02 -2.219852904977823171e-02
2.677533636303963682e-02 -2.218224595073347086e-02
2.925257314218321358e-02 -2.221215964127000453e-02
3.183769700234129196e-02 -2.228961840121769858e-02
3.453042063760936031e-02 -2.241021481335960311e-02
3.733044478364233587e-02 -2.256690545978528098e-02
4.023745825091396000e-02 -2.275205650031736013e-02
4.325113795930202176e-02 -2.295646249773200531e-02
4.637114897399441382e-02 -2.316384582780204454e-02
4.959714454271368922e-02 -2.335679782622120462e-02
5.292876613425423482e-02 -2.352303854183145082e-02
5.636564347832906385e-02 -2.365537880946437521e-02
5.990739460672012129e-02 -2.375981494012526993e-02
6.355362589573076981e-02 -2.384474019028527333e-02
6.730393210993146358e-02 -2.391698054410545254e-02
7.115789644719716645e-02 -2.398508612700276516e-02
7.511509058502996439e-02 -2.406247106637460220e-02
7.917507472816209813e-02 -2.415801349650261234e-02
8.333739765743386485e-02 -2.426987905650095437e-02
8.760159677994161509e-02 -2.439392872232417145e-02
9.196719818044885031e-02 -2.452429161156165563e-02
9.643371667405697956e-02 -2.465404118286560961e-02
1.010006558601274085e-01 -2.477508856414295177e-02
1.056675081774507419e-01 -2.488284047428586734e-02
1.104337549606562163e-01 -2.497707174750744830e-02
1.152988664978553679e-01 -2.505870606690033947e-02
1.202623020895129402e-01 -2.512957609588623367e-02
1.253235101085391490e-01 -2.519160348246856501e-02
1.304819280615971966e-01 -2.524677584516929127e-02
1.357369826516168221e-01 -2.529741610257143017e-02
1.410880898415101115e-01 -2.534615254075333821e-02
1.465346549190801317e-01 -2.539630362605575092e-02
1.520760725631161714e-01 -2.545131955850067282e-02
1.577117269106679265e-01 -2.551220109071469094e-02
1.634409916254914164e-01 -2.557854353231128058e-02
1.692632299676588570e-01 -2.564886916562142405e-02
1.751777948643248317e-01 -2.572130588406717350e-02
1.811840289816407656e-01 -2.579431188620344428e-02
1.872812647978095990e-01 -2.586628103958289390e-02
1.934688246772731102e-01 -2.593475778973362497e-02
1.997460209460230063e-01 -2.599741988770045906e-02
2.061121559680280102e-01 -2.605341265550634861e-02
2.125665222227673956e-01 -2.610295777141505638e-02
2.191084023838638650e-01 -2.614857055425821517e-02
2.257370693988056676e-01 -2.619301706392214782e-02
2.324517865697500740e-01 -2.623853363592496338e-02
2.392518076353984391e-01 -2.628776095682069588e-02
2.461363768539343022e-01 -2.634439968564659951e-02
2.531047290870154232e-01 -2.641121675295540414e-02
2.601560898848094272e-01 -2.648899990331412754e-02
2.672896755720651774e-01 -2.657733343335806978e-02
2.745046933352085494e-01 -2.667428327368818672e-02
2.818003413104546162e-01 -2.677800103612669458e-02
2.891758086729252497e-01 -2.688690484529192640e-02
2.966302757267624823e-01 -2.699914772450624084e-02
3.041629139962280792e-01 -2.711263783979370179e-02
3.117728863177794407e-01 -2.722653015899958312e-02
3.194593469331089564e-01 -2.734113767043629128e-02
3.272214415831418144e-01 -2.745678945226616430e-02
3.350583076029753915e-01 -2.757379698222340095e-02
3.429690740177547825e-01 -2.769251032784545569e-02
3.509528616394713696e-01 -2.781330877368782747e-02
3.590087831646743277e-01 -2.793660657046510495e-02
3.671359432730831873e-01 -2.806283389003402795e-02
3.753334387270930161e-01 -2.819239838850031571e-02
3.836003584721576765e-01 -2.832572081547501605e-02
3.919357837380436083e-01 -2.846336686963749085e-02
4.003387881409395943e-01 -2.860587204808904757e-02
4.088084377864137364e-01 -2.875333973158237730e-02
4.173437913732044313e-01 -2.890563547007648712e-02
4.259439002978354649e-01 -2.906220260634630528e-02
4.346078087600411255e-01 -2.922240076557505728e-02
4.433345538689928977e-01 -2.938567861201894782e-02
4.521231657503131940e-01 -2.955146799768290644e-02
4.609726676538650203e-01 -2.971909935354006757e-02
4.698820760623064752e-01 -2.988789173211464645e-02
4.788504008003974244e-01 -3.005717893912433769e-02
4.878766451450451402e-01 -3.022625295877491222e-02
4.969598059360780251e-01 -3.039432070922301957e-02
5.060988736877365390e-01 -3.056065878267705607e-02
5.152928327008634568e-01 -3.072467501396916600e-02
5.245406611757882365e-01 -3.088580536848562624e-02
5.338413313258880688e-01 -3.104350802774691678e-02
5.431938094918128401e-01 -3.119724774503230755e-02
5.525970562563653488e-01 -3.134649183969228509e-02
5.620500265600203438e-01 -3.149063636424822427e-02
5.715516698170692855e-01 -3.162901466517069327e-02
5.811009300323815019e-01 -3.176108618570208653e-02
5.906967459187653091e-01 -3.188638484737263412e-02
6.003380510149177729e-01 -3.200402371797798906e-02
6.100237738039482327e-01 -3.211257892691271598e-02
6.197528378324663745e-01 -3.220815040426902587e-02
6.295241618302156450e-01 -3.228541453488120716e-02
6.393366598302444581e-01 -3.233926494867424284e-02
6.491892412895989839e-01 -3.236465544665626665e-02
6.590808112105230876e-01 -3.235616622124656838e-02
6.690102702621547603e-01 -3.230824766533178793e-02
6.789765149027036095e-01 -3.221548043897184271e-02
6.889784375020977514e-01 -3.207235790190650360e-02
6.990149264650814542e-01 -3.187278084518144899e-02
7.090848663547572039e-01 -3.161267327937158228e-02
7.191871380165538730e-01 -3.129606213617097676e-02
7.293206187026060050e-01 -3.092913505035442545e-02
7.394841821965345563e-01 -3.051895493768534695e-02
7.496766989386134394e-01 -3.007263079768811645e-02
7.598970361513051053e-01 -2.959696954509491440e-02
7.701440579651563922e-01 -2.909908781007507911e-02
7.804166255450371015e-01 -2.858684807720872009e-02
7.907135972167069760e-01 -2.806769317824561044e-02
8.010338285937002034e-01 -2.754823155719080333e-02
8.113761727045106786e-01 -2.703883447215342864e-02
8.217394801200630372e-01 -2.655556803263921239e-02
8.321225990814590245e-01 -2.611456330874510970e-02
8.425243756279822138e-01 -2.573153902742355420e-02
8.529436537253458628e-01 -2.542422896371895891e-02
8.633792753941731402e-01 -2.521229261025044813e-02
8.738300808386934015e-01 -2.511123695308876275e-02
8.842949085756387495e-01 -2.513355978106255467e-02
8.947725955633289985e-01 -2.530268307077692888e-02
9.052619773309316109e-01 -2.563665522010515063e-02
9.157618881078770645e-01 -2.599987758283662728e-02
9.262711609534211021e-01 -2.615785597081132438e-02
9.367886278863364335e-01 -2.585739429606114664e-02
9.473131200147204556e-01 -2.483705938772684182e-02
9.578434676659028923e-01 -2.284151802912685533e-02
9.683785005164411430e-01 -1.961745111473897282e-02
9.789170477221889044e-01 -1.490730236225862489e-02
9.894579380484205267e-01 -8.452827115035657646e-03
9.999999999999998890e-01 -1.603376177516662851e-08
