9.999999999999998890e-01 1.661130938242321971e-04
9.894579380484205267e-01 1.429039790171348495e-03
9.789170477221889044e-01 2.824879210289206379e-03
9.683785005164411430e-01 4.352315657593534143e-03
9.578434676659028923e-01 6.010029542840449740e-03
9.473131200147204556e-01 7.796648373683731301e-03
9.367886278863364335e-01 9.710657779108835749e-03
9.262711609534211021e-01 1.175054179039636444e-02
9.157618881078770645e-01 1.391483381170831313e-02
9.052619773309316109e-01 1.620193871991845377e-02
8.947725955633289985e-01 1.861000810255120791e-02
8.842949085756387495e-01 2.113735154477759670e-02
8.738300808386934015e-01 2.378256232537438036e-02
8.633792753941731402e-01 2.654375791844234070e-02
8.529436537253458628e-01 2.941842160437548384e-02
8.425243756279822138e-01 3.240502831692183144e-02
8.321225990814590245e-01 3.550304429856652316e-02
8.217394801200630372e-01 3.870825969796401478e-02
8.113761727045106786e-01 4.201224559803021230e-02
8.010338285937002034e-01 4.539582719009378764e-02
7.907135972167069760e-01 4.883177477187503751e-02
7.804166255450371015e-01 5.229819675183377398e-02
7.701440579651563922e-01 5.577577969706282862e-02
7.598970361513051053e-01 5.923358860650169977e-02
7.496766989386134394e-01 6.262740272889120996e-02
7.394841821965345563e-01 6.586036691683966326e-02
7.293206187026060050e-01 6.882419246075391350e-02
7.191871380165538730e-01 7.149738378537108530e-02
7.090848663547572039e-01 7.389582955388082630e-02
6.990149264650814542e-01 7.605125306263711693e-02
6.889784375020977514e-01 7.799962093879993230e-02
6.789765149027036095e-01 7.977293428710806322e-02
6.690102702621547603e-01 8.139919293744128648e-02
6.590808112105230876e-01 8.289596925337987254e-02
6.491892412895989839e-01 8.427571770642607041e-02
6.393366598302444581e-01 8.554267281225115538e-02
6.295241618302156450e-01 8.670078388279689463e-02
6.197528378324663745e-01 8.775696011859010492e-02
6.100237738039482327e-01 8.871774323485612235e-02
6.003380510149177729e-01 8.958803492377674649e-02
5.906967459187653091e-01 9.037301998337872455e-02
5.811009300323815019e-01 9.107868994147375052e-02
5.715516698170692855e-01 9.171041706236672530e-02
5.620500265600203438e-01 9.227255261021211075e-02
5.525970562563653488e-01 9.276866923296896161e-02
5.431938094918128401e-01 9.320149650004742881e-02
5.338413313258880688e-01 9.357377564883266607e-02
5.245406611757882365e-01 9.388830803044981299e-02
5.152928327008634568e-01 9.414784529516347089e-02
5.060988736877365390e-01 9.435508602073315598e-02
4.969598059360780251e-01 9.451261831926616175e-02
4.878766451450451402e-01 9.462296281418161592e-02
4.788504008003974244e-01 9.468876105083914863e-02
4.698820760623064752e-01 9.471265313087412485e-02
4.609726676538650203e-01 9.469662469994777343e-02
4.521231657503131940e-01 9.464218044382984030e-02
4.433345538689928977e-01 9.454980112505508016e-02
4.346078087600411255e-01 9.441958640456585283e-02
4.259439002978354649e-01 9.425194071750753189e-02
4.173437913732044313e-01 9.404735858160098716e-02
4.088084377864137364e-01 9.380624938665489687e-02
4.003387881409395943e-01 9.352902436702489886e-02
3.919357837380436083e-01 9.321619763204372355e-02
3.836003584721576765e-01 9.286830927741004937e-02
3.753334387270930161e-01 9.248590340122765652e-02
3.671359432730831873e-01 9.206954500981844036e-02
3.590087831646743277e-01 9.161985197446625984e-02
3.509528616394713696e-01 9.113746178372603146e-02
3.429690740177547825e-01 9.062303626785267463e-02
3.350583076029753915e-01 9.007725967382848586e-02
3.272214415831418144e-01 8.950085162867962851e-02
3.194593469331089564e-01 8.889455188625980386e-02
3.117728863177794407e-01 8.825912583922701504e-02
3.041629139962280792e-01 8.759536105955618990e-02
2.966302757267624823e-01 8.690407169155558997e-02
2.891758086729252497e-01 8.618609245601834001e-02
2.818003413104546162e-01 8.544227965844772288e-02
2.745046933352085494e-01 8.467351150156439410e-02
2.672896755720651774e-01 8.388068658713744574e-02
2.601560898848094272e-01 8.306472284692634211e-02
2.531047290870154232e-01 8.222655447551376062e-02
2.461363768539343022e-01 8.136713768276708503e-02
2.392518076353984391e-01 8.048744430764485924e-02
2.324517865697500740e-01 7.958846058864146866e-02
2.257370693988056676e-01 7.867118386640638283e-02
2.191084023838638650e-01 7.773663691456957070e-02
2.125665222227673956e-01 7.678585402511764468e-02
2.061121559680280102e-01 7.581986895981150665e-02
1.997460209460230063e-01 7.483972395231298924e-02
1.934688246772731102e-01 7.384650522111071980e-02
1.872812647978095990e-01 7.284130143162695359e-02
1.811840289816407656e-01 7.182515373841165396e-02
1.751777948643248317e-01 7.079912578590266681e-02
1.692632299676588570e-01 6.976440044349216385e-02
1.634409916254914164e-01 6.872211339802311580e-02
1.577117269106679265e-01 6.767319538904278953e-02
1.520760725631161714e-01 6.661872762749943000e-02
1.465346549190801317e-01 6.556022360799761139e-02
1.410880898415101115e-01 6.449852900580388404e-02
1.357369826516168221e-01 6.343304945522712512e-02
1.304819280615971966e-01 6.236243854721376656e-02
1.253235101085391490e-01 6.128440020364290391e-02
1.202623020895129402e-01 6.019710774981962276e-02
1.152988664978553679e-01 5.909951071129306011e-02
1.104337549606562163e-01 5.799074089502730123e-02
1.056675081774507419e-01 5.687009300130919237e-02
1.010006558601274085e-01 5.573723592381914227e-02
9.643371667405697956e-02 5.459221112250200320e-02
9.196719818044885031e-02 5.343528989370865956e-02
8.760159677994161509e-02 5.226694404242428899e-02
8.333739765743386485e-02 5.108794184242353847e-02
7.917507472816209813e-02 4.989927512417989541e-02
7.511509058502996439e-02 4.870214541648390516e-02
7.115789644719716645e-02 4.749790489870283489e-02
6.730393210993146358e-02 4.628815331411530176e-02
6.355362589573076981e-02 4.507463040576023539e-02
5.990739460672012129e-02 4.385920305079256398e-02
5.636564347832906385e-02 4.264383582063874939e-02
5.292876613425423482e-02 4.143074445183281967e-02
4.959714454271368922e-02 4.022221103051804025e-02
4.637114897399441382e-02 3.902043186361978805e-02
4.325113795930202176e-02 3.782773087238461285e-02
4.023745825091396000e-02 3.664699157587568423e-02
3.733044478364233587e-02 3.547799813889255388e-02
3.453042063760936031e-02 3.431068416364820711e-02
3.183769700234129196e-02 3.313461674242051264e-02
2.925257314218321358e-02 3.194318105494082377e-02
2.677533636303963682e-02 3.073188243692947380e-02
2.440626198044326678e-02 2.949946099986846398e-02
2.214561328895736647e-02 2.824670614502564417e-02
1.999364153291383062e-02 2.697731236447800315e-02
1.795058587848985532e-02 2.569587373804656585e-02
1.601667338712764455e-02 2.440793868033036551e-02
1.419211899029970692e-02 2.312121739172667140e-02
1.247712546562085301e-02 2.184595525963324222e-02
1.087188341431266636e-02 2.059078832266239209e-02
9.376571240020115106e-03 1.936266885788783323e-02
7.991355128984078959e-03 1.817186474316250661e-02
6.716389031571567969e-03 1.702579024653872938e-02
5.551814645166519568e-03 1.584754563584558559e-02
4.497761398421062928e-03 1.450900953297161455e-02
3.554346436871580472e-03 1.301585404244935858e-02
2.721674609919344512e-03 1.144830544428169020e-02
1.999838459177394334e-03 9.791237561377060666e-03
1.388918208186096237e-03 8.004812858068144354e-03
8.889817534969424173e-04 6.240761045628531387e-03
5.000846571264760954e-04 4.681697493925440767e-03
2.222701403818971855e-04 3.190866498522304702e-03
5.556907905679420168e-05 1.590299096659929289e-03
0.000000000000000000e+00 7.219829308618524706e-05
0.000000000000000000e+00 -1.114962569234333079e-05
5.556907905679420168e-05 -8.816299674284535206e-04
2.222701403818971855e-04 -2.062177661061060600e-03
5.000846571264760954e-04 -3.316218587744494684e-03
8.889817534969424173e-04 -4.541925778157504187e-03
1.388918208186096237e-03 -5.667134689908080204e-03
1.999838459177394334e-03 -6.625266110480493124e-03
2.721674609919344512e-03 -7.411291008581505704e-03
3.554346436871580472e-03 -8.156810954408325390e-03
4.497761398421062928e-03 -8.937260266121736449e-03
5.551814645166519568e-03 -9.686968047753744329e-03
6.716389031571567969e-03 -1.037744166287929079e-02
7.991355128984078959e-03 -1.106334946894492986e-02
9.376571240020115106e-03 -1.177152798079780793e-02
1.087188341431266636e-02 -1.248209543714778880e-02
1.247712546562085301e-02 -1.318323036861168869e-02
1.419211899029970692e-02 -1.387566209240258426e-02
1.601667338712764455e-02 -1.455621927938203011e-02
1.795058587848985532e-02 -1.521771586657832617e-02
1.999364153291383062e-02 -1.585820896929191620e-02
2.214561328895736647e-02 -1.648032468277842166e-02
2.440626198044326678e-02 -1.708960734799278708e-02
2.677533636303963682e-02 -1.769356345010062934e-02
2.925257314218321358e-02 -1.830045319540449245e-02
3.183769700234129196e-02 -1.891793188216979102e-02
3.453042063760936031e-02 -1.954565596313782155e-02
3.733044478364233587e-02 -2.017984245345708430e-02
4.023745825091396000e-02 -2.081901130408560577e-02
4.325113795930202176e-02 -2.146240087209768527e-02
4.637114897399441382e-02 -2.210819105115033670e-02
4.959714454271368922e-02 -2.275436774666958831e-02
5.292876613425423482e-02 -2.339958091558962464e-02
5.636564347832906385e-02 -2.404260577317219455e-02
5.990739460672012129e-02 -2.468202451247081611e-02
6.355362589573076981e-02 -2.531647642550113181e-02
6.730393210993146358e-02 -2.594489482006794023e-02
7.115789644719716645e-02 -2.656630265697704565e-02
7.511509058502996439e-02 -2.717981124073916288e-02
7.917507472816209813e-02 -2.778465108829137123e-02
8.333739765743386485e-02 -2.838026980156526519e-02
8.760159677994161509e-02 -2.896626206261848635e-02
9.196719818044885031e-02 -2.954243101652733253e-02
9.643371667405697956e-02 -3.010873281288588277e-02
1.010006558601274085e-01 -3.066532114714207863e-02
1.056675081774507419e-01 -3.121260828701889409e-02
1.104337549606562163e-01 -3.175130518929445561e-02
1.152988664978553679e-01 -3.228225163455085422e-02
1.202623020895129402e-01 -3.280643178745532712e-02
1.253235101085391490e-01 -3.332538750184700638e-02
1.304819280615971966e-01 -3.384106215324057115e-02
1.357369826516168221e-01 -3.435441893045956818e-02
1.410880898415101115e-01 -3.486564080461952708e-02
1.465346549190801317e-01 -3.537425327033714983e-02
1.520760725631161714e-01 -3.587941920266951579e-02
1.577117269106679265e-01 -3.638053593652917916e-02
1.634409916254914164e-01 -3.687710640195734912e-02
1.692632299676588570e-01 -3.736851679024156409e-02
1.751777948643248317e-01 -3.785411549647962892e-02
1.811840289816407656e-01 -3.833332097961633655e-02
1.872812647978095990e-01 -3.880557053190448330e-02
1.934688246772731102e-01 -3.927027341050508269e-02
1.997460209460230063e-01 -3.972683764309956067e-02
2.061121559680280102e-01 -4.017469805584823750e-02
2.125665222227673956e-01 -4.061329590388326749e-02
2.191084023838638650e-01 -4.104207240714472654e-02
2.257370693988056676e-01 -4.146047482848887189e-02
2.324517865697500740e-01 -4.186796633382295491e-02
2.392518076353984391e-01 -4.226401687619316810e-02
2.461363768539343022e-01 -4.264810568490089160e-02
2.531047290870154232e-01 -4.301972078143379008e-02
2.601560898848094272e-01 -4.337836415685844549e-02
2.672896755720651774e-01 -4.372354731121946142e-02
2.745046933352085494e-01 -4.405479433117847482e-02
2.818003413104546162e-01 -4.437164077467805473e-02
2.891758086729252497e-01 -4.467363609825540649e-02
2.966302757267624823e-01 -4.496034259817108941e-02
3.041629139962280792e-01 -4.523133627473887447e-02
3.117728863177794407e-01 -4.548620762706998000e-02
3.194593469331089564e-01 -4.572456093504981972e-02
3.272214415831418144e-01 -4.594601700764525815e-02
3.350583076029753915e-01 -4.615021054097855069e-02
3.429690740177547825e-01 -4.633679358449211555e-02
3.509528616394713696e-01 -4.650543149072592503e-02
3.590087831646743277e-01 -4.665581037632042516e-02
3.671359432730831873e-01 -4.678763007494014109e-02
3.753334387270930161e-01 -4.690060906349978465e-02
3.836003584721576765e-01 -4.699447867004764162e-02
3.919357837380436083e-01 -4.706899719730625598e-02
4.003387881409395943e-01 -4.712393605306379463e-02
4.088084377864137364e-01 -4.715908103861830847e-02
4.173437913732044313e-01 -4.717423240510103255e-02
4.259439002978354649e-01 -4.716923164704184268e-02
4.346078087600411255e-01 -4.714392853482494289e-02
4.433345538689928977e-01 -4.709816450568417301e-02
4.521231657503131940e-01 -4.703181086361889890e-02
4.609726676538650203e-01 -4.694482823979697489e-02
4.698820760623064752e-01 -4.683713424060251262e-02
4.788504008003974244e-01 -4.670850320446463810e-02
4.878766451450451402e-01 -4.655802525216916343e-02
4.969598059360780251e-01 -4.638348910295309047e-02
5.060988736877365390e-01 -4.618257449299089518e-02
5.152928327008634568e-01 -4.595302807951437418e-02
5.245406611757882365e-01 -4.569249301247548661e-02
5.338413313258880688e-01 -4.539846178654355358e-02
5.431938094918128401e-01 -4.506845469237022450e-02
5.525970562563653488e-01 -4.470002867836918997e-02
5.620500265600203438e-01 -4.429054967326261777e-02
5.715516698170692855e-01 -4.383720679379012053e-02
5.811009300323815019e-01 -4.333740809918700670e-02
5.906967459187653091e-01 -4.278870507609201096e-02
6.003380510149177729e-01 -4.218807104517555140e-02
6.100237738039482327e-01 -4.153216869002811229e-02
6.197528378324663745e-01 -4.081865612603614857e-02
6.295241618302156450e-01 -4.004552767472323305e-02
6.393366598302444581e-01 -3.920869093576734993e-02
6.491892412895989839e-01 -3.830361501960923010e-02
6.590808112105230876e-01 -3.732972881552202443e-02
6.690102702621547603e-01 -3.627856365363796992e-02
6.789765149027036095e-01 -3.508951591522266322e-02
6.889784375020977514e-01 -3.368935711059799915e-02
6.990149264650814542e-01 -3.202788241085384457e-02
7.090848663547572039e-01 -3.008505348648250755e-02
7.191871380165538730e-01 -2.792850602711947211e-02
7.293206187026060050e-01 -2.564042927808971029e-02
7.394841821965345563e-01 -2.328556571460130287e-02
7.496766989386134394e-01 -2.093116134407062984e-02
7.598970361513051053e-01 -1.865904379511667058e-02
7.701440579651563922e-01 -1.653046462088542459e-02
7.804166255450371015e-01 -1.455845843840931561e-02
7.907135972167069760e-01 -1.274362242763389143e-02
8.010338285937002034e-01 -1.107541192593414561e-02
8.113761727045106786e-01 -9.544265594433555891e-03
8.217394801200630372e-01 -8.143743428260689227e-03
8.321225990814590245e-01 -6.866992832281467417e-03
8.425243756279822138e-01 -5.706448934805599497e-03
8.529436537253458628e-01 -4.657480994278460212e-03
8.633792753941731402e-01 -3.718543355989593208e-03
8.738300808386934015e-01 -2.887173394119004616e-03
8.842949085756387495e-01 -2.159993248579007014e-03
8.947725955633289985e-01 -1.534049866817547864e-03
9.052619773309316109e-01 -1.006699827904116362e-03
9.157618881078770645e-01 -5.749337170916292601e-04
9.262711609534211021e-01 -2.355176049709429718e-04
9.367886278863364335e-01 1.468334438420438286e-05
9.473131200147204556e-01 1.787717954689284523e-04
9.578434676659028923e-01 2.600111654443245149e-04
9.683785005164411430e-01 2.617350838919065242e-04
9.789170477221889044e-01 1.872714910313709219e-04
9.894579380484205267e-01 3.996693920125043921e-05
9.999999999999998890e-01 -1.767308028185006128e-04
