9.999999999999998890e-01 -2.509999977469085791e-02
9.894579380484205267e-01 -2.117366930671874675e-02
9.789170477221889044e-01 -1.740749390361070320e-02
9.683785005164411430e-01 -1.379004679157755722e-02
9.578434676659028923e-01 -1.030979414172312862e-02
9.473131200147204556e-01 -6.955186996055989779e-03
9.367886278863364335e-01 -3.714694988508337840e-03
9.262711609534211021e-01 -5.767513306590674226e-04
9.157618881078770645e-01 2.470299210367550655e-03
9.052619773309316109e-01 5.437994420035913851e-03
8.947725955633289985e-01 8.337600846745290770e-03
8.842949085756387495e-01 1.117870672748595695e-02
8.738300808386934015e-01 1.396828618224343378e-02
8.633792753941731402e-01 1.671328395317699458e-02
8.529436537253458628e-01 1.942090516329872396e-02
8.425243756279822138e-01 2.209806509816790443e-02
8.321225990814590245e-01 2.475135056741364567e-02
8.217394801200630372e-01 2.738773194680749895e-02
8.113761727045106786e-01 3.001448231381148926e-02
8.010338285937002034e-01 3.263762398096764494e-02
7.907135972167069760e-01 3.526146713702831004e-02
7.804166255450371015e-01 3.788166094683491358e-02
7.701440579651563922e-01 4.048813605668504650e-02
7.598970361513051053e-01 4.307183142372020962e-02
7.496766989386134394e-01 4.562429644632090553e-02
7.394841821965345563e-01 4.813689691393917974e-02
7.293206187026060050e-01 5.060094588909535424e-02
7.191871380165538730e-01 5.300799969582675047e-02
7.090848663547572039e-01 5.534983102702055457e-02
6.990149264650814542e-01 5.761884376684280745e-02
6.889784375020977514e-01 5.980954601963124617e-02
6.789765149027036095e-01 6.192465116222028998e-02
6.690102702621547603e-01 6.396891999308305932e-02
6.590808112105230876e-01 6.594650840455211493e-02
6.491892412895989839e-01 6.786149945151538632e-02
6.393366598302444581e-01 6.971815712950832356e-02
6.295241618302156450e-01 7.152066275526612615e-02
6.197528378324663745e-01 7.327291605715180456e-02
6.100237738039482327e-01 7.497885125779552018e-02
6.003380510149177729e-01 7.664254649690892263e-02
5.906967459187653091e-01 7.826718042868159586e-02
5.811009300323815019e-01 7.985436487488373203e-02
5.715516698170692855e-01 8.140533128560063780e-02
5.620500265600203438e-01 8.292098890920840404e-02
5.525970562563653488e-01 8.440236553917733475e-02
5.431938094918128401e-01 8.585065276243179777e-02
5.338413313258880688e-01 8.726683101002484511e-02
5.245406611757882365e-01 8.865167653792564717e-02
5.152928327008634568e-01 9.000632919049968150e-02
5.060988736877365390e-01 9.133216424622736529e-02
4.969598059360780251e-01 9.262940132087013612e-02
4.878766451450451402e-01 9.389719793368500600e-02
4.788504008003974244e-01 9.513234655657963612e-02
4.698820760623064752e-01 9.633031011452343473e-02
4.609726676538650203e-01 9.748738245250042345e-02
4.521231657503131940e-01 9.860026920309734877e-02
4.433345538689928977e-01 9.966552198475962798e-02
4.346078087600411255e-01 1.006797235676457208e-01
4.259439002978354649e-01 1.016400158896996753e-01
4.173437913732044313e-01 1.025436892171851522e-01
4.088084377864137364e-01 1.033878028627434192e-01
4.003387881409395943e-01 1.041697427048826480e-01
3.919357837380436083e-01 1.048884108856559805e-01
3.836003584721576765e-01 1.055435508967335623e-01
3.753334387270930161e-01 1.061364177151492699e-01
3.671359432730831873e-01 1.066684252336838057e-01
3.590087831646743277e-01 1.071406204888376290e-01
3.509528616394713696e-01 1.075540866821111802e-01
3.429690740177547825e-01 1.079101155340299045e-01
3.350583076029753915e-01 1.082099897010370682e-01
3.272214415831418144e-01 1.084549257520533994e-01
3.194593469331089564e-01 1.086461775731562135e-01
3.117728863177794407e-01 1.087850670078383819e-01
3.041629139962280792e-01 1.088729170545487679e-01
2.966302757267624823e-01 1.089109707659725590e-01
2.891758086729252497e-01 1.088984782991763156e-01
2.818003413104546162e-01 1.088325356313848136e-01
2.745046933352085494e-01 1.087104169408245752e-01
2.672896755720651774e-01 1.085296801648513998e-01
2.601560898848094272e-01 1.082881893977841320e-01
2.531047290870154232e-01 1.079840659353379501e-01
2.461363768539343022e-01 1.076157619425932993e-01
2.392518076353984391e-01 1.071819721935972636e-01
2.324517865697500740e-01 1.066816824468264369e-01
2.257370693988056676e-01 1.061140852168377113e-01
2.191084023838638650e-01 1.054787483932439207e-01
2.125665222227673956e-01 1.047754404149922602e-01
2.061121559680280102e-01 1.040041116433595425e-01
1.997460209460230063e-01 1.031649391607724064e-01
1.934688246772731102e-01 1.022588979136773157e-01
1.872812647978095990e-01 1.012873756328906971e-01
1.811840289816407656e-01 1.002524304775973679e-01
1.751777948643248317e-01 9.915626536925563339e-02
1.692632299676588570e-01 9.800098244918782620e-02
1.634409916254914164e-01 9.678880381843958658e-02
1.577117269106679265e-01 9.552235128042654844e-02
1.520760725631161714e-01 9.420413252457174313e-02
1.465346549190801317e-01 9.283621601558221526e-02
1.410880898415101115e-01 9.141983570500936129e-02
1.357369826516168221e-01 8.995471797473438003e-02
1.304819280615971966e-01 8.844083850612266540e-02
1.253235101085391490e-01 8.687887611953012956e-02
1.202623020895129402e-01 8.526979436366391440e-02
1.152988664978553679e-01 8.361486846328136657e-02
1.104337549606562163e-01 8.191564123237654593e-02
1.056675081774507419e-01 8.017395997583293132e-02
1.010006558601274085e-01 7.839210499817965416e-02
9.643371667405697956e-02 7.657281521199010843e-02
9.196719818044885031e-02 7.471966527814247194e-02
8.760159677994161509e-02 7.283692828118563944e-02
8.333739765743386485e-02 7.092914865281761683e-02
7.917507472816209813e-02 6.900096068053236664e-02
7.511509058502996439e-02 6.705612328397067556e-02
7.115789644719716645e-02 6.509695007884376550e-02
6.730393210993146358e-02 6.311808930438177201e-02
6.355362589573076981e-02 6.111104322026457425e-02
5.990739460672012129e-02 5.907147095661399727e-02
5.636564347832906385e-02 5.699676781185664814e-02
5.292876613425423482e-02 5.488443894987971028e-02
4.959714454271368922e-02 5.273380708923559868e-02
4.637114897399441382e-02 5.055220733015619583e-02
4.325113795930202176e-02 4.835014358120382633e-02
4.023745825091396000e-02 4.614151550335787028e-02
3.733044478364233587e-02 4.393999930799601106e-02
3.453042063760936031e-02 4.175619258885267249e-02
3.183769700234129196e-02 3.960009127336656248e-02
2.925257314218321358e-02 3.748164294098826205e-02
2.677533636303963682e-02 3.540969240278001029e-02
2.440626198044326678e-02 3.339061404317099357e-02
2.214561328895736647e-02 3.141634989207682527e-02
1.999364153291383062e-02 2.945409741319740884e-02
1.795058587848985532e-02 2.747746933824314619e-02
1.601667338712764455e-02 2.547351559010976180e-02
1.419211899029970692e-02 2.343705124749004970e-02
1.247712546562085301e-02 2.137146047882978322e-02
1.087188341431266636e-02 1.928621378293263536e-02
9.376571240020115106e-03 1.719682107634540325e-02
7.991355128984078959e-03 1.512258124416459952e-02
6.716389031571567969e-03 1.308603734851474659e-02
5.551814645166519568e-03 1.111165524269198089e-02
4.497761398421062928e-03 9.225253093852758129e-03
3.554346436871580472e-03 7.452606163955105209e-03
2.721674609919344512e-03 5.819249716824165426e-03
1.999838459177394334e-03 4.348989541508485775e-03
1.388918208186096237e-03 3.064287376505689647e-03
8.889817534969424173e-04 1.984472239039895662e-03
5.000846571264760954e-04 1.126759550160217043e-03
2.222701403818971855e-04 5.040104884130906186e-04
5.556907905679420168e-05 1.265351621334450099e-04
0.000000000000000000e+00 -2.010731175793617041e-09
0.000000000000000000e+00 3.359616651624046909e-09
5.556907905679420168e-05 -1.321846383252280770e-04
2.222701403818971855e-04 -5.251795144927499112e-04
5.000846571264760954e-04 -1.169523353250529526e-03
8.889817534969424173e-04 -2.048025305495168417e-03
1.388918208186096237e-03 -3.139283161284481954e-03
1.999838459177394334e-03 -4.414742746728783120e-03
2.721674609919344512e-03 -5.842457145580297502e-03
3.554346436871580472e-03 -7.385514600123235102e-03
4.497761398421062928e-03 -9.005039398608844989e-03
5.551814645166519568e-03 -1.065973606863011326e-02
6.716389031571567969e-03 -1.230838591068613395e-02
7.991355128984078959e-03 -1.391039155975584869e-02
9.376571240020115106e-03 -1.542817225056941632e-02
1.087188341431266636e-02 -1.682832582283010775e-02
1.247712546562085301e-02 -1.808394998647607638e-02
1.419211899029970692e-02 -1.917568645620269796e-02
1.601667338712764455e-02 -2.009581854302491463e-02
1.795058587848985532e-02 -2.084833451485468975e-02
1.999364153291383062e-02 -2.145350344866660611e-02
2.214561328895736647e-02 -2.194631912403203350e-02
2.440626198044326678e-02 -2.238700564779796606e-02
2.677533636303963682e-02 -2.284774345872243526e-02
2.925257314218321358e-02 -2.335340121681795181e-02
3.183769700234129196e-02 -2.390114511319283222e-02
3.453042063760936031e-02 -2.448254033493637780e-02
3.733044478364233587e-02 -2.508649947493870810e-02
4.023745825091396000e-02 -2.570102224088221740e-02
4.325113795930202176e-02 -2.631225096987705250e-02
4.637114897399441382e-02 -2.689842350239027638e-02
4.959714454271368922e-02 -2.743670124752283640e-02
5.292876613425423482e-02 -2.791078933506906112e-02
5.636564347832906385e-02 -2.831082060732806674e-02
5.990739460672012129e-02 -2.864351098106582977e-02
6.355362589573076981e-02 -2.891883805952740957e-02
6.730393210993146358e-02 -2.914553508246369926e-02
7.115789644719716645e-02 -2.933486923959824355e-02
7.511509058502996439e-02 -2.950479519478378665e-02
7.917507472816209813e-02 -2.966803998899777625e-02
8.333739765743386485e-02 -2.982465894847406360e-02
8.760159677994161509e-02 -2.997222889003233956e-02
9.196719818044885031e-02 -3.010671638036986619e-02
9.643371667405697956e-02 -3.022368089533842422e-02
1.010006558601274085e-01 -3.031838629256639397e-02
1.056675081774507419e-01 -3.038815552128743686e-02
1.104337549606562163e-01 -3.043285551263796504e-02
1.152988664978553679e-01 -3.045319545212862161e-02
1.202623020895129402e-01 -3.045059837546974790e-02
1.253235101085391490e-01 -3.042668703293267829e-02
1.304819280615971966e-01 -3.038325468925127254e-02
1.357369826516168221e-01 -3.032245672806019310e-02
1.410880898415101115e-01 -3.024676976616313614e-02
1.465346549190801317e-01 -3.015934883794231178e-02
1.520760725631161714e-01 -3.006356939519437901e-02
1.577117269106679265e-01 -2.996118455594115604e-02
1.634409916254914164e-01 -2.985304900413275966e-02
1.692632299676588570e-01 -2.973953960313638345e-02
1.751777948643248317e-01 -2.962087888183925419e-02
1.811840289816407656e-01 -2.949755240824308844e-02
1.872812647978095990e-01 -2.937014225869130288e-02
1.934688246772731102e-01 -2.923924582881115217e-02
1.997460209460230063e-01 -2.910545422291421075e-02
2.061121559680280102e-01 -2.896931722704586612e-02
2.125665222227673956e-01 -2.883131023672364304e-02
2.191084023838638650e-01 -2.869170434360488256e-02
2.257370693988056676e-01 -2.855076847601623752e-02
2.324517865697500740e-01 -2.840887191596998956e-02
2.392518076353984391e-01 -2.826639861120494243e-02
2.461363768539343022e-01 -2.812372927339811673e-02
2.531047290870154232e-01 -2.798126857663457007e-02
2.601560898848094272e-01 -2.783946601723279526e-02
2.672896755720651774e-01 -2.769879029199080051e-02
2.745046933352085494e-01 -2.755973279539320961e-02
2.818003413104546162e-01 -2.742280774199078175e-02
2.891758086729252497e-01 -2.728855742667431195e-02
2.966302757267624823e-01 -2.715755442193730843e-02
3.041629139962280792e-01 -2.703041941679993482e-02
3.117728863177794407e-01 -2.690811406212398685e-02
3.194593469331089564e-01 -2.679191825276971972e-02
3.272214415831418144e-01 -2.668322045917013649e-02
3.350583076029753915e-01 -2.658348565527529281e-02
3.429690740177547825e-01 -2.649419642417178908e-02
3.509528616394713696e-01 -2.641686586158345160e-02
3.590087831646743277e-01 -2.635319800114695188e-02
3.671359432730831873e-01 -2.630498190508353401e-02
3.753334387270930161e-01 -2.627385998671608741e-02
3.836003584721576765e-01 -2.626150104429609070e-02
3.919357837380436083e-01 -2.627015395277918636e-02
4.003387881409395943e-01 -2.630193982625331564e-02
4.088084377864137364e-01 -2.635721533924284890e-02
4.173437913732044313e-01 -2.643536199846345872e-02
4.259439002978354649e-01 -2.653402049897114756e-02
4.346078087600411255e-01 -2.665048923726533875e-02
4.433345538689928977e-01 -2.678244355397593757e-02
4.521231657503131940e-01 -2.692745994349937319e-02
4.609726676538650203e-01 -2.708260744456274932e-02
4.698820760623064752e-01 -2.724494717539423932e-02
4.788504008003974244e-01 -2.741172819871040556e-02
4.878766451450451402e-01 -2.757987706239826975e-02
4.969598059360780251e-01 -2.774565120925238590e-02
5.060988736877365390e-01 -2.790639052853558996e-02
5.152928327008634568e-01 -2.806135844405339280e-02
5.245406611757882365e-01 -2.821065829161295904e-02
5.338413313258880688e-01 -2.835530215116830940e-02
5.431938094918128401e-01 -2.849616752281964455e-02
5.525970562563653488e-01 -2.863390242295230093e-02
5.620500265600203438e-01 -2.876926060845692856e-02
5.715516698170692855e-01 -2.890311534152652934e-02
5.811009300323815019e-01 -2.903638718348149766e-02
5.906967459187653091e-01 -2.917001803166114834e-02
6.003380510149177729e-01 -2.930477116763534340e-02
6.100237738039482327e-01 -2.944114269769397205e-02
6.197528378324663745e-01 -2.957817176652456290e-02
6.295241618302156450e-01 -2.971406326418776778e-02
6.393366598302444581e-01 -2.984718230385311616e-02
6.491892412895989839e-01 -2.997595434155108166e-02
6.590808112105230876e-01 -3.009864524550080744e-02
6.690102702621547603e-01 -3.021346207325039182e-02
6.789765149027036095e-01 -3.031864964421262382e-02
6.889784375020977514e-01 -3.041243425638793726e-02
6.990149264650814542e-01 -3.049290083974976959e-02
7.090848663547572039e-01 -3.055846241727616999e-02
7.191871380165538730e-01 -3.060889308132886538e-02
7.293206187026060050e-01 -3.064432304285035630e-02
7.394841821965345563e-01 -3.066500870672601853e-02
7.496766989386134394e-01 -3.067120521478329531e-02
7.598970361513051053e-01 -3.066310417989331905e-02
7.701440579651563922e-01 -3.064094274527656356e-02
7.804166255450371015e-01 -3.060507371807760085e-02
7.907135972167069760e-01 -3.055576702682432158e-02
8.010338285937002034e-01 -3.049313579575063660e-02
8.113761727045106786e-01 -3.041808587962290325e-02
8.217394801200630372e-01 -3.033272289599558968e-02
8.321225990814590245e-01 -3.023926770466441385e-02
8.425243756279822138e-01 -3.013997300419641451e-02
8.529436537253458628e-01 -3.003731665918260921e-02
8.633792753941731402e-01 -2.993398663874733551e-02
8.738300808386934015e-01 -2.983220816318925966e-02
8.842949085756387495e-01 -2.973387538204484357e-02
8.947725955633289985e-01 -2.964215841925602404e-02
9.052619773309316109e-01 -2.955960270553948527e-02
9.157618881078770645e-01 -2.947084657118802242e-02
9.262711609534211021e-01 -2.934900275208793610e-02
9.367886278863364335e-01 -2.916500799732987120e-02
9.473131200147204556e-01 -2.888884215849442036e-02
9.578434676659028923e-01 -2.849120455656198661e-02
9.683785005164411430e-01 -2.794303374986154345e-02
9.789170477221889044e-01 -2.721477884088942256e-02
9.894579380484205267e-01 -2.627681139229943313e-02
9.999999999999998890e-01 -2.510000187516810144e-02
