9.999999999999998890e-01 6.636104189212841883e-03
9.894579380484205267e-01 8.724755624315471553e-03
9.789170477221889044e-01 1.084228567824065473e-02
9.683785005164411430e-01 1.298561072905505230e-02
9.578434676659028923e-01 1.515163826167093344e-02
9.473131200147204556e-01 1.733727276502320530e-02
9.367886278863364335e-01 1.953941555973003757e-02
9.262711609534211021e-01 2.175497013979717925e-02
9.157618881078770645e-01 2.398084618542946356e-02
9.052619773309316109e-01 2.621395987228310534e-02
8.947725955633289985e-01 2.845123826820320292e-02
8.842949085756387495e-01 3.068962276272473727e-02
8.738300808386934015e-01 3.292607592084896562e-02
8.633792753941731402e-01 3.515757630856793103e-02
8.529436537253458628e-01 3.738112254431003034e-02
8.425243756279822138e-01 3.959374789141074241e-02
8.321225990814590245e-01 4.179251549468810528e-02
8.217394801200630372e-01 4.397432972726899453e-02
8.113761727045106786e-01 4.613594403858943538e-02
8.010338285937002034e-01 4.827413581597463782e-02
7.907135972167069760e-01 5.038571183141984933e-02
7.804166255450371015e-01 5.246754559751529157e-02
7.701440579651563922e-01 5.451656052669883595e-02
7.598970361513051053e-01 5.652973259903328052e-02
7.496766989386134394e-01 5.850407939347587044e-02
7.394841821965345563e-01 6.043671556584750276e-02
7.293206187026060050e-01 6.232480849064660905e-02
7.191871380165538730e-01 6.416556933028029486e-02
7.090848663547572039e-01 6.595625936970667125e-02
6.990149264650814542e-01 6.769431308901911748e-02
6.889784375020977514e-01 6.937720151852989903e-02
6.789765149027036095e-01 7.100230843381674650e-02
6.690102702621547603e-01 7.256743995767610256e-02
6.590808112105230876e-01 7.407198961385658142e-02
6.491892412895989839e-01 7.551581212976540836e-02
6.393366598302444581e-01 7.689907997043181342e-02
6.295241618302156450e-01 7.822199662745488169e-02
6.197528378324663745e-01 7.948470001936172591e-02
6.100237738039482327e-01 8.068736119728414646e-02
6.003380510149177729e-01 8.183023856739606028e-02
5.906967459187653091e-01 8.291360698992014666e-02
5.811009300323815019e-01 8.393775197581851422e-02
5.715516698170692855e-01 8.490299229259619385e-02
5.620500265600203438e-01 8.580969346497811789e-02
5.525970562563653488e-01 8.665824412493433604e-02
5.431938094918128401e-01 8.744905780507211679e-02
5.338413313258880688e-01 8.818258102105724916e-02
5.245406611757882365e-01 8.885929383578890228e-02
5.152928327008634568e-01 8.947970307293114101e-02
5.060988736877365390e-01 9.004433991285713812e-02
4.969598059360780251e-01 9.055377202157541272e-02
4.878766451450451402e-01 9.100859504958948298e-02
4.788504008003974244e-01 9.140942768271760610e-02
4.698820760623064752e-01 9.175690882047951580e-02
4.609726676538650203e-01 9.205173387656948036e-02
4.521231657503131940e-01 9.229464655953921459e-02
4.433345538689928977e-01 9.248652717264853329e-02
4.346078087600411255e-01 9.262831522002644424e-02
4.259439002978354649e-01 9.272095685938702703e-02
4.173437913732044313e-01 9.276540657090555364e-02
4.088084377864137364e-01 9.276264710705167671e-02
4.003387881409395943e-01 9.271367424788883038e-02
3.919357837380436083e-01 9.261950213517493313e-02
3.836003584721576765e-01 9.248115478087351460e-02
3.753334387270930161e-01 9.229967351198381520e-02
3.671359432730831873e-01 9.207611151834899088e-02
3.590087831646743277e-01 9.181154415256369272e-02
3.509528616394713696e-01 9.150705217442250961e-02
3.429690740177547825e-01 9.116372049777363151e-02
3.350583076029753915e-01 9.078265276948303819e-02
3.272214415831418144e-01 9.036498557791187991e-02
3.194593469331089564e-01 8.991184201070676063e-02
3.117728863177794407e-01 8.942432063597702263e-02
3.041629139962280792e-01 8.890357850630073444e-02
2.966302757267624823e-01 8.835084538414575417e-02
2.891758086729252497e-01 8.776720547554324459e-02
2.818003413104546162e-01 8.715355254668194496e-02
2.745046933352085494e-01 8.651024880994452604e-02
2.672896755720651774e-01 8.583718916176613645e-02
2.601560898848094272e-01 8.513445412872780449e-02
2.531047290870154232e-01 8.440228483423899142e-02
2.461363768539343022e-01 8.364096052532904446e-02
2.392518076353984391e-01 8.285079527836397562e-02
2.324517865697500740e-01 8.203222228758869083e-02
2.257370693988056676e-01 8.118574995810497186e-02
2.191084023838638650e-01 8.031196431140720515e-02
2.125665222227673956e-01 7.941150063293965500e-02
2.061121559680280102e-01 7.848508087803027222e-02
1.997460209460230063e-01 7.753347896672130313e-02
1.934688246772731102e-01 7.655756500272621612e-02
1.872812647978095990e-01 7.555825015467407257e-02
1.811840289816407656e-01 7.453649031155085147e-02
1.751777948643248317e-01 7.349329276674450295e-02
1.692632299676588570e-01 7.242980102135145037e-02
1.634409916254914164e-01 7.134716527186071855e-02
1.577117269106679265e-01 7.024647273226371225e-02
1.520760725631161714e-01 6.912893318127810716e-02
1.465346549190801317e-01 6.799606731647388214e-02
1.410880898415101115e-01 6.684905754479919526e-02
1.357369826516168221e-01 6.568832869816343401e-02
1.304819280615971966e-01 6.451376336579246751e-02
1.253235101085391490e-01 6.332450643465106777e-02
1.202623020895129402e-01 6.212006662540837942e-02
1.152988664978553679e-01 6.090055232331469115e-02
1.104337549606562163e-01 5.966614624267636835e-02
1.056675081774507419e-01 5.841708565728880725e-02
1.010006558601274085e-01 5.715403438422907156e-02
9.643371667405697956e-02 5.587804464193815018e-02
9.196719818044885031e-02 5.458969901860458163e-02
8.760159677994161509e-02 5.328916623175405237e-02
8.333739765743386485e-02 5.197647815329104609e-02
7.917507472816209813e-02 5.065163993799435410e-02
7.511509058502996439e-02 4.931527592966167967e-02
7.115789644719716645e-02 4.796840042283777999e-02
6.730393210993146358e-02 4.661223766380767630e-02
6.355362589573076981e-02 4.524819143024566559e-02
5.990739460672012129e-02 4.387819134760457401e-02
5.636564347832906385e-02 4.250437432386211523e-02
5.292876613425423482e-02 4.112883267505513391e-02
4.959714454271368922e-02 3.975383018219343090e-02
4.637114897399441382e-02 3.838247084352086613e-02
4.325113795930202176e-02 3.701773852592087077e-02
4.023745825091396000e-02 3.566129797429473669e-02
3.733044478364233587e-02 3.431260669545846409e-02
3.453042063760936031e-02 3.296532037393616610e-02
3.183769700234129196e-02 3.161349058724182565e-02
2.925257314218321358e-02 3.025496519581574034e-02
2.677533636303963682e-02 2.888910511894484182e-02
2.440626198044326678e-02 2.751722465689056263e-02
2.214561328895736647e-02 2.614172974613798717e-02
1.999364153291383062e-02 2.476653728288809309e-02
1.795058587848985532e-02 2.339682697705822850e-02
1.601667338712764455e-02 2.203941204507796348e-02
1.419211899029970692e-02 2.070084442214257386e-02
1.247712546562085301e-02 1.938730741965554588e-02
1.087188341431266636e-02 1.810805201784787544e-02
9.376571240020115106e-03 1.687456364179818619e-02
7.991355128984078959e-03 1.567925706421727586e-02
6.716389031571567969e-03 1.449662037822993348e-02
5.551814645166519568e-03 1.328831081280198653e-02
4.497761398421062928e-03 1.201326827579125844e-02
3.554346436871580472e-03 1.070287018840238372e-02
2.721674609919344512e-03 9.426573855741297858e-03
1.999838459177394334e-03 8.185095417846847271e-03
1.388918208186096237e-03 6.965510577462107056e-03
8.889817534969424173e-04 5.922398278380878837e-03
5.000846571264760954e-04 5.196659196895132317e-03
2.222701403818971855e-04 4.408953790661205088e-03
5.556907905679420168e-05 2.907720570580793040e-03
0.000000000000000000e+00 -3.533727929182557030e-04
0.000000000000000000e+00 -4.201750363961923832e-04
5.556907905679420168e-05 -5.127997006690409969e-04
2.222701403818971855e-04 -7.863796833500105027e-04
5.000846571264760954e-04 -1.228852200788947864e-03
8.889817534969424173e-04 -1.819710075781691243e-03
1.388918208186096237e-03 -2.534079263522553450e-03
1.999838459177394334e-03 -3.339919087973454263e-03
2.721674609919344512e-03 -4.204146744156205158e-03
3.554346436871580472e-03 -5.094078357131589206e-03
4.497761398421062928e-03 -5.979394488191394283e-03
5.551814645166519568e-03 -6.834328930869097707e-03
6.716389031571567969e-03 -7.645136173959679420e-03
7.991355128984078959e-03 -8.416617603926677266e-03
9.376571240020115106e-03 -9.165531996709943077e-03
1.087188341431266636e-02 -9.921700863548460481e-03
1.247712546562085301e-02 -1.069481433887562068e-02
1.419211899029970692e-02 -1.147088112380295448e-02
1.601667338712764455e-02 -1.223605983427573582e-02
1.795058587848985532e-02 -1.297799819704402099e-02
1.999364153291383062e-02 -1.368666670431248691e-02
2.214561328895736647e-02 -1.435444677923602974e-02
2.440626198044326678e-02 -1.498109040754356906e-02
2.677533636303963682e-02 -1.557169907492580475e-02
2.925257314218321358e-02 -1.613543968819650121e-02
3.183769700234129196e-02 -1.668289292204953519e-02
3.453042063760936031e-02 -1.721801841085578849e-02
3.733044478364233587e-02 -1.774143413990277723e-02
4.023745825091396000e-02 -1.825255270382229386e-02
4.325113795930202176e-02 -1.875061741704883364e-02
4.637114897399441382e-02 -1.923644843342116328e-02
4.959714454271368922e-02 -1.971104309647929778e-02
5.292876613425423482e-02 -2.017392918975724134e-02
5.636564347832906385e-02 -2.062457698013706736e-02
5.990739460672012129e-02 -2.106366578249189297e-02
6.355362589573076981e-02 -2.149200059398299195e-02
6.730393210993146358e-02 -2.190996488821012056e-02
7.115789644719716645e-02 -2.231762438886274874e-02
7.511509058502996439e-02 -2.271445966560046298e-02
7.917507472816209813e-02 -2.310010410921130297e-02
8.333739765743386485e-02 -2.347467865157045960e-02
8.760159677994161509e-02 -2.383829305154028244e-02
9.196719818044885031e-02 -2.419093956082526628e-02
9.643371667405697956e-02 -2.453270761617876508e-02
1.010006558601274085e-01 -2.486384710990487135e-02
1.056675081774507419e-01 -2.518477931583909535e-02
1.104337549606562163e-01 -2.549610031405471003e-02
1.152988664978553679e-01 -2.579800706040918240e-02
1.202623020895129402e-01 -2.609028566074716310e-02
1.253235101085391490e-01 -2.637282278458615015e-02
1.304819280615971966e-01 -2.664561022454200317e-02
1.357369826516168221e-01 -2.690868035247951512e-02
1.410880898415101115e-01 -2.716208693037223260e-02
1.465346549190801317e-01 -2.740582436220458454e-02
1.520760725631161714e-01 -2.763987189230578123e-02
1.577117269106679265e-01 -2.786439202286423306e-02
1.634409916254914164e-01 -2.807960799285287926e-02
1.692632299676588570e-01 -2.828551332073339988e-02
1.751777948643248317e-01 -2.848199111401436903e-02
1.811840289816407656e-01 -2.866885425511247337e-02
1.872812647978095990e-01 -2.884590813039570115e-02
1.934688246772731102e-01 -2.901303853201921829e-02
1.997460209460230063e-01 -2.917010357605100482e-02
2.061121559680280102e-01 -2.931676454676998556e-02
2.125665222227673956e-01 -2.945265691469268338e-02
2.191084023838638650e-01 -2.957748431565680389e-02
2.257370693988056676e-01 -2.969093667517593363e-02
2.324517865697500740e-01 -2.979263242522879607e-02
2.392518076353984391e-01 -2.988215472307106241e-02
2.461363768539343022e-01 -2.995903509862618552e-02
2.531047290870154232e-01 -3.002281107554599648e-02
2.601560898848094272e-01 -3.007302501508236220e-02
2.672896755720651774e-01 -3.010814171179983234e-02
2.745046933352085494e-01 -3.012495652663567738e-02
2.818003413104546162e-01 -3.011956655003186073e-02
2.891758086729252497e-01 -3.008738299089987536e-02
2.966302757267624823e-01 -3.002469103866880692e-02
3.041629139962280792e-01 -2.992885750091337990e-02
3.117728863177794407e-01 -2.979885751995782830e-02
3.194593469331089564e-01 -2.963506874132099470e-02
3.272214415831418144e-01 -2.943748767812828446e-02
3.350583076029753915e-01 -2.920594441620961296e-02
3.429690740177547825e-01 -2.894226998695172831e-02
3.509528616394713696e-01 -2.864962122235173436e-02
3.590087831646743277e-01 -2.833131023279047978e-02
3.671359432730831873e-01 -2.799079930639865668e-02
3.753334387270930161e-01 -2.763213844836810359e-02
3.836003584721576765e-01 -2.725976145093268049e-02
3.919357837380436083e-01 -2.687881261212484232e-02
4.003387881409395943e-01 -2.649469556403779430e-02
4.088084377864137364e-01 -2.611275932493178908e-02
4.173437913732044313e-01 -2.573745418702223786e-02
4.259439002978354649e-01 -2.536956504618509411e-02
4.346078087600411255e-01 -2.500906979116299458e-02
4.433345538689928977e-01 -2.465644477661559433e-02
4.521231657503131940e-01 -2.431175080769094887e-02
4.609726676538650203e-01 -2.397356973922945902e-02
4.698820760623064752e-01 -2.363978714806438952e-02
4.788504008003974244e-01 -2.330726627537671805e-02
4.878766451450451402e-01 -2.297317564278920921e-02
4.969598059360780251e-01 -2.263558372545559916e-02
5.060988736877365390e-01 -2.229361156575707104e-02
5.152928327008634568e-01 -2.194793471140761912e-02
5.245406611757882365e-01 -2.159913742738645004e-02
5.338413313258880688e-01 -2.124746823081526126e-02
5.431938094918128401e-01 -2.089286552139715814e-02
5.525970562563653488e-01 -2.053492755993348295e-02
5.620500265600203438e-01 -2.017308361878187087e-02
5.715516698170692855e-01 -1.980665990395529680e-02
5.811009300323815019e-01 -1.943572551581675828e-02
5.906967459187653091e-01 -1.906099831314863463e-02
6.003380510149177729e-01 -1.868356816265999421e-02
6.100237738039482327e-01 -1.830470445195229307e-02
6.197528378324663745e-01 -1.792498819054609907e-02
6.295241618302156450e-01 -1.754453946154667029e-02
6.393366598302444581e-01 -1.716303384034119361e-02
6.491892412895989839e-01 -1.677999268492219587e-02
6.590808112105230876e-01 -1.639535135757234918e-02
6.690102702621547603e-01 -1.600927240844563643e-02
6.789765149027036095e-01 -1.562222889947505015e-02
6.889784375020977514e-01 -1.523473029068391285e-02
6.990149264650814542e-01 -1.484697532105460488e-02
7.090848663547572039e-01 -1.445903464850882211e-02
7.191871380165538730e-01 -1.407082811529634242e-02
7.293206187026060050e-01 -1.368227985387832427e-02
7.394841821965345563e-01 -1.329343399953303306e-02
7.496766989386134394e-01 -1.290454652468532928e-02
7.598970361513051053e-01 -1.251634599240886853e-02
7.701440579651563922e-01 -1.212872386771825413e-02
7.804166255450371015e-01 -1.173965178719460663e-02
7.907135972167069760e-01 -1.134679415047736527e-02
8.010338285937002034e-01 -1.094771390487652048e-02
8.113761727045106786e-01 -1.054060542963519524e-02
8.217394801200630372e-01 -1.012463326538598149e-02
8.321225990814590245e-01 -9.699694838819928472e-03
8.425243756279822138e-01 -9.266525339617397855e-03
8.529436537253458628e-01 -8.826409238158975518e-03
8.633792753941731402e-01 -8.381342997457354518e-03
8.738300808386934015e-01 -7.936874253071313917e-03
8.842949085756387495e-01 -7.501442560661736314e-03
8.947725955633289985e-01 -7.080151519860806986e-03
9.052619773309316109e-01 -6.675216827183478273e-03
9.157618881078770645e-01 -6.285325429034370991e-03
9.262711609534211021e-01 -5.907496705877820532e-03
9.367886278863364335e-01 -5.543370550485053096e-03
9.473131200147204556e-01 -5.192071731384010139e-03
9.578434676659028923e-01 -4.816574132471044233e-03
9.683785005164411430e-01 -4.370138678430632827e-03
9.789170477221889044e-01 -3.843096986594775333e-03
9.894579380484205267e-01 -3.313706718579572611e-03
9.999999999999998890e-01 -3.221497722487563081e-03
