9.999999999999998890e-01 3.473917019915173871e-04
9.894579380484205267e-01 6.138826004073399609e-03
9.789170477221889044e-01 1.141397078748164658e-02
9.683785005164411430e-01 1.625494625942696877e-02
9.578434676659028923e-01 2.074215740095356961e-02
9.473131200147204556e-01 2.494932771120442552e-02
9.367886278863364335e-01 2.893291763906596925e-02
9.262711609534211021e-01 3.274251145522374257e-02
9.157618881078770645e-01 3.641867261816058438e-02
9.052619773309316109e-01 3.999633910281792659e-02
8.947725955633289985e-01 4.350209253369637097e-02
8.842949085756387495e-01 4.695806633550760750e-02
8.738300808386934015e-01 5.038072527355124536e-02
8.633792753941731402e-01 5.378285945238008708e-02
8.529436537253458628e-01 5.717292987046682790e-02
8.425243756279822138e-01 6.055663498244080734e-02
8.321225990814590245e-01 6.393680052198946751e-02
8.217394801200630372e-01 6.731411092416464403e-02
8.113761727045106786e-01 7.068726932087003589e-02
8.010338285937002034e-01 7.405351873835230858e-02
7.907135972167069760e-01 7.740891589344783830e-02
7.804166255450371015e-01 8.074855101997727158e-02
7.701440579651563922e-01 8.406683061727159012e-02
7.598970361513051053e-01 8.735763963747678051e-02
7.496766989386134394e-01 9.061455342706536964e-02
7.394841821965345563e-01 9.383098332625419702e-02
7.293206187026060050e-01 9.700027710882060117e-02
7.191871380165538730e-01 1.001158640436620173e-01
7.090848663547572039e-01 1.031712666725094069e-01
6.990149264650814542e-01 1.061603277742923374e-01
6.889784375020977514e-01 1.090770890239497332e-01
6.789765149027036095e-01 1.119159985709452659e-01
6.690102702621547603e-01 1.146717469959432911e-01
6.590808112105230876e-01 1.173394970306940455e-01
6.491892412895989839e-01 1.199147040531413355e-01
6.393366598302444581e-01 1.223933753613782732e-01
6.295241618302156450e-01 1.247718110109206080e-01
6.197528378324663745e-01 1.270467806389052601e-01
6.100237738039482327e-01 1.292153728144504465e-01
6.003380510149177729e-01 1.312751850833770995e-01
5.906967459187653091e-01 1.332241254361653526e-01
5.811009300323815019e-01 1.350605306160518604e-01
5.715516698170692855e-01 1.367830219341120979e-01
5.620500265600203438e-01 1.383905779814932346e-01
5.525970562563653488e-01 1.398825122279670485e-01
5.431938094918128401e-01 1.412585191242158589e-01
5.338413313258880688e-01 1.425185440760020072e-01
5.245406611757882365e-01 1.436627817734336399e-01
5.152928327008634568e-01 1.446917304230210255e-01
5.060988736877365390e-01 1.456061573170458479e-01
4.969598059360780251e-01 1.464070767285970964e-01
4.878766451450451402e-01 1.470956937582066915e-01
4.788504008003974244e-01 1.476734107778975291e-01
4.698820760623064752e-01 1.481417825496375573e-01
4.609726676538650203e-01 1.485026637242744807e-01
4.521231657503131940e-01 1.487580741296298248e-01
4.433345538689928977e-01 1.489101254008382280e-01
4.346078087600411255e-01 1.489610043337571965e-01
4.259439002978354649e-01 1.489131062337480105e-01
4.173437913732044313e-01 1.487689273726580663e-01
4.088084377864137364e-01 1.485310917636628036e-01
4.003387881409395943e-01 1.482022814919321807e-01
3.919357837380436083e-01 1.477852586410336178e-01
3.836003584721576765e-01 1.472828099760676024e-01
3.753334387270930161e-01 1.466977396232253261e-01
3.671359432730831873e-01 1.460329000713059266e-01
3.590087831646743277e-01 1.452912614881138043e-01
3.509528616394713696e-01 1.444757624344640001e-01
3.429690740177547825e-01 1.435892309240407172e-01
3.350583076029753915e-01 1.426344971034380071e-01
3.272214415831418144e-01 1.416144207134202027e-01
3.194593469331089564e-01 1.405318087167223562e-01
3.117728863177794407e-01 1.393893811969895702e-01
3.041629139962280792e-01 1.381898115215985934e-01
2.966302757267624823e-01 1.369357189971771027e-01
2.891758086729252497e-01 1.356296342920328413e-01
2.818003413104546162e-01 1.342739903512039645e-01
2.745046933352085494e-01 1.328711179911526707e-01
2.672896755720651774e-01 1.314232554028621769e-01
2.601560898848094272e-01 1.299325907176320516e-01
2.531047290870154232e-01 1.284012573933489276e-01
2.461363768539343022e-01 1.268311700507184225e-01
2.392518076353984391e-01 1.252241004333322916e-01
2.324517865697500740e-01 1.235818115597350636e-01
2.257370693988056676e-01 1.219060411280265405e-01
2.191084023838638650e-01 1.201983609911110584e-01
2.125665222227673956e-01 1.184602468196871566e-01
2.061121559680280102e-01 1.166930490612653332e-01
1.997460209460230063e-01 1.148980704716911910e-01
1.934688246772731102e-01 1.130766131054235513e-01
1.872812647978095990e-01 1.112299380501301366e-01
1.811840289816407656e-01 1.093591368142819431e-01
1.751777948643248317e-01 1.074652728707324034e-01
1.692632299676588570e-01 1.055494645928952147e-01
1.634409916254914164e-01 1.036128095211395483e-01
1.577117269106679265e-01 1.016563130849988117e-01
1.520760725631161714e-01 9.968097874965989313e-02
1.465346549190801317e-01 9.768784346197038893e-02
1.410880898415101115e-01 9.567796099890978068e-02
1.357369826516168221e-01 9.365240906757210659e-02
1.304819280615971966e-01 9.161229147749849755e-02
1.253235101085391490e-01 8.955875085057345142e-02
1.202623020895129402e-01 8.749295309429983014e-02
1.152988664978553679e-01 8.541609360948014540e-02
1.104337549606562163e-01 8.332943907340747969e-02
1.056675081774507419e-01 8.123433761020712462e-02
1.010006558601274085e-01 7.913215845911572566e-02
9.643371667405697956e-02 7.702429169429328426e-02
9.196719818044885031e-02 7.491220448379937169e-02
8.760159677994161509e-02 7.279742959059190555e-02
8.333739765743386485e-02 7.068153023395577772e-02
7.917507472816209813e-02 6.856609401984953278e-02
7.511509058502996439e-02 6.645275448800709583e-02
7.115789644719716645e-02 6.434317241210640859e-02
6.730393210993146358e-02 6.223901279303920009e-02
6.355362589573076981e-02 6.014194405108860136e-02
5.990739460672012129e-02 5.805364470400675020e-02
5.636564347832906385e-02 5.597578570701694511e-02
5.292876613425423482e-02 5.390997397878356107e-02
4.959714454271368922e-02 5.185779202870121479e-02
4.637114897399441382e-02 4.982081062581499714e-02
4.325113795930202176e-02 4.780054239565786900e-02
4.023745825091396000e-02 4.579829700817587834e-02
3.733044478364233587e-02 4.381535753407090478e-02
3.453042063760936031e-02 4.185306861651214017e-02
3.183769700234129196e-02 3.991258896913473658e-02
2.925257314218321358e-02 3.799457872777184386e-02
2.677533636303963682e-02 3.609983517424471267e-02
2.440626198044326678e-02 3.422959971361824727e-02
2.214561328895736647e-02 3.238443884873993400e-02
1.999364153291383062e-02 3.056365102819341706e-02
1.795058587848985532e-02 2.876756619036853133e-02
1.601667338712764455e-02 2.699815968762948187e-02
1.419211899029970692e-02 2.525485896503215991e-02
1.247712546562085301e-02 2.353392088972191404e-02
1.087188341431266636e-02 2.183592856562474593e-02
9.376571240020115106e-03 2.016582266906987927e-02
7.991355128984078959e-03 1.852098137621037421e-02
6.716389031571567969e-03 1.689246086446016121e-02
5.551814645166519568e-03 1.527963835721678383e-02
4.497761398421062928e-03 1.368860756294383238e-02
3.554346436871580472e-03 1.212903905892187030e-02
2.721674609919344512e-03 1.060533832130862962e-02
1.999838459177394334e-03 9.055200825713597551e-03
1.388918208186096237e-03 7.418898539426444644e-03
8.889817534969424173e-04 5.911661563473068030e-03
5.000846571264760954e-04 4.726728920704178181e-03
2.222701403818971855e-04 3.206692953194559877e-03
5.556907905679420168e-05 9.146001246337663116e-04
0.000000000000000000e+00 4.388319968513033873e-06
0.000000000000000000e+00 -2.941756729506896271e-06
5.556907905679420168e-05 -6.115227631458066164e-04
2.222701403818971855e-04 -2.142179651853504466e-03
5.000846571264760954e-04 -3.148017519137488989e-03
8.889817534969424173e-04 -3.918161261609840428e-03
1.388918208186096237e-03 -4.889513170879936782e-03
1.999838459177394334e-03 -5.929173326201674435e-03
2.721674609919344512e-03 -6.889632494924910651e-03
3.554346436871580472e-03 -7.807837219827804161e-03
4.497761398421062928e-03 -8.722643533974203806e-03
5.551814645166519568e-03 -9.628500678543238864e-03
6.716389031571567969e-03 -1.051654606359490700e-02
7.991355128984078959e-03 -1.138061113857101458e-02
9.376571240020115106e-03 -1.221928873435273316e-02
1.087188341431266636e-02 -1.303707040790929791e-02
1.247712546562085301e-02 -1.383450151615195876e-02
1.419211899029970692e-02 -1.460737523024514296e-02
1.601667338712764455e-02 -1.535470032203769056e-02
1.795058587848985532e-02 -1.607866849840223003e-02
1.999364153291383062e-02 -1.677964885031259928e-02
2.214561328895736647e-02 -1.745655894441024494e-02
2.440626198044326678e-02 -1.810969897344111637e-02
2.677533636303963682e-02 -1.874026892890684817e-02
2.925257314218321358e-02 -1.934885680242809033e-02
3.183769700234129196e-02 -1.993575541420669964e-02
3.453042063760936031e-02 -2.050174740601761955e-02
3.733044478364233587e-02 -2.104781614962996164e-02
4.023745825091396000e-02 -2.157472879880980438e-02
4.325113795930202176e-02 -2.208318210298957501e-02
4.637114897399441382e-02 -2.257395510302396407e-02
4.959714454271368922e-02 -2.304781532684101186e-02
5.292876613425423482e-02 -2.350536361850883230e-02
5.636564347832906385e-02 -2.394712130081128390e-02
5.990739460672012129e-02 -2.437348693309081618e-02
6.355362589573076981e-02 -2.478475998343977749e-02
6.730393210993146358e-02 -2.518102869979906705e-02
7.115789644719716645e-02 -2.556224886849671821e-02
7.511509058502996439e-02 -2.592814663510399284e-02
7.917507472816209813e-02 -2.627829761866187080e-02
8.333739765743386485e-02 -2.661203932548989945e-02
8.760159677994161509e-02 -2.692853768008435927e-02
9.196719818044885031e-02 -2.722671235173492604e-02
9.643371667405697956e-02 -2.750530721263040948e-02
1.010006558601274085e-01 -2.776284389567716324e-02
1.056675081774507419e-01 -2.799767238723462059e-02
1.104337549606562163e-01 -2.820794984137922623e-02
1.152988664978553679e-01 -2.839167680464271121e-02
1.202623020895129402e-01 -2.854669914217653273e-02
1.253235101085391490e-01 -2.867073721228160371e-02
1.304819280615971966e-01 -2.876140418522063827e-02
1.357369826516168221e-01 -2.881623973412845291e-02
1.410880898415101115e-01 -2.883273070841360988e-02
1.465346549190801317e-01 -2.880834102847865813e-02
1.520760725631161714e-01 -2.874052777358401117e-02
1.577117269106679265e-01 -2.862680318453942815e-02
1.634409916254914164e-01 -2.846472564081183390e-02
1.692632299676588570e-01 -2.825197852981822105e-02
1.751777948643248317e-01 -2.798633395106870508e-02
1.811840289816407656e-01 -2.766576681900035153e-02
1.872812647978095990e-01 -2.728838400722813362e-02
1.934688246772731102e-01 -2.685257454360118548e-02
1.997460209460230063e-01 -2.635689594657841806e-02
2.061121559680280102e-01 -2.580023709722038122e-02
2.125665222227673956e-01 -2.518168608877496481e-02
2.191084023838638650e-01 -2.450071036649389966e-02
2.257370693988056676e-01 -2.375700938079177219e-02
2.324517865697500740e-01 -2.295069564845595225e-02
2.392518076353984391e-01 -2.208212949607399334e-02
2.461363768539343022e-01 -2.115206862849365599e-02
2.531047290870154232e-01 -2.016153687404834832e-02
2.601560898848094272e-01 -1.911195256797366959e-02
2.672896755720651774e-01 -1.800500682130582591e-02
2.745046933352085494e-01 -1.684275091965341253e-02
2.818003413104546162e-01 -1.562749241041886880e-02
2.891758086729252497e-01 -1.436183927625719545e-02
2.966302757267624823e-01 -1.304864801398319431e-02
3.041629139962280792e-01 -1.169103383987385794e-02
3.117728863177794407e-01 -1.029230804985809683e-02
3.194593469331089564e-01 -8.855961054833830920e-03
3.272214415831418144e-01 -7.385648517660155059e-03
3.350583076029753915e-01 -5.885157252456002519e-03
3.429690740177547825e-01 -4.358370834563027492e-03
3.509528616394713696e-01 -2.809238503019298016e-03
3.590087831646743277e-01 -1.241753885665673783e-03
3.671359432730831873e-01 3.400697047559579915e-04
3.753334387270930161e-01 1.932249489421128874e-03
3.836003584721576765e-01 3.530831221861752828e-03
3.919357837380436083e-01 5.131949804315382759e-03
4.003387881409395943e-01 6.731797187093158975e-03
4.088084377864137364e-01 8.326682225793668665e-03
4.173437913732044313e-01 9.912992900506803484e-03
4.259439002978354649e-01 1.148729302423114572e-02
4.346078087600411255e-01 1.304624387275619968e-02
4.433345538689928977e-01 1.458668404234852480e-02
4.521231657503131940e-01 1.610554768856256244e-02
4.609726676538650203e-01 1.759993227091241272e-02
4.698820760623064752e-01 1.906702776081932102e-02
4.788504008003974244e-01 2.050417457840148644e-02
4.878766451450451402e-01 2.190878932086053402e-02
4.969598059360780251e-01 2.327839630318734657e-02
5.060988736877365390e-01 2.461057425753225905e-02
5.152928327008634568e-01 2.590297111414103029e-02
5.245406611757882365e-01 2.715325247414604806e-02
5.338413313258880688e-01 2.835909899967957448e-02
5.431938094918128401e-01 2.951817714915808480e-02
5.525970562563653488e-01 3.062813360178769095e-02
5.620500265600203438e-01 3.168657147660616097e-02
5.715516698170692855e-01 3.269104762374171885e-02
5.811009300323815019e-01 3.363904269736937153e-02
5.906967459187653091e-01 3.452797018909421756e-02
6.003380510149177729e-01 3.535517148710728974e-02
6.100237738039482327e-01 3.611793303073920075e-02
6.197528378324663745e-01 3.681348031346039218e-02
6.295241618302156450e-01 3.743900215321020741e-02
6.393366598302444581e-01 3.799167504841522575e-02
6.491892412895989839e-01 3.846868139371430878e-02
6.590808112105230876e-01 3.886728212449312714e-02
6.690102702621547603e-01 3.918480369312663664e-02
6.789765149027036095e-01 3.941875471253425411e-02
6.889784375020977514e-01 3.956677802990538756e-02
6.990149264650814542e-01 3.962684145688669807e-02
7.090848663547572039e-01 3.959712850607535750e-02
7.191871380165538730e-01 3.947628320447300887e-02
7.293206187026060050e-01 3.926324583619702352e-02
7.394841821965345563e-01 3.895753648697249105e-02
7.496766989386134394e-01 3.855904289634249499e-02
7.598970361513051053e-01 3.806830577386711295e-02
7.701440579651563922e-01 3.748626467153862163e-02
7.804166255450371015e-01 3.681448891446817417e-02
7.907135972167069760e-01 3.605492202533962937e-02
8.010338285937002034e-01 3.521003011351094003e-02
8.113761727045106786e-01 3.428248786180951996e-02
8.217394801200630372e-01 3.327519729760573808e-02
8.321225990814590245e-01 3.219096989222806210e-02
8.425243756279822138e-01 3.103245158219168978e-02
8.529436537253458628e-01 2.980153680014052675e-02
8.633792753941731402e-01 2.849925492975036861e-02
8.738300808386934015e-01 2.712503566377557143e-02
8.842949085756387495e-01 2.567670006064604743e-02
8.947725955633289985e-01 2.414884738661319391e-02
9.052619773309316109e-01 2.253327386808596372e-02
9.157618881078770645e-01 2.081691876514049980e-02
9.262711609534211021e-01 1.898276629400985280e-02
9.367886278863364335e-01 1.700539528609459894e-02
9.473131200147204556e-01 1.485364397189064579e-02
9.578434676659028923e-01 1.248671127338501705e-02
9.683785005164411430e-01 9.856037041798468984e-03
9.789170477221889044e-01 6.892181881793656151e-03
9.894579380484205267e-01 3.517605106514751917e-03
9.999999999999998890e-01 -3.474023239626547899e-04
