1.000000000000000000e+00 3.473964000000000067e-04
9.803663000000000238e-01 1.071634999999999949e-02
9.607402000000000442e-01 1.953877999999999865e-02
9.411291999999999991e-01 2.731331000000000037e-02
9.215408999999999962e-01 3.441088999999999953e-02
9.019829000000000319e-01 4.109833000000000236e-02
8.824625999999999859e-01 4.755891999999999759e-02
8.629877000000000242e-01 5.391007999999999911e-02
8.435654999999999681e-01 6.021842000000000167e-02
8.242036999999999836e-01 6.651227999999999307e-02
8.049096999999999502e-01 7.279219000000000661e-02
7.856908000000000225e-01 7.903928999999999816e-02
7.665545999999999749e-01 8.522206999999999699e-02
7.475083999999999618e-01 9.130166000000000670e-02
7.285595999999999739e-01 9.723587999999999676e-02
7.097153000000000489e-01 1.029821999999999960e-01
6.909830000000000139e-01 1.084997999999999935e-01
6.723698000000000174e-01 1.137512999999999996e-01
6.538829000000000446e-01 1.187032999999999977e-01
6.355294999999999694e-01 1.233270999999999951e-01
6.173165999999999931e-01 1.275989999999999902e-01
5.992511999999999839e-01 1.315000000000000058e-01
5.813403000000000320e-01 1.350159999999999971e-01
5.635907999999999474e-01 1.381371999999999878e-01
5.460095000000000365e-01 1.408579000000000081e-01
5.286032999999999982e-01 1.431764000000000092e-01
5.113788000000000222e-01 1.450943000000000094e-01
4.943426000000000209e-01 1.466165000000000107e-01
4.775014000000000203e-01 1.477506000000000097e-01
4.608616999999999853e-01 1.485065000000000135e-01
4.444297999999999860e-01 1.488966999999999929e-01
4.282119999999999815e-01 1.489350999999999869e-01
4.122146999999999895e-01 1.486373000000000000e-01
3.964441000000000215e-01 1.480201999999999907e-01
3.809061000000000252e-01 1.471015999999999990e-01
3.656067000000000067e-01 1.458995999999999904e-01
3.505519999999999747e-01 1.444331000000000087e-01
3.357475999999999794e-01 1.427207000000000059e-01
3.211993000000000209e-01 1.407807000000000086e-01
3.069125999999999799e-01 1.386311000000000071e-01
2.928932000000000202e-01 1.362889999999999935e-01
2.791464000000000167e-01 1.337707999999999953e-01
2.656775000000000109e-01 1.310914999999999997e-01
2.524916999999999856e-01 1.282654000000000016e-01
2.395940000000000014e-01 1.253053000000000083e-01
2.269895000000000107e-01 1.222227000000000036e-01
2.146830999999999878e-01 1.190284000000000064e-01
2.026793000000000067e-01 1.157316000000000039e-01
1.909830000000000139e-01 1.123408999999999935e-01
1.795985999999999971e-01 1.088641999999999943e-01
1.685303999999999969e-01 1.053084999999999993e-01
1.577828000000000008e-01 1.016809000000000046e-01
1.473598000000000130e-01 9.798788999999999416e-02
1.372655999999999876e-01 9.423629000000000033e-02
1.275040000000000062e-01 9.043307000000000428e-02
1.180786999999999948e-01 8.658559999999999868e-02
1.089934999999999932e-01 8.270173999999999581e-02
1.002516999999999991e-01 7.878997000000000084e-02
9.185683000000000042e-02 7.485935999999999979e-02
8.381204000000000431e-02 7.091957000000000122e-02
7.612046999999999564e-02 6.698079999999999312e-02
6.878507000000000371e-02 6.305362000000000466e-02
6.180866000000000138e-02 5.914880000000000138e-02
5.519394999999999857e-02 5.527713000000000071e-02
4.894347999999999754e-02 5.144913000000000264e-02
4.305965999999999960e-02 4.767481999999999970e-02
3.754476000000000341e-02 4.396339999999999970e-02
3.240090999999999805e-02 4.032299000000000300e-02
2.763008000000000131e-02 3.676034999999999719e-02
2.323412000000000047e-02 3.328065999999999663e-02
1.921472000000000110e-02 2.988727999999999871e-02
1.557342999999999922e-02 2.658160999999999857e-02
1.231166000000000031e-02 2.336295000000000038e-02
9.430660000000000431e-03 2.022851000000000163e-02
6.931543000000000079e-03 1.717337000000000030e-02
4.815273000000000123e-03 1.419057999999999951e-02
3.082665999999999965e-03 1.127129999999999972e-02
1.734389999999999933e-03 8.405042999999999195e-03
7.709637999999999994e-04 5.579879999999999736e-03
1.927595000000000100e-04 2.782791000000000171e-03
0.000000000000000000e+00 0.000000000000000000e+00
1.927595000000000100e-04 -1.859168000000000018e-03
7.709637999999999994e-04 -3.703703999999999937e-03
1.734389999999999933e-03 -5.519348999999999783e-03
3.082665999999999965e-03 -7.292823000000000361e-03
4.815273000000000123e-03 -9.012258999999999895e-03
6.931543000000000079e-03 -1.066755999999999954e-02
9.430660000000000431e-03 -1.225067999999999990e-02
1.231166000000000031e-02 -1.375575000000000062e-02
1.557342999999999922e-02 -1.517921000000000027e-02
1.921472000000000110e-02 -1.651965000000000031e-02
2.323412000000000047e-02 -1.777772000000000033e-02
2.763008000000000131e-02 -1.895581000000000002e-02
3.240090999999999805e-02 -2.005768000000000134e-02
3.754476000000000341e-02 -2.108799999999999911e-02
4.305965999999999960e-02 -2.205189999999999928e-02
4.894347999999999754e-02 -2.295436000000000004e-02
5.519394999999999857e-02 -2.379975000000000146e-02
6.180866000000000138e-02 -2.459126999999999841e-02
6.878507000000000371e-02 -2.533053999999999861e-02
7.612046999999999564e-02 -2.601718000000000086e-02
8.381204000000000431e-02 -2.664851999999999846e-02
9.185683000000000042e-02 -2.721948999999999896e-02
1.002516999999999991e-01 -2.772248999999999894e-02
1.089934999999999932e-01 -2.814755999999999855e-02
1.180786999999999948e-01 -2.848254999999999884e-02
1.275040000000000062e-01 -2.871349000000000123e-02
1.372655999999999876e-01 -2.882501999999999981e-02
1.473598000000000130e-01 -2.880100000000000021e-02
1.577828000000000008e-01 -2.862508000000000066e-02
1.685303999999999969e-01 -2.828142000000000156e-02
1.795985999999999971e-01 -2.775533999999999987e-02
1.909830000000000139e-01 -2.703401000000000068e-02
2.026793000000000067e-01 -2.610708999999999946e-02
2.146830999999999878e-01 -2.496724000000000165e-02
2.269895000000000107e-01 -2.361059999999999895e-02
2.395940000000000014e-01 -2.203708999999999876e-02
2.524916999999999856e-01 -2.025058999999999887e-02
2.656775000000000109e-01 -1.825896999999999937e-02
2.791464000000000167e-01 -1.607398999999999981e-02
2.928932000000000202e-01 -1.371099999999999923e-02
3.069125999999999799e-01 -1.118857000000000011e-02
3.211993000000000209e-01 -8.527961000000000569e-03
3.357475999999999794e-01 -5.752544000000000060e-03
3.505519999999999747e-01 -2.887153999999999849e-03
3.656067000000000067e-01 4.257340000000000137e-05
3.809061000000000252e-01 3.010841000000000212e-03
3.964441000000000215e-01 5.992276999999999847e-03
4.122146999999999895e-01 8.962426000000000767e-03
4.282119999999999815e-01 1.189812999999999982e-02
4.444297999999999860e-01 1.477779000000000072e-02
4.608616999999999853e-01 1.758142000000000038e-02
4.775014000000000203e-01 2.029061000000000059e-02
4.943426000000000209e-01 2.288835999999999996e-02
5.113788000000000222e-01 2.535872000000000126e-02
5.286032999999999982e-01 2.768641999999999978e-02
5.460095000000000365e-01 2.985642999999999977e-02
5.635907999999999474e-01 3.185353999999999963e-02
5.813403000000000320e-01 3.366199999999999748e-02
5.992511999999999839e-01 3.526528000000000301e-02
6.173165999999999931e-01 3.664604999999999946e-02
6.355294999999999694e-01 3.778634000000000159e-02
6.538829000000000446e-01 3.866796000000000122e-02
6.723698000000000174e-01 3.927322999999999925e-02
6.909830000000000139e-01 3.958590000000000025e-02
7.097153000000000489e-01 3.959226999999999885e-02
7.285595999999999739e-01 3.928244999999999654e-02
7.475083999999999618e-01 3.865148000000000195e-02
7.665545999999999749e-01 3.770028999999999741e-02
7.856908000000000225e-01 3.643604000000000287e-02
8.049096999999999502e-01 3.487172999999999662e-02
8.242036999999999836e-01 3.302454999999999974e-02
8.435654999999999681e-01 3.091257000000000033e-02
8.629877000000000242e-01 2.854933000000000123e-02
8.824625999999999859e-01 2.593561999999999951e-02
9.019829000000000319e-01 2.304814000000000168e-02
9.215408999999999962e-01 1.982400999999999955e-02
9.411291999999999991e-01 1.614093999999999945e-02
9.607402000000000442e-01 1.179198000000000052e-02
9.803663000000000238e-01 6.454472999999999634e-03
1.000000000000000000e+00 -3.473964000000000067e-04
