9.999999999999998890e-01 6.626996725934188861e-05
9.894579380484205267e-01 4.295241993162229530e-03
9.789170477221889044e-01 8.280310884715256711e-03
9.683785005164411430e-01 1.207690442493194495e-02
9.578434676659028923e-01 1.573140837232727199e-02
9.473131200147204556e-01 1.928376325709436553e-02
9.367886278863364335e-01 2.276139991988210265e-02
9.262711609534211021e-01 2.618651576742452372e-02
9.157618881078770645e-01 2.957420439712124191e-02
9.052619773309316109e-01 3.293550335383246125e-02
8.947725955633289985e-01 3.627558799845523319e-02
8.842949085756387495e-01 3.959686929293258079e-02
8.738300808386934015e-01 4.289836157479715723e-02
8.633792753941731402e-01 4.617713801743368596e-02
8.529436537253458628e-01 4.942804775994685124e-02
8.425243756279822138e-01 5.264491818410516055e-02
8.321225990814590245e-01 5.582057983564839981e-02
8.217394801200630372e-01 5.894742559936130138e-02
8.113761727045106786e-01 6.201749395773764606e-02
8.010338285937002034e-01 6.502299933322204517e-02
7.907135972167069760e-01 6.795634983395999751e-02
7.804166255450371015e-01 7.081046509408879530e-02
7.701440579651563922e-01 7.357869354911160398e-02
7.598970361513051053e-01 7.625523597655703423e-02
7.496766989386134394e-01 7.883489036417315465e-02
7.394841821965345563e-01 8.131338573406311776e-02
7.293206187026060050e-01 8.368705407371322680e-02
7.191871380165538730e-01 8.595327990707536669e-02
7.090848663547572039e-01 8.811004527171165113e-02
6.990149264650814542e-01 9.015629199343845601e-02
6.889784375020977514e-01 9.209148047265446058e-02
6.789765149027036095e-01 9.391595516181022729e-02
6.690102702621547603e-01 9.563050167196290863e-02
6.590808112105230876e-01 9.723662585573439321e-02
6.491892412895989839e-01 9.873617882632759746e-02
6.393366598302444581e-01 1.001315559927960924e-01
6.295241618302156450e-01 1.014254109016934635e-01
6.197528378324663745e-01 1.026207846331424062e-01
6.100237738039482327e-01 1.037208745972788559e-01
6.003380510149177729e-01 1.047290790593545934e-01
5.906967459187653091e-01 1.056488776879000863e-01
5.811009300323815019e-01 1.064838465750691937e-01
5.715516698170692855e-01 1.072375336539673346e-01
5.620500265600203438e-01 1.079134311609498409e-01
5.525970562563653488e-01 1.085149641992378539e-01
5.431938094918128401e-01 1.090454750855278793e-01
5.338413313258880688e-01 1.095081387771151549e-01
5.245406611757882365e-01 1.099059541408087121e-01
5.152928327008634568e-01 1.102417269636649516e-01
5.060988736877365390e-01 1.105180875740677526e-01
4.969598059360780251e-01 1.107374414903657817e-01
4.878766451450451402e-01 1.109020129981489050e-01
4.788504008003974244e-01 1.110137833301672733e-01
4.698820760623064752e-01 1.110745561229854184e-01
4.609726676538650203e-01 1.110858593029246111e-01
4.521231657503131940e-01 1.110490547240893244e-01
4.433345538689928977e-01 1.109653188240355137e-01
4.346078087600411255e-01 1.108357068673509194e-01
4.259439002978354649e-01 1.106610306816084022e-01
4.173437913732044313e-01 1.104419877966094365e-01
4.088084377864137364e-01 1.101791431453212622e-01
4.003387881409395943e-01 1.098729733904088707e-01
3.919357837380436083e-01 1.095237644600273175e-01
3.836003584721576765e-01 1.091317596906382081e-01
3.753334387270930161e-01 1.086972126762727198e-01
3.671359432730831873e-01 1.082203249322186978e-01
3.590087831646743277e-01 1.077011561050461863e-01
3.509528616394713696e-01 1.071397743702462435e-01
3.429690740177547825e-01 1.065363165995734385e-01
3.350583076029753915e-01 1.058909127066585271e-01
3.272214415831418144e-01 1.052036637807875624e-01
3.194593469331089564e-01 1.044746944862405685e-01
3.117728863177794407e-01 1.037041720538192657e-01
3.041629139962280792e-01 1.028923311206499797e-01
2.966302757267624823e-01 1.020394893026630584e-01
2.891758086729252497e-01 1.011459825916946331e-01
2.818003413104546162e-01 1.002121662423552384e-01
2.745046933352085494e-01 9.923849941525447749e-02
2.672896755720651774e-01 9.822553927079109848e-02
2.601560898848094272e-01 9.717389465124018355e-02
2.531047290870154232e-01 9.608421845406853179e-02
2.461363768539343022e-01 9.495724399283543560e-02
2.392518076353984391e-01 9.379376599200166253e-02
2.324517865697500740e-01 9.259466992493760318e-02
2.257370693988056676e-01 9.136089915821368757e-02
2.191084023838638650e-01 9.009346318555186417e-02
2.125665222227673956e-01 8.879341422444765597e-02
2.061121559680280102e-01 8.746188279556391110e-02
1.997460209460230063e-01 8.610004170554670655e-02
1.934688246772731102e-01 8.470912706197099296e-02
1.872812647978095990e-01 8.329041376194497304e-02
1.811840289816407656e-01 8.184525507723244830e-02
1.751777948643248317e-01 8.037503286825466164e-02
1.692632299676588570e-01 7.888115717089046186e-02
1.634409916254914164e-01 7.736507135499283427e-02
1.577117269106679265e-01 7.582829605921820315e-02
1.520760725631161714e-01 7.427236719222429784e-02
1.465346549190801317e-01 7.269882493224667785e-02
1.410880898415101115e-01 7.110924329775995811e-02
1.357369826516168221e-01 6.950526143332973195e-02
1.304819280615971966e-01 6.788852176312556996e-02
1.253235101085391490e-01 6.626066015642359530e-02
1.202623020895129402e-01 6.462333397323261064e-02
1.152988664978553679e-01 6.297823122741071089e-02
1.104337549606562163e-01 6.132704390552763674e-02
1.056675081774507419e-01 5.967146575520000662e-02
1.010006558601274085e-01 5.801318489161780279e-02
9.643371667405697956e-02 5.635388345252958370e-02
9.196719818044885031e-02 5.469523783296149216e-02
8.760159677994161509e-02 5.303891807165566491e-02
8.333739765743386485e-02 5.138657080916952252e-02
7.917507472816209813e-02 4.973982264817351784e-02
7.511509058502996439e-02 4.810026109757320478e-02
7.115789644719716645e-02 4.646944564849041920e-02
6.730393210993146358e-02 4.484889235216336922e-02
6.355362589573076981e-02 4.324008258841022245e-02
5.990739460672012129e-02 4.164440771991186063e-02
5.636564347832906385e-02 4.006321487745046622e-02
5.292876613425423482e-02 3.849781087947207192e-02
4.959714454271368922e-02 3.694944417002251486e-02
4.637114897399441382e-02 3.541916223589069296e-02
4.325113795930202176e-02 3.390797440872048846e-02
4.023745825091396000e-02 3.241695763768440847e-02
3.733044478364233587e-02 3.094704445288467415e-02
3.453042063760936031e-02 2.949867937774489426e-02
3.183769700234129196e-02 2.807241242289722216e-02
2.925257314218321358e-02 2.666929126579281259e-02
2.677533636303963682e-02 2.528982022384498526e-02
2.440626198044326678e-02 2.393320776204929667e-02
2.214561328895736647e-02 2.259958015098663051e-02
1.999364153291383062e-02 2.129092447014204262e-02
1.795058587848985532e-02 2.000688038687521014e-02
1.601667338712764455e-02 1.874346417485717523e-02
1.419211899029970692e-02 1.750131077898314444e-02
1.247712546562085301e-02 1.628678352807052393e-02
1.087188341431266636e-02 1.509629510810470837e-02
9.376571240020115106e-03 1.391647007004509322e-02
7.991355128984078959e-03 1.275378772467656956e-02
6.716389031571567969e-03 1.162999138754560596e-02
5.551814645166519568e-03 1.052682020587333324e-02
4.497761398421062928e-03 9.402538179073171437e-03
3.554346436871580472e-03 8.293093281305766520e-03
2.721674609919344512e-03 7.267309503027982558e-03
1.999838459177394334e-03 6.245875865861157637e-03
1.388918208186096237e-03 5.108920620625578141e-03
8.889817534969424173e-04 4.013415195247314188e-03
5.000846571264760954e-04 3.149267263724147420e-03
2.222701403818971855e-04 2.175383531308113308e-03
5.556907905679420168e-05 8.087411628623193075e-04
0.000000000000000000e+00 -2.788837559355668569e-06
0.000000000000000000e+00 2.574527037024734432e-06
5.556907905679420168e-05 -7.453312262301321853e-04
2.222701403818971855e-04 -2.001528634894920739e-03
5.000846571264760954e-04 -2.887053920358164348e-03
8.889817534969424173e-04 -3.659192486109135931e-03
1.388918208186096237e-03 -4.628900663787117314e-03
1.999838459177394334e-03 -5.617142092929110035e-03
2.721674609919344512e-03 -6.475409977614875016e-03
3.554346436871580472e-03 -7.310971886083267833e-03
4.497761398421062928e-03 -8.193828823931664437e-03
5.551814645166519568e-03 -9.057515464542172448e-03
6.716389031571567969e-03 -9.866135246439339257e-03
7.991355128984078959e-03 -1.065580943235292649e-02
9.376571240020115106e-03 -1.144125025979325465e-02
1.087188341431266636e-02 -1.220056405623673804e-02
1.247712546562085301e-02 -1.292624052072501722e-02
1.419211899029970692e-02 -1.362941724163702420e-02
1.601667338712764455e-02 -1.431251453550455750e-02
1.795058587848985532e-02 -1.496907338795188530e-02
1.999364153291383062e-02 -1.559824002252617123e-02
2.214561328895736647e-02 -1.620369512217832014e-02
2.440626198044326678e-02 -1.678609806077860020e-02
2.677533636303963682e-02 -1.734418270415882118e-02
2.925257314218321358e-02 -1.787867507750375007e-02
3.183769700234129196e-02 -1.839133616945066649e-02
3.453042063760936031e-02 -1.888300323871254863e-02
3.733044478364233587e-02 -1.935416761291237561e-02
4.023745825091396000e-02 -1.980595473252561370e-02
4.325113795930202176e-02 -2.023968481996468727e-02
4.637114897399441382e-02 -2.065637828593068145e-02
4.959714454271368922e-02 -2.105698457475330132e-02
5.292876613425423482e-02 -2.144257192199441539e-02
5.636564347832906385e-02 -2.181418833860853529e-02
5.990739460672012129e-02 -2.217269549378205959e-02
6.355362589573076981e-02 -2.251887924411135472e-02
6.730393210993146358e-02 -2.285342420347389117e-02
7.115789644719716645e-02 -2.317691307238694751e-02
7.511509058502996439e-02 -2.348972455396184864e-02
7.917507472816209813e-02 -2.379211297772064471e-02
8.333739765743386485e-02 -2.408414013641821047e-02
8.760159677994161509e-02 -2.436571684747210198e-02
9.196719818044885031e-02 -2.463653365680132379e-02
9.643371667405697956e-02 -2.489612200891176338e-02
1.010006558601274085e-01 -2.514381134892755901e-02
1.056675081774507419e-01 -2.537875908338297834e-02
1.104337549606562163e-01 -2.559992721087056208e-02
1.152988664978553679e-01 -2.580611572194011286e-02
1.202623020895129402e-01 -2.599596338508640761e-02
1.253235101085391490e-01 -2.616796211090348726e-02
1.304819280615971966e-01 -2.632047506536278059e-02
1.357369826516168221e-01 -2.645174442854297814e-02
1.410880898415101115e-01 -2.655992055060794541e-02
1.465346549190801317e-01 -2.664307565821280588e-02
1.520760725631161714e-01 -2.669923278512283116e-02
1.577117269106679265e-01 -2.672639036052363790e-02
1.634409916254914164e-01 -2.672253880178714763e-02
1.692632299676588570e-01 -2.668569777887207922e-02
1.751777948643248317e-01 -2.661391544171485060e-02
1.811840289816407656e-01 -2.650533101017000723e-02
1.872812647978095990e-01 -2.635814934140412805e-02
1.934688246772731102e-01 -2.617073176733021242e-02
1.997460209460230063e-01 -2.594153847445326150e-02
2.061121559680280102e-01 -2.566923423909854562e-02
2.125665222227673956e-01 -2.535261197949494408e-02
2.191084023838638650e-01 -2.499071516180286640e-02
2.257370693988056676e-01 -2.458274234248811543e-02
2.324517865697500740e-01 -2.412816985938189690e-02
2.392518076353984391e-01 -2.362665487980017756e-02
2.461363768539343022e-01 -2.307815290345442000e-02
2.531047290870154232e-01 -2.248281401356201289e-02
2.601560898848094272e-01 -2.184107497870158357e-02
2.672896755720651774e-01 -2.115357801632838583e-02
2.745046933352085494e-01 -2.042123879285586904e-02
2.818003413104546162e-01 -1.964518398252779879e-02
2.891758086729252497e-01 -1.882679000129790226e-02
2.966302757267624823e-01 -1.796763347067704963e-02
3.041629139962280792e-01 -1.706949986751488471e-02
3.117728863177794407e-01 -1.613435213797614551e-02
3.194593469331089564e-01 -1.516431717294555725e-02
3.272214415831418144e-01 -1.416168137531290117e-02
3.350583076029753915e-01 -1.312885927903395186e-02
3.429690740177547825e-01 -1.206837390659557148e-02
3.509528616394713696e-01 -1.098282476418561797e-02
3.590087831646743277e-01 -9.874884985105148935e-03
3.671359432730831873e-01 -8.747271410250891457e-03
3.753334387270930161e-01 -7.602731708682959264e-03
3.836003584721576765e-01 -6.444022730065138323e-03
3.919357837380436083e-01 -5.273872051653366241e-03
4.003387881409395943e-01 -4.094985918694645302e-03
4.088084377864137364e-01 -2.910019226361245086e-03
4.173437913732044313e-01 -1.721589895588925218e-03
4.259439002978354649e-01 -5.322293925495569364e-04
4.346078087600411255e-01 6.555857349794944533e-04
4.433345538689928977e-01 1.839490096511880784e-03
4.521231657503131940e-01 3.017179575128495217e-03
4.609726676538650203e-01 4.186456304725458266e-03
4.698820760623064752e-01 5.345182090952971254e-03
4.788504008003974244e-01 6.491315502539955935e-03
4.878766451450451402e-01 7.622876615725067070e-03
4.969598059360780251e-01 8.737979350596081565e-03
5.060988736877365390e-01 9.834776552069603509e-03
5.152928327008634568e-01 1.091146791706341240e-02
5.245406611757882365e-01 1.196629073357762321e-02
5.338413313258880688e-01 1.299752833591701247e-02
5.431938094918128401e-01 1.400346839763805772e-02
5.525970562563653488e-01 1.498239950401826677e-02
5.620500265600203438e-01 1.593260541371386424e-02
5.715516698170692855e-01 1.685236410046243860e-02
5.811009300323815019e-01 1.773993693022631046e-02
5.906967459187653091e-01 1.859356944067983367e-02
6.003380510149177729e-01 1.941147794403650512e-02
6.100237738039482327e-01 2.019185850303538074e-02
6.197528378324663745e-01 2.093290574484868438e-02
6.295241618302156450e-01 2.163281373330151053e-02
6.393366598302444581e-01 2.228977683405888172e-02
6.491892412895989839e-01 2.290200052590100899e-02
6.590808112105230876e-01 2.346776365355036226e-02
6.690102702621547603e-01 2.398539389388801291e-02
6.789765149027036095e-01 2.445332147331609127e-02
6.889784375020977514e-01 2.487005217886903083e-02
6.990149264650814542e-01 2.523427475905752962e-02
7.090848663547572039e-01 2.554478751694618313e-02
7.191871380165538730e-01 2.580060402399196248e-02
7.293206187026060050e-01 2.600086849193829902e-02
7.394841821965345563e-01 2.614497212626602091e-02
7.496766989386134394e-01 2.623243681145160169e-02
7.598970361513051053e-01 2.626299648895606687e-02
7.701440579651563922e-01 2.623646320722319847e-02
7.804166255450371015e-01 2.615274356439732314e-02
7.907135972167069760e-01 2.601171163726529248e-02
8.010338285937002034e-01 2.581315761856029303e-02
8.113761727045106786e-01 2.555657679605447680e-02
8.217394801200630372e-01 2.524102161463491478e-02
8.321225990814590245e-01 2.486486453243657441e-02
8.425243756279822138e-01 2.442561981846868777e-02
8.529436537253458628e-01 2.391941159840451844e-02
8.633792753941731402e-01 2.334083686168217028e-02
8.738300808386934015e-01 2.268221921892610987e-02
8.842949085756387495e-01 2.193365939737629625e-02
8.947725955633289985e-01 2.108140670689534826e-02
9.052619773309316109e-01 2.010840743067588560e-02
9.157618881078770645e-01 1.899225231034068484e-02
9.262711609534211021e-01 1.770625185256206532e-02
9.367886278863364335e-01 1.621514584919488133e-02
9.473131200147204556e-01 1.447778259197082459e-02
9.578434676659028923e-01 1.244289048631938392e-02
9.683785005164411430e-01 1.005182380516834138e-02
9.789170477221889044e-01 7.228594942470512735e-03
9.894579380484205267e-01 3.888311641884353593e-03
9.999999999999998890e-01 -6.630711528671164208e-05
