9.999999999999998890e-01 1.279415955007374723e-03
9.894579380484205267e-01 4.523505224989521518e-03
9.789170477221889044e-01 7.870981635456872003e-03
9.683785005164411430e-01 1.130629701732071418e-02
9.578434676659028923e-01 1.481417457904907718e-02
9.473131200147204556e-01 1.837927860143369341e-02
9.367886278863364335e-01 2.198596187498893725e-02
9.262711609534211021e-01 2.561878801341893608e-02
9.157618881078770645e-01 2.926291232848981030e-02
9.052619773309316109e-01 3.290302343595217366e-02
8.947725955633289985e-01 3.652285980920179365e-02
8.842949085756387495e-01 4.011164370725638778e-02
8.738300808386934015e-01 4.366750347254667181e-02
8.633792753941731402e-01 4.719035098336236966e-02
8.529436537253458628e-01 5.068141187989930879e-02
8.425243756279822138e-01 5.414157460230109575e-02
8.321225990814590245e-01 5.757125569873490500e-02
8.217394801200630372e-01 6.097109694275518188e-02
8.113761727045106786e-01 6.434196817541286417e-02
8.010338285937002034e-01 6.768458099710047970e-02
7.907135972167069760e-01 7.099952373292919838e-02
7.804166255450371015e-01 7.428751977670421114e-02
7.701440579651563922e-01 7.754936832822276194e-02
7.598970361513051053e-01 8.078569343924728308e-02
7.496766989386134394e-01 8.399705254851783098e-02
7.394841821965345563e-01 8.718426911958308823e-02
7.293206187026060050e-01 9.034821252212446585e-02
7.191871380165538730e-01 9.348923241563353304e-02
7.090848663547572039e-01 9.660767045582845103e-02
6.990149264650814542e-01 9.970490878420867897e-02
6.889784375020977514e-01 1.027819450529184470e-01
6.789765149027036095e-01 1.058366392536916195e-01
6.690102702621547603e-01 1.088644829299186823e-01
6.590808112105230876e-01 1.118555560070863125e-01
6.491892412895989839e-01 1.147993190314457179e-01
6.393366598302444581e-01 1.176869483405150463e-01
6.295241618302156450e-01 1.205097333326231035e-01
6.197528378324663745e-01 1.232584783202697459e-01
6.100237738039482327e-01 1.259244072494432320e-01
6.003380510149177729e-01 1.284997394837103235e-01
5.906967459187653091e-01 1.309764178673661073e-01
5.811009300323815019e-01 1.333458311381630623e-01
5.715516698170692855e-01 1.356052770220995685e-01
5.620500265600203438e-01 1.377606121978518228e-01
5.525970562563653488e-01 1.398188546494354700e-01
5.431938094918128401e-01 1.417876166356869805e-01
5.338413313258880688e-01 1.436742283032625411e-01
5.245406611757882365e-01 1.454856791809252259e-01
5.152928327008634568e-01 1.472286447821207489e-01
5.060988736877365390e-01 1.489095668115203996e-01
4.969598059360780251e-01 1.505351970318875576e-01
4.878766451450451402e-01 1.521123446288483172e-01
4.788504008003974244e-01 1.536459625681274588e-01
4.698820760623064752e-01 1.551389180725580852e-01
4.609726676538650203e-01 1.565858609743695506e-01
4.521231657503131940e-01 1.579775132216707512e-01
4.433345538689928977e-01 1.593063584632019858e-01
4.346078087600411255e-01 1.605656071212442360e-01
4.259439002978354649e-01 1.617482577232564889e-01
4.173437913732044313e-01 1.628474352498293642e-01
4.088084377864137364e-01 1.638572107877633299e-01
4.003387881409395943e-01 1.647719311408314125e-01
3.919357837380436083e-01 1.655859409933966853e-01
3.836003584721576765e-01 1.662940073489801718e-01
3.753334387270930161e-01 1.668922429416415110e-01
3.671359432730831873e-01 1.673795541621283245e-01
3.590087831646743277e-01 1.677614808127356194e-01
3.509528616394713696e-01 1.680443375366792724e-01
3.429690740177547825e-01 1.682337829074232738e-01
3.350583076029753915e-01 1.683353374371556743e-01
3.272214415831418144e-01 1.683544269369459945e-01
3.194593469331089564e-01 1.682964323712674015e-01
3.117728863177794407e-01 1.681666707459235077e-01
3.041629139962280792e-01 1.679700491315910260e-01
2.966302757267624823e-01 1.677109721407238629e-01
2.891758086729252497e-01 1.673943646080413017e-01
2.818003413104546162e-01 1.670256217513684804e-01
2.745046933352085494e-01 1.666075208090326831e-01
2.672896755720651774e-01 1.661402166594435070e-01
2.601560898848094272e-01 1.656209152552489128e-01
2.531047290870154232e-01 1.650447282658186465e-01
2.461363768539343022e-01 1.644081423120440921e-01
2.392518076353984391e-01 1.637085766461492120e-01
2.324517865697500740e-01 1.629434429660864825e-01
2.257370693988056676e-01 1.621102340297279620e-01
2.191084023838638650e-01 1.612071548831510992e-01
2.125665222227673956e-01 1.602327921289242174e-01
2.061121559680280102e-01 1.591860747685586996e-01
1.997460209460230063e-01 1.580661527149178902e-01
1.934688246772731102e-01 1.568726367325235238e-01
1.872812647978095990e-01 1.556054013163220284e-01
1.811840289816407656e-01 1.542648136818114690e-01
1.751777948643248317e-01 1.528514277077399064e-01
1.692632299676588570e-01 1.513659982633179524e-01
1.634409916254914164e-01 1.498095881841926824e-01
1.577117269106679265e-01 1.481840093531302527e-01
1.520760725631161714e-01 1.464910266678033923e-01
1.465346549190801317e-01 1.447319927936319695e-01
1.410880898415101115e-01 1.429091000211893669e-01
1.357369826516168221e-01 1.410262693443627979e-01
1.304819280615971966e-01 1.390851973652755813e-01
1.253235101085391490e-01 1.370835418287398022e-01
1.202623020895129402e-01 1.350164002217205395e-01
1.152988664978553679e-01 1.328758988373462402e-01
1.104337549606562163e-01 1.306555951522920533e-01
1.056675081774507419e-01 1.283510652276084740e-01
1.010006558601274085e-01 1.259600802567696354e-01
9.643371667405697956e-02 1.234823683276274203e-01
9.196719818044885031e-02 1.209161544322027160e-01
8.760159677994161509e-02 1.182590917220009419e-01
8.333739765743386485e-02 1.155185086220928414e-01
7.917507472816209813e-02 1.127096828663647493e-01
7.511509058502996439e-02 1.098599034748158759e-01
7.115789644719716645e-02 1.070029844878253589e-01
6.730393210993146358e-02 1.041690826347732579e-01
6.355362589573076981e-02 1.013840712268406774e-01
5.990739460672012129e-02 9.865748728703623016e-02
5.636564347832906385e-02 9.598747121421935535e-02
5.292876613425423482e-02 9.334643647011850454e-02
4.959714454271368922e-02 9.070140560116650430e-02
4.637114897399441382e-02 8.803450013484391545e-02
4.325113795930202176e-02 8.533269313212080154e-02
4.023745825091396000e-02 8.258520739762426066e-02
3.733044478364233587e-02 7.978419455443440389e-02
3.453042063760936031e-02 7.692915957134842386e-02
3.183769700234129196e-02 7.402188540580861842e-02
2.925257314218321358e-02 7.106639620837393312e-02
2.677533636303963682e-02 6.806948432921143544e-02
2.440626198044326678e-02 6.504303485868197232e-02
2.214561328895736647e-02 6.199905477493063838e-02
1.999364153291383062e-02 5.894871674407345385e-02
1.795058587848985532e-02 5.590774563478011216e-02
1.601667338712764455e-02 5.289864738379269904e-02
1.419211899029970692e-02 4.994108976095187891e-02
1.247712546562085301e-02 4.705088524206018502e-02
1.087188341431266636e-02 4.425307053603587393e-02
9.376571240020115106e-03 4.158112310872744133e-02
7.991355128984078959e-03 3.904005397811145112e-02
6.716389031571567969e-03 3.659440105915857944e-02
5.551814645166519568e-03 3.399565411474674698e-02
4.497761398421062928e-03 3.086201536265960679e-02
3.554346436871580472e-03 2.709652650017413747e-02
2.721674609919344512e-03 2.279679844696481592e-02
1.999838459177394334e-03 1.817647182411560869e-02
1.388918208186096237e-03 1.351425081308243840e-02
8.889817534969424173e-04 9.127249312990498575e-03
5.000846571264760954e-04 5.338987385056760682e-03
2.222701403818971855e-04 2.411882398580096620e-03
5.556907905679420168e-05 5.673577321561788876e-04
0.000000000000000000e+00 -6.333319309828350924e-05
0.000000000000000000e+00 -7.000263384659665398e-05
5.556907905679420168e-05 -2.460845067099199919e-04
2.222701403818971855e-04 -7.718111587115076546e-04
5.000846571264760954e-04 -1.640456037001292861e-03
8.889817534969424173e-04 -2.839754727428752540e-03
1.388918208186096237e-03 -4.354297498367185222e-03
1.999838459177394334e-03 -6.163198757286722854e-03
2.721674609919344512e-03 -8.242752571808684495e-03
3.554346436871580472e-03 -1.056494047158866231e-02
4.497761398421062928e-03 -1.309943588493775977e-02
5.551814645166519568e-03 -1.581264985427683831e-02
6.716389031571567969e-03 -1.866962875252578882e-02
7.991355128984078959e-03 -2.163382050977301699e-02
9.376571240020115106e-03 -2.466826739129697466e-02
1.087188341431266636e-02 -2.773571406750406643e-02
1.247712546562085301e-02 -3.080047297818952826e-02
1.419211899029970692e-02 -3.382877136696409853e-02
1.601667338712764455e-02 -3.678949448145895501e-02
1.795058587848985532e-02 -3.965438622973872090e-02
1.999364153291383062e-02 -4.240202854197658300e-02
2.214561328895736647e-02 -4.501688802048574300e-02
2.440626198044326678e-02 -4.748950507789935493e-02
2.677533636303963682e-02 -4.981616339953851003e-02
2.925257314218321358e-02 -5.201033995750095618e-02
3.183769700234129196e-02 -5.409461842619181504e-02
3.453042063760936031e-02 -5.608687781905959124e-02
3.733044478364233587e-02 -5.800088377809035911e-02
4.023745825091396000e-02 -5.983865480793931768e-02
4.325113795930202176e-02 -6.159950304776302954e-02
4.637114897399441382e-02 -6.329290760622480194e-02
4.959714454271368922e-02 -6.493271804447509066e-02
5.292876613425423482e-02 -6.653726173105753428e-02
5.636564347832906385e-02 -6.812817649070375403e-02
5.990739460672012129e-02 -6.973457167962117398e-02
6.355362589573076981e-02 -7.137935123884979471e-02
6.730393210993146358e-02 -7.306230195605092903e-02
7.115789644719716645e-02 -7.477842088774955265e-02
7.511509058502996439e-02 -7.652133092712919138e-02
7.917507472816209813e-02 -7.828533836756161601e-02
8.333739765743386485e-02 -8.006648209826223994e-02
8.760159677994161509e-02 -8.185521592800203139e-02
9.196719818044885031e-02 -8.363203932258751749e-02
9.643371667405697956e-02 -8.537252540942950885e-02
1.010006558601274085e-01 -8.704637191152043985e-02
1.056675081774507419e-01 -8.861607588728909191e-02
1.104337549606562163e-01 -9.003661976758672858e-02
1.152988664978553679e-01 -9.127762547160872542e-02
1.202623020895129402e-01 -9.232511324020352406e-02
1.253235101085391490e-01 -9.318379426301888480e-02
1.304819280615971966e-01 -9.387374971524058143e-02
1.357369826516168221e-01 -9.441441852688989278e-02
1.410880898415101115e-01 -9.482479828172876712e-02
1.465346549190801317e-01 -9.512802786623596185e-02
1.520760725631161714e-01 -9.535068808574849453e-02
1.577117269106679265e-01 -9.552722570160479543e-02
1.634409916254914164e-01 -9.569345459109952767e-02
1.692632299676588570e-01 -9.586688812192800668e-02
1.751777948643248317e-01 -9.605481636791524114e-02
1.811840289816407656e-01 -9.625073708537504324e-02
1.872812647978095990e-01 -9.644417514307054851e-02
1.934688246772731102e-01 -9.662882495634655955e-02
1.997460209460230063e-01 -9.679860038675404399e-02
2.061121559680280102e-01 -9.694356923263355852e-02
2.125665222227673956e-01 -9.705370155420575684e-02
2.191084023838638650e-01 -9.712159159136475595e-02
2.257370693988056676e-01 -9.714119962081484150e-02
2.324517865697500740e-01 -9.710870808952665190e-02
2.392518076353984391e-01 -9.702033526040809708e-02
2.461363768539343022e-01 -9.687159138203826902e-02
2.531047290870154232e-01 -9.665793769569190619e-02
2.601560898848094272e-01 -9.637491194819604312e-02
2.672896755720651774e-01 -9.601778871622357325e-02
2.745046933352085494e-01 -9.558142849305578670e-02
2.818003413104546162e-01 -9.506074764949329348e-02
2.891758086729252497e-01 -9.445075834530360093e-02
2.966302757267624823e-01 -9.374589346625097908e-02
3.041629139962280792e-01 -9.293999926740695305e-02
3.117728863177794407e-01 -9.202792792172401204e-02
3.194593469331089564e-01 -9.100591319831621839e-02
3.272214415831418144e-01 -8.987669179695219335e-02
3.350583076029753915e-01 -8.864799145984907092e-02
3.429690740177547825e-01 -8.732741349088710137e-02
3.509528616394713696e-01 -8.592250287540705023e-02
3.590087831646743277e-01 -8.444185090907062319e-02
3.671359432730831873e-01 -8.289469913363430031e-02
3.753334387270930161e-01 -8.129086622944670104e-02
3.836003584721576765e-01 -7.964053593541536857e-02
3.919357837380436083e-01 -7.795453132496252269e-02
4.003387881409395943e-01 -7.624415112571307496e-02
4.088084377864137364e-01 -7.452187054875442085e-02
4.173437913732044313e-01 -7.279834449185967893e-02
4.259439002978354649e-01 -7.107511479862028969e-02
4.346078087600411255e-01 -6.935116262604834603e-02
4.433345538689928977e-01 -6.762481203781446626e-02
4.521231657503131940e-01 -6.589426298955380901e-02
4.609726676538650203e-01 -6.415776178621951376e-02
4.698820760623064752e-01 -6.241353055720902376e-02
4.788504008003974244e-01 -6.065971414698645425e-02
4.878766451450451402e-01 -5.889427707867980061e-02
4.969598059360780251e-01 -5.711485727558173603e-02
5.060988736877365390e-01 -5.531943601996917176e-02
5.152928327008634568e-01 -5.350665765641364480e-02
5.245406611757882365e-01 -5.167682722683619723e-02
5.338413313258880688e-01 -4.983245466271547103e-02
5.431938094918128401e-01 -4.797593456791496985e-02
5.525970562563653488e-01 -4.610934990976071207e-02
5.620500265600203438e-01 -4.423502176585164536e-02
5.715516698170692855e-01 -4.235551848364014355e-02
5.811009300323815019e-01 -4.047333916001276399e-02
5.906967459187653091e-01 -3.859093548971605225e-02
6.003380510149177729e-01 -3.671100262009129728e-02
6.100237738039482327e-01 -3.483626700538988707e-02
6.197528378324663745e-01 -3.296801627401901857e-02
6.295241618302156450e-01 -3.110668958247527968e-02
6.393366598302444581e-01 -2.925271078287564747e-02
6.491892412895989839e-01 -2.740647370835909771e-02
6.590808112105230876e-01 -2.556818594452163126e-02
6.690102702621547603e-01 -2.373805523597153147e-02
6.789765149027036095e-01 -2.191670836519453436e-02
6.889784375020977514e-01 -2.010468470681876438e-02
6.990149264650814542e-01 -1.830148903298908780e-02
7.090848663547572039e-01 -1.650828769308858995e-02
7.191871380165538730e-01 -1.473347150882106660e-02
7.293206187026060050e-01 -1.298765201476398054e-02
7.394841821965345563e-01 -1.128311934618033384e-02
7.496766989386134394e-01 -9.632432213848603555e-03
7.598970361513051053e-01 -8.048021677577923277e-03
7.701440579651563922e-01 -6.542307776252233309e-03
7.804166255450371015e-01 -5.127735478394767829e-03
7.907135972167069760e-01 -3.817300405406219045e-03
8.010338285937002034e-01 -2.624871077919556633e-03
8.113761727045106786e-01 -1.559465795011679649e-03
8.217394801200630372e-01 -6.227488972427720586e-04
8.321225990814590245e-01 1.852576785917630275e-04
8.425243756279822138e-01 8.658251118288332743e-04
8.529436537253458628e-01 1.419864394972299940e-03
8.633792753941731402e-01 1.847847474790349949e-03
8.738300808386934015e-01 2.150720935874085322e-03
8.842949085756387495e-01 2.329833389230562615e-03
8.947725955633289985e-01 2.385986076587699387e-03
9.052619773309316109e-01 2.320312729538986669e-03
9.157618881078770645e-01 2.142432013172179597e-03
9.262711609534211021e-01 1.867406910949492545e-03
9.367886278863364335e-01 1.511184829274283842e-03
9.473131200147204556e-01 1.090112473707714616e-03
9.578434676659028923e-01 6.203652211527892245e-04
9.683785005164411430e-01 1.180813492255727458e-04
9.789170477221889044e-01 -4.003624350559651843e-04
9.894579380484205267e-01 -9.185274844779702571e-04
9.999999999999998890e-01 -1.420100040331610108e-03
