9.999999999999998890e-01 3.699999935818436888e-03
9.894579380484205267e-01 7.502884062570063309e-03
9.789170477221889044e-01 1.109876693686524980e-02
9.683785005164411430e-01 1.451346959471314785e-02
9.578434676659028923e-01 1.777284615321222602e-02
9.473131200147204556e-01 2.090276268682306204e-02
9.367886278863364335e-01 2.392909908396093424e-02
9.262711609534211021e-01 2.687768522656749579e-02
9.157618881078770645e-01 2.977423214730791357e-02
9.052619773309316109e-01 3.264440417952500784e-02
8.947725955633289985e-01 3.551362732024075652e-02
8.842949085756387495e-01 3.839576002311715502e-02
8.738300808386934015e-01 4.128632115012824400e-02
8.633792753941731402e-01 4.417919944789014397e-02
8.529436537253458628e-01 4.706828180584509552e-02
8.425243756279822138e-01 4.994749447205393961e-02
8.321225990814590245e-01 5.281081364204086998e-02
8.217394801200630372e-01 5.565233094722216167e-02
8.113761727045106786e-01 5.846624109505910855e-02
8.010338285937002034e-01 6.124667329410882211e-02
7.907135972167069760e-01 6.398804319452250366e-02
7.804166255450371015e-01 6.668900600104672727e-02
7.701440579651563922e-01 6.935109664736016644e-02
7.598970361513051053e-01 7.197604446452145199e-02
7.496766989386134394e-01 7.456565497558546862e-02
7.394841821965345563e-01 7.712170659444918253e-02
7.293206187026060050e-01 7.964594371766653413e-02
7.191871380165538730e-01 8.213997759587282621e-02
7.090848663547572039e-01 8.460542426601290467e-02
6.990149264650814542e-01 8.704420172089180618e-02
6.889784375020977514e-01 8.945774105127805853e-02
6.789765149027036095e-01 9.184493982549880864e-02
6.690102702621547603e-01 9.420387789636888720e-02
6.590808112105230876e-01 9.653216164617928197e-02
6.491892412895989839e-01 9.882737619681722374e-02
6.393366598302444581e-01 1.010873536790673627e-01
6.295241618302156450e-01 1.033100002327430600e-01
6.197528378324663745e-01 1.054932922094379694e-01
6.100237738039482327e-01 1.076351893035262242e-01
6.003380510149177729e-01 1.097336010821545887e-01
5.906967459187653091e-01 1.117868264817679924e-01
5.811009300323815019e-01 1.137938475880914263e-01
5.715516698170692855e-01 1.157541721649833488e-01
5.620500265600203438e-01 1.176679618590075888e-01
5.525970562563653488e-01 1.195352945514660814e-01
5.431938094918128401e-01 1.213560912403023051e-01
5.338413313258880688e-01 1.231303830071622807e-01
5.245406611757882365e-01 1.248583193361574306e-01
5.152928327008634568e-01 1.265399954551366113e-01
5.060988736877365390e-01 1.281754664100753782e-01
4.969598059360780251e-01 1.297649369447526346e-01
4.878766451450451402e-01 1.313085696091301491e-01
4.788504008003974244e-01 1.328048970284885777e-01
4.698820760623064752e-01 1.342514617061030535e-01
4.609726676538650203e-01 1.356458237462343508e-01
4.521231657503131940e-01 1.369855910600794868e-01
4.433345538689928977e-01 1.382685923026717723e-01
4.346078087600411255e-01 1.394927771573989672e-01
4.259439002978354649e-01 1.406562498967526553e-01
4.173437913732044313e-01 1.417572079079637837e-01
4.088084377864137364e-01 1.427940290546001745e-01
4.003387881409395943e-01 1.437651979506984756e-01
3.919357837380436083e-01 1.446694070494535245e-01
3.836003584721576765e-01 1.455049714198422550e-01
3.753334387270930161e-01 1.462688512182055978e-01
3.671359432730831873e-01 1.469578264617061036e-01
3.590087831646743277e-01 1.475689085040686466e-01
3.509528616394713696e-01 1.480993310681926745e-01
3.429690740177547825e-01 1.485467326814285394e-01
3.350583076029753915e-01 1.489088894582721589e-01
3.272214415831418144e-01 1.491837371452033600e-01
3.194593469331089564e-01 1.493695653484878316e-01
3.117728863177794407e-01 1.494651765877485494e-01
3.041629139962280792e-01 1.494692569822436423e-01
2.966302757267624823e-01 1.493803384074497698e-01
2.891758086729252497e-01 1.491983507460127312e-01
2.818003413104546162e-01 1.489248527954973311e-01
2.745046933352085494e-01 1.485633143902816145e-01
2.672896755720651774e-01 1.481188469107299621e-01
2.601560898848094272e-01 1.475959728016205119e-01
2.531047290870154232e-01 1.469987251425826924e-01
2.461363768539343022e-01 1.463313080504033692e-01
2.392518076353984391e-01 1.455980151975252435e-01
2.324517865697500740e-01 1.448028540225034799e-01
2.257370693988056676e-01 1.439496765501849240e-01
2.191084023838638650e-01 1.430423525085116054e-01
2.125665222227673956e-01 1.420847171881572391e-01
2.061121559680280102e-01 1.410803387830119882e-01
1.997460209460230063e-01 1.400327112018247555e-01
1.934688246772731102e-01 1.389454673450130906e-01
1.872812647978095990e-01 1.378215993946669549e-01
1.811840289816407656e-01 1.366612522709764743e-01
1.751777948643248317e-01 1.354639205253871381e-01
1.692632299676588570e-01 1.342294059704823850e-01
1.634409916254914164e-01 1.329575816901350793e-01
1.577117269106679265e-01 1.316483381202453451e-01
1.520760725631161714e-01 1.303020097287772294e-01
1.465346549190801317e-01 1.289199572594591781e-01
1.410880898415101115e-01 1.275024465675212437e-01
1.357369826516168221e-01 1.260472938237178209e-01
1.304819280615971966e-01 1.245511133011077687e-01
1.253235101085391490e-01 1.230090371523150372e-01
1.202623020895129402e-01 1.214172772113836923e-01
1.152988664978553679e-01 1.197737391710003985e-01
1.104337549606562163e-01 1.180767071844509436e-01
1.056675081774507419e-01 1.163248110636674881e-01
1.010006558601274085e-01 1.145177803563565411e-01
9.643371667405697956e-02 1.126563866281338477e-01
9.196719818044885031e-02 1.107410638362767707e-01
8.760159677994161509e-02 1.087718836531263999e-01
8.333739765743386485e-02 1.067483243751102123e-01
7.917507472816209813e-02 1.046696209387270315e-01
7.511509058502996439e-02 1.025366944090379262e-01
7.115789644719716645e-02 1.003514817905901968e-01
6.730393210993146358e-02 9.811609588379195668e-02
6.355362589573076981e-02 9.583281270483215430e-02
5.990739460672012129e-02 9.350446393173769688e-02
5.636564347832906385e-02 9.113426940548255417e-02
5.292876613425423482e-02 8.872632715617187471e-02
4.959714454271368922e-02 8.628532009464513763e-02
4.637114897399441382e-02 8.381721818372935007e-02
4.325113795930202176e-02 8.132950334301321249e-02
4.023745825091396000e-02 7.883391525945854239e-02
3.733044478364233587e-02 7.634434445474014286e-02
3.453042063760936031e-02 7.387823090879047649e-02
3.183769700234129196e-02 7.144969624136192354e-02
2.925257314218321358e-02 6.906280352961834124e-02
2.677533636303963682e-02 6.672683976574363129e-02
2.440626198044326678e-02 6.446514793891550132e-02
2.214561328895736647e-02 6.228096640665996275e-02
1.999364153291383062e-02 6.013792110047239126e-02
1.795058587848985532e-02 5.794243606979428141e-02
1.601667338712764455e-02 5.552385181382690077e-02
1.419211899029970692e-02 5.276780444311415796e-02
1.247712546562085301e-02 4.963906518095587139e-02
1.087188341431266636e-02 4.613262699418141377e-02
9.376571240020115106e-03 4.227172928843311167e-02
7.991355128984078959e-03 3.811106633100535407e-02
6.716389031571567969e-03 3.373293425249867389e-02
5.551814645166519568e-03 2.923192723639848889e-02
4.497761398421062928e-03 2.471169402768561701e-02
3.554346436871580472e-03 2.028218568604911801e-02
2.721674609919344512e-03 1.605650199264467906e-02
1.999838459177394334e-03 1.214155757660135768e-02
1.388918208186096237e-03 8.639258251977676925e-03
8.889817534969424173e-04 5.639078606297963717e-03
5.000846571264760954e-04 3.221604324141329970e-03
2.222701403818971855e-04 1.447175937530127948e-03
5.556907905679420168e-05 3.642965207520809526e-04
0.000000000000000000e+00 -7.962998275219287828e-09
0.000000000000000000e+00 3.574615668384468445e-09
5.556907905679420168e-05 -1.347222902203198513e-04
2.222701403818971855e-04 -5.354179388299737776e-04
5.000846571264760954e-04 -1.192945890713650132e-03
8.889817534969424173e-04 -2.090581255876708920e-03
1.388918208186096237e-03 -3.207506596330613954e-03
1.999838459177394334e-03 -4.515994527823312572e-03
2.721674609919344512e-03 -5.984922267044819576e-03
3.554346436871580472e-03 -7.578104124429027415e-03
4.497761398421062928e-03 -9.257426314525214056e-03
5.551814645166519568e-03 -1.098244174589601239e-02
6.716389031571567969e-03 -1.271234426404414287e-02
7.991355128984078959e-03 -1.440624401989428274e-02
9.376571240020115106e-03 -1.602632173066732141e-02
1.087188341431266636e-02 -1.753903413514044940e-02
1.247712546562085301e-02 -1.891566555757000917e-02
1.419211899029970692e-02 -2.013320319771579395e-02
1.601667338712764455e-02 -2.118131097898592191e-02
1.795058587848985532e-02 -2.206207869355344617e-02
1.999364153291383062e-02 -2.278820174312637392e-02
2.214561328895736647e-02 -2.338317911667260954e-02
2.440626198044326678e-02 -2.390384350194884114e-02
2.677533636303963682e-02 -2.442612832656147412e-02
2.925257314218321358e-02 -2.499430455355032207e-02
3.183769700234129196e-02 -2.563133728645823617e-02
3.453042063760936031e-02 -2.633551279019502589e-02
3.733044478364233587e-02 -2.709447775760503649e-02
4.023745825091396000e-02 -2.790212363736942897e-02
4.325113795930202176e-02 -2.875328273606099494e-02
4.637114897399441382e-02 -2.963460169472549935e-02
4.959714454271368922e-02 -3.053016066541053286e-02
5.292876613425423482e-02 -3.142454840208939310e-02
5.636564347832906385e-02 -3.230590505233941340e-02
5.990739460672012129e-02 -3.317452112965495886e-02
6.355362589573076981e-02 -3.403327773947548152e-02
6.730393210993146358e-02 -3.488473217797678771e-02
7.115789644719716645e-02 -3.573276613987897560e-02
7.511509058502996439e-02 -3.658461463501692934e-02
7.917507472816209813e-02 -3.744525469557902914e-02
8.333739765743386485e-02 -3.831402332992191878e-02
8.760159677994161509e-02 -3.918717379920880206e-02
9.196719818044885031e-02 -4.005686367723895747e-02
9.643371667405697956e-02 -4.091451081685119201e-02
1.010006558601274085e-01 -4.175107472605425057e-02
1.056675081774507419e-01 -4.255848522913534965e-02
1.104337549606562163e-01 -4.332995384860070104e-02
1.152988664978553679e-01 -4.406035359280821573e-02
1.202623020895129402e-01 -4.474611697801535865e-02
1.253235101085391490e-01 -4.538274147624278554e-02
1.304819280615971966e-01 -4.596490304388450854e-02
1.357369826516168221e-01 -4.648784206611017433e-02
1.410880898415101115e-01 -4.694710733376315781e-02
1.465346549190801317e-01 -4.733696155714282872e-02
1.520760725631161714e-01 -4.765128274614428144e-02
1.577117269106679265e-01 -4.788741707338766557e-02
1.634409916254914164e-01 -4.804503403762785257e-02
1.692632299676588570e-01 -4.812763729412195685e-02
1.751777948643248317e-01 -4.814030572421590382e-02
1.811840289816407656e-01 -4.808783098606891904e-02
1.872812647978095990e-01 -4.797535553196861230e-02
1.934688246772731102e-01 -4.781014662773876156e-02
1.997460209460230063e-01 -4.759982087195954725e-02
2.061121559680280102e-01 -4.735095083805955507e-02
2.125665222227673956e-01 -4.706803678168144933e-02
2.191084023838638650e-01 -4.674980465878571245e-02
2.257370693988056676e-01 -4.639418031215202659e-02
2.324517865697500740e-01 -4.599998533453877880e-02
2.392518076353984391e-01 -4.556599706616470263e-02
2.461363768539343022e-01 -4.509058006640546262e-02
2.531047290870154232e-01 -4.457214478328565960e-02
2.601560898848094272e-01 -4.400928364218905514e-02
2.672896755720651774e-01 -4.340052521308859768e-02
2.745046933352085494e-01 -4.274427162885365006e-02
2.818003413104546162e-01 -4.203896430404964468e-02
2.891758086729252497e-01 -4.128310609712770168e-02
2.966302757267624823e-01 -4.047511816307834687e-02
3.041629139962280792e-01 -3.961334984403308557e-02
3.117728863177794407e-01 -3.869657762921843019e-02
3.194593469331089564e-01 -3.772398000590522493e-02
3.272214415831418144e-01 -3.669482905274717294e-02
3.350583076029753915e-01 -3.560846468910979640e-02
3.429690740177547825e-01 -3.446430780717724129e-02
3.509528616394713696e-01 -3.326182633638885555e-02
3.590087831646743277e-01 -3.200044428936473645e-02
3.671359432730831873e-01 -3.067959713377496275e-02
3.753334387270930161e-01 -2.929899294923783704e-02
3.836003584721576765e-01 -2.785839740188078908e-02
3.919357837380436083e-01 -2.635716081301762298e-02
4.003387881409395943e-01 -2.479480428941938791e-02
4.088084377864137364e-01 -2.317251416877362177e-02
4.173437913732044313e-01 -2.149254332301932593e-02
4.259439002978354649e-01 -1.975939571142812726e-02
4.346078087600411255e-01 -1.797807696677437839e-02
4.433345538689928977e-01 -1.615330741203755555e-02
4.521231657503131940e-01 -1.428999565706736558e-02
4.609726676538650203e-01 -1.239375549873351738e-02
4.698820760623064752e-01 -1.047027738470084415e-02
4.788504008003974244e-01 -8.525144763275241747e-03
4.878766451450451402e-01 -6.564402418209472692e-03
4.969598059360780251e-01 -4.595012084834343424e-03
5.060988736877365390e-01 -2.622760559763699824e-03
5.152928327008634568e-01 -6.513118038593064974e-04
5.245406611757882365e-01 1.316518276683514019e-03
5.338413313258880688e-01 3.278809292906055464e-03
5.431938094918128401e-01 5.233540659520002046e-03
5.525970562563653488e-01 7.178487231322500974e-03
5.620500265600203438e-01 9.111167005402667773e-03
5.715516698170692855e-01 1.102889412973726870e-02
5.811009300323815019e-01 1.292961023347941399e-02
5.906967459187653091e-01 1.481161552348837264e-02
6.003380510149177729e-01 1.667100862820716442e-02
6.100237738039482327e-01 1.850144548008681236e-02
6.197528378324663745e-01 2.028738455374690108e-02
6.295241618302156450e-01 2.200801099803948932e-02
6.393366598302444581e-01 2.364338947897705670e-02
6.491892412895989839e-01 2.517387992306241787e-02
6.590808112105230876e-01 2.657869612925694777e-02
6.690102702621547603e-01 2.783652786503215681e-02
6.789765149027036095e-01 2.892577745955935559e-02
6.889784375020977514e-01 2.982470419675499820e-02
6.990149264650814542e-01 3.051136193791264759e-02
7.090848663547572039e-01 3.097006078270126556e-02
7.191871380165538730e-01 3.120847479064580571e-02
7.293206187026060050e-01 3.123966890361952811e-02
7.394841821965345563e-01 3.107667185370764987e-02
7.496766989386134394e-01 3.073277447092420678e-02
7.598970361513051053e-01 3.022194835007933206e-02
7.701440579651563922e-01 2.955834080878551318e-02
7.804166255450371015e-01 2.875625052221595854e-02
7.907135972167069760e-01 2.783036843910548230e-02
8.010338285937002034e-01 2.679597869702046026e-02
8.113761727045106786e-01 2.566496965751769235e-02
8.217394801200630372e-01 2.444410114141069498e-02
8.321225990814590245e-01 2.313960355625181362e-02
8.425243756279822138e-01 2.175757023261958717e-02
8.529436537253458628e-01 2.030426548998381583e-02
8.633792753941731402e-01 1.878614522289491495e-02
8.738300808386934015e-01 1.720971454066066650e-02
8.842949085756387495e-01 1.558152038170662265e-02
8.947725955633289985e-01 1.390819886546047768e-02
9.052619773309316109e-01 1.219649256369641915e-02
9.157618881078770645e-01 1.045360290065360659e-02
9.262711609534211021e-01 8.687029526761641876e-03
9.367886278863364335e-01 6.904366269783959384e-03
9.473131200147204556e-01 5.113257462917571855e-03
9.578434676659028923e-01 3.321370306763128926e-03
9.683785005164411430e-01 1.536386857656852917e-03
9.789170477221889044e-01 -2.339814696368570945e-04
9.894579380484205267e-01 -1.982014304481054343e-03
9.999999999999998890e-01 -3.700000038609811259e-03
