9.999999999999998890e-01 1.404692053080246715e-03
9.894579380484205267e-01 4.734765406431788552e-03
9.789170477221889044e-01 8.525061607699358293e-03
9.683785005164411430e-01 1.198864115666953972e-02
9.578434676659028923e-01 1.508527237070081926e-02
9.473131200147204556e-01 1.793195447282038696e-02
9.367886278863364335e-01 2.065548774810880422e-02
9.262711609534211021e-01 2.333937982608465592e-02
9.157618881078770645e-01 2.596544479887978249e-02
9.052619773309316109e-01 2.851638692114547360e-02
8.947725955633289985e-01 3.100296636863646843e-02
8.842949085756387495e-01 3.343147649092450407e-02
8.738300808386934015e-01 3.579624843321793648e-02
8.633792753941731402e-01 3.809442115314676941e-02
8.529436537253458628e-01 4.032828285598452633e-02
8.425243756279822138e-01 4.249967916091627190e-02
8.321225990814590245e-01 4.460967116377434483e-02
8.217394801200630372e-01 4.666178722259848449e-02
8.113761727045106786e-01 4.866167239463406458e-02
8.010338285937002034e-01 5.061070014841390075e-02
7.907135972167069760e-01 5.250690266658763344e-02
7.804166255450371015e-01 5.435020041122627654e-02
7.701440579651563922e-01 5.614175058767604393e-02
7.598970361513051053e-01 5.788169788862537052e-02
7.496766989386134394e-01 5.956967544021472133e-02
7.394841821965345563e-01 6.120592188866592204e-02
7.293206187026060050e-01 6.279092036345532146e-02
7.191871380165538730e-01 6.432485804180602951e-02
7.090848663547572039e-01 6.580784232826543401e-02
6.990149264650814542e-01 6.724018018716715339e-02
6.889784375020977514e-01 6.862222844167491231e-02
6.789765149027036095e-01 6.995427635974002523e-02
6.690102702621547603e-01 7.123661489153991500e-02
6.590808112105230876e-01 7.246960599565069328e-02
6.491892412895989839e-01 7.365362833420215083e-02
6.393366598302444581e-01 7.478906327892542727e-02
6.295241618302156450e-01 7.587630321104511799e-02
6.197528378324663745e-01 7.691576625091826880e-02
6.100237738039482327e-01 7.790788987792249265e-02
6.003380510149177729e-01 7.885314304282710351e-02
5.906967459187653091e-01 7.975199308706933110e-02
5.811009300323815019e-01 8.060489913379535742e-02
5.715516698170692855e-01 8.141236931694063872e-02
5.620500265600203438e-01 8.217498112287975609e-02
5.525970562563653488e-01 8.289325091310675853e-02
5.431938094918128401e-01 8.356762218919294716e-02
5.338413313258880688e-01 8.419870964856648876e-02
5.245406611757882365e-01 8.478728926425325996e-02
5.152928327008634568e-01 8.533383103193656338e-02
5.060988736877365390e-01 8.583858541586388002e-02
4.969598059360780251e-01 8.630247751529164513e-02
4.878766451450451402e-01 8.672679038062150458e-02
4.788504008003974244e-01 8.711134787928265233e-02
4.698820760623064752e-01 8.745491866910347356e-02
4.609726676538650203e-01 8.775488001123626924e-02
4.521231657503131940e-01 8.800841171705424404e-02
4.433345538689928977e-01 8.821621769518671330e-02
4.346078087600411255e-01 8.838028227294861261e-02
4.259439002978354649e-01 8.850132690644581246e-02
4.173437913732044313e-01 8.857976095190356336e-02
4.088084377864137364e-01 8.861663068690617262e-02
4.003387881409395943e-01 8.861309580843562683e-02
3.919357837380436083e-01 8.857003623408739312e-02
3.836003584721576765e-01 8.848829881098597971e-02
3.753334387270930161e-01 8.836883890105393102e-02
3.671359432730831873e-01 8.821265876509937209e-02
3.590087831646743277e-01 8.802082694871163349e-02
3.509528616394713696e-01 8.779432594016510494e-02
3.429690740177547825e-01 8.753392935013196152e-02
3.350583076029753915e-01 8.724063781551365249e-02
3.272214415831418144e-01 8.691590777570357140e-02
3.194593469331089564e-01 8.656069375381182651e-02
3.117728863177794407e-01 8.617513779651990447e-02
3.041629139962280792e-01 8.576055177557417863e-02
2.966302757267624823e-01 8.531972098950184324e-02
2.891758086729252497e-01 8.485208541708406937e-02
2.818003413104546162e-01 8.435338405510027504e-02
2.745046933352085494e-01 8.382026616621776616e-02
2.672896755720651774e-01 8.325057871683709532e-02
2.601560898848094272e-01 8.264503963391747754e-02
2.531047290870154232e-01 8.200646425646739013e-02
2.461363768539343022e-01 8.133655932117536680e-02
2.392518076353984391e-01 8.063629808592973069e-02
2.324517865697500740e-01 7.990689913015401602e-02
2.257370693988056676e-01 7.914980376840538567e-02
2.191084023838638650e-01 7.836706977501467497e-02
2.125665222227673956e-01 7.756068711100951030e-02
2.061121559680280102e-01 7.673049008937139759e-02
1.997460209460230063e-01 7.587516712810346564e-02
1.934688246772731102e-01 7.499176724690422013e-02
1.872812647978095990e-01 7.407798466214537969e-02
1.811840289816407656e-01 7.313634499082338758e-02
1.751777948643248317e-01 7.217007565242497535e-02
1.692632299676588570e-01 7.118050710595723307e-02
1.634409916254914164e-01 7.016892464536776675e-02
1.577117269106679265e-01 6.913763237668139883e-02
1.520760725631161714e-01 6.808877183761413709e-02
1.465346549190801317e-01 6.702368692674251505e-02
1.410880898415101115e-01 6.594419173183703464e-02
1.357369826516168221e-01 6.485316912984885607e-02
1.304819280615971966e-01 6.374813307643352467e-02
1.253235101085391490e-01 6.261771812968390527e-02
1.202623020895129402e-01 6.145680637716931238e-02
1.152988664978553679e-01 6.027001547797535691e-02
1.104337549606562163e-01 5.906092575306026021e-02
1.056675081774507419e-01 5.783114196685561204e-02
1.010006558601274085e-01 5.658366720345204409e-02
9.643371667405697956e-02 5.532285520408981860e-02
9.196719818044885031e-02 5.405081348966256360e-02
8.760159677994161509e-02 5.276806000867256125e-02
8.333739765743386485e-02 5.147929798825368747e-02
7.917507472816209813e-02 5.019110334895951486e-02
7.511509058502996439e-02 4.889886239189841083e-02
7.115789644719716645e-02 4.759182077242708753e-02
6.730393210993146358e-02 4.626304353601039254e-02
6.355362589573076981e-02 4.490886528922975046e-02
5.990739460672012129e-02 4.353465251761599875e-02
5.636564347832906385e-02 4.214870391212661993e-02
5.292876613425423482e-02 4.075511755721885482e-02
4.959714454271368922e-02 3.935695930388808522e-02
4.637114897399441382e-02 3.795909913469806829e-02
4.325113795930202176e-02 3.656662611561616733e-02
4.023745825091396000e-02 3.518356342362171513e-02
3.733044478364233587e-02 3.381403743074212070e-02
3.453042063760936031e-02 3.246321242259764261e-02
3.183769700234129196e-02 3.112459793995799029e-02
2.925257314218321358e-02 2.976184107856531466e-02
2.677533636303963682e-02 2.835295302439096513e-02
2.440626198044326678e-02 2.691593522276730308e-02
2.214561328895736647e-02 2.546742267617188929e-02
1.999364153291383062e-02 2.401282088685647437e-02
1.795058587848985532e-02 2.256211883188032410e-02
1.601667338712764455e-02 2.113351622035853847e-02
1.419211899029970692e-02 1.973590250536274085e-02
1.247712546562085301e-02 1.836641529716475513e-02
1.087188341431266636e-02 1.703938767111728286e-02
9.376571240020115106e-03 1.578563114348869104e-02
7.991355128984078959e-03 1.459117580671060246e-02
6.716389031571567969e-03 1.340241136764703037e-02
5.551814645166519568e-03 1.217767474576597272e-02
4.497761398421062928e-03 1.089135839053264644e-02
3.554346436871580472e-03 9.586268354630486654e-03
2.721674609919344512e-03 8.343334381989872886e-03
1.999838459177394334e-03 7.200532186508837827e-03
1.388918208186096237e-03 6.137999847437850681e-03
8.889817534969424173e-04 4.882960391572005281e-03
5.000846571264760954e-04 3.169814501810910932e-03
2.222701403818971855e-04 1.436730826741392788e-03
5.556907905679420168e-05 2.853143312727100551e-04
0.000000000000000000e+00 -1.448353579719988636e-04
0.000000000000000000e+00 -2.100206480332089611e-04
5.556907905679420168e-05 -2.897502683941748547e-04
2.222701403818971855e-04 -5.252860341315388750e-04
5.000846571264760954e-04 -9.131113982837115459e-04
8.889817534969424173e-04 -1.439516657396631982e-03
1.388918208186096237e-03 -2.088692884135158814e-03
1.999838459177394334e-03 -2.844795731417883080e-03
2.721674609919344512e-03 -3.685795964417312460e-03
3.554346436871580472e-03 -4.575716872483609303e-03
4.497761398421062928e-03 -5.482310106545320097e-03
5.551814645166519568e-03 -6.383667251231715106e-03
6.716389031571567969e-03 -7.236556356740875447e-03
7.991355128984078959e-03 -7.963679609879707050e-03
9.376571240020115106e-03 -8.552665679204766308e-03
1.087188341431266636e-02 -9.081164376091339571e-03
1.247712546562085301e-02 -9.607496524748784447e-03
1.419211899029970692e-02 -1.016000929345090009e-02
1.601667338712764455e-02 -1.074273251217692897e-02
1.795058587848985532e-02 -1.133882330111372037e-02
1.999364153291383062e-02 -1.194292119114351639e-02
2.214561328895736647e-02 -1.255856213372495526e-02
2.440626198044326678e-02 -1.317717518501746767e-02
2.677533636303963682e-02 -1.378290515023067493e-02
2.925257314218321358e-02 -1.437038612232098729e-02
3.183769700234129196e-02 -1.493910389309793633e-02
3.453042063760936031e-02 -1.547919728443591068e-02
3.733044478364233587e-02 -1.597909199320400944e-02
4.023745825091396000e-02 -1.644491834253024309e-02
4.325113795930202176e-02 -1.688879280362340710e-02
4.637114897399441382e-02 -1.731744308252281678e-02
4.959714454271368922e-02 -1.773404037396273183e-02
5.292876613425423482e-02 -1.813403624946163112e-02
5.636564347832906385e-02 -1.851183825955748583e-02
5.990739460672012129e-02 -1.886556361233412971e-02
6.355362589573076981e-02 -1.919549898486965292e-02
6.730393210993146358e-02 -1.950587550267015094e-02
7.115789644719716645e-02 -1.979973208525613246e-02
7.511509058502996439e-02 -2.007544170969955896e-02
7.917507472816209813e-02 -2.033023859553592314e-02
8.333739765743386485e-02 -2.056049055082834198e-02
8.760159677994161509e-02 -2.076492296136334126e-02
9.196719818044885031e-02 -2.094644807310484108e-02
9.643371667405697956e-02 -2.110796631569243284e-02
1.010006558601274085e-01 -2.125170702542647505e-02
1.056675081774507419e-01 -2.137752661262686329e-02
1.104337549606562163e-01 -2.148252615863439907e-02
1.152988664978553679e-01 -2.156479593644691772e-02
1.202623020895129402e-01 -2.162372665955335921e-02
1.253235101085391490e-01 -2.166097062564218204e-02
1.304819280615971966e-01 -2.167988631568264560e-02
1.357369826516168221e-01 -2.168129726086226450e-02
1.410880898415101115e-01 -2.166409854140780369e-02
1.465346549190801317e-01 -2.162661480703724493e-02
1.520760725631161714e-01 -2.156715410111652298e-02
1.577117269106679265e-01 -2.148664733583510386e-02
1.634409916254914164e-01 -2.138732101547938941e-02
1.692632299676588570e-01 -2.127109688558112902e-02
1.751777948643248317e-01 -2.113935289005408960e-02
1.811840289816407656e-01 -2.099113437177799885e-02
1.872812647978095990e-01 -2.082490820925904720e-02
1.934688246772731102e-01 -2.064029060483562814e-02
1.997460209460230063e-01 -2.043762499411148903e-02
2.061121559680280102e-01 -2.021876011187726668e-02
2.125665222227673956e-01 -1.998534511675103056e-02
2.191084023838638650e-01 -1.973724841959407020e-02
2.257370693988056676e-01 -1.947384265189289546e-02
2.324517865697500740e-01 -1.919412760544268043e-02
2.392518076353984391e-01 -1.889787488807253071e-02
2.461363768539343022e-01 -1.858667173569865383e-02
2.531047290870154232e-01 -1.826208491577456169e-02
2.601560898848094272e-01 -1.792519291704750342e-02
2.672896755720651774e-01 -1.757626635569724954e-02
2.745046933352085494e-01 -1.721443049116840734e-02
2.818003413104546162e-01 -1.683928518347504663e-02
2.891758086729252497e-01 -1.645118709602401419e-02
2.966302757267624823e-01 -1.605101875691382005e-02
3.041629139962280792e-01 -1.564013804225604723e-02
3.117728863177794407e-01 -1.521906001112863747e-02
3.194593469331089564e-01 -1.478749580548426902e-02
3.272214415831418144e-01 -1.434504341272322542e-02
3.350583076029753915e-01 -1.389135736904468198e-02
3.429690740177547825e-01 -1.342752267154064330e-02
3.509528616394713696e-01 -1.295544972501409993e-02
3.590087831646743277e-01 -1.247603796630825448e-02
3.671359432730831873e-01 -1.198956121979191311e-02
3.753334387270930161e-01 -1.149581095637498135e-02
3.836003584721576765e-01 -1.099448915202065440e-02
3.919357837380436083e-01 -1.048609165471542023e-02
4.003387881409395943e-01 -9.971420104935777018e-03
4.088084377864137364e-01 -9.451290997404354632e-03
4.173437913732044313e-01 -8.926326533387611908e-03
4.259439002978354649e-01 -8.396322182283347604e-03
4.346078087600411255e-01 -7.861048836239465515e-03
4.433345538689928977e-01 -7.320929386137787868e-03
4.521231657503131940e-01 -6.776770585831029189e-03
4.609726676538650203e-01 -6.230068754784153645e-03
4.698820760623064752e-01 -5.681909118217076497e-03
4.788504008003974244e-01 -5.132128040313905550e-03
4.878766451450451402e-01 -4.580583972114118420e-03
4.969598059360780251e-01 -4.027536833185841464e-03
5.060988736877365390e-01 -3.473773887225612301e-03
5.152928327008634568e-01 -2.920857934035457279e-03
5.245406611757882365e-01 -2.369736390778337098e-03
5.338413313258880688e-01 -1.820407999546814906e-03
5.431938094918128401e-01 -1.272898466756464380e-03
5.525970562563653488e-01 -7.273737406774544991e-04
5.620500265600203438e-01 -1.846235172486923072e-04
5.715516698170692855e-01 3.539978630329724445e-04
5.811009300323815019e-01 8.878223953978487109e-04
5.906967459187653091e-01 1.416771489011705741e-03
6.003380510149177729e-01 1.940767231944844767e-03
6.100237738039482327e-01 2.459565831799214071e-03
6.197528378324663745e-01 2.971342149360520993e-03
6.295241618302156450e-01 3.473570583122858203e-03
6.393366598302444581e-01 3.965602725788184256e-03
6.491892412895989839e-01 4.447635760778121186e-03
6.590808112105230876e-01 4.919307521689256398e-03
6.690102702621547603e-01 5.379811436239096030e-03
6.789765149027036095e-01 5.827179041661814662e-03
6.889784375020977514e-01 6.259516741583156553e-03
6.990149264650814542e-01 6.677044523329074555e-03
7.090848663547572039e-01 7.080074194755441377e-03
7.191871380165538730e-01 7.467059759793775488e-03
7.293206187026060050e-01 7.836037251392877559e-03
7.394841821965345563e-01 8.185080294060580533e-03
7.496766989386134394e-01 8.513082544249766723e-03
7.598970361513051053e-01 8.820979632811590948e-03
7.701440579651563922e-01 9.107702005752307123e-03
7.804166255450371015e-01 9.367320873284424101e-03
7.907135972167069760e-01 9.596437988391636961e-03
8.010338285937002034e-01 9.797138225611859430e-03
8.113761727045106786e-01 9.968540780935966628e-03
8.217394801200630372e-01 1.010463232973987484e-02
8.321225990814590245e-01 1.020228451607314325e-02
8.425243756279822138e-01 1.026234075081463443e-02
8.529436537253458628e-01 1.028207693580244358e-02
8.633792753941731402e-01 1.025492024403457797e-02
8.738300808386934015e-01 1.017742747327578939e-02
8.842949085756387495e-01 1.004864022460411760e-02
8.947725955633289985e-01 9.861027053340890372e-03
9.052619773309316109e-01 9.602295950852665976e-03
9.157618881078770645e-01 9.262733661042145059e-03
9.262711609534211021e-01 8.833278664247747047e-03
9.367886278863364335e-01 8.295453262977686010e-03
9.473131200147204556e-01 7.625940366907158624e-03
9.578434676659028923e-01 6.802498478677732573e-03
9.683785005164411430e-01 5.801770802137063733e-03
9.789170477221889044e-01 4.590855973336547234e-03
9.894579380484205267e-01 3.131932527214088390e-03
9.999999999999998890e-01 1.380290389500436624e-03
