9.999999999999998890e-01 2.800903552578295390e-04
9.894579380484205267e-01 2.905259680694429088e-03
9.789170477221889044e-01 5.623075639336456988e-03
9.683785005164411430e-01 8.135671929218242851e-03
9.578434676659028923e-01 1.046343535974003126e-02
9.473131200147204556e-01 1.268602554035992182e-02
9.367886278863364335e-01 1.486619798931012107e-02
9.262711609534211021e-01 1.704711705943676506e-02
9.157618881078770645e-01 1.923402558831833337e-02
9.052619773309316109e-01 2.142733014216714402e-02
8.947725955633289985e-01 2.362812984605540054e-02
8.842949085756387495e-01 2.583577385881811322e-02
8.738300808386934015e-01 2.804676096964140580e-02
8.633792753941731402e-01 3.025951818972291013e-02
8.529436537253458628e-01 3.247532530708259479e-02
8.425243756279822138e-01 3.469377972534967020e-02
8.321225990814590245e-01 3.691236763510417906e-02
8.217394801200630372e-01 3.912871147318103954e-02
8.113761727045106786e-01 4.134066088331347921e-02
8.010338285937002034e-01 4.354591667958584988e-02
7.907135972167069760e-01 4.574206591970280539e-02
7.804166255450371015e-01 4.792685479153840217e-02
7.701440579651563922e-01 5.009813726518414639e-02
7.598970361513051053e-01 5.225374831415249138e-02
7.496766989386134394e-01 5.439152181361991273e-02
7.394841821965345563e-01 5.650937732646858780e-02
7.293206187026060050e-01 5.860528370001754500e-02
7.191871380165538730e-01 6.067726478367992810e-02
7.090848663547572039e-01 6.272339644517391233e-02
6.990149264650814542e-01 6.474191433013871955e-02
6.889784375020977514e-01 6.673111667870040842e-02
6.789765149027036095e-01 6.868934610019324094e-02
6.690102702621547603e-01 7.061493400674408172e-02
6.590808112105230876e-01 7.250612929784865102e-02
6.491892412895989839e-01 7.436115607983434517e-02
6.393366598302444581e-01 7.617821978740417499e-02
6.295241618302156450e-01 7.795560685559928260e-02
6.197528378324663745e-01 7.969181033836110484e-02
6.100237738039482327e-01 8.138547603635748473e-02
6.003380510149177729e-01 8.303549822039596462e-02
5.906967459187653091e-01 8.464085427406738138e-02
5.811009300323815019e-01 8.620060842420911029e-02
5.715516698170692855e-01 8.771366655122575517e-02
5.620500265600203438e-01 8.917869385055043896e-02
5.525970562563653488e-01 9.059428105911319917e-02
5.431938094918128401e-01 9.195895655142727332e-02
5.338413313258880688e-01 9.327136851658492100e-02
5.245406611757882365e-01 9.453029941728004204e-02
5.152928327008634568e-01 9.573468490296610511e-02
5.060988736877365390e-01 9.688359563869335112e-02
4.969598059360780251e-01 9.797622054461108121e-02
4.878766451450451402e-01 9.901183035829344559e-02
4.788504008003974244e-01 9.998968908886851636e-02
4.698820760623064752e-01 1.009090212426264621e-01
4.609726676538650203e-01 1.017687560587384465e-01
4.521231657503131940e-01 1.025677202921260467e-01
4.433345538689928977e-01 1.033050753478445272e-01
4.346078087600411255e-01 1.039800604749465535e-01
4.259439002978354649e-01 1.045915442159684322e-01
4.173437913732044313e-01 1.051382227026363692e-01
4.088084377864137364e-01 1.056185994294742136e-01
4.003387881409395943e-01 1.060311623838393752e-01
3.919357837380436083e-01 1.063745562480740703e-01
3.836003584721576765e-01 1.066477353175439569e-01
3.753334387270930161e-01 1.068505165675804752e-01
3.671359432730831873e-01 1.069830983534308111e-01
3.590087831646743277e-01 1.070462320446907145e-01
3.509528616394713696e-01 1.070406891734743682e-01
3.429690740177547825e-01 1.069670935649029708e-01
3.350583076029753915e-01 1.068264421291264393e-01
3.272214415831418144e-01 1.066204505025481336e-01
3.194593469331089564e-01 1.063509840525167505e-01
3.117728863177794407e-01 1.060200201605404763e-01
3.041629139962280792e-01 1.056295299373037483e-01
2.966302757267624823e-01 1.051814633518291520e-01
2.891758086729252497e-01 1.046777483317077595e-01
2.818003413104546162e-01 1.041202895671012596e-01
2.745046933352085494e-01 1.035109764488411910e-01
2.672896755720651774e-01 1.028516880139770523e-01
2.601560898848094272e-01 1.021443430248470674e-01
2.531047290870154232e-01 1.013908620475155731e-01
2.461363768539343022e-01 1.005928197203060093e-01
2.392518076353984391e-01 9.975156444539019784e-02
2.324517865697500740e-01 9.886844137623712614e-02
2.257370693988056676e-01 9.794481065567919864e-02
2.191084023838638650e-01 9.698214336115650036e-02
2.125665222227673956e-01 9.598190110015342169e-02
2.061121559680280102e-01 9.494517370325115946e-02
1.997460209460230063e-01 9.387291201614349212e-02
1.934688246772731102e-01 9.276608075741721304e-02
1.872812647978095990e-01 9.162570351802275248e-02
1.811840289816407656e-01 9.045303015723540896e-02
1.751777948643248317e-01 8.924923573823098644e-02
1.692632299676588570e-01 8.801503778720901061e-02
1.634409916254914164e-01 8.675105222104395608e-02
1.577117269106679265e-01 8.545788487511929432e-02
1.520760725631161714e-01 8.413628680867613063e-02
1.465346549190801317e-01 8.278735326214352319e-02
1.410880898415101115e-01 8.141207602615287142e-02
1.357369826516168221e-01 8.001114664569150547e-02
1.304819280615971966e-01 7.858518819599299987e-02
1.253235101085391490e-01 7.713477511754630866e-02
1.202623020895129402e-01 7.566077454781988676e-02
1.152988664978553679e-01 7.416445920230263500e-02
1.104337549606562163e-01 7.264694958554278326e-02
1.056675081774507419e-01 7.110914485729037671e-02
1.010006558601274085e-01 6.955173249085772058e-02
9.643371667405697956e-02 6.797523651491686747e-02
9.196719818044885031e-02 6.638072547276767377e-02
8.760159677994161509e-02 6.476971348287931252e-02
8.333739765743386485e-02 6.314355801300353122e-02
7.917507472816209813e-02 6.150343162964515970e-02
7.511509058502996439e-02 5.984982986316945974e-02
7.115789644719716645e-02 5.818295872602510105e-02
6.730393210993146358e-02 5.650390218534943887e-02
6.355362589573076981e-02 5.481421012519098468e-02
5.990739460672012129e-02 5.311564390431756932e-02
5.636564347832906385e-02 5.140969630453276484e-02
5.292876613425423482e-02 4.969592202574662360e-02
4.959714454271368922e-02 4.797351496863221099e-02
4.637114897399441382e-02 4.624301298992764681e-02
4.325113795930202176e-02 4.450563267794875599e-02
4.023745825091396000e-02 4.276370426368775873e-02
3.733044478364233587e-02 4.101946507057999125e-02
3.453042063760936031e-02 3.927408314613877599e-02
3.183769700234129196e-02 3.752862981679121190e-02
2.925257314218321358e-02 3.578445480622618330e-02
2.677533636303963682e-02 3.404442883380754542e-02
2.440626198044326678e-02 3.231450269690904625e-02
2.214561328895736647e-02 3.059806049939514661e-02
1.999364153291383062e-02 2.889323600018828958e-02
1.795058587848985532e-02 2.719581699093689617e-02
1.601667338712764455e-02 2.549911253705306607e-02
1.419211899029970692e-02 2.380359131717062551e-02
1.247712546562085301e-02 2.211875391642688371e-02
1.087188341431266636e-02 2.045048975950252215e-02
9.376571240020115106e-03 1.880024272219487855e-02
7.991355128984078959e-03 1.716852532544996951e-02
6.716389031571567969e-03 1.555555461595828012e-02
5.551814645166519568e-03 1.396648852868554759e-02
4.497761398421062928e-03 1.241202692133329920e-02
3.554346436871580472e-03 1.092351526591784847e-02
2.721674609919344512e-03 9.530409272788316344e-03
1.999838459177394334e-03 8.128847919373708916e-03
1.388918208186096237e-03 6.590437009727783020e-03
8.889817534969424173e-04 5.121045032023588059e-03
5.000846571264760954e-04 3.976763650548470475e-03
2.222701403818971855e-04 2.835112941922891122e-03
5.556907905679420168e-05 1.421699295503103117e-03
0.000000000000000000e+00 7.295617009015593294e-04
0.000000000000000000e+00 -1.955269096960312363e-05
5.556907905679420168e-05 -6.257726079787152493e-04
2.222701403818971855e-04 -1.404338079546262139e-03
5.000846571264760954e-04 -2.108470310904322562e-03
8.889817534969424173e-04 -2.790491213902949585e-03
1.388918208186096237e-03 -3.529001202676382981e-03
1.999838459177394334e-03 -4.306654315795694320e-03
2.721674609919344512e-03 -5.103294528896570176e-03
3.554346436871580472e-03 -5.928980650448376077e-03
4.497761398421062928e-03 -6.788290444138945882e-03
5.551814645166519568e-03 -7.667697595858348134e-03
6.716389031571567969e-03 -8.560842336205964909e-03
7.991355128984078959e-03 -9.475732922953502418e-03
9.376571240020115106e-03 -1.041259783441169338e-02
1.087188341431266636e-02 -1.135985025815261333e-02
1.247712546562085301e-02 -1.231368329990896286e-02
1.419211899029970692e-02 -1.327969318958521945e-02
1.601667338712764455e-02 -1.425754937783358343e-02
1.795058587848985532e-02 -1.524094231389454268e-02
1.999364153291383062e-02 -1.622565136767112337e-02
2.214561328895736647e-02 -1.720944529101560427e-02
2.440626198044326678e-02 -1.819162623564881537e-02
2.677533636303963682e-02 -1.917264431488876694e-02
2.925257314218321358e-02 -2.015441768103766462e-02
3.183769700234129196e-02 -2.113923545744612539e-02
3.453042063760936031e-02 -2.212582666603630718e-02
3.733044478364233587e-02 -2.311143893170891292e-02
4.023745825091396000e-02 -2.409468486588177069e-02
4.325113795930202176e-02 -2.507489324939789904e-02
4.637114897399441382e-02 -2.605230010080563166e-02
4.959714454271368922e-02 -2.702732248496731923e-02
5.292876613425423482e-02 -2.799987683398589763e-02
5.636564347832906385e-02 -2.896949088155662683e-02
5.990739460672012129e-02 -2.993479075948162621e-02
6.355362589573076981e-02 -3.089448078074088361e-02
6.730393210993146358e-02 -3.184808445583244690e-02
7.115789644719716645e-02 -3.279537915135435910e-02
7.511509058502996439e-02 -3.373639508119855718e-02
7.917507472816209813e-02 -3.467103845294542547e-02
8.333739765743386485e-02 -3.559888735032763069e-02
8.760159677994161509e-02 -3.651954226093937633e-02
9.196719818044885031e-02 -3.743271659157661885e-02
9.643371667405697956e-02 -3.833847393542497844e-02
1.010006558601274085e-01 -3.923735922814945015e-02
1.056675081774507419e-01 -4.012980071313593244e-02
1.104337549606562163e-01 -4.101602296414162685e-02
1.152988664978553679e-01 -4.189581278047256607e-02
1.202623020895129402e-01 -4.276853794864280550e-02
1.253235101085391490e-01 -4.363381276945647175e-02
1.304819280615971966e-01 -4.449148677616412279e-02
1.357369826516168221e-01 -4.534151131579426675e-02
1.410880898415101115e-01 -4.618388073422135393e-02
1.465346549190801317e-01 -4.701831846442469653e-02
1.520760725631161714e-01 -4.784438029704413814e-02
1.577117269106679265e-01 -4.866160434554950287e-02
1.634409916254914164e-01 -4.946954748919472900e-02
1.692632299676588570e-01 -5.026795195859022625e-02
1.751777948643248317e-01 -5.105661916676378087e-02
1.811840289816407656e-01 -5.183523818503019825e-02
1.872812647978095990e-01 -5.260342383622565454e-02
1.934688246772731102e-01 -5.336062991771906017e-02
1.997460209460230063e-01 -5.410629503244589883e-02
2.061121559680280102e-01 -5.483998018343050340e-02
2.125665222227673956e-01 -5.556127901245784539e-02
2.191084023838638650e-01 -5.626979525011743810e-02
2.257370693988056676e-01 -5.696509430447573019e-02
2.324517865697500740e-01 -5.764663578744989164e-02
2.392518076353984391e-01 -5.831386953916341959e-02
2.461363768539343022e-01 -5.896626197666885588e-02
2.531047290870154232e-01 -5.960332766682856914e-02
2.601560898848094272e-01 -6.022466269537904426e-02
2.672896755720651774e-01 -6.082972774702997965e-02
2.745046933352085494e-01 -6.141776151482208901e-02
2.818003413104546162e-01 -6.198795202482126898e-02
2.891758086729252497e-01 -6.253944593803252572e-02
2.966302757267624823e-01 -6.307138297711432917e-02
3.041629139962280792e-01 -6.358290213932166202e-02
3.117728863177794407e-01 -6.407321876272011052e-02
3.194593469331089564e-01 -6.454161992449471141e-02
3.272214415831418144e-01 -6.498741628981918872e-02
3.350583076029753915e-01 -6.540994362535174078e-02
3.429690740177547825e-01 -6.580864256598498163e-02
3.509528616394713696e-01 -6.618298971499089745e-02
3.590087831646743277e-01 -6.653216030170649997e-02
3.671359432730831873e-01 -6.685510592804386198e-02
3.753334387270930161e-01 -6.715033801851584550e-02
3.836003584721576765e-01 -6.741616594699958998e-02
3.919357837380436083e-01 -6.765089069929332288e-02
4.003387881409395943e-01 -6.785283756846827163e-02
4.088084377864137364e-01 -6.802046893181346032e-02
4.173437913732044313e-01 -6.815234284197294046e-02
4.259439002978354649e-01 -6.824723545489194687e-02
4.346078087600411255e-01 -6.830401693394073936e-02
4.433345538689928977e-01 -6.832168493710026602e-02
4.521231657503131940e-01 -6.829900042013528627e-02
4.609726676538650203e-01 -6.823397519003582268e-02
4.698820760623064752e-01 -6.812386705518236329e-02
4.788504008003974244e-01 -6.796447395239300915e-02
4.878766451450451402e-01 -6.775173416160480688e-02
4.969598059360780251e-01 -6.748225364038967777e-02
5.060988736877365390e-01 -6.715142604343461719e-02
5.152928327008634568e-01 -6.675250817887808108e-02
5.245406611757882365e-01 -6.627789990379039098e-02
5.338413313258880688e-01 -6.571908123225209120e-02
5.431938094918128401e-01 -6.506720624929909769e-02
5.525970562563653488e-01 -6.431329539661710670e-02
5.620500265600203438e-01 -6.345210750265121991e-02
5.715516698170692855e-01 -6.248207369062148270e-02
5.811009300323815019e-01 -6.140144418798817311e-02
5.906967459187653091e-01 -6.020834314457516184e-02
6.003380510149177729e-01 -5.890287837667811111e-02
6.100237738039482327e-01 -5.748693540499921761e-02
6.197528378324663745e-01 -5.596638040808769865e-02
6.295241618302156450e-01 -5.434931530336446770e-02
6.393366598302444581e-01 -5.264314908821746131e-02
6.491892412895989839e-01 -5.085533031443287277e-02
6.590808112105230876e-01 -4.899595135511046473e-02
6.690102702621547603e-01 -4.707639702235445756e-02
6.789765149027036095e-01 -4.510918426886767474e-02
6.889784375020977514e-01 -4.310682736271283233e-02
6.990149264650814542e-01 -4.108010103910819666e-02
7.090848663547572039e-01 -3.903850279445710697e-02
7.191871380165538730e-01 -3.698861275062909071e-02
7.293206187026060050e-01 -3.493665611145185812e-02
7.394841821965345563e-01 -3.288983225264111715e-02
7.496766989386134394e-01 -3.085486384307554314e-02
7.598970361513051053e-01 -2.883680025480629336e-02
7.701440579651563922e-01 -2.684056349228108526e-02
7.804166255450371015e-01 -2.487135422352344805e-02
7.907135972167069760e-01 -2.293426360212756990e-02
8.010338285937002034e-01 -2.103412615693020862e-02
8.113761727045106786e-01 -1.917568689029000226e-02
8.217394801200630372e-01 -1.736360159380837334e-02
8.321225990814590245e-01 -1.560268947215237220e-02
8.425243756279822138e-01 -1.389799783331613185e-02
8.529436537253458628e-01 -1.225496301134153254e-02
8.633792753941731402e-01 -1.067939834270335842e-02
8.738300808386934015e-01 -9.176794402830243391e-03
8.842949085756387495e-01 -7.752316347907153155e-03
8.947725955633289985e-01 -6.410801714749387106e-03
9.052619773309316109e-01 -5.156894919394658036e-03
9.157618881078770645e-01 -3.995734627734175322e-03
9.262711609534211021e-01 -2.933038835001706892e-03
9.367886278863364335e-01 -1.976905704066811084e-03
9.473131200147204556e-01 -1.136950072855821272e-03
9.578434676659028923e-01 -4.246922751918953188e-04
9.683785005164411430e-01 1.425167338039730184e-04
9.789170477221889044e-01 5.177178881193326369e-04
9.894579380484205267e-01 6.226841762577212851e-04
9.999999999999998890e-01 2.799731664372968171e-04
