9.999999999999998890e-01 -3.895304021660397762e-08
9.894579380484205267e-01 1.330222731140783595e-03
9.789170477221889044e-01 3.473317378083164673e-03
9.683785005164411430e-01 5.892201303246156173e-03
9.578434676659028923e-01 8.375234438669686143e-03
9.473131200147204556e-01 1.082063173342976033e-02
9.367886278863364335e-01 1.324355314291095730e-02
9.262711609534211021e-01 1.566708929323169797e-02
9.157618881078770645e-01 1.808755013903045467e-02
9.052619773309316109e-01 2.049161825636279868e-02
8.947725955633289985e-01 2.285393664760734106e-02
8.842949085756387495e-01 2.509755852585104918e-02
8.738300808386934015e-01 2.706840889022235630e-02
8.633792753941731402e-01 2.871802664827363682e-02
8.529436537253458628e-01 3.014717955936377716e-02
8.425243756279822138e-01 3.143157905922321083e-02
8.321225990814590245e-01 3.260622965624989517e-02
8.217394801200630372e-01 3.368929092814283710e-02
8.113761727045106786e-01 3.468523897612241919e-02
8.010338285937002034e-01 3.560274602727039189e-02
7.907135972167069760e-01 3.645386825764970057e-02
7.804166255450371015e-01 3.724549991478412481e-02
7.701440579651563922e-01 3.798112125105200521e-02
7.598970361513051053e-01 3.866557991091328084e-02
7.496766989386134394e-01 3.930402033561820191e-02
7.394841821965345563e-01 3.989750705245204837e-02
7.293206187026060050e-01 4.044583254838794023e-02
7.191871380165538730e-01 4.095308444291904243e-02
7.090848663547572039e-01 4.142424610014797809e-02
6.990149264650814542e-01 4.186005506780132723e-02
6.889784375020977514e-01 4.226058833601401693e-02
6.789765149027036095e-01 4.262908809025348772e-02
6.690102702621547603e-01 4.296886443145708084e-02
6.590808112105230876e-01 4.328042379713711169e-02
6.491892412895989839e-01 4.356371640290831321e-02
6.393366598302444581e-01 4.381889161564901658e-02
6.295241618302156450e-01 4.404658239149491367e-02
6.197528378324663745e-01 4.424850568585699667e-02
6.100237738039482327e-01 4.442566486186735886e-02
6.003380510149177729e-01 4.457730434190901314e-02
5.906967459187653091e-01 4.470410520630483525e-02
5.811009300323815019e-01 4.480953118691982651e-02
5.715516698170692855e-01 4.489594274729605955e-02
5.620500265600203438e-01 4.496369761832433309e-02
5.525970562563653488e-01 4.501187874374334985e-02
5.431938094918128401e-01 4.503831741615126061e-02
5.338413313258880688e-01 4.504318814772749480e-02
5.245406611757882365e-01 4.502905375240716379e-02
5.152928327008634568e-01 4.499722329147280708e-02
5.060988736877365390e-01 4.494783661137390779e-02
4.969598059360780251e-01 4.488102196762925461e-02
4.878766451450451402e-01 4.479692343740475369e-02
4.788504008003974244e-01 4.469564987781787790e-02
4.698820760623064752e-01 4.457734964732679855e-02
4.609726676538650203e-01 4.444269776293779256e-02
4.521231657503131940e-01 4.429261301916221499e-02
4.433345538689928977e-01 4.412784101077519422e-02
4.346078087600411255e-01 4.394897647930010032e-02
4.259439002978354649e-01 4.375617999148989634e-02
4.173437913732044313e-01 4.354945570971821556e-02
4.088084377864137364e-01 4.332879355941667704e-02
4.003387881409395943e-01 4.309420425955026723e-02
3.919357837380436083e-01 4.284579443195508930e-02
3.836003584721576765e-01 4.258398458983474189e-02
3.753334387270930161e-01 4.231011624996896398e-02
3.671359432730831873e-01 4.202511326156375959e-02
3.590087831646743277e-01 4.172832495053468288e-02
3.509528616394713696e-01 4.141882679181122656e-02
3.429690740177547825e-01 4.109566801796343122e-02
3.350583076029753915e-01 4.075932232524095977e-02
3.272214415831418144e-01 4.041284942173231642e-02
3.194593469331089564e-01 4.005821135503817576e-02
3.117728863177794407e-01 3.969524173366190123e-02
3.041629139962280792e-01 3.932278859048777414e-02
2.966302757267624823e-01 3.893872787987519984e-02
2.891758086729252497e-01 3.854273192869734493e-02
2.818003413104546162e-01 3.813647890311788052e-02
2.745046933352085494e-01 3.772126653417214037e-02
2.672896755720651774e-01 3.729790714342162000e-02
2.601560898848094272e-01 3.686656373118167573e-02
2.531047290870154232e-01 3.642691854272971097e-02
2.461363768539343022e-01 3.597875619206105519e-02
2.392518076353984391e-01 3.552192764866983488e-02
2.324517865697500740e-01 3.505620231284581334e-02
2.257370693988056676e-01 3.458144087239984482e-02
2.191084023838638650e-01 3.409853942539078225e-02
2.125665222227673956e-01 3.360878491427440190e-02
2.061121559680280102e-01 3.311295037151015808e-02
1.997460209460230063e-01 3.261145687515003971e-02
1.934688246772731102e-01 3.210394035954648034e-02
1.872812647978095990e-01 3.158992183843598728e-02
1.811840289816407656e-01 3.106947367719154265e-02
1.751777948643248317e-01 3.054282356984493185e-02
1.692632299676588570e-01 3.001024042096670646e-02
1.634409916254914164e-01 2.947212998171744661e-02
1.577117269106679265e-01 2.892925978914044627e-02
1.520760725631161714e-01 2.838233740033856492e-02
1.465346549190801317e-01 2.783177453715119168e-02
1.410880898415101115e-01 2.727723674752917382e-02
1.357369826516168221e-01 2.671702286582641403e-02
1.304819280615971966e-01 2.615025279330533692e-02
1.253235101085391490e-01 2.557767829943984397e-02
1.202623020895129402e-01 2.500109067492923068e-02
1.152988664978553679e-01 2.442344266118794474e-02
1.104337549606562163e-01 2.384569093126577555e-02
1.056675081774507419e-01 2.326636129533841621e-02
1.010006558601274085e-01 2.268382258071975632e-02
9.643371667405697956e-02 2.209654917636683785e-02
9.196719818044885031e-02 2.150511737079929125e-02
8.760159677994161509e-02 2.091178150756754783e-02
8.333739765743386485e-02 2.031798119661834892e-02
7.917507472816209813e-02 1.972439144204969977e-02
7.511509058502996439e-02 1.913005201118726448e-02
7.115789644719716645e-02 1.853325178422886646e-02
6.730393210993146358e-02 1.793394275901420004e-02
6.355362589573076981e-02 1.733305015479315314e-02
5.990739460672012129e-02 1.673249788302567237e-02
5.636564347832906385e-02 1.613425809964517260e-02
5.292876613425423482e-02 1.553833750591222286e-02
4.959714454271368922e-02 1.494407588339537879e-02
4.637114897399441382e-02 1.435082391475026205e-02
4.325113795930202176e-02 1.375808760583829490e-02
4.023745825091396000e-02 1.316593584452597186e-02
3.733044478364233587e-02 1.257463813943700617e-02
3.453042063760936031e-02 1.198468055989422576e-02
3.183769700234129196e-02 1.139721024647855248e-02
2.925257314218321358e-02 1.081493586396460940e-02
2.677533636303963682e-02 1.023974885687158921e-02
2.440626198044326678e-02 9.671289524504626811e-03
2.214561328895736647e-02 9.107448235080710733e-03
1.999364153291383062e-02 8.543604248862510242e-03
1.795058587848985532e-02 7.978805336646450572e-03
1.601667338712764455e-02 7.417970409492954595e-03
1.419211899029970692e-02 6.868331487659284570e-03
1.247712546562085301e-02 6.338959706471017017e-03
1.087188341431266636e-02 5.827472618288825727e-03
9.376571240020115106e-03 5.319421070760816002e-03
7.991355128984078959e-03 4.802322685724513124e-03
6.716389031571567969e-03 4.268062791189160612e-03
5.551814645166519568e-03 3.738849516042707950e-03
4.497761398421062928e-03 3.256997105390463474e-03
3.554346436871580472e-03 2.836664419105198488e-03
2.721674609919344512e-03 2.469108469394977554e-03
1.999838459177394334e-03 2.102070809864106486e-03
1.388918208186096237e-03 1.671933417005336741e-03
8.889817534969424173e-04 1.198480232861301236e-03
5.000846571264760954e-04 7.386460025060629861e-04
2.222701403818971855e-04 3.508270216397362884e-04
5.556907905679420168e-05 9.088270411361755116e-05
0.000000000000000000e+00 1.919989503398657115e-08
0.000000000000000000e+00 -1.919989503398657115e-08
5.556907905679420168e-05 -9.088270411361755116e-05
2.222701403818971855e-04 -3.508270216397362884e-04
5.000846571264760954e-04 -7.386460025060629861e-04
8.889817534969424173e-04 -1.198480232861301236e-03
1.388918208186096237e-03 -1.671933417005336741e-03
1.999838459177394334e-03 -2.102070809864106486e-03
2.721674609919344512e-03 -2.469108469394977554e-03
3.554346436871580472e-03 -2.836664419105198488e-03
4.497761398421062928e-03 -3.256997105390463474e-03
5.551814645166519568e-03 -3.738849516042707950e-03
6.716389031571567969e-03 -4.268062791189160612e-03
7.991355128984078959e-03 -4.802322685724513124e-03
9.376571240020115106e-03 -5.319421070760816002e-03
1.087188341431266636e-02 -5.827472618288825727e-03
1.247712546562085301e-02 -6.338959706471017017e-03
1.419211899029970692e-02 -6.868331487659284570e-03
1.601667338712764455e-02 -7.417970409492954595e-03
1.795058587848985532e-02 -7.978805336646450572e-03
1.999364153291383062e-02 -8.543604248862510242e-03
2.214561328895736647e-02 -9.107448235080710733e-03
2.440626198044326678e-02 -9.671289524504626811e-03
2.677533636303963682e-02 -1.023974885687158921e-02
2.925257314218321358e-02 -1.081493586396460940e-02
3.183769700234129196e-02 -1.139721024647855248e-02
3.453042063760936031e-02 -1.198468055989422576e-02
3.733044478364233587e-02 -1.257463813943700617e-02
4.023745825091396000e-02 -1.316593584452597186e-02
4.325113795930202176e-02 -1.375808760583829490e-02
4.637114897399441382e-02 -1.435082391475026205e-02
4.959714454271368922e-02 -1.494407588339537879e-02
5.292876613425423482e-02 -1.553833750591222286e-02
5.636564347832906385e-02 -1.613425809964517260e-02
5.990739460672012129e-02 -1.673249788302567237e-02
6.355362589573076981e-02 -1.733305015479315314e-02
6.730393210993146358e-02 -1.793394275901420004e-02
7.115789644719716645e-02 -1.853325178422886646e-02
7.511509058502996439e-02 -1.913005201118726448e-02
7.917507472816209813e-02 -1.972439144204969977e-02
8.333739765743386485e-02 -2.031798119661834892e-02
8.760159677994161509e-02 -2.091178150756754783e-02
9.196719818044885031e-02 -2.150511737079929125e-02
9.643371667405697956e-02 -2.209654917636683785e-02
1.010006558601274085e-01 -2.268382258071975632e-02
1.056675081774507419e-01 -2.326636129533841621e-02
1.104337549606562163e-01 -2.384569093126577555e-02
1.152988664978553679e-01 -2.442344266118794474e-02
1.202623020895129402e-01 -2.500109067492923068e-02
1.253235101085391490e-01 -2.557767829943984397e-02
1.304819280615971966e-01 -2.615025279330533692e-02
1.357369826516168221e-01 -2.671702286582641403e-02
1.410880898415101115e-01 -2.727723674752917382e-02
1.465346549190801317e-01 -2.783177453715119168e-02
1.520760725631161714e-01 -2.838233740033856492e-02
1.577117269106679265e-01 -2.892925978914044627e-02
1.634409916254914164e-01 -2.947212998171744661e-02
1.692632299676588570e-01 -3.001024042096670646e-02
1.751777948643248317e-01 -3.054282356984493185e-02
1.811840289816407656e-01 -3.106947367719154265e-02
1.872812647978095990e-01 -3.158992183843598728e-02
1.934688246772731102e-01 -3.210394035954648034e-02
1.997460209460230063e-01 -3.261145687515003971e-02
2.061121559680280102e-01 -3.311295037151015808e-02
2.125665222227673956e-01 -3.360878491427440190e-02
2.191084023838638650e-01 -3.409853942539078225e-02
2.257370693988056676e-01 -3.458144087239984482e-02
2.324517865697500740e-01 -3.505620231284581334e-02
2.392518076353984391e-01 -3.552192764866983488e-02
2.461363768539343022e-01 -3.597875619206105519e-02
2.531047290870154232e-01 -3.642691854272971097e-02
2.601560898848094272e-01 -3.686656373118167573e-02
2.672896755720651774e-01 -3.729790714342162000e-02
2.745046933352085494e-01 -3.772126653417214037e-02
2.818003413104546162e-01 -3.813647890311788052e-02
2.891758086729252497e-01 -3.854273192869734493e-02
2.966302757267624823e-01 -3.893872787987519984e-02
3.041629139962280792e-01 -3.932278859048777414e-02
3.117728863177794407e-01 -3.969524173366190123e-02
3.194593469331089564e-01 -4.005821135503817576e-02
3.272214415831418144e-01 -4.041284942173231642e-02
3.350583076029753915e-01 -4.075932232524095977e-02
3.429690740177547825e-01 -4.109566801796343122e-02
3.509528616394713696e-01 -4.141882679181122656e-02
3.590087831646743277e-01 -4.172832495053468288e-02
3.671359432730831873e-01 -4.202511326156375959e-02
3.753334387270930161e-01 -4.231011624996896398e-02
3.836003584721576765e-01 -4.258398458983474189e-02
3.919357837380436083e-01 -4.284579443195508930e-02
4.003387881409395943e-01 -4.309420425955026723e-02
4.088084377864137364e-01 -4.332879355941667704e-02
4.173437913732044313e-01 -4.354945570971821556e-02
4.259439002978354649e-01 -4.375617999148989634e-02
4.346078087600411255e-01 -4.394897647930010032e-02
4.433345538689928977e-01 -4.412784101077519422e-02
4.521231657503131940e-01 -4.429261301916221499e-02
4.609726676538650203e-01 -4.444269776293779256e-02
4.698820760623064752e-01 -4.457734964732679855e-02
4.788504008003974244e-01 -4.469564987781787790e-02
4.878766451450451402e-01 -4.479692343740475369e-02
4.969598059360780251e-01 -4.488102196762925461e-02
5.060988736877365390e-01 -4.494783661137390779e-02
5.152928327008634568e-01 -4.499722329147280708e-02
5.245406611757882365e-01 -4.502905375240716379e-02
5.338413313258880688e-01 -4.504318814772749480e-02
5.431938094918128401e-01 -4.503831741615126061e-02
5.525970562563653488e-01 -4.501187874374334985e-02
5.620500265600203438e-01 -4.496369761832433309e-02
5.715516698170692855e-01 -4.489594274729605955e-02
5.811009300323815019e-01 -4.480953118691982651e-02
5.906967459187653091e-01 -4.470410520630483525e-02
6.003380510149177729e-01 -4.457730434190901314e-02
6.100237738039482327e-01 -4.442566486186735886e-02
6.197528378324663745e-01 -4.424850568585699667e-02
6.295241618302156450e-01 -4.404658239149491367e-02
6.393366598302444581e-01 -4.381889161564901658e-02
6.491892412895989839e-01 -4.356371640290831321e-02
6.590808112105230876e-01 -4.328042379713711169e-02
6.690102702621547603e-01 -4.296886443145708084e-02
6.789765149027036095e-01 -4.262908809025348772e-02
6.889784375020977514e-01 -4.226058833601401693e-02
6.990149264650814542e-01 -4.186005506780132723e-02
7.090848663547572039e-01 -4.142424610014797809e-02
7.191871380165538730e-01 -4.095308444291904243e-02
7.293206187026060050e-01 -4.044583254838794023e-02
7.394841821965345563e-01 -3.989750705245204837e-02
7.496766989386134394e-01 -3.930402033561820191e-02
7.598970361513051053e-01 -3.866557991091328084e-02
7.701440579651563922e-01 -3.798112125105200521e-02
7.804166255450371015e-01 -3.724549991478412481e-02
7.907135972167069760e-01 -3.645386825764970057e-02
8.010338285937002034e-01 -3.560274602727039189e-02
8.113761727045106786e-01 -3.468523897612241919e-02
8.217394801200630372e-01 -3.368929092814283710e-02
8.321225990814590245e-01 -3.260622965624989517e-02
8.425243756279822138e-01 -3.143157905922321083e-02
8.529436537253458628e-01 -3.014717955936377716e-02
8.633792753941731402e-01 -2.871802664827363682e-02
8.738300808386934015e-01 -2.706840889022235630e-02
8.842949085756387495e-01 -2.509755852585104918e-02
8.947725955633289985e-01 -2.285393664760734106e-02
9.052619773309316109e-01 -2.049161825636279868e-02
9.157618881078770645e-01 -1.808755013903045467e-02
9.262711609534211021e-01 -1.566708929323169797e-02
9.367886278863364335e-01 -1.324355314291095730e-02
9.473131200147204556e-01 -1.082063173342976033e-02
9.578434676659028923e-01 -8.375234438669686143e-03
9.683785005164411430e-01 -5.892201303246156173e-03
9.789170477221889044e-01 -3.473317378083164673e-03
9.894579380484205267e-01 -1.330222731140783595e-03
9.999999999999998890e-01 3.895304021660397762e-08
