9.999999999999998890e-01 4.999999535433735307e-03
9.894579380484205267e-01 7.661061103346142667e-03
9.789170477221889044e-01 1.037109358565674148e-02
9.683785005164411430e-01 1.312260167925863828e-02
9.578434676659028923e-01 1.590797126218261581e-02
9.473131200147204556e-01 1.871961064006734399e-02
9.367886278863364335e-01 2.155005547519386194e-02
9.262711609534211021e-01 2.439178530028295044e-02
9.157618881078770645e-01 2.723710619887362294e-02
9.052619773309316109e-01 3.007856320081408671e-02
8.947725955633289985e-01 3.290924115947729822e-02
8.842949085756387495e-01 3.572497985389791464e-02
8.738300808386934015e-01 3.852589663609878173e-02
8.633792753941731402e-01 4.131229007714492391e-02
8.529436537253458628e-01 4.408419495749972550e-02
8.425243756279822138e-01 4.684167638167043707e-02
8.321225990814590245e-01 4.958485796050995237e-02
8.217394801200630372e-01 5.231394090505531169e-02
8.113761727045106786e-01 5.502917637134007584e-02
8.010338285937002034e-01 5.773048348673271574e-02
7.907135972167069760e-01 6.041729233062290844e-02
7.804166255450371015e-01 6.308629392223520649e-02
7.701440579651563922e-01 6.573237454849177597e-02
7.598970361513051053e-01 6.835078607892021429e-02
7.496766989386134394e-01 7.093700599235309989e-02
7.394841821965345563e-01 7.348650172964910077e-02
7.293206187026060050e-01 7.599475092456831060e-02
7.191871380165538730e-01 7.845733527348271175e-02
7.090848663547572039e-01 8.086993903259631633e-02
6.990149264650814542e-01 8.322856950000874499e-02
6.889784375020977514e-01 8.553025065561638274e-02
6.789765149027036095e-01 8.777594533841291680e-02
6.690102702621547603e-01 8.996759299460078962e-02
6.590808112105230876e-01 9.210682052456900526e-02
6.491892412895989839e-01 9.419525154603765327e-02
6.393366598302444581e-01 9.623470391873616137e-02
6.295241618302156450e-01 9.822691248633377836e-02
6.197528378324663745e-01 1.001733248262103582e-01
6.100237738039482327e-01 1.020755747400915320e-01
6.003380510149177729e-01 1.039357379559420758e-01
5.906967459187653091e-01 1.057540744283928108e-01
5.811009300323815019e-01 1.075276541595743957e-01
5.715516698170692855e-01 1.092529835857908027e-01
5.620500265600203438e-01 1.109262125304044388e-01
5.525970562563653488e-01 1.125436651865849708e-01
5.431938094918128401e-01 1.141019186714752470e-01
5.338413313258880688e-01 1.155977818927887285e-01
5.245406611757882365e-01 1.170282744233378247e-01
5.152928327008634568e-01 1.183902426352594767e-01
5.060988736877365390e-01 1.196804732356485657e-01
4.969598059360780251e-01 1.208970800701563431e-01
4.878766451450451402e-01 1.220393926969190745e-01
4.788504008003974244e-01 1.231094671528310536e-01
4.698820760623064752e-01 1.241109131354875411e-01
4.609726676538650203e-01 1.250465616281644932e-01
4.521231657503131940e-01 1.259188954905345048e-01
4.433345538689928977e-01 1.267308210097721766e-01
4.346078087600411255e-01 1.274853227597803895e-01
4.259439002978354649e-01 1.281847969260033471e-01
4.173437913732044313e-01 1.288315952638675599e-01
4.088084377864137364e-01 1.294288352709665191e-01
4.003387881409395943e-01 1.299791960613316255e-01
3.919357837380436083e-01 1.304828093433624825e-01
3.836003584721576765e-01 1.309383742729759437e-01
3.753334387270930161e-01 1.313419906257644321e-01
3.671359432730831873e-01 1.316896610570575665e-01
3.590087831646743277e-01 1.319784822930926693e-01
3.509528616394713696e-01 1.322056988232464536e-01
3.429690740177547825e-01 1.323684932261669223e-01
3.350583076029753915e-01 1.324642921696137232e-01
3.272214415831418144e-01 1.324909852611291516e-01
3.194593469331089564e-01 1.324466226398417490e-01
3.117728863177794407e-01 1.323294310882785485e-01
3.041629139962280792e-01 1.321378759250619039e-01
2.966302757267624823e-01 1.318707569995174467e-01
2.891758086729252497e-01 1.315281166198258023e-01
2.818003413104546162e-01 1.311113327551959307e-01
2.745046933352085494e-01 1.306219330628912711e-01
2.672896755720651774e-01 1.300615254583064040e-01
2.601560898848094272e-01 1.294317870712689278e-01
2.531047290870154232e-01 1.287344528541194688e-01
2.461363768539343022e-01 1.279713342076322369e-01
2.392518076353984391e-01 1.271442990166581632e-01
2.324517865697500740e-01 1.262552861681141836e-01
2.257370693988056676e-01 1.253062817912174165e-01
2.191084023838638650e-01 1.242993391075637166e-01
2.125665222227673956e-01 1.232365520109205692e-01
2.061121559680280102e-01 1.221200769985483076e-01
1.997460209460230063e-01 1.209521222806493324e-01
1.934688246772731102e-01 1.197350372983058409e-01
1.872812647978095990e-01 1.184712954178215594e-01
1.811840289816407656e-01 1.171637002106634406e-01
1.751777948643248317e-01 1.158150342471559457e-01
1.692632299676588570e-01 1.144277145497237386e-01
1.634409916254914164e-01 1.130043149058882340e-01
1.577117269106679265e-01 1.115480713070066687e-01
1.520760725631161714e-01 1.100616531234011597e-01
1.465346549190801317e-01 1.085461050710310876e-01
1.410880898415101115e-01 1.069997401549977745e-01
1.357369826516168221e-01 1.054159848771954178e-01
1.304819280615971966e-01 1.037887938489034934e-01
1.253235101085391490e-01 1.021139385481840550e-01
1.202623020895129402e-01 1.003879970196589200e-01
1.152988664978553679e-01 9.860844123170629805e-02
1.104337549606562163e-01 9.677314875705025909e-02
1.056675081774507419e-01 9.488047915495941009e-02
1.010006558601274085e-01 9.293070643905106121e-02
9.643371667405697956e-02 9.092643497000199582e-02
9.196719818044885031e-02 8.887824327169581429e-02
8.760159677994161509e-02 8.680311689946682008e-02
8.333739765743386485e-02 8.471635969366329844e-02
7.917507472816209813e-02 8.263164333914174708e-02
7.511509058502996439e-02 8.055935065082404922e-02
7.115789644719716645e-02 7.850556127248596583e-02
6.730393210993146358e-02 7.645665450921304562e-02
6.355362589573076981e-02 7.439060351619637690e-02
5.990739460672012129e-02 7.229389236022001897e-02
5.636564347832906385e-02 7.015642547154055109e-02
5.292876613425423482e-02 6.796756611419801919e-02
4.959714454271368922e-02 6.572020195100844453e-02
4.637114897399441382e-02 6.342391241841294214e-02
4.325113795930202176e-02 6.109481647653126207e-02
4.023745825091396000e-02 5.875587796454965345e-02
3.733044478364233587e-02 5.642941212135198920e-02
3.453042063760936031e-02 5.413092359028476991e-02
3.183769700234129196e-02 5.187455001758867895e-02
2.925257314218321358e-02 4.967423128052135539e-02
2.677533636303963682e-02 4.754148362245782383e-02
2.440626198044326678e-02 4.548241816779229757e-02
2.214561328895736647e-02 4.347093472852685964e-02
1.999364153291383062e-02 4.142568582495135404e-02
1.795058587848985532e-02 3.927984679271922380e-02
1.601667338712764455e-02 3.699689667724594816e-02
1.419211899029970692e-02 3.455791402448177285e-02
1.247712546562085301e-02 3.196341894880042056e-02
1.087188341431266636e-02 2.922784595048037726e-02
9.376571240020115106e-03 2.637945569978837612e-02
7.991355128984078959e-03 2.345534361146061134e-02
6.716389031571567969e-03 2.050019727627850133e-02
5.551814645166519568e-03 1.756343055985409851e-02
4.497761398421062928e-03 1.469783480585238472e-02
3.554346436871580472e-03 1.195658603077352257e-02
2.721674609919344512e-03 9.392681053622654874e-03
1.999838459177394334e-03 7.055786735127827190e-03
1.388918208186096237e-03 4.992924619017516212e-03
8.889817534969424173e-04 3.244683821110872814e-03
5.000846571264760954e-04 1.847284119023581608e-03
2.222701403818971855e-04 8.278326523846481731e-04
5.556907905679420168e-05 2.080830376517685775e-04
0.000000000000000000e+00 -4.247889676511418004e-09
0.000000000000000000e+00 2.718580251453995345e-09
5.556907905679420168e-05 -1.177087208910183804e-04
2.222701403818971855e-04 -4.679552810334017244e-04
5.000846571264760954e-04 -1.043082627585645858e-03
8.889817534969424173e-04 -1.829169783471392427e-03
1.388918208186096237e-03 -2.808871011916147867e-03
1.999838459177394334e-03 -3.959012035081078268e-03
2.721674609919344512e-03 -5.253626095371881355e-03
3.554346436871580472e-03 -6.662637215548756695e-03
4.497761398421062928e-03 -8.154284227318953082e-03
5.551814645166519568e-03 -9.694687800874908501e-03
6.716389031571567969e-03 -1.124986709788984227e-02
7.991355128984078959e-03 -1.278610657519616001e-02
9.376571240020115106e-03 -1.427187309778499454e-02
1.087188341431266636e-02 -1.567868490529991665e-02
1.247712546562085301e-02 -1.698294887255612229e-02
1.419211899029970692e-02 -1.816675942511922909e-02
1.601667338712764455e-02 -1.922110227512513828e-02
1.795058587848985532e-02 -2.014591046319639048e-02
1.999364153291383062e-02 -2.095361344839977505e-02
2.214561328895736647e-02 -2.166795235650404577e-02
2.440626198044326678e-02 -2.233213895269887950e-02
2.677533636303963682e-02 -2.299871024108431430e-02
2.925257314218321358e-02 -2.368464852547638375e-02
3.183769700234129196e-02 -2.438620112708003718e-02
3.453042063760936031e-02 -2.509609388358483018e-02
3.733044478364233587e-02 -2.580546627339892762e-02
4.023745825091396000e-02 -2.650529055497165970e-02
4.325113795930202176e-02 -2.718562767713033138e-02
4.637114897399441382e-02 -2.783207232417188315e-02
4.959714454271368922e-02 -2.842975657973548231e-02
5.292876613425423482e-02 -2.896814008836351081e-02
5.636564347832906385e-02 -2.944074859645758047e-02
5.990739460672012129e-02 -2.985141748565087183e-02
6.355362589573076981e-02 -3.020621564178617435e-02
6.730393210993146358e-02 -3.051104334333298168e-02
7.115789644719716645e-02 -3.077366168928393972e-02
7.511509058502996439e-02 -3.100641808915374775e-02
7.917507472816209813e-02 -3.121880144019994335e-02
8.333739765743386485e-02 -3.141309138197303369e-02
8.760159677994161509e-02 -3.159034200742742021e-02
9.196719818044885031e-02 -3.175102055204191004e-02
9.643371667405697956e-02 -3.189611747431548433e-02
1.010006558601274085e-01 -3.202742026044488183e-02
1.056675081774507419e-01 -3.214564156953590018e-02
1.104337549606562163e-01 -3.225011748302289427e-02
1.152988664978553679e-01 -3.234000333125008203e-02
1.202623020895129402e-01 -3.241435480249372364e-02
1.253235101085391490e-01 -3.247224249539409913e-02
1.304819280615971966e-01 -3.251275618979242166e-02
1.357369826516168221e-01 -3.253502043352102940e-02
1.410880898415101115e-01 -3.253817528808217174e-02
1.465346549190801317e-01 -3.252126176828634002e-02
1.520760725631161714e-01 -3.248336455226351338e-02
1.577117269106679265e-01 -3.242446549134651856e-02
1.634409916254914164e-01 -3.234507726060366350e-02
1.692632299676588570e-01 -3.224622208934631307e-02
1.751777948643248317e-01 -3.212914163608124318e-02
1.811840289816407656e-01 -3.199510113268896894e-02
1.872812647978095990e-01 -3.184549204147189144e-02
1.934688246772731102e-01 -3.168225839967617197e-02
1.997460209460230063e-01 -3.150735380912866174e-02
2.061121559680280102e-01 -3.132214777428184854e-02
2.125665222227673956e-01 -3.112758684208977861e-02
2.191084023838638650e-01 -3.092372198525125335e-02
2.257370693988056676e-01 -3.071053868383882487e-02
2.324517865697500740e-01 -3.048831515342465687e-02
2.392518076353984391e-01 -3.025734281169791332e-02
2.461363768539343022e-01 -3.001783883372979855e-02
2.531047290870154232e-01 -2.977006431078674242e-02
2.601560898848094272e-01 -2.951437862088564235e-02
2.672896755720651774e-01 -2.925115868844603562e-02
2.745046933352085494e-01 -2.898079338323045900e-02
2.818003413104546162e-01 -2.870371337059783590e-02
2.891758086729252497e-01 -2.842040307368497165e-02
2.966302757267624823e-01 -2.813137792060226711e-02
3.041629139962280792e-01 -2.783717371614904609e-02
3.117728863177794407e-01 -2.753813785421035595e-02
3.194593469331089564e-01 -2.723444403643819275e-02
3.272214415831418144e-01 -2.692627158308676452e-02
3.350583076029753915e-01 -2.661381005867901814e-02
3.429690740177547825e-01 -2.629725950673537926e-02
3.509528616394713696e-01 -2.597682901958847657e-02
3.590087831646743277e-01 -2.565275006895199189e-02
3.671359432730831873e-01 -2.532526595940235228e-02
3.753334387270930161e-01 -2.499461734575796068e-02
3.836003584721576765e-01 -2.466105241760764566e-02
3.919357837380436083e-01 -2.432487370126851234e-02
4.003387881409395943e-01 -2.398637884118320560e-02
4.088084377864137364e-01 -2.364573609077848595e-02
4.173437913732044313e-01 -2.330304282915424130e-02
4.259439002978354649e-01 -2.295827143945464860e-02
4.346078087600411255e-01 -2.261137205796289948e-02
4.433345538689928977e-01 -2.226232987459842924e-02
4.521231657503131940e-01 -2.191112888714273274e-02
4.609726676538650203e-01 -2.155772852711186627e-02
4.698820760623064752e-01 -2.120208871975429177e-02
4.788504008003974244e-01 -2.084418060112922660e-02
4.878766451450451402e-01 -2.048396638019308463e-02
4.969598059360780251e-01 -2.012138804936929384e-02
5.060988736877365390e-01 -1.975641696563230215e-02
5.152928327008634568e-01 -1.938907704664614290e-02
5.245406611757882365e-01 -1.901941433862926537e-02
5.338413313258880688e-01 -1.864749859799237977e-02
5.431938094918128401e-01 -1.827339634054555434e-02
5.525970562563653488e-01 -1.789716843847793948e-02
5.620500265600203438e-01 -1.751887915976092433e-02
5.715516698170692855e-01 -1.713859645594230721e-02
5.811009300323815019e-01 -1.675638881403395536e-02
5.906967459187653091e-01 -1.637232493154087976e-02
6.003380510149177729e-01 -1.598647214066702821e-02
6.100237738039482327e-01 -1.559889489435838279e-02
6.197528378324663745e-01 -1.520963791716703137e-02
6.295241618302156450e-01 -1.481873472267323383e-02
6.393366598302444581e-01 -1.442622177258212103e-02
6.491892412895989839e-01 -1.403213681881912422e-02
6.590808112105230876e-01 -1.363651605561548921e-02
6.690102702621547603e-01 -1.323939520062501068e-02
6.789765149027036095e-01 -1.284081088454374492e-02
6.889784375020977514e-01 -1.244079986392363987e-02
6.990149264650814542e-01 -1.203939806101118372e-02
7.090848663547572039e-01 -1.163664311311335929e-02
7.191871380165538730e-01 -1.123257987162785271e-02
7.293206187026060050e-01 -1.082725504010569051e-02
7.394841821965345563e-01 -1.042071588343369826e-02
7.496766989386134394e-01 -1.001300982841874659e-02
7.598970361513051053e-01 -9.604184441993067131e-03
7.701440579651563922e-01 -9.194287386968678227e-03
7.804166255450371015e-01 -8.783366484465074744e-03
7.907135972167069760e-01 -8.371469767252915153e-03
8.010338285937002034e-01 -7.958645586391923168e-03
8.113761727045106786e-01 -7.544941274421712238e-03
8.217394801200630372e-01 -7.130402602187068534e-03
8.321225990814590245e-01 -6.715075099580214771e-03
8.425243756279822138e-01 -6.299004158390980428e-03
8.529436537253458628e-01 -5.882235299409737869e-03
8.633792753941731402e-01 -5.464814190508973310e-03
8.738300808386934015e-01 -5.046786541552076774e-03
8.842949085756387495e-01 -4.628198096312219519e-03
8.947725955633289985e-01 -4.209094639155987715e-03
9.052619773309316109e-01 -3.789522041840054888e-03
9.157618881078770645e-01 -3.369526828034305910e-03
9.262711609534211021e-01 -2.949155945427381093e-03
9.367886278863364335e-01 -2.528456469588608556e-03
9.473131200147204556e-01 -2.107475541171423359e-03
9.578434676659028923e-01 -1.686260307618084840e-03
9.683785005164411430e-01 -1.264857926872955214e-03
9.789170477221889044e-01 -8.433156029005471664e-04
9.894579380484205267e-01 -4.216805555634277423e-04
9.999999999999998890e-01 6.974925135200418326e-14
