9.999999999999998890e-01 -7.649187883584920508e-04
9.894579380484205267e-01 3.083941926822966230e-03
9.789170477221889044e-01 6.754932963443579207e-03
9.683785005164411430e-01 1.022104421899912817e-02
9.578434676659028923e-01 1.352736930764280449e-02
9.473131200147204556e-01 1.672284104997993903e-02
9.367886278863364335e-01 1.982643097224641437e-02
9.262711609534211021e-01 2.284826667255798402e-02
9.157618881078770645e-01 2.578994547087076414e-02
9.052619773309316109e-01 2.865801774030849250e-02
8.947725955633289985e-01 3.147047850744681685e-02
8.842949085756387495e-01 3.423669491046386903e-02
8.738300808386934015e-01 3.695042257627507987e-02
8.633792753941731402e-01 3.960903633626586956e-02
8.529436537253458628e-01 4.221655696511055628e-02
8.425243756279822138e-01 4.477602852272821732e-02
8.321225990814590245e-01 4.728883888350658704e-02
8.217394801200630372e-01 4.975562612402329582e-02
8.113761727045106786e-01 5.217639589407054024e-02
8.010338285937002034e-01 5.455109449369628660e-02
7.907135972167069760e-01 5.687964713616010248e-02
7.804166255450371015e-01 5.916205866839870792e-02
7.701440579651563922e-01 6.139838870841018287e-02
7.598970361513051053e-01 6.358870225539234311e-02
7.496766989386134394e-01 6.573306506000654859e-02
7.394841821965345563e-01 6.783152928456986919e-02
7.293206187026060050e-01 6.988415975785854106e-02
7.191871380165538730e-01 7.189114422741214872e-02
7.090848663547572039e-01 7.385269312444743550e-02
6.990149264650814542e-01 7.576888046711729996e-02
6.889784375020977514e-01 7.763927368423259590e-02
6.789765149027036095e-01 7.946144305386011741e-02
6.690102702621547603e-01 8.123314531229500202e-02
6.590808112105230876e-01 8.295472181894178454e-02
6.491892412895989839e-01 8.462689222512329024e-02
6.393366598302444581e-01 8.624979912183544650e-02
6.295241618302156450e-01 8.782360746331090151e-02
6.197528378324663745e-01 8.934879314880414536e-02
6.100237738039482327e-01 9.082579791991196583e-02
6.003380510149177729e-01 9.225490099944144706e-02
5.906967459187653091e-01 9.363646934433075830e-02
5.811009300323815019e-01 9.497105022440061051e-02
5.715516698170692855e-01 9.625907587347201644e-02
5.620500265600203438e-01 9.750079699217463480e-02
5.525970562563653488e-01 9.869672818924327129e-02
5.431938094918128401e-01 9.984769770781298792e-02
5.338413313258880688e-01 1.009540314644607334e-01
5.245406611757882365e-01 1.020155937742935476e-01
5.152928327008634568e-01 1.030334599868367035e-01
5.060988736877365390e-01 1.040094149558499215e-01
4.969598059360780251e-01 1.049404889839725130e-01
4.878766451450451402e-01 1.058206116083858506e-01
4.788504008003974244e-01 1.066475658379743147e-01
4.698820760623064752e-01 1.074216034434656852e-01
4.609726676538650203e-01 1.081436615665522377e-01
4.521231657503131940e-01 1.088149409208867130e-01
4.433345538689928977e-01 1.094361645772403691e-01
4.346078087600411255e-01 1.100079421670416002e-01
4.259439002978354649e-01 1.105314014148327945e-01
4.173437913732044313e-01 1.110077473718697472e-01
4.088084377864137364e-01 1.114376891891057375e-01
4.003387881409395943e-01 1.118200914266998247e-01
3.919357837380436083e-01 1.121472805190142641e-01
3.836003584721576765e-01 1.124126376501015656e-01
3.753334387270930161e-01 1.126178718934105483e-01
3.671359432730831873e-01 1.127656554997919502e-01
3.590087831646743277e-01 1.128568685428697205e-01
3.509528616394713696e-01 1.128924678819273469e-01
3.429690740177547825e-01 1.128742105045658084e-01
3.350583076029753915e-01 1.128037516312700855e-01
3.272214415831418144e-01 1.126823713335557836e-01
3.194593469331089564e-01 1.125115301756170055e-01
3.117728863177794407e-01 1.122929200797612992e-01
3.041629139962280792e-01 1.120241658108906413e-01
2.966302757267624823e-01 1.116978102061240707e-01
2.891758086729252497e-01 1.113114975018622971e-01
2.818003413104546162e-01 1.108687336596598932e-01
2.745046933352085494e-01 1.103719117569352953e-01
2.672896755720651774e-01 1.098221885619064808e-01
2.601560898848094272e-01 1.092215937283820132e-01
2.531047290870154232e-01 1.085727910129574841e-01
2.461363768539343022e-01 1.078775204817005590e-01
2.392518076353984391e-01 1.071370639615764619e-01
2.324517865697500740e-01 1.063541659509896486e-01
2.257370693988056676e-01 1.055318382416923495e-01
2.191084023838638650e-01 1.046690092257112625e-01
2.125665222227673956e-01 1.037634457513063740e-01
2.061121559680280102e-01 1.028173037341872514e-01
1.997460209460230063e-01 1.018334256684790134e-01
1.934688246772731102e-01 1.008096514618217754e-01
1.872812647978095990e-01 9.974294611314274417e-02
1.811840289816407656e-01 9.863320179106485619e-02
1.751777948643248317e-01 9.748162254956282968e-02
1.692632299676588570e-01 9.629129862832362663e-02
1.634409916254914164e-01 9.506553905302056462e-02
1.577117269106679265e-01 9.380712964411472288e-02
1.520760725631161714e-01 9.251852706755944733e-02
1.465346549190801317e-01 9.120163033993555768e-02
1.410880898415101115e-01 8.985825134727648544e-02
1.357369826516168221e-01 8.849018915738271485e-02
1.304819280615971966e-01 8.709932903046653518e-02
1.253235101085391490e-01 8.568757427040832320e-02
1.202623020895129402e-01 8.425118287862841393e-02
1.152988664978553679e-01 8.277890138743235204e-02
1.104337549606562163e-01 8.126835160481436782e-02
1.056675081774507419e-01 7.972795012538551329e-02
1.010006558601274085e-01 7.816203930678855549e-02
9.643371667405697956e-02 7.657068256643839721e-02
9.196719818044885031e-02 7.495940940379446082e-02
8.760159677994161509e-02 7.333729115419347633e-02
8.333739765743386485e-02 7.169851987923975267e-02
7.917507472816209813e-02 7.002808026994980506e-02
7.511509058502996439e-02 6.832407609680114791e-02
7.115789644719716645e-02 6.659191685438244079e-02
6.730393210993146358e-02 6.483271227435002948e-02
6.355362589573076981e-02 6.304545977634994081e-02
5.990739460672012129e-02 6.122950395611682917e-02
5.636564347832906385e-02 5.938563982815905917e-02
5.292876613425423482e-02 5.752178773315023974e-02
4.959714454271368922e-02 5.564741473404048733e-02
4.637114897399441382e-02 5.376803938967806423e-02
4.325113795930202176e-02 5.188888686952036755e-02
4.023745825091396000e-02 5.001819944026579534e-02
3.733044478364233587e-02 4.815777746678955029e-02
3.453042063760936031e-02 4.628766095197584668e-02
3.183769700234129196e-02 4.439587267831749534e-02
2.925257314218321358e-02 4.250102066585517008e-02
2.677533636303963682e-02 4.061532319485104681e-02
2.440626198044326678e-02 3.872767450339806294e-02
2.214561328895736647e-02 3.683897348864564880e-02
1.999364153291383062e-02 3.497602905411773683e-02
1.795058587848985532e-02 3.314296721042630373e-02
1.601667338712764455e-02 3.130685960850327493e-02
1.419211899029970692e-02 2.944930192274232070e-02
1.247712546562085301e-02 2.757400111179832136e-02
1.087188341431266636e-02 2.569162946344598006e-02
9.376571240020115106e-03 2.381708891374170051e-02
7.991355128984078959e-03 2.193457891741139310e-02
6.716389031571567969e-03 2.000622852987020070e-02
5.551814645166519568e-03 1.807143165373784402e-02
4.497761398421062928e-03 1.621383364926921519e-02
3.554346436871580472e-03 1.435694517792040527e-02
2.721674609919344512e-03 1.235459222386589562e-02
1.999838459177394334e-03 1.034816940232948825e-02
1.388918208186096237e-03 8.563005528001429306e-03
8.889817534969424173e-04 6.724413207318183719e-03
5.000846571264760954e-04 4.467820204775199353e-03
2.222701403818971855e-04 2.207770447957647930e-03
5.556907905679420168e-05 5.927740447179344471e-04
0.000000000000000000e+00 1.697329358446972148e-05
0.000000000000000000e+00 -1.880825750560639374e-05
5.556907905679420168e-05 -5.371770226438589120e-04
2.222701403818971855e-04 -1.981139147695481096e-03
5.000846571264760954e-04 -3.955498706006732243e-03
8.889817534969424173e-04 -5.814686294987659633e-03
1.388918208186096237e-03 -7.150225520195147011e-03
1.999838459177394334e-03 -8.339046978398512514e-03
2.721674609919344512e-03 -9.671238560957428482e-03
3.554346436871580472e-03 -1.094132352639699303e-02
4.497761398421062928e-03 -1.202436978436558293e-02
5.551814645166519568e-03 -1.307561727193135709e-02
6.716389031571567969e-03 -1.419131782849478163e-02
7.991355128984078959e-03 -1.532521764021934838e-02
9.376571240020115106e-03 -1.644898586323998921e-02
1.087188341431266636e-02 -1.757447510099017021e-02
1.247712546562085301e-02 -1.869571529377299368e-02
1.419211899029970692e-02 -1.978433627427637551e-02
1.601667338712764455e-02 -2.082910108232894839e-02
1.795058587848985532e-02 -2.183707247326430179e-02
1.999364153291383062e-02 -2.282931142712862210e-02
2.214561328895736647e-02 -2.383508188681701320e-02
2.440626198044326678e-02 -2.485336874955836051e-02
2.677533636303963682e-02 -2.586379626195619424e-02
2.925257314218321358e-02 -2.685836840445855744e-02
3.183769700234129196e-02 -2.783507624510521763e-02
3.453042063760936031e-02 -2.878203323556508680e-02
3.733044478364233587e-02 -2.968628480108753340e-02
4.023745825091396000e-02 -3.055838677198020187e-02
4.325113795930202176e-02 -3.141485738080327522e-02
4.637114897399441382e-02 -3.225462191957964575e-02
4.959714454271368922e-02 -3.307139704513079037e-02
5.292876613425423482e-02 -3.386133500868532265e-02
5.636564347832906385e-02 -3.462007100752112487e-02
5.990739460672012129e-02 -3.533905619182793612e-02
6.355362589573076981e-02 -3.601179171106221044e-02
6.730393210993146358e-02 -3.664053857732504915e-02
7.115789644719716645e-02 -3.722991821543981950e-02
7.511509058502996439e-02 -3.778637729161087033e-02
7.917507472816209813e-02 -3.831272321048777296e-02
8.333739765743386485e-02 -3.880388534633765624e-02
8.760159677994161509e-02 -3.925972502801606395e-02
9.196719818044885031e-02 -3.968998895866440724e-02
9.643371667405697956e-02 -4.009836851541249275e-02
1.010006558601274085e-01 -4.047860449889907619e-02
1.056675081774507419e-01 -4.082709234483150595e-02
1.104337549606562163e-01 -4.114421129295674218e-02
1.152988664978553679e-01 -4.142709257873400386e-02
1.202623020895129402e-01 -4.166976570004778807e-02
1.253235101085391490e-01 -4.187411492526567358e-02
1.304819280615971966e-01 -4.204841199414113134e-02
1.357369826516168221e-01 -4.219442675248310376e-02
1.410880898415101115e-01 -4.230949090822023334e-02
1.465346549190801317e-01 -4.239544792655958183e-02
1.520760725631161714e-01 -4.245680300779841598e-02
1.577117269106679265e-01 -4.249679966540090281e-02
1.634409916254914164e-01 -4.251754991218181789e-02
1.692632299676588570e-01 -4.251790163701978792e-02
1.751777948643248317e-01 -4.249555875404757710e-02
1.811840289816407656e-01 -4.244960851215778819e-02
1.872812647978095990e-01 -4.237953003051176532e-02
1.934688246772731102e-01 -4.228434011547328036e-02
1.997460209460230063e-01 -4.216285065621389050e-02
2.061121559680280102e-01 -4.201360533446543699e-02
2.125665222227673956e-01 -4.183540209593195058e-02
2.191084023838638650e-01 -4.162805507041512920e-02
2.257370693988056676e-01 -4.139436025466752128e-02
2.324517865697500740e-01 -4.114439216510612507e-02
2.392518076353984391e-01 -4.088526099657168594e-02
2.461363768539343022e-01 -4.061503795908532471e-02
2.531047290870154232e-01 -4.033200875888077325e-02
2.601560898848094272e-01 -4.003701609938317696e-02
2.672896755720651774e-01 -3.973031353418284700e-02
2.745046933352085494e-01 -3.941085161519401747e-02
2.818003413104546162e-01 -3.907819833878251048e-02
2.891758086729252497e-01 -3.873282565709187941e-02
2.966302757267624823e-01 -3.837426884494153645e-02
3.041629139962280792e-01 -3.800117685895103292e-02
3.117728863177794407e-01 -3.761613012921791177e-02
3.194593469331089564e-01 -3.722514146078009789e-02
3.272214415831418144e-01 -3.683088132853082342e-02
3.350583076029753915e-01 -3.643332994220176840e-02
3.429690740177547825e-01 -3.603246479251939055e-02
3.509528616394713696e-01 -3.562831641372192493e-02
3.590087831646743277e-01 -3.522099933664044058e-02
3.671359432730831873e-01 -3.481064801311276741e-02
3.753334387270930161e-01 -3.439720270783007405e-02
3.836003584721576765e-01 -3.398058718090259805e-02
3.919357837380436083e-01 -3.356117315700743453e-02
4.003387881409395943e-01 -3.313909994405477705e-02
4.088084377864137364e-01 -3.271246742828400750e-02
4.173437913732044313e-01 -3.227912174390536182e-02
4.259439002978354649e-01 -3.183852906607709254e-02
4.346078087600411255e-01 -3.139060471718818635e-02
4.433345538689928977e-01 -3.093535983010349891e-02
4.521231657503131940e-01 -3.047280379678995663e-02
4.609726676538650203e-01 -3.000288313928384243e-02
4.698820760623064752e-01 -2.952554154453789284e-02
4.788504008003974244e-01 -2.904074208244713726e-02
4.878766451450451402e-01 -2.854846399457558470e-02
4.969598059360780251e-01 -2.804871289508167193e-02
5.060988736877365390e-01 -2.754150446308357633e-02
5.152928327008634568e-01 -2.702686645912763530e-02
5.245406611757882365e-01 -2.650485288457331973e-02
5.338413313258880688e-01 -2.597554747226485383e-02
5.431938094918128401e-01 -2.543888116473061803e-02
5.525970562563653488e-01 -2.489462010076294585e-02
5.620500265600203438e-01 -2.434288040104165898e-02
5.715516698170692855e-01 -2.378408274645505902e-02
5.811009300323815019e-01 -2.321783004526254551e-02
5.906967459187653091e-01 -2.264327341214187814e-02
6.003380510149177729e-01 -2.206265279178754729e-02
6.100237738039482327e-01 -2.148016997533075748e-02
6.197528378324663745e-01 -2.089788361067344141e-02
6.295241618302156450e-01 -2.031648422254768091e-02
6.393366598302444581e-01 -1.973596978302335700e-02
6.491892412895989839e-01 -1.915608911012580892e-02
6.590808112105230876e-01 -1.857714920111635734e-02
6.690102702621547603e-01 -1.799954686653854399e-02
6.789765149027036095e-01 -1.742291194391929962e-02
6.889784375020977514e-01 -1.684724839528341928e-02
6.990149264650814542e-01 -1.627541716800178645e-02
7.090848663547572039e-01 -1.571050612407044744e-02
7.191871380165538730e-01 -1.515347240937076935e-02
7.293206187026060050e-01 -1.460461305590692212e-02
7.394841821965345563e-01 -1.406371503685513794e-02
7.496766989386134394e-01 -1.353077719646065928e-02
7.598970361513051053e-01 -1.300657475691621885e-02
7.701440579651563922e-01 -1.249122281003119637e-02
7.804166255450371015e-01 -1.198318686610219501e-02
7.907135972167069760e-01 -1.148039215469251126e-02
8.010338285937002034e-01 -1.098021304295979279e-02
8.113761727045106786e-01 -1.048178170026440106e-02
8.217394801200630372e-01 -9.986865045540744071e-03
8.321225990814590245e-01 -9.495489073801051394e-03
8.425243756279822138e-01 -9.005398053445298062e-03
8.529436537253458628e-01 -8.518218106187972621e-03
8.633792753941731402e-01 -8.039581403038197072e-03
8.738300808386934015e-01 -7.570832815246670948e-03
8.842949085756387495e-01 -7.109722394349302955e-03
8.947725955633289985e-01 -6.659494567505064820e-03
9.052619773309316109e-01 -6.226145636811310918e-03
9.157618881078770645e-01 -5.799240974198855911e-03
9.262711609534211021e-01 -5.359412771803425020e-03
9.367886278863364335e-01 -4.900520667261144131e-03
9.473131200147204556e-01 -4.421741647599586669e-03
9.578434676659028923e-01 -3.909495865372148750e-03
9.683785005164411430e-01 -3.338053429078291674e-03
9.789170477221889044e-01 -2.643205938303910731e-03
9.894579380484205267e-01 -1.765895385006147154e-03
9.999999999999998890e-01 -7.407272440190425461e-04
