9.999999999999998890e-01 -1.058724517539169001e-04
9.894579380484205267e-01 5.411639689942853056e-04
9.789170477221889044e-01 1.462606575696712716e-03
9.683785005164411430e-01 2.480558861336738807e-03
9.578434676659028923e-01 3.578223021479762147e-03
9.473131200147204556e-01 4.760551336685005415e-03
9.367886278863364335e-01 6.001528180055742782e-03
9.262711609534211021e-01 7.279482254895568508e-03
9.157618881078770645e-01 8.594406947467403760e-03
9.052619773309316109e-01 9.947834096478163149e-03
8.947725955633289985e-01 1.133857515191335347e-02
8.842949085756387495e-01 1.276578195256084652e-02
8.738300808386934015e-01 1.422962034643471263e-02
8.633792753941731402e-01 1.573003162809569200e-02
8.529436537253458628e-01 1.726653632116826806e-02
8.425243756279822138e-01 1.883862791424710179e-02
8.321225990814590245e-01 2.044582272159027603e-02
8.217394801200630372e-01 2.208806352138834028e-02
8.113761727045106786e-01 2.376537290371372874e-02
8.010338285937002034e-01 2.547260702512016417e-02
7.907135972167069760e-01 2.720094682684569623e-02
7.804166255450371015e-01 2.894741502739109351e-02
7.701440579651563922e-01 3.071290009642960867e-02
7.598970361513051053e-01 3.249679268935597165e-02
7.496766989386134394e-01 3.429780976602887776e-02
7.394841821965345563e-01 3.611639259475173808e-02
7.293206187026060050e-01 3.795328832460327650e-02
7.191871380165538730e-01 3.980592050867081538e-02
7.090848663547572039e-01 4.166992596038298496e-02
6.990149264650814542e-01 4.353846490008436709e-02
6.889784375020977514e-01 4.540543200044291905e-02
6.789765149027036095e-01 4.727140222673091585e-02
6.690102702621547603e-01 4.913796333498952201e-02
6.590808112105230876e-01 5.100388226386695645e-02
6.491892412895989839e-01 5.286796733342616350e-02
6.393366598302444581e-01 5.473098914100132939e-02
6.295241618302156450e-01 5.659321317798710754e-02
6.197528378324663745e-01 5.845278439822026995e-02
6.100237738039482327e-01 6.030533646049018870e-02
6.003380510149177729e-01 6.214209073341975947e-02
5.906967459187653091e-01 6.395758616541855068e-02
5.811009300323815019e-01 6.575291152954643170e-02
5.715516698170692855e-01 6.752913134376342663e-02
5.620500265600203438e-01 6.928633905703637796e-02
5.525970562563653488e-01 7.102379089944090007e-02
5.431938094918128401e-01 7.273994814421981536e-02
5.338413313258880688e-01 7.443620946281565010e-02
5.245406611757882365e-01 7.611637475602560376e-02
5.152928327008634568e-01 7.777299286962287284e-02
5.060988736877365390e-01 7.938939097831572422e-02
4.969598059360780251e-01 8.095614790162428132e-02
4.878766451450451402e-01 8.246969649252190726e-02
4.788504008003974244e-01 8.393063287487631530e-02
4.698820760623064752e-01 8.534170985491899841e-02
4.609726676538650203e-01 8.670310137588981003e-02
4.521231657503131940e-01 8.801399715871548179e-02
4.433345538689928977e-01 8.927601450619569723e-02
4.346078087600411255e-01 9.049128454813400169e-02
4.259439002978354649e-01 9.165895491845783838e-02
4.173437913732044313e-01 9.277453000034911745e-02
4.088084377864137364e-01 9.382141628253697074e-02
4.003387881409395943e-01 9.478405721670186967e-02
3.919357837380436083e-01 9.566447531875853227e-02
3.836003584721576765e-01 9.646760517572092186e-02
3.753334387270930161e-01 9.719421317540974381e-02
3.671359432730831873e-01 9.784474610565105368e-02
3.590087831646743277e-01 9.842097641455344048e-02
3.509528616394713696e-01 9.892511852983570941e-02
3.429690740177547825e-01 9.935986678242961223e-02
3.350583076029753915e-01 9.972637738073844571e-02
3.272214415831418144e-01 1.000228833569511422e-01
3.194593469331089564e-01 1.002475159253259085e-01
3.117728863177794407e-01 1.003987802390775980e-01
3.041629139962280792e-01 1.004772263653700842e-01
2.966302757267624823e-01 1.004859836074460944e-01
2.891758086729252497e-01 1.004277073577095614e-01
2.818003413104546162e-01 1.003043387889434035e-01
2.745046933352085494e-01 1.001175656314464146e-01
2.672896755720651774e-01 9.986897303072729548e-02
2.601560898848094272e-01 9.956161576098601640e-02
2.531047290870154232e-01 9.919919515359526541e-02
2.461363768539343022e-01 9.877955788947237470e-02
2.392518076353984391e-01 9.829717128285375694e-02
2.324517865697500740e-01 9.775077071019871999e-02
2.257370693988056676e-01 9.714164492611829238e-02
2.191084023838638650e-01 9.647246115489008234e-02
2.125665222227673956e-01 9.574644562732671782e-02
2.061121559680280102e-01 9.496644945669519000e-02
1.997460209460230063e-01 9.413508629517647330e-02
1.934688246772731102e-01 9.325449776065279639e-02
1.872812647978095990e-01 9.232709822623699769e-02
1.811840289816407656e-01 9.135705489574572069e-02
1.751777948643248317e-01 9.034653826945658606e-02
1.692632299676588570e-01 8.928932405221706725e-02
1.634409916254914164e-01 8.817996768687788589e-02
1.577117269106679265e-01 8.702031076130187226e-02
1.520760725631161714e-01 8.581355915917147914e-02
1.465346549190801317e-01 8.456311957109746702e-02
1.410880898415101115e-01 8.327254691217553240e-02
1.357369826516168221e-01 8.194562110747757866e-02
1.304819280615971966e-01 8.058549409553046605e-02
1.253235101085391490e-01 7.919428099950640010e-02
1.202623020895129402e-01 7.777576245978702618e-02
1.152988664978553679e-01 7.633588867304692827e-02
1.104337549606562163e-01 7.487247968237116524e-02
1.056675081774507419e-01 7.337404978708203518e-02
1.010006558601274085e-01 7.183688621949962938e-02
9.643371667405697956e-02 7.026542252510167841e-02
9.196719818044885031e-02 6.866388862083029621e-02
8.760159677994161509e-02 6.703616354268866762e-02
8.333739765743386485e-02 6.538746793526231671e-02
7.917507472816209813e-02 6.372363755475118907e-02
7.511509058502996439e-02 6.204710802488290489e-02
7.115789644719716645e-02 6.035920155707322210e-02
6.730393210993146358e-02 5.866861216956230363e-02
6.355362589573076981e-02 5.698401470845261552e-02
5.990739460672012129e-02 5.528960148947416331e-02
5.636564347832906385e-02 5.356299887482609406e-02
5.292876613425423482e-02 5.180092485356295462e-02
4.959714454271368922e-02 5.000748558441880237e-02
4.637114897399441382e-02 4.819074454378163841e-02
4.325113795930202176e-02 4.635988872719623566e-02
4.023745825091396000e-02 4.452415333040168899e-02
3.733044478364233587e-02 4.269111498790126996e-02
3.453042063760936031e-02 4.086326554210922835e-02
3.183769700234129196e-02 3.904664062565474381e-02
2.925257314218321358e-02 3.725859510327839130e-02
2.677533636303963682e-02 3.550359992708929102e-02
2.440626198044326678e-02 3.375533577135084867e-02
2.214561328895736647e-02 3.198997535402708925e-02
1.999364153291383062e-02 3.019528850255201805e-02
1.795058587848985532e-02 2.837758473227837072e-02
1.601667338712764455e-02 2.656839129850063069e-02
1.419211899029970692e-02 2.478266627244627568e-02
1.247712546562085301e-02 2.301209736478816714e-02
1.087188341431266636e-02 2.124643807539277826e-02
9.376571240020115106e-03 1.947674500414662765e-02
7.991355128984078959e-03 1.772783312067819500e-02
6.716389031571567969e-03 1.605092312037512473e-02
5.551814645166519568e-03 1.444661273846126193e-02
4.497761398421062928e-03 1.287462988650472928e-02
3.554346436871580472e-03 1.126930760455609713e-02
2.721674609919344512e-03 9.568758961153729647e-03
1.999838459177394334e-03 7.883502638034299570e-03
1.388918208186096237e-03 6.387921552044185936e-03
8.889817534969424173e-04 5.057806189054736036e-03
5.000846571264760954e-04 3.783244882952195576e-03
2.222701403818971855e-04 2.468079823407605313e-03
5.556907905679420168e-05 1.096792887955501958e-03
0.000000000000000000e+00 2.074811861066695796e-05
0.000000000000000000e+00 -1.060260468867790841e-05
5.556907905679420168e-05 -1.215717759375490063e-03
2.222701403818971855e-04 -2.290478304199852246e-03
5.000846571264760954e-04 -3.152094698101617562e-03
8.889817534969424173e-04 -3.865709878958955691e-03
1.388918208186096237e-03 -4.515676034123257757e-03
1.999838459177394334e-03 -5.155710236884885819e-03
2.721674609919344512e-03 -5.816343418999270903e-03
3.554346436871580472e-03 -6.487341340710923651e-03
4.497761398421062928e-03 -7.159104424069528960e-03
5.551814645166519568e-03 -7.833852201080522548e-03
6.716389031571567969e-03 -8.515044640440940990e-03
7.991355128984078959e-03 -9.205728173191346508e-03
9.376571240020115106e-03 -9.896688724005420559e-03
1.087188341431266636e-02 -1.056301978892734694e-02
1.247712546562085301e-02 -1.119772948024639996e-02
1.419211899029970692e-02 -1.181496867532085514e-02
1.601667338712764455e-02 -1.242350180758042266e-02
1.795058587848985532e-02 -1.302531936068760526e-02
1.999364153291383062e-02 -1.361314050098115860e-02
2.214561328895736647e-02 -1.417296535468383530e-02
2.440626198044326678e-02 -1.469702213510228755e-02
2.677533636303963682e-02 -1.518290403892662115e-02
2.925257314218321358e-02 -1.563830093950522790e-02
3.183769700234129196e-02 -1.607497338759194747e-02
3.453042063760936031e-02 -1.649199195465448492e-02
3.733044478364233587e-02 -1.688226199574406269e-02
4.023745825091396000e-02 -1.723796495497803560e-02
4.325113795930202176e-02 -1.755295235370786522e-02
4.637114897399441382e-02 -1.783129137680155782e-02
4.959714454271368922e-02 -1.807988408421589213e-02
5.292876613425423482e-02 -1.830341618852056665e-02
5.636564347832906385e-02 -1.850406262685169029e-02
5.990739460672012129e-02 -1.867719581559567840e-02
6.355362589573076981e-02 -1.881758143720274612e-02
6.730393210993146358e-02 -1.892265642980779650e-02
7.115789644719716645e-02 -1.899322529413874014e-02
7.511509058502996439e-02 -1.903708924239468081e-02
7.917507472816209813e-02 -1.905987048317400040e-02
8.333739765743386485e-02 -1.906062658540529781e-02
8.760159677994161509e-02 -1.903689710922518499e-02
9.196719818044885031e-02 -1.898505145183289333e-02
9.643371667405697956e-02 -1.890426501990946639e-02
1.010006558601274085e-01 -1.879793845541111522e-02
1.056675081774507419e-01 -1.867116922000486637e-02
1.104337549606562163e-01 -1.853051822783574262e-02
1.152988664978553679e-01 -1.837805041866469313e-02
1.202623020895129402e-01 -1.821121837425762266e-02
1.253235101085391490e-01 -1.802834296659908825e-02
1.304819280615971966e-01 -1.782886261747328865e-02
1.357369826516168221e-01 -1.761487358294257580e-02
1.410880898415101115e-01 -1.739022682853276144e-02
1.465346549190801317e-01 -1.715723184471961565e-02
1.520760725631161714e-01 -1.691706909490328301e-02
1.577117269106679265e-01 -1.666948699897059794e-02
1.634409916254914164e-01 -1.641363113264558346e-02
1.692632299676588570e-01 -1.614948497931355947e-02
1.751777948643248317e-01 -1.587755144588379186e-02
1.811840289816407656e-01 -1.559924685787345867e-02
1.872812647978095990e-01 -1.531607499534964716e-02
1.934688246772731102e-01 -1.502844122092861570e-02
1.997460209460230063e-01 -1.473631683186016339e-02
2.061121559680280102e-01 -1.443923781614636463e-02
2.125665222227673956e-01 -1.413709004568931490e-02
2.191084023838638650e-01 -1.383120087990703968e-02
2.257370693988056676e-01 -1.352328353354724511e-02
2.324517865697500740e-01 -1.321531257104307557e-02
2.392518076353984391e-01 -1.290866044194363509e-02
2.461363768539343022e-01 -1.260329203205841353e-02
2.531047290870154232e-01 -1.229903425315241085e-02
2.601560898848094272e-01 -1.199582034083144025e-02
2.672896755720651774e-01 -1.169470030367758366e-02
2.745046933352085494e-01 -1.139839674823206299e-02
2.818003413104546162e-01 -1.110884642806911349e-02
2.891758086729252497e-01 -1.082678084036015932e-02
2.966302757267624823e-01 -1.055269130127064504e-02
3.041629139962280792e-01 -1.028689192207729586e-02
3.117728863177794407e-01 -1.002964572869456325e-02
3.194593469331089564e-01 -9.781168589544440850e-03
3.272214415831418144e-01 -9.541549002045323843e-03
3.350583076029753915e-01 -9.310784729184395925e-03
3.429690740177547825e-01 -9.088952123367230462e-03
3.509528616394713696e-01 -8.876242583198034469e-03
3.590087831646743277e-01 -8.673431846527393865e-03
3.671359432730831873e-01 -8.481265511465165344e-03
3.753334387270930161e-01 -8.297841481388457119e-03
3.836003584721576765e-01 -8.120326412145429523e-03
3.919357837380436083e-01 -7.947627865006206063e-03
4.003387881409395943e-01 -7.779462201300974163e-03
4.088084377864137364e-01 -7.616270035506499288e-03
4.173437913732044313e-01 -7.458519174477509089e-03
4.259439002978354649e-01 -7.305842291628830351e-03
4.346078087600411255e-01 -7.157628758419228542e-03
4.433345538689928977e-01 -7.013178530748401078e-03
4.521231657503131940e-01 -6.872045209837851325e-03
4.609726676538650203e-01 -6.734553518797940265e-03
4.698820760623064752e-01 -6.600995811634919122e-03
4.788504008003974244e-01 -6.471268095469884241e-03
4.878766451450451402e-01 -6.344940719075260575e-03
4.969598059360780251e-01 -6.221063370440686573e-03
5.060988736877365390e-01 -6.099098676655431185e-03
5.152928327008634568e-01 -5.979284945577741615e-03
5.245406611757882365e-01 -5.861789390783736162e-03
5.338413313258880688e-01 -5.746583532837220079e-03
5.431938094918128401e-01 -5.633703561484728825e-03
5.525970562563653488e-01 -5.523275682449005526e-03
5.620500265600203438e-01 -5.415381736692649953e-03
5.715516698170692855e-01 -5.310056567465062417e-03
5.811009300323815019e-01 -5.207362116833985297e-03
5.906967459187653091e-01 -5.107349168174168778e-03
6.003380510149177729e-01 -5.009609591557260579e-03
6.100237738039482327e-01 -4.913463779754349489e-03
6.197528378324663745e-01 -4.818739016935990639e-03
6.295241618302156450e-01 -4.725558038123850793e-03
6.393366598302444581e-01 -4.633994493665800733e-03
6.491892412895989839e-01 -4.544089912854439028e-03
6.590808112105230876e-01 -4.455845132246079483e-03
6.690102702621547603e-01 -4.369275027759431627e-03
6.789765149027036095e-01 -4.284562282573321952e-03
6.889784375020977514e-01 -4.201822855903632713e-03
6.990149264650814542e-01 -4.120615814765549514e-03
7.090848663547572039e-01 -4.040352493675746642e-03
7.191871380165538730e-01 -3.960476651552266233e-03
7.293206187026060050e-01 -3.880626189068638651e-03
7.394841821965345563e-01 -3.801008454740746178e-03
7.496766989386134394e-01 -3.721862847553580964e-03
7.598970361513051053e-01 -3.643236909507817367e-03
7.701440579651563922e-01 -3.565288557658608751e-03
7.804166255450371015e-01 -3.488464075209625568e-03
7.907135972167069760e-01 -3.412623588597727894e-03
8.010338285937002034e-01 -3.336540363529650645e-03
8.113761727045106786e-01 -3.259498829520898148e-03
8.217394801200630372e-01 -3.181684244220444810e-03
8.321225990814590245e-01 -3.102601074234117087e-03
8.425243756279822138e-01 -3.020828940857805435e-03
8.529436537253458628e-01 -2.935313995723427914e-03
8.633792753941731402e-01 -2.845407299856690577e-03
8.738300808386934015e-01 -2.749676287156284371e-03
8.842949085756387495e-01 -2.645909451324555094e-03
8.947725955633289985e-01 -2.530950161541003357e-03
9.052619773309316109e-01 -2.400847209012752208e-03
9.157618881078770645e-01 -2.250446623955836781e-03
9.262711609534211021e-01 -2.073286524989239720e-03
9.367886278863364335e-01 -1.857855782625718842e-03
9.473131200147204556e-01 -1.592362321545075015e-03
9.578434676659028923e-01 -1.282311250898851129e-03
9.683785005164411430e-01 -9.411339413308941228e-04
9.789170477221889044e-01 -5.839264664033171374e-04
9.894579380484205267e-01 -2.518398757343507711e-04
9.999999999999998890e-01 -1.098098422442122721e-04
