9.999999999999998890e-01 2.768810785646067863e-04
9.894579380484205267e-01 8.397891089677949304e-04
9.789170477221889044e-01 1.373122692213649739e-03
9.683785005164411430e-01 1.879639103536906702e-03
9.578434676659028923e-01 2.362120969259237212e-03
9.473131200147204556e-01 2.823350975999171317e-03
9.367886278863364335e-01 3.266097812592373088e-03
9.262711609534211021e-01 3.693137869902806455e-03
9.157618881078770645e-01 4.107270051439561483e-03
9.052619773309316109e-01 4.511264843829932217e-03
8.947725955633289985e-01 4.907833783023172677e-03
8.842949085756387495e-01 5.299727558925318958e-03
8.738300808386934015e-01 5.689765222335793279e-03
8.633792753941731402e-01 6.080595411788989463e-03
8.529436537253458628e-01 6.474593424446815210e-03
8.425243756279822138e-01 6.873047313885041407e-03
8.321225990814590245e-01 7.276045935717147944e-03
8.217394801200630372e-01 7.683750499443739446e-03
8.113761727045106786e-01 8.096447396898957816e-03
8.010338285937002034e-01 8.514353012007045210e-03
7.907135972167069760e-01 8.937626068359245946e-03
7.804166255450371015e-01 9.366455934235318539e-03
7.701440579651563922e-01 9.801050583333265759e-03
7.598970361513051053e-01 1.024158651766666518e-02
7.496766989386134394e-01 1.068822320071272092e-02
7.394841821965345563e-01 1.114112824963418499e-02
7.293206187026060050e-01 1.160046911923556107e-02
7.191871380165538730e-01 1.206638672436599613e-02
7.090848663547572039e-01 1.253901421233822276e-02
6.990149264650814542e-01 1.301849911847080717e-02
6.889784375020977514e-01 1.350497835283351149e-02
6.789765149027036095e-01 1.399852244868472588e-02
6.690102702621547603e-01 1.449903905056618494e-02
6.590808112105230876e-01 1.500591986741748457e-02
6.491892412895989839e-01 1.551845970201834457e-02
6.393366598302444581e-01 1.603600576288460519e-02
6.295241618302156450e-01 1.655791304465367708e-02
6.197528378324663745e-01 1.708353225694149435e-02
6.100237738039482327e-01 1.761222407090274125e-02
6.003380510149177729e-01 1.814337078245595314e-02
5.906967459187653091e-01 1.867636279534027471e-02
5.811009300323815019e-01 1.921060009022446113e-02
5.715516698170692855e-01 1.974549480052041617e-02
5.620500265600203438e-01 2.028047544305069602e-02
5.525970562563653488e-01 2.081498188389051610e-02
5.431938094918128401e-01 2.134846677172705029e-02
5.338413313258880688e-01 2.188039759429609779e-02
5.245406611757882365e-01 2.241025693595438684e-02
5.152928327008634568e-01 2.293754118365492686e-02
5.060988736877365390e-01 2.346175940555098385e-02
4.969598059360780251e-01 2.398243994816948513e-02
4.878766451450451402e-01 2.449912597907179246e-02
4.788504008003974244e-01 2.501137316090085855e-02
4.698820760623064752e-01 2.551874935947268802e-02
4.609726676538650203e-01 2.602086371835420769e-02
4.521231657503131940e-01 2.651735115625180467e-02
4.433345538689928977e-01 2.700787998369105769e-02
4.346078087600411255e-01 2.749213500718436509e-02
4.259439002978354649e-01 2.796981445783122688e-02
4.173437913732044313e-01 2.844062588401180536e-02
4.088084377864137364e-01 2.890429829985690161e-02
4.003387881409395943e-01 2.936057163809725409e-02
3.919357837380436083e-01 2.980920372980593036e-02
3.836003584721576765e-01 3.024996286670136522e-02
3.753334387270930161e-01 3.068263687802506162e-02
3.671359432730831873e-01 3.110702447529011677e-02
3.590087831646743277e-01 3.152294283746157055e-02
3.509528616394713696e-01 3.193022015808164027e-02
3.429690740177547825e-01 3.232870225706925560e-02
3.350583076029753915e-01 3.271824696517645209e-02
3.272214415831418144e-01 3.309872996658166922e-02
3.194593469331089564e-01 3.347003775011681698e-02
3.117728863177794407e-01 3.383206031413653336e-02
3.041629139962280792e-01 3.418429987333985315e-02
2.966302757267624823e-01 3.452575954966718291e-02
2.891758086729252497e-01 3.485548237491763873e-02
2.818003413104546162e-01 3.517259383267823392e-02
2.745046933352085494e-01 3.547628066698867155e-02
2.672896755720651774e-01 3.576578842608675590e-02
2.601560898848094272e-01 3.604045841717527093e-02
2.531047290870154232e-01 3.629970747188826508e-02
2.461363768539343022e-01 3.654298759623423459e-02
2.392518076353984391e-01 3.676979006872170552e-02
2.324517865697500740e-01 3.697977149703993854e-02
2.257370693988056676e-01 3.717265351304149118e-02
2.191084023838638650e-01 3.734796650964315734e-02
2.125665222227673956e-01 3.750509135720900972e-02
2.061121559680280102e-01 3.764302896526324632e-02
1.997460209460230063e-01 3.776069731597258422e-02
1.934688246772731102e-01 3.785732615449460825e-02
1.872812647978095990e-01 3.793226163442160737e-02
1.811840289816407656e-01 3.798492476666598394e-02
1.751777948643248317e-01 3.801482525261900419e-02
1.692632299676588570e-01 3.802170991607844996e-02
1.634409916254914164e-01 3.800538376674027913e-02
1.577117269106679265e-01 3.796567351740749718e-02
1.520760725631161714e-01 3.790256164489456958e-02
1.465346549190801317e-01 3.781638447842645967e-02
1.410880898415101115e-01 3.770712872248316999e-02
1.357369826516168221e-01 3.757399406999094998e-02
1.304819280615971966e-01 3.741597790947568530e-02
1.253235101085391490e-01 3.723190230579818960e-02
1.202623020895129402e-01 3.702089215031433012e-02
1.152988664978553679e-01 3.678251848404642116e-02
1.104337549606562163e-01 3.651651776636721802e-02
1.056675081774507419e-01 3.622279293812306206e-02
1.010006558601274085e-01 3.590151154375445519e-02
9.643371667405697956e-02 3.555310077470674734e-02
9.196719818044885031e-02 3.517813418687967125e-02
8.760159677994161509e-02 3.477732039259318064e-02
8.333739765743386485e-02 3.435166280056529964e-02
7.917507472816209813e-02 3.390208534187447859e-02
7.511509058502996439e-02 3.342660518543241061e-02
7.115789644719716645e-02 3.292165797365606550e-02
6.730393210993146358e-02 3.238472775752643251e-02
6.355362589573076981e-02 3.181395256344000944e-02
5.990739460672012129e-02 3.120832412354682464e-02
5.636564347832906385e-02 3.056739995720614278e-02
5.292876613425423482e-02 2.989192578544957665e-02
4.959714454271368922e-02 2.918307284691703390e-02
4.637114897399441382e-02 2.844210901114775647e-02
4.325113795930202176e-02 2.767085836567934748e-02
4.023745825091396000e-02 2.687310247585957684e-02
3.733044478364233587e-02 2.605197319500497308e-02
3.453042063760936031e-02 2.520723484335268827e-02
3.183769700234129196e-02 2.433679031922222208e-02
2.925257314218321358e-02 2.343546553677388483e-02
2.677533636303963682e-02 2.249961311034132799e-02
2.440626198044326678e-02 2.152982463732406801e-02
2.214561328895736647e-02 2.052831840382315226e-02
1.999364153291383062e-02 1.949924900726507371e-02
1.795058587848985532e-02 1.844762577100069953e-02
1.601667338712764455e-02 1.737948409321789234e-02
1.419211899029970692e-02 1.630274446481332767e-02
1.247712546562085301e-02 1.522751074051762604e-02
1.087188341431266636e-02 1.416228585414269076e-02
9.376571240020115106e-03 1.311293255895337392e-02
7.991355128984078959e-03 1.207009892102476820e-02
6.716389031571567969e-03 1.101153532781717556e-02
5.551814645166519568e-03 9.922243921797585173e-03
4.497761398421062928e-03 8.796408043088030024e-03
3.554346436871580472e-03 7.666655360243265424e-03
2.721674609919344512e-03 6.580019270782121003e-03
1.999838459177394334e-03 5.496313196491603437e-03
1.388918208186096237e-03 4.341565366789648488e-03
8.889817534969424173e-04 3.132523203066271168e-03
5.000846571264760954e-04 1.940777537581597160e-03
2.222701403818971855e-04 9.245594561002142735e-04
5.556907905679420168e-05 2.555400330676410830e-04
0.000000000000000000e+00 1.645361135768941781e-05
0.000000000000000000e+00 -1.645361135768941781e-05
5.556907905679420168e-05 -2.555400330676410830e-04
2.222701403818971855e-04 -9.245594561002142735e-04
5.000846571264760954e-04 -1.940777537581597160e-03
8.889817534969424173e-04 -3.132523203066271168e-03
1.388918208186096237e-03 -4.341565366789648488e-03
1.999838459177394334e-03 -5.496313196491603437e-03
2.721674609919344512e-03 -6.580019270782121003e-03
3.554346436871580472e-03 -7.666655360243265424e-03
4.497761398421062928e-03 -8.796408043088030024e-03
5.551814645166519568e-03 -9.922243921797585173e-03
6.716389031571567969e-03 -1.101153532781717556e-02
7.991355128984078959e-03 -1.207009892102476820e-02
9.376571240020115106e-03 -1.311293255895337392e-02
1.087188341431266636e-02 -1.416228585414269076e-02
1.247712546562085301e-02 -1.522751074051762604e-02
1.419211899029970692e-02 -1.630274446481332767e-02
1.601667338712764455e-02 -1.737948409321789234e-02
1.795058587848985532e-02 -1.844762577100069953e-02
1.999364153291383062e-02 -1.949924900726507371e-02
2.214561328895736647e-02 -2.052831840382315226e-02
2.440626198044326678e-02 -2.152982463732406801e-02
2.677533636303963682e-02 -2.249961311034132799e-02
2.925257314218321358e-02 -2.343546553677388483e-02
3.183769700234129196e-02 -2.433679031922222208e-02
3.453042063760936031e-02 -2.520723484335268827e-02
3.733044478364233587e-02 -2.605197319500497308e-02
4.023745825091396000e-02 -2.687310247585957684e-02
4.325113795930202176e-02 -2.767085836567934748e-02
4.637114897399441382e-02 -2.844210901114775647e-02
4.959714454271368922e-02 -2.918307284691703390e-02
5.292876613425423482e-02 -2.989192578544957665e-02
5.636564347832906385e-02 -3.056739995720614278e-02
5.990739460672012129e-02 -3.120832412354682464e-02
6.355362589573076981e-02 -3.181395256344000944e-02
6.730393210993146358e-02 -3.238472775752643251e-02
7.115789644719716645e-02 -3.292165797365606550e-02
7.511509058502996439e-02 -3.342660518543241061e-02
7.917507472816209813e-02 -3.390208534187447859e-02
8.333739765743386485e-02 -3.435166280056529964e-02
8.760159677994161509e-02 -3.477732039259318064e-02
9.196719818044885031e-02 -3.517813418687967125e-02
9.643371667405697956e-02 -3.555310077470674734e-02
1.010006558601274085e-01 -3.590151154375445519e-02
1.056675081774507419e-01 -3.622279293812306206e-02
1.104337549606562163e-01 -3.651651776636721802e-02
1.152988664978553679e-01 -3.678251848404642116e-02
1.202623020895129402e-01 -3.702089215031433012e-02
1.253235101085391490e-01 -3.723190230579818960e-02
1.304819280615971966e-01 -3.741597790947568530e-02
1.357369826516168221e-01 -3.757399406999094998e-02
1.410880898415101115e-01 -3.770712872248316999e-02
1.465346549190801317e-01 -3.781638447842645967e-02
1.520760725631161714e-01 -3.790256164489456958e-02
1.577117269106679265e-01 -3.796567351740749718e-02
1.634409916254914164e-01 -3.800538376674027913e-02
1.692632299676588570e-01 -3.802170991607844996e-02
1.751777948643248317e-01 -3.801482525261900419e-02
1.811840289816407656e-01 -3.798492476666598394e-02
1.872812647978095990e-01 -3.793226163442160737e-02
1.934688246772731102e-01 -3.785732615449460825e-02
1.997460209460230063e-01 -3.776069731597258422e-02
2.061121559680280102e-01 -3.764302896526324632e-02
2.125665222227673956e-01 -3.750509135720900972e-02
2.191084023838638650e-01 -3.734796650964315734e-02
2.257370693988056676e-01 -3.717265351304149118e-02
2.324517865697500740e-01 -3.697977149703993854e-02
2.392518076353984391e-01 -3.676979006872170552e-02
2.461363768539343022e-01 -3.654298759623423459e-02
2.531047290870154232e-01 -3.629970747188826508e-02
2.601560898848094272e-01 -3.604045841717527093e-02
2.672896755720651774e-01 -3.576578842608675590e-02
2.745046933352085494e-01 -3.547628066698867155e-02
2.818003413104546162e-01 -3.517259383267823392e-02
2.891758086729252497e-01 -3.485548237491763873e-02
2.966302757267624823e-01 -3.452575954966718291e-02
3.041629139962280792e-01 -3.418429987333985315e-02
3.117728863177794407e-01 -3.383206031413653336e-02
3.194593469331089564e-01 -3.347003775011681698e-02
3.272214415831418144e-01 -3.309872996658166922e-02
3.350583076029753915e-01 -3.271824696517645209e-02
3.429690740177547825e-01 -3.232870225706925560e-02
3.509528616394713696e-01 -3.193022015808164027e-02
3.590087831646743277e-01 -3.152294283746157055e-02
3.671359432730831873e-01 -3.110702447529011677e-02
3.753334387270930161e-01 -3.068263687802506162e-02
3.836003584721576765e-01 -3.024996286670136522e-02
3.919357837380436083e-01 -2.980920372980593036e-02
4.003387881409395943e-01 -2.936057163809725409e-02
4.088084377864137364e-01 -2.890429829985690161e-02
4.173437913732044313e-01 -2.844062588401180536e-02
4.259439002978354649e-01 -2.796981445783122688e-02
4.346078087600411255e-01 -2.749213500718436509e-02
4.433345538689928977e-01 -2.700787998369105769e-02
4.521231657503131940e-01 -2.651735115625180467e-02
4.609726676538650203e-01 -2.602086371835420769e-02
4.698820760623064752e-01 -2.551874935947268802e-02
4.788504008003974244e-01 -2.501137316090085855e-02
4.878766451450451402e-01 -2.449912597907179246e-02
4.969598059360780251e-01 -2.398243994816948513e-02
5.060988736877365390e-01 -2.346175940555098385e-02
5.152928327008634568e-01 -2.293754118365492686e-02
5.245406611757882365e-01 -2.241025693595438684e-02
5.338413313258880688e-01 -2.188039759429609779e-02
5.431938094918128401e-01 -2.134846677172705029e-02
5.525970562563653488e-01 -2.081498188389051610e-02
5.620500265600203438e-01 -2.028047544305069602e-02
5.715516698170692855e-01 -1.974549480052041617e-02
5.811009300323815019e-01 -1.921060009022446113e-02
5.906967459187653091e-01 -1.867636279534027471e-02
6.003380510149177729e-01 -1.814337078245595314e-02
6.100237738039482327e-01 -1.761222407090274125e-02
6.197528378324663745e-01 -1.708353225694149435e-02
6.295241618302156450e-01 -1.655791304465367708e-02
6.393366598302444581e-01 -1.603600576288460519e-02
6.491892412895989839e-01 -1.551845970201834457e-02
6.590808112105230876e-01 -1.500591986741748457e-02
6.690102702621547603e-01 -1.449903905056618494e-02
6.789765149027036095e-01 -1.399852244868472588e-02
6.889784375020977514e-01 -1.350497835283351149e-02
6.990149264650814542e-01 -1.301849911847080717e-02
7.090848663547572039e-01 -1.253901421233822276e-02
7.191871380165538730e-01 -1.206638672436599613e-02
7.293206187026060050e-01 -1.160046911923556107e-02
7.394841821965345563e-01 -1.114112824963418499e-02
7.496766989386134394e-01 -1.068822320071272092e-02
7.598970361513051053e-01 -1.024158651766666518e-02
7.701440579651563922e-01 -9.801050583333265759e-03
7.804166255450371015e-01 -9.366455934235318539e-03
7.907135972167069760e-01 -8.937626068359245946e-03
8.010338285937002034e-01 -8.514353012007045210e-03
8.113761727045106786e-01 -8.096447396898957816e-03
8.217394801200630372e-01 -7.683750499443739446e-03
8.321225990814590245e-01 -7.276045935717147944e-03
8.425243756279822138e-01 -6.873047313885041407e-03
8.529436537253458628e-01 -6.474593424446815210e-03
8.633792753941731402e-01 -6.080595411788989463e-03
8.738300808386934015e-01 -5.689765222335793279e-03
8.842949085756387495e-01 -5.299727558925318958e-03
8.947725955633289985e-01 -4.907833783023172677e-03
9.052619773309316109e-01 -4.511264843829932217e-03
9.157618881078770645e-01 -4.107270051439561483e-03
9.262711609534211021e-01 -3.693137869902806455e-03
9.367886278863364335e-01 -3.266097812592373088e-03
9.473131200147204556e-01 -2.823350975999171317e-03
9.578434676659028923e-01 -2.362120969259237212e-03
9.683785005164411430e-01 -1.879639103536906702e-03
9.789170477221889044e-01 -1.373122692213649739e-03
9.894579380484205267e-01 -8.397891089677949304e-04
9.999999999999998890e-01 -2.768810785646067863e-04
