9.999999999999998890e-01 7.204007164233999078e-05
9.894579380484205267e-01 4.377674924533076634e-03
9.789170477221889044e-01 8.554588956139566949e-03
9.683785005164411430e-01 1.260584361927646196e-02
9.578434676659028923e-01 1.652792873694275758e-02
9.473131200147204556e-01 2.031873714234586764e-02
9.367886278863364335e-01 2.398364263702740251e-02
9.262711609534211021e-01 2.752365049350611118e-02
9.157618881078770645e-01 3.092716977325600178e-02
9.052619773309316109e-01 3.419848351287595178e-02
8.947725955633289985e-01 3.737507090692212403e-02
8.842949085756387495e-01 4.048918150842790303e-02
8.738300808386934015e-01 4.355864303721538461e-02
8.633792753941731402e-01 4.658987287872878857e-02
8.529436537253458628e-01 4.957592384656113460e-02
8.425243756279822138e-01 5.251434930708326343e-02
8.321225990814590245e-01 5.540868406296485527e-02
8.217394801200630372e-01 5.825966733062347414e-02
8.113761727045106786e-01 6.106518836446078735e-02
8.010338285937002034e-01 6.382489662770210459e-02
7.907135972167069760e-01 6.653985645861518194e-02
7.804166255450371015e-01 6.921004672776827349e-02
7.701440579651563922e-01 7.183476824419081364e-02
7.598970361513051053e-01 7.441413225367139728e-02
7.496766989386134394e-01 7.694862467085623881e-02
7.394841821965345563e-01 7.943799800289043367e-02
7.293206187026060050e-01 8.188182726245361864e-02
7.191871380165538730e-01 8.428079963538023800e-02
7.090848663547572039e-01 8.663551917040342165e-02
6.990149264650814542e-01 8.894383479575854179e-02
6.889784375020977514e-01 9.120303370802174125e-02
6.789765149027036095e-01 9.341187918004224822e-02
6.690102702621547603e-01 9.556982310666584102e-02
6.590808112105230876e-01 9.767734801929597865e-02
6.491892412895989839e-01 9.973500641807932221e-02
6.393366598302444581e-01 1.017428832966560809e-01
6.295241618302156450e-01 1.037011055172623458e-01
6.197528378324663745e-01 1.056101095133451656e-01
6.100237738039482327e-01 1.074702786571318514e-01
6.003380510149177729e-01 1.092817963923366220e-01
5.906967459187653091e-01 1.110449766748317496e-01
5.811009300323815019e-01 1.127603922498210121e-01
5.715516698170692855e-01 1.144284048600286152e-01
5.620500265600203438e-01 1.160490528601399174e-01
5.525970562563653488e-01 1.176228447372830166e-01
5.431938094918128401e-01 1.191508453782455512e-01
5.338413313258880688e-01 1.206331698736960861e-01
5.245406611757882365e-01 1.220690640696820845e-01
5.152928327008634568e-01 1.234600872410454853e-01
5.060988736877365390e-01 1.248090150580529606e-01
4.969598059360780251e-01 1.261076488649145178e-01
4.878766451450451402e-01 1.273407527725204103e-01
4.788504008003974244e-01 1.285031682893179039e-01
4.698820760623064752e-01 1.295959854296517277e-01
4.609726676538650203e-01 1.306204238514257487e-01
4.521231657503131940e-01 1.315777069545631395e-01
4.433345538689928977e-01 1.324689380687583684e-01
4.346078087600411255e-01 1.332951858925408017e-01
4.259439002978354649e-01 1.340576133221212940e-01
4.173437913732044313e-01 1.347574221860393662e-01
4.088084377864137364e-01 1.353958403646112474e-01
4.003387881409395943e-01 1.359740855164737472e-01
3.919357837380436083e-01 1.364933067773743125e-01
3.836003584721576765e-01 1.369547077784772082e-01
3.753334387270930161e-01 1.373597168999846074e-01
3.671359432730831873e-01 1.377096588023605517e-01
3.590087831646743277e-01 1.380054710385302807e-01
3.509528616394713696e-01 1.382483769627143866e-01
3.429690740177547825e-01 1.384403538765127395e-01
3.350583076029753915e-01 1.385827441359023804e-01
3.272214415831418144e-01 1.386755754461962975e-01
3.194593469331089564e-01 1.387203373839580867e-01
3.117728863177794407e-01 1.387208843839460859e-01
3.041629139962280792e-01 1.386776851155608059e-01
2.966302757267624823e-01 1.385863779409957641e-01
2.891758086729252497e-01 1.384370866228299968e-01
2.818003413104546162e-01 1.382148580058990828e-01
2.745046933352085494e-01 1.379161868060583274e-01
2.672896755720651774e-01 1.375480872145727063e-01
2.601560898848094272e-01 1.371140288568857279e-01
2.531047290870154232e-01 1.366145605507972371e-01
2.461363768539343022e-01 1.360517671649915106e-01
2.392518076353984391e-01 1.354287812135752944e-01
2.324517865697500740e-01 1.347486875824288055e-01
2.257370693988056676e-01 1.340143228051925151e-01
2.191084023838638650e-01 1.332269139850466577e-01
2.125665222227673956e-01 1.323876575761125385e-01
2.061121559680280102e-01 1.315021058325015479e-01
1.997460209460230063e-01 1.305750734935185453e-01
1.934688246772731102e-01 1.295992457926965491e-01
1.872812647978095990e-01 1.285644297443600814e-01
1.811840289816407656e-01 1.274643758530943360e-01
1.751777948643248317e-01 1.262963131642164394e-01
1.692632299676588570e-01 1.250658698143174430e-01
1.634409916254914164e-01 1.237792467745824215e-01
1.577117269106679265e-01 1.224391855703021725e-01
1.520760725631161714e-01 1.210484042335921578e-01
1.465346549190801317e-01 1.196109918053961385e-01
1.410880898415101115e-01 1.181311076789536701e-01
1.357369826516168221e-01 1.166126564130926524e-01
1.304819280615971966e-01 1.150590074146484870e-01
1.253235101085391490e-01 1.134727296001270536e-01
1.202623020895129402e-01 1.118577168410945233e-01
1.152988664978553679e-01 1.102196922416489727e-01
1.104337549606562163e-01 1.085611887106987528e-01
1.056675081774507419e-01 1.068812060832586702e-01
1.010006558601274085e-01 1.051862968368383472e-01
9.643371667405697956e-02 1.034888691965535901e-01
9.196719818044885031e-02 1.017716674093218782e-01
8.760159677994161509e-02 9.999455556570048531e-02
8.333739765743386485e-02 9.814266836284699091e-02
7.917507472816209813e-02 9.621976551383847054e-02
7.511509058502996439e-02 9.423435705574990939e-02
7.115789644719716645e-02 9.219718063181767120e-02
6.730393210993146358e-02 9.011615723411468826e-02
6.355362589573076981e-02 8.799801155667211217e-02
5.990739460672012129e-02 8.585084230190123677e-02
5.636564347832906385e-02 8.368305013527642389e-02
5.292876613425423482e-02 8.150158128226514531e-02
4.959714454271368922e-02 7.931332215548221598e-02
4.637114897399441382e-02 7.712711848218754829e-02
4.325113795930202176e-02 7.494441542391772071e-02
4.023745825091396000e-02 7.273724369853701299e-02
3.733044478364233587e-02 7.048428129827236099e-02
3.453042063760936031e-02 6.820523367847919349e-02
3.183769700234129196e-02 6.591926495566112487e-02
2.925257314218321358e-02 6.362452722299982710e-02
2.677533636303963682e-02 6.132942388316341836e-02
2.440626198044326678e-02 5.907049874419668251e-02
2.214561328895736647e-02 5.685705908327175206e-02
1.999364153291383062e-02 5.464411884231870631e-02
1.795058587848985532e-02 5.238350860103835327e-02
1.601667338712764455e-02 5.003148677815635881e-02
1.419211899029970692e-02 4.757844213773057551e-02
1.247712546562085301e-02 4.505827474178598913e-02
1.087188341431266636e-02 4.254045085532694864e-02
9.376571240020115106e-03 4.011203263343892517e-02
7.991355128984078959e-03 3.754237526317359686e-02
6.716389031571567969e-03 3.434836758255618155e-02
5.551814645166519568e-03 3.048460740773532851e-02
4.497761398421062928e-03 2.623557943031264855e-02
3.554346436871580472e-03 2.183356740225024170e-02
2.721674609919344512e-03 1.747106086023107741e-02
1.999838459177394334e-03 1.332395824413058066e-02
1.388918208186096237e-03 9.554928463562572735e-03
8.889817534969424173e-04 6.291890768896037621e-03
5.000846571264760954e-04 3.642891391132142397e-03
2.222701403818971855e-04 1.688892153413683881e-03
5.556907905679420168e-05 4.943431721594554809e-04
0.000000000000000000e+00 9.161544893220050585e-05
0.000000000000000000e+00 3.854650160603756245e-09
5.556907905679420168e-05 -1.687993173891144151e-04
2.222701403818971855e-04 -6.731462041819180186e-04
5.000846571264760954e-04 -1.508126125846028301e-03
8.889817534969424173e-04 -2.663980665139319744e-03
1.388918208186096237e-03 -4.128445591738002900e-03
1.999838459177394334e-03 -5.885134951719396199e-03
2.721674609919344512e-03 -7.914675401803324475e-03
3.554346436871580472e-03 -1.019248735666335171e-02
4.497761398421062928e-03 -1.269181157627974170e-02
5.551814645166519568e-03 -1.538305423664392858e-02
6.716389031571567969e-03 -1.823222983156028848e-02
7.991355128984078959e-03 -2.119888834666648972e-02
9.376571240020115106e-03 -2.424255431776015102e-02
1.087188341431266636e-02 -2.732314450781885354e-02
1.247712546562085301e-02 -3.039080646657606188e-02
1.419211899029970692e-02 -3.338515964658877316e-02
1.601667338712764455e-02 -3.625636185536629252e-02
1.795058587848985532e-02 -3.896276942407998073e-02
1.999364153291383062e-02 -4.142527916993277159e-02
2.214561328895736647e-02 -4.354988718455003044e-02
2.440626198044326678e-02 -4.543345060451685347e-02
2.677533636303963682e-02 -4.728742652719631484e-02
2.925257314218321358e-02 -4.917904624567886324e-02
3.183769700234129196e-02 -5.109304868768330121e-02
3.453042063760936031e-02 -5.301916116745351154e-02
3.733044478364233587e-02 -5.494979361748075081e-02
4.023745825091396000e-02 -5.687647021609781861e-02
4.325113795930202176e-02 -5.879103698149157342e-02
4.637114897399441382e-02 -6.068891107104882471e-02
4.959714454271368922e-02 -6.256589796014963567e-02
5.292876613425423482e-02 -6.441442126232727050e-02
5.636564347832906385e-02 -6.622552275292913071e-02
5.990739460672012129e-02 -6.798858016051492759e-02
6.355362589573076981e-02 -6.969361886425465280e-02
6.730393210993146358e-02 -7.133368280374323411e-02
7.115789644719716645e-02 -7.291161166771337188e-02
7.511509058502996439e-02 -7.445269042297607276e-02
7.917507472816209813e-02 -7.597284451462218979e-02
8.333739765743386485e-02 -7.746219672662638112e-02
8.760159677994161509e-02 -7.891117547698105195e-02
9.196719818044885031e-02 -8.031614170753539894e-02
9.643371667405697956e-02 -8.167802613550535773e-02
1.010006558601274085e-01 -8.300331799290061596e-02
1.056675081774507419e-01 -8.429359538305582211e-02
1.104337549606562163e-01 -8.554401844711542746e-02
1.152988664978553679e-01 -8.675009657189709789e-02
1.202623020895129402e-01 -8.790801072437819108e-02
1.253235101085391490e-01 -8.901266077548779243e-02
1.304819280615971966e-01 -9.005871421226430140e-02
1.357369826516168221e-01 -9.105304296482007176e-02
1.410880898415101115e-01 -9.201017770810925034e-02
1.465346549190801317e-01 -9.293192585472626055e-02
1.520760725631161714e-01 -9.381262537073463414e-02
1.577117269106679265e-01 -9.464992017911573463e-02
1.634409916254914164e-01 -9.544265245591668223e-02
1.692632299676588570e-01 -9.618587223913359352e-02
1.751777948643248317e-01 -9.687436872742798133e-02
1.811840289816407656e-01 -9.751067104609192904e-02
1.872812647978095990e-01 -9.809987846186224436e-02
1.934688246772731102e-01 -9.864630651467852507e-02
1.997460209460230063e-01 -9.915267883504666480e-02
2.061121559680280102e-01 -9.961647876713733418e-02
2.125665222227673956e-01 -1.000340718692062786e-01
2.191084023838638650e-01 -1.004022776501028724e-01
2.257370693988056676e-01 -1.007195343875086219e-01
2.324517865697500740e-01 -1.009882929500322962e-01
2.392518076353984391e-01 -1.012114387899900048e-01
2.461363768539343022e-01 -1.013913680331259698e-01
2.531047290870154232e-01 -1.015286345013845654e-01
2.601560898848094272e-01 -1.016205501776425296e-01
2.672896755720651774e-01 -1.016644955164551362e-01
2.745046933352085494e-01 -1.016585923272965708e-01
2.818003413104546162e-01 -1.016050999249325931e-01
2.891758086729252497e-01 -1.015113810733982574e-01
2.966302757267624823e-01 -1.013806940618436209e-01
3.041629139962280792e-01 -1.012114743172241177e-01
3.117728863177794407e-01 -1.010023860091732867e-01
3.194593469331089564e-01 -1.007525137537863547e-01
3.272214415831418144e-01 -1.004607441333013190e-01
3.350583076029753915e-01 -1.001258045466867502e-01
3.429690740177547825e-01 -9.974649858929902912e-02
3.509528616394713696e-01 -9.932225653270775056e-02
3.590087831646743277e-01 -9.885790422381887654e-02
3.671359432730831873e-01 -9.836040576943948233e-02
3.753334387270930161e-01 -9.783055992179623406e-02
3.836003584721576765e-01 -9.726652697712163953e-02
3.919357837380436083e-01 -9.666768467479980309e-02
4.003387881409395943e-01 -9.603378549134181097e-02
4.088084377864137364e-01 -9.536410313549076312e-02
4.173437913732044313e-01 -9.465780906714239828e-02
4.259439002978354649e-01 -9.391427866824703097e-02
4.346078087600411255e-01 -9.313291827050947103e-02
4.433345538689928977e-01 -9.231305974690581784e-02
4.521231657503131940e-01 -9.145499147873720203e-02
4.609726676538650203e-01 -9.056174868533284350e-02
4.698820760623064752e-01 -8.963564293866187194e-02
4.788504008003974244e-01 -8.867615317193919267e-02
4.878766451450451402e-01 -8.768247872033112233e-02
4.969598059360780251e-01 -8.665407093526077131e-02
5.060988736877365390e-01 -8.559067074535392505e-02
5.152928327008634568e-01 -8.449242938767378974e-02
5.245406611757882365e-01 -8.335873251992036159e-02
5.338413313258880688e-01 -8.218792636753959047e-02
5.431938094918128401e-01 -8.098053372855221199e-02
5.525970562563653488e-01 -7.973972714749831547e-02
5.620500265600203438e-01 -7.846926134001223907e-02
5.715516698170692855e-01 -7.717312961088855505e-02
5.811009300323815019e-01 -7.585218587217361363e-02
5.906967459187653091e-01 -7.450477746902874066e-02
6.003380510149177729e-01 -7.313064597401273959e-02
6.100237738039482327e-01 -7.173047671827388616e-02
6.197528378324663745e-01 -7.030408496313984845e-02
6.295241618302156450e-01 -6.885084465055009428e-02
6.393366598302444581e-01 -6.737080437914101660e-02
6.491892412895989839e-01 -6.586461433108181662e-02
6.590808112105230876e-01 -6.433470817769545991e-02
6.690102702621547603e-01 -6.278379558908325775e-02
6.789765149027036095e-01 -6.121209752356852885e-02
6.889784375020977514e-01 -5.961912575291762606e-02
6.990149264650814542e-01 -5.800501514959500310e-02
7.090848663547572039e-01 -5.636999062641523395e-02
7.191871380165538730e-01 -5.471396183250826217e-02
7.293206187026060050e-01 -5.303685573240382589e-02
7.394841821965345563e-01 -5.133887406085780453e-02
7.496766989386134394e-01 -4.962003128311920364e-02
7.598970361513051053e-01 -4.787973819036851764e-02
7.701440579651563922e-01 -4.611765699302503713e-02
7.804166255450371015e-01 -4.433417354984914294e-02
7.907135972167069760e-01 -4.252940300119806977e-02
8.010338285937002034e-01 -4.070283515130704993e-02
8.113761727045106786e-01 -3.885463083144716917e-02
8.217394801200630372e-01 -3.698599454543541332e-02
8.321225990814590245e-01 -3.509659126189735440e-02
8.425243756279822138e-01 -3.318432951440926371e-02
8.529436537253458628e-01 -3.125388071897558517e-02
8.633792753941731402e-01 -2.931668926226841873e-02
8.738300808386934015e-01 -2.737561080095572696e-02
8.842949085756387495e-01 -2.542612636708715609e-02
8.947725955633289985e-01 -2.347147693547867869e-02
9.052619773309316109e-01 -2.151955563322616866e-02
9.157618881078770645e-01 -1.956300101751381679e-02
9.262711609534211021e-01 -1.758071293984336814e-02
9.367886278863364335e-01 -1.551519467343109686e-02
9.473131200147204556e-01 -1.329840243895359479e-02
9.578434676659028923e-01 -1.092477447808304185e-02
9.683785005164411430e-01 -8.412561974915929927e-03
9.789170477221889044e-01 -5.757236515982660022e-03
9.894579380484205267e-01 -2.949765081506441813e-03
9.999999999999998890e-01 -7.787638042147287829e-08
