9.999999999999998890e-01 1.599998543329069932e-03
9.894579380484205267e-01 4.364915165806048172e-03
9.789170477221889044e-01 7.313746645831637611e-03
9.683785005164411430e-01 1.041046050296212146e-02
9.578434676659028923e-01 1.361866325251900878e-02
9.473131200147204556e-01 1.690205152518973325e-02
9.367886278863364335e-01 2.022476889572243433e-02
9.262711609534211021e-01 2.355082595817466554e-02
9.157618881078770645e-01 2.684376913528295494e-02
9.052619773309316109e-01 3.006795189663494933e-02
8.947725955633289985e-01 3.318964412706949807e-02
8.842949085756387495e-01 3.619239633231116637e-02
8.738300808386934015e-01 3.908686121717671463e-02
8.633792753941731402e-01 4.188530080318615678e-02
8.529436537253458628e-01 4.459892037865306746e-02
8.425243756279822138e-01 4.723909249186344222e-02
8.321225990814590245e-01 4.981745446716426967e-02
8.217394801200630372e-01 5.234550996976017334e-02
8.113761727045106786e-01 5.483459652036867110e-02
8.010338285937002034e-01 5.729564268701829721e-02
7.907135972167069760e-01 5.973855379581785585e-02
7.804166255450371015e-01 6.216455832323571767e-02
7.701440579651563922e-01 6.456908429177676823e-02
7.598970361513051053e-01 6.694799694873261597e-02
7.496766989386134394e-01 6.929745494366525149e-02
7.394841821965345563e-01 7.161348373569172143e-02
7.293206187026060050e-01 7.389207973944945940e-02
7.191871380165538730e-01 7.612946974032677727e-02
7.090848663547572039e-01 7.832197335485119316e-02
6.990149264650814542e-01 8.046591859567935046e-02
6.889784375020977514e-01 8.255792389555560717e-02
6.789765149027036095e-01 8.459585197267403822e-02
6.690102702621547603e-01 8.657793939424254792e-02
6.590808112105230876e-01 8.850255654507423186e-02
6.491892412895989839e-01 9.036811759385167397e-02
6.393366598302444581e-01 9.217307810119776401e-02
6.295241618302156450e-01 9.391596199044525972e-02
6.197528378324663745e-01 9.559544126252109142e-02
6.100237738039482327e-01 9.721019109599879360e-02
6.003380510149177729e-01 9.875885272998922992e-02
5.906967459187653091e-01 1.002404206976471174e-01
5.811009300323815019e-01 1.016545023745614451e-01
5.715516698170692855e-01 1.030009563186256444e-01
5.620500265600203438e-01 1.042799148114134378e-01
5.525970562563653488e-01 1.054915071572205959e-01
5.431938094918128401e-01 1.066358366867599661e-01
5.338413313258880688e-01 1.077130773807768727e-01
5.245406611757882365e-01 1.087234783765880508e-01
5.152928327008634568e-01 1.096673194564234538e-01
5.060988736877365390e-01 1.105449074182708047e-01
4.969598059360780251e-01 1.113565981846086350e-01
4.878766451450451402e-01 1.121027801865610990e-01
4.788504008003974244e-01 1.127838157959417387e-01
4.698820760623064752e-01 1.134000601799529107e-01
4.609726676538650203e-01 1.139519469347193281e-01
4.521231657503131940e-01 1.144399542025549971e-01
4.433345538689928977e-01 1.148645911610337994e-01
4.346078087600411255e-01 1.152263975052169737e-01
4.259439002978354649e-01 1.155260122994819505e-01
4.173437913732044313e-01 1.157641044606594755e-01
4.088084377864137364e-01 1.159413183485075716e-01
4.003387881409395943e-01 1.160583611728250725e-01
3.919357837380436083e-01 1.161162096422013457e-01
3.836003584721576765e-01 1.161160866864164171e-01
3.753334387270930161e-01 1.160597904273906744e-01
3.671359432730831873e-01 1.159491985694567906e-01
3.590087831646743277e-01 1.157860991453373012e-01
3.509528616394713696e-01 1.155722591810398464e-01
3.429690740177547825e-01 1.153094318627162357e-01
3.350583076029753915e-01 1.149993987559772002e-01
3.272214415831418144e-01 1.146439947573051066e-01
3.194593469331089564e-01 1.142449517084668381e-01
3.117728863177794407e-01 1.138038409833729697e-01
3.041629139962280792e-01 1.133224661180440573e-01
2.966302757267624823e-01 1.128028864728730096e-01
2.891758086729252497e-01 1.122455145422887740e-01
2.818003413104546162e-01 1.116489348900545353e-01
2.745046933352085494e-01 1.110113910511895119e-01
2.672896755720651774e-01 1.103309229846108630e-01
2.601560898848094272e-01 1.096059503647931754e-01
2.531047290870154232e-01 1.088352136837226758e-01
2.461363768539343022e-01 1.080176964022017821e-01
2.392518076353984391e-01 1.071525475397161892e-01
2.324517865697500740e-01 1.062390325676539904e-01
2.257370693988056676e-01 1.052765582030097263e-01
2.191084023838638650e-01 1.042651296266021155e-01
2.125665222227673956e-01 1.032049373037307455e-01
2.061121559680280102e-01 1.020956265322812417e-01
1.997460209460230063e-01 1.009371345844664314e-01
1.934688246772731102e-01 9.973192849452308661e-02
1.872812647978095990e-01 9.848432587615929545e-02
1.811840289816407656e-01 9.720302211325658470e-02
1.751777948643248317e-01 9.589734392809960706e-02
1.692632299676588570e-01 9.457488345432112087e-02
1.634409916254914164e-01 9.324274272546488607e-02
1.577117269106679265e-01 9.190768593967695022e-02
1.520760725631161714e-01 9.057619979337656890e-02
1.465346549190801317e-01 8.925419768631270845e-02
1.410880898415101115e-01 8.793994489987184970e-02
1.357369826516168221e-01 8.661688352552995851e-02
1.304819280615971966e-01 8.526811871620430805e-02
1.253235101085391490e-01 8.387905994895482331e-02
1.202623020895129402e-01 8.243650228563405291e-02
1.152988664978553679e-01 8.092893497457175067e-02
1.104337549606562163e-01 7.934719630558423331e-02
1.056675081774507419e-01 7.768470577690435308e-02
1.010006558601274085e-01 7.593465405453769801e-02
9.643371667405697956e-02 7.409111935875398181e-02
9.196719818044885031e-02 7.216927100784086002e-02
8.760159677994161509e-02 7.020160060821033221e-02
8.333739765743386485e-02 6.821864204782820962e-02
7.917507472816209813e-02 6.624894149711270386e-02
7.511509058502996439e-02 6.431846175698402446e-02
7.115789644719716645e-02 6.244799721399522247e-02
6.730393210993146358e-02 6.062804776188247119e-02
6.355362589573076981e-02 5.883462031761533401e-02
5.990739460672012129e-02 5.704638679255667755e-02
5.636564347832906385e-02 5.524383730385742236e-02
5.292876613425423482e-02 5.341119590001104644e-02
4.959714454271368922e-02 5.153634892851152727e-02
4.637114897399441382e-02 4.961794125766751107e-02
4.325113795930202176e-02 4.766080836841664337e-02
4.023745825091396000e-02 4.568150937931935579e-02
3.733044478364233587e-02 4.369795922488232953e-02
3.453042063760936031e-02 4.172393378556155802e-02
3.183769700234129196e-02 3.977131301497088128e-02
2.925257314218321358e-02 3.784918116818707795e-02
2.677533636303963682e-02 3.596780307691496703e-02
2.440626198044326678e-02 3.414062111006809647e-02
2.214561328895736647e-02 3.236170977349693556e-02
1.999364153291383062e-02 3.059037412508276363e-02
1.795058587848985532e-02 2.878834568248099177e-02
1.601667338712764455e-02 2.692656812677529654e-02
1.419211899029970692e-02 2.498967795868999725e-02
1.247712546562085301e-02 2.297876132957591550e-02
1.087188341431266636e-02 2.090264911525781602e-02
9.376571240020115106e-03 1.877759168886367416e-02
7.991355128984078959e-03 1.662655027238343561e-02
6.716389031571567969e-03 1.447831772750138649e-02
5.551814645166519568e-03 1.236433478343440008e-02
4.497761398421062928e-03 1.031793122868343397e-02
3.554346436871580472e-03 8.373079938397228264e-03
2.721674609919344512e-03 6.563879375672179023e-03
1.999838459177394334e-03 4.922169291715724170e-03
1.388918208186096237e-03 3.478042789241027766e-03
8.889817534969424173e-04 2.257591222786223695e-03
5.000846571264760954e-04 1.284146810264309322e-03
2.222701403818971855e-04 5.751278677564899662e-04
5.556907905679420168e-05 1.445020951245303703e-04
0.000000000000000000e+00 -2.480822711729390639e-09
0.000000000000000000e+00 2.959326610170598919e-09
5.556907905679420168e-05 -1.140532775217242161e-04
2.222701403818971855e-04 -4.532194972748662893e-04
5.000846571264760954e-04 -1.009579390309381635e-03
8.889817534969424173e-04 -1.768692046772499813e-03
1.388918208186096237e-03 -2.712581079368194242e-03
1.999838459177394334e-03 -3.817284093399534416e-03
2.721674609919344512e-03 -5.055946666801079160e-03
3.554346436871580472e-03 -6.397440270038697897e-03
4.497761398421062928e-03 -7.808979604810521724e-03
5.551814645166519568e-03 -9.255757385117288627e-03
6.716389031571567969e-03 -1.070283787904911972e-02
7.991355128984078959e-03 -1.211550100133329533e-02
9.376571240020115106e-03 -1.346162377636568076e-02
1.087188341431266636e-02 -1.471269065133965805e-02
1.247712546562085301e-02 -1.584497871482393183e-02
1.419211899029970692e-02 -1.684037235520703668e-02
1.601667338712764455e-02 -1.769114855130254904e-02
1.795058587848985532e-02 -1.839988785838283028e-02
1.999364153291383062e-02 -1.898047589105500074e-02
2.214561328895736647e-02 -1.945759858282232468e-02
2.440626198044326678e-02 -1.988144990323673089e-02
2.677533636303963682e-02 -2.031549318559640674e-02
2.925257314218321358e-02 -2.078620172963751428e-02
3.183769700234129196e-02 -2.129738636182261155e-02
3.453042063760936031e-02 -2.184087639036914885e-02
3.733044478364233587e-02 -2.240316846336699516e-02
4.023745825091396000e-02 -2.297228499274626967e-02
4.325113795930202176e-02 -2.353522918984568904e-02
4.637114897399441382e-02 -2.407039841272622452e-02
4.959714454271368922e-02 -2.455438601650952735e-02
5.292876613425423482e-02 -2.496818002996020400e-02
5.636564347832906385e-02 -2.529959058227700813e-02
5.990739460672012129e-02 -2.555648180476609646e-02
6.355362589573076981e-02 -2.575075655095138139e-02
6.730393210993146358e-02 -2.589309093075099766e-02
7.115789644719716645e-02 -2.599756022502390518e-02
7.511509058502996439e-02 -2.608701653059271666e-02
7.917507472816209813e-02 -2.617769420543471226e-02
8.333739765743386485e-02 -2.626967357671906866e-02
8.760159677994161509e-02 -2.635846184879360107e-02
9.196719818044885031e-02 -2.643509385999706293e-02
9.643371667405697956e-02 -2.648929134627290086e-02
1.010006558601274085e-01 -2.650967276079503956e-02
1.056675081774507419e-01 -2.648986729012622193e-02
1.104337549606562163e-01 -2.642976150619214676e-02
1.152988664978553679e-01 -2.633202945074881313e-02
1.202623020895129402e-01 -2.620181987971931942e-02
1.253235101085391490e-01 -2.604461071953782444e-02
1.304819280615971966e-01 -2.586612235718438804e-02
1.357369826516168221e-01 -2.567282732728562791e-02
1.410880898415101115e-01 -2.547194332692861996e-02
1.465346549190801317e-01 -2.527290731066412360e-02
1.520760725631161714e-01 -2.508569552874014702e-02
1.577117269106679265e-01 -2.491337666824005800e-02
1.634409916254914164e-01 -2.475492026307222690e-02
1.692632299676588570e-01 -2.460533172695794288e-02
1.751777948643248317e-01 -2.445811330611621232e-02
1.811840289816407656e-01 -2.430774579358724319e-02
1.872812647978095990e-01 -2.414853285259997012e-02
1.934688246772731102e-01 -2.397232254955384417e-02
1.997460209460230063e-01 -2.377100868778870071e-02
2.061121559680280102e-01 -2.353942085631134662e-02
2.125665222227673956e-01 -2.327469135165392833e-02
2.191084023838638650e-01 -2.297901502121695028e-02
2.257370693988056676e-01 -2.265526780248745820e-02
2.324517865697500740e-01 -2.230548787189623114e-02
2.392518076353984391e-01 -2.193196053949543131e-02
2.461363768539343022e-01 -2.153780789430765133e-02
2.531047290870154232e-01 -2.112628538158772828e-02
2.601560898848094272e-01 -2.070069551702458099e-02
2.672896755720651774e-01 -2.026464465006421606e-02
2.745046933352085494e-01 -1.982220151878837794e-02
2.818003413104546162e-01 -1.937761509752301131e-02
2.891758086729252497e-01 -1.893533067272401213e-02
2.966302757267624823e-01 -1.850017948462319081e-02
3.041629139962280792e-01 -1.807725536226286595e-02
3.117728863177794407e-01 -1.766880872124197005e-02
3.194593469331089564e-01 -1.727444621536400327e-02
3.272214415831418144e-01 -1.689348804156252937e-02
3.350583076029753915e-01 -1.652510588195420932e-02
3.429690740177547825e-01 -1.616844126458583109e-02
3.509528616394713696e-01 -1.582260273455129637e-02
3.590087831646743277e-01 -1.548655011103897486e-02
3.671359432730831873e-01 -1.515915905327443192e-02
3.753334387270930161e-01 -1.483928291583241042e-02
3.836003584721576765e-01 -1.452572573680197855e-02
3.919357837380436083e-01 -1.421704785627721408e-02
4.003387881409395943e-01 -1.391178924572811400e-02
4.088084377864137364e-01 -1.360885628456001174e-02
4.173437913732044313e-01 -1.330735003023136853e-02
4.259439002978354649e-01 -1.300670036469269396e-02
4.346078087600411255e-01 -1.270639452609385704e-02
4.433345538689928977e-01 -1.240582347101353705e-02
4.521231657503131940e-01 -1.210432047778759769e-02
4.609726676538650203e-01 -1.180111415722985210e-02
4.698820760623064752e-01 -1.149548522931547433e-02
4.788504008003974244e-01 -1.118687799398052941e-02
4.878766451450451402e-01 -1.087450461897305869e-02
4.969598059360780251e-01 -1.055709209127712357e-02
5.060988736877365390e-01 -1.023445411130243822e-02
5.152928327008634568e-01 -9.908301242553149007e-03
5.245406611757882365e-01 -9.581246514436704900e-03
5.338413313258880688e-01 -9.256905253059730457e-03
5.431938094918128401e-01 -8.938873010245214357e-03
5.525970562563653488e-01 -8.630640703645579490e-03
5.620500265600203438e-01 -8.335785192209121952e-03
5.715516698170692855e-01 -8.057993770900001226e-03
5.811009300323815019e-01 -7.801291950549895868e-03
5.906967459187653091e-01 -7.569926794552336510e-03
6.003380510149177729e-01 -7.367426632928119473e-03
6.100237738039482327e-01 -7.196278492846321442e-03
6.197528378324663745e-01 -7.053483464135441167e-03
6.295241618302156450e-01 -6.932895933207146658e-03
6.393366598302444581e-01 -6.828925018007795354e-03
6.491892412895989839e-01 -6.736177367966052036e-03
6.590808112105230876e-01 -6.648619967468429731e-03
6.690102702621547603e-01 -6.560000310944522593e-03
6.789765149027036095e-01 -6.464305427176025506e-03
6.889784375020977514e-01 -6.355419841938363817e-03
6.990149264650814542e-01 -6.226399431340700653e-03
7.090848663547572039e-01 -6.072305125653979473e-03
7.191871380165538730e-01 -5.896478968633237124e-03
7.293206187026060050e-01 -5.704385358082017347e-03
7.394841821965345563e-01 -5.502121587171165430e-03
7.496766989386134394e-01 -5.295956809868164819e-03
7.598970361513051053e-01 -5.092290004992870885e-03
7.701440579651563922e-01 -4.897442897265202356e-03
7.804166255450371015e-01 -4.717538155201169911e-03
7.907135972167069760e-01 -4.559223494145800068e-03
8.010338285937002034e-01 -4.430022434903959673e-03
8.113761727045106786e-01 -4.332507150051073327e-03
8.217394801200630372e-01 -4.261750231823313931e-03
8.321225990814590245e-01 -4.211339587828528616e-03
8.425243756279822138e-01 -4.173772637449831707e-03
8.529436537253458628e-01 -4.141688666700650556e-03
8.633792753941731402e-01 -4.107944217873118510e-03
8.738300808386934015e-01 -4.065320224641489309e-03
8.842949085756387495e-01 -4.006494809276841922e-03
8.947725955633289985e-01 -3.923765791070986560e-03
9.052619773309316109e-01 -3.809657352155256926e-03
9.157618881078770645e-01 -3.662424388357128201e-03
9.262711609534211021e-01 -3.484017522275446258e-03
9.367886278863364335e-01 -3.277152587186596844e-03
9.473131200147204556e-01 -3.044882152686760428e-03
9.578434676659028923e-01 -2.789985965073483835e-03
9.683785005164411430e-01 -2.515155625288093694e-03
9.789170477221889044e-01 -2.223282971108805819e-03
9.894579380484205267e-01 -1.917302663163787408e-03
9.999999999999998890e-01 -1.599999315665625319e-03
