9.999999999999998890e-01 7.201453654340556586e-03
9.894579380484205267e-01 1.191984318762464266e-02
9.789170477221889044e-01 1.617170691556138115e-02
9.683785005164411430e-01 2.024578029555017256e-02
9.578434676659028923e-01 2.414281985302519154e-02
9.473131200147204556e-01 2.783631411423724555e-02
9.367886278863364335e-01 3.138671417878309555e-02
9.262711609534211021e-01 3.484332136042080780e-02
9.157618881078770645e-01 3.819689447977629021e-02
9.052619773309316109e-01 4.142505342634100057e-02
8.947725955633289985e-01 4.449621130073300873e-02
8.842949085756387495e-01 4.740458048057551860e-02
8.738300808386934015e-01 5.018630235071115664e-02
8.633792753941731402e-01 5.285255460593552002e-02
8.529436537253458628e-01 5.537727872219784520e-02
8.425243756279822138e-01 5.776461660994693104e-02
8.321225990814590245e-01 6.005490380493810898e-02
8.217394801200630372e-01 6.227321630286475340e-02
8.113761727045106786e-01 6.442500824800050097e-02
8.010338285937002034e-01 6.646345282455125292e-02
7.907135972167069760e-01 6.832276067279426102e-02
7.804166255450371015e-01 7.021401223830779637e-02
7.701440579651563922e-01 7.247072007477141364e-02
7.598970361513051053e-01 7.478727762687534253e-02
7.496766989386134394e-01 7.658037261259098560e-02
7.394841821965345563e-01 7.795064597302356346e-02
7.293206187026060050e-01 7.927753604405032850e-02
7.191871380165538730e-01 8.063371837667407394e-02
7.090848663547572039e-01 8.198243875801823621e-02
6.990149264650814542e-01 8.335341670872832565e-02
6.889784375020977514e-01 8.477735614710159295e-02
6.789765149027036095e-01 8.619460706603504496e-02
6.690102702621547603e-01 8.754294240771143265e-02
6.590808112105230876e-01 8.883788002060097333e-02
6.491892412895989839e-01 9.010243179397219027e-02
6.393366598302444581e-01 9.133083174314673980e-02
6.295241618302156450e-01 9.251421685078559110e-02
6.197528378324663745e-01 9.364907236631514476e-02
6.100237738039482327e-01 9.474431562908572357e-02
6.003380510149177729e-01 9.583188350292343172e-02
5.906967459187653091e-01 9.689718076586859019e-02
5.811009300323815019e-01 9.784356137751945570e-02
5.715516698170692855e-01 9.866264748829528530e-02
5.620500265600203438e-01 9.948144570332094483e-02
5.525970562563653488e-01 1.003541057295774114e-01
5.431938094918128401e-01 1.012337941089356264e-01
5.338413313258880688e-01 1.020582710964363232e-01
5.245406611757882365e-01 1.027599640466066860e-01
5.152928327008634568e-01 1.033461675995293316e-01
5.060988736877365390e-01 1.038853604474897080e-01
4.969598059360780251e-01 1.044009145955352158e-01
4.878766451450451402e-01 1.048815083845945489e-01
4.788504008003974244e-01 1.053093886841647009e-01
4.698820760623064752e-01 1.056670507213003096e-01
4.609726676538650203e-01 1.059687975943681554e-01
4.521231657503131940e-01 1.062409645293197480e-01
4.433345538689928977e-01 1.064805517087624304e-01
4.346078087600411255e-01 1.066739920344080689e-01
4.259439002978354649e-01 1.068189512275892067e-01
4.173437913732044313e-01 1.069179097918290938e-01
4.088084377864137364e-01 1.069772206859234270e-01
4.003387881409395943e-01 1.070015565743432789e-01
3.919357837380436083e-01 1.069847799109188147e-01
3.836003584721576765e-01 1.069170859525341299e-01
3.753334387270930161e-01 1.067852854289311482e-01
3.671359432730831873e-01 1.065763311671997782e-01
3.590087831646743277e-01 1.062794458296442840e-01
3.509528616394713696e-01 1.059111562059429079e-01
3.429690740177547825e-01 1.055465472560256357e-01
3.350583076029753915e-01 1.052398160749693778e-01
3.272214415831418144e-01 1.049926102932818434e-01
3.194593469331089564e-01 1.047862720627385502e-01
3.117728863177794407e-01 1.045797550743442217e-01
3.041629139962280792e-01 1.043376052947495997e-01
2.966302757267624823e-01 1.040347295701674057e-01
2.891758086729252497e-01 1.036649429789644888e-01
2.818003413104546162e-01 1.032417649050329095e-01
2.745046933352085494e-01 1.027761729013005471e-01
2.672896755720651774e-01 1.022755601413445070e-01
2.601560898848094272e-01 1.017422364500613213e-01
2.531047290870154232e-01 1.011746230374214600e-01
2.461363768539343022e-01 1.005705406118580364e-01
2.392518076353984391e-01 9.992758012936628353e-02
2.324517865697500740e-01 9.924423465318411852e-02
2.257370693988056676e-01 9.851963902819878272e-02
2.191084023838638650e-01 9.775402776334807253e-02
2.125665222227673956e-01 9.694799834285248996e-02
2.061121559680280102e-01 9.610129656416917243e-02
1.997460209460230063e-01 9.521353463962112240e-02
1.934688246772731102e-01 9.428529509637377515e-02
1.872812647978095990e-01 9.331753692331326566e-02
1.811840289816407656e-01 9.231151125686526404e-02
1.751777948643248317e-01 9.126843622341763995e-02
1.692632299676588570e-01 9.018915685752036671e-02
1.634409916254914164e-01 8.907433982977033815e-02
1.577117269106679265e-01 8.792437309068872053e-02
1.520760725631161714e-01 8.673964008141775428e-02
1.465346549190801317e-01 8.552062631245954671e-02
1.410880898415101115e-01 8.426754192702529123e-02
1.357369826516168221e-01 8.298005381147385839e-02
1.304819280615971966e-01 8.165957349372210405e-02
1.253235101085391490e-01 8.031042015990003113e-02
1.202623020895129402e-01 7.893420650908761216e-02
1.152988664978553679e-01 7.752850324072586841e-02
1.104337549606562163e-01 7.609302346511034876e-02
1.056675081774507419e-01 7.463000640024164412e-02
1.010006558601274085e-01 7.313469023499481747e-02
9.643371667405697956e-02 7.159754725457684321e-02
9.196719818044885031e-02 7.004697203794298110e-02
8.760159677994161509e-02 6.853333917536311160e-02
8.333739765743386485e-02 6.698142550347244151e-02
7.917507472816209813e-02 6.524830590903731020e-02
7.511509058502996439e-02 6.340303169893592161e-02
7.115789644719716645e-02 6.162675497682974790e-02
6.730393210993146358e-02 5.999019564113116515e-02
6.355362589573076981e-02 5.848543864811373005e-02
5.990739460672012129e-02 5.694708908816376730e-02
5.636564347832906385e-02 5.520308635284920662e-02
5.292876613425423482e-02 5.339762565563235114e-02
4.959714454271368922e-02 5.173331159958318576e-02
4.637114897399441382e-02 5.019111275980661646e-02
4.325113795930202176e-02 4.867388487600859959e-02
4.023745825091396000e-02 4.702597588686839580e-02
3.733044478364233587e-02 4.514354165616947523e-02
3.453042063760936031e-02 4.312211342466266972e-02
3.183769700234129196e-02 4.108058553732271689e-02
2.925257314218321358e-02 3.910087436984568260e-02
2.677533636303963682e-02 3.722331533642862789e-02
2.440626198044326678e-02 3.541282217975932206e-02
2.214561328895736647e-02 3.363170565853109556e-02
1.999364153291383062e-02 3.185471084586064677e-02
1.795058587848985532e-02 3.006801356602937722e-02
1.601667338712764455e-02 2.827275583867760664e-02
1.419211899029970692e-02 2.646746086817918300e-02
1.247712546562085301e-02 2.464669558607234662e-02
1.087188341431266636e-02 2.282559609644641690e-02
9.376571240020115106e-03 2.103909669316746459e-02
7.991355128984078959e-03 1.928269778022356426e-02
6.716389031571567969e-03 1.751952789325334631e-02
5.551814645166519568e-03 1.576285639973414726e-02
4.497761398421062928e-03 1.405824085167718500e-02
3.554346436871580472e-03 1.238226199571329858e-02
2.721674609919344512e-03 1.067605513918487570e-02
1.999838459177394334e-03 8.957614263920707365e-03
1.388918208186096237e-03 7.283701217980746365e-03
8.889817534969424173e-04 5.695156327348646283e-03
5.000846571264760954e-04 4.186536584415416484e-03
2.222701403818971855e-04 2.520664340027880569e-03
5.556907905679420168e-05 6.659222141944850636e-04
0.000000000000000000e+00 3.717743021419354673e-06
0.000000000000000000e+00 -2.383817699808325962e-06
5.556907905679420168e-05 -5.866803950794013912e-04
2.222701403818971855e-04 -2.178631391147817144e-03
5.000846571264760954e-04 -3.694877924830099278e-03
8.889817534969424173e-04 -4.966083619257970899e-03
1.388918208186096237e-03 -6.040583072455096153e-03
1.999838459177394334e-03 -7.047387316403048302e-03
2.721674609919344512e-03 -8.070658351911513470e-03
3.554346436871580472e-03 -9.062428673119080416e-03
4.497761398421062928e-03 -9.990935951724996822e-03
5.551814645166519568e-03 -1.088913452572111938e-02
6.716389031571567969e-03 -1.177275148868060436e-02
7.991355128984078959e-03 -1.261918933404203129e-02
9.376571240020115106e-03 -1.342255228616852716e-02
1.087188341431266636e-02 -1.420317328672602956e-02
1.247712546562085301e-02 -1.496403670277223971e-02
1.419211899029970692e-02 -1.568728075538138034e-02
1.601667338712764455e-02 -1.637063076971074713e-02
1.795058587848985532e-02 -1.702752722985112141e-02
1.999364153291383062e-02 -1.766890527394311683e-02
2.214561328895736647e-02 -1.830156072853254129e-02
2.440626198044326678e-02 -1.891209398186679061e-02
2.677533636303963682e-02 -1.947246748701117122e-02
2.925257314218321358e-02 -1.994415964107983455e-02
3.183769700234129196e-02 -2.029162996440568925e-02
3.453042063760936031e-02 -2.054872394332446506e-02
3.733044478364233587e-02 -2.078805865113676765e-02
4.023745825091396000e-02 -2.111962045682998917e-02
4.325113795930202176e-02 -2.163253971834631570e-02
4.637114897399441382e-02 -2.222891107293956114e-02
4.959714454271368922e-02 -2.276306653247387943e-02
5.292876613425423482e-02 -2.314785508038502346e-02
5.636564347832906385e-02 -2.335646353480441348e-02
5.990739460672012129e-02 -2.352048287756873177e-02
6.355362589573076981e-02 -2.375265591201125223e-02
6.730393210993146358e-02 -2.400688174953974005e-02
7.115789644719716645e-02 -2.422387684268396610e-02
7.511509058502996439e-02 -2.438307299020803579e-02
7.917507472816209813e-02 -2.448518732111489016e-02
8.333739765743386485e-02 -2.456221455139333959e-02
8.760159677994161509e-02 -2.463134470908606710e-02
9.196719818044885031e-02 -2.467827122595750086e-02
9.643371667405697956e-02 -2.469467970173302648e-02
1.010006558601274085e-01 -2.468512459786179059e-02
1.056675081774507419e-01 -2.465158934656215897e-02
1.104337549606562163e-01 -2.459183714492342923e-02
1.152988664978553679e-01 -2.450529626299147168e-02
1.202623020895129402e-01 -2.439329344465688762e-02
1.253235101085391490e-01 -2.425625887724529306e-02
1.304819280615971966e-01 -2.409384351950526540e-02
1.357369826516168221e-01 -2.390656718093401439e-02
1.410880898415101115e-01 -2.369548110139879302e-02
1.465346549190801317e-01 -2.346038934233302814e-02
1.520760725631161714e-01 -2.320023932984953755e-02
1.577117269106679265e-01 -2.291320534106853005e-02
1.634409916254914164e-01 -2.259767520604126501e-02
1.692632299676588570e-01 -2.225623577806334907e-02
1.751777948643248317e-01 -2.189343624933815652e-02
1.811840289816407656e-01 -2.151481707373658486e-02
1.872812647978095990e-01 -2.112536518773884889e-02
1.934688246772731102e-01 -2.072585220026534891e-02
1.997460209460230063e-01 -2.031643740955653768e-02
2.061121559680280102e-01 -1.989966111805209492e-02
2.125665222227673956e-01 -1.947985511971826039e-02
2.191084023838638650e-01 -1.906521236538966102e-02
2.257370693988056676e-01 -1.866267721753777850e-02
2.324517865697500740e-01 -1.827391256835340927e-02
2.392518076353984391e-01 -1.789976311404872095e-02
2.461363768539343022e-01 -1.754115360429378198e-02
2.531047290870154232e-01 -1.719881148856082856e-02
2.601560898848094272e-01 -1.687309609516253819e-02
2.672896755720651774e-01 -1.656501082907866143e-02
2.745046933352085494e-01 -1.627650538832892818e-02
2.818003413104546162e-01 -1.600569405109477511e-02
2.891758086729252497e-01 -1.574543446254448101e-02
2.966302757267624823e-01 -1.548303551246622486e-02
3.041629139962280792e-01 -1.520096320783846482e-02
3.117728863177794407e-01 -1.489790312446243221e-02
3.194593469331089564e-01 -1.458806751465201341e-02
3.272214415831418144e-01 -1.429170275933700635e-02
3.350583076029753915e-01 -1.403205667568648701e-02
3.429690740177547825e-01 -1.381785612491504868e-02
3.509528616394713696e-01 -1.364412008571906990e-02
3.590087831646743277e-01 -1.346662950988866334e-02
3.671359432730831873e-01 -1.322939748788453523e-02
3.753334387270930161e-01 -1.294928203886328705e-02
3.836003584721576765e-01 -1.267103477397210805e-02
3.919357837380436083e-01 -1.240517021400107042e-02
4.003387881409395943e-01 -1.214892156776628020e-02
4.088084377864137364e-01 -1.189864951796435442e-02
4.173437913732044313e-01 -1.165190198317056849e-02
4.259439002978354649e-01 -1.141227499898884133e-02
4.346078087600411255e-01 -1.118427654042702946e-02
4.433345538689928977e-01 -1.097015200970465586e-02
4.521231657503131940e-01 -1.077004055507955159e-02
4.609726676538650203e-01 -1.057950022513134102e-02
4.698820760623064752e-01 -1.039572281612899558e-02
4.788504008003974244e-01 -1.022160753961521944e-02
4.878766451450451402e-01 -1.005818475572758421e-02
4.969598059360780251e-01 -9.901225954410551935e-03
5.060988736877365390e-01 -9.746805881007724118e-03
5.152928327008634568e-01 -9.592553415538213404e-03
5.245406611757882365e-01 -9.438492794722024015e-03
5.338413313258880688e-01 -9.287675330878295693e-03
5.431938094918128401e-01 -9.140631222879669338e-03
5.525970562563653488e-01 -8.994700004257586909e-03
5.620500265600203438e-01 -8.847304636563307553e-03
5.715516698170692855e-01 -8.696305343496342141e-03
5.811009300323815019e-01 -8.542557812467920300e-03
5.906967459187653091e-01 -8.389058296188680805e-03
6.003380510149177729e-01 -8.234510442622876292e-03
6.100237738039482327e-01 -8.074936916855256219e-03
6.197528378324663745e-01 -7.910134827981160285e-03
6.295241618302156450e-01 -7.742038108313464666e-03
6.393366598302444581e-01 -7.571628447675892402e-03
6.491892412895989839e-01 -7.399424338686520601e-03
6.590808112105230876e-01 -7.226073857112332889e-03
6.690102702621547603e-01 -7.053095824208841479e-03
6.789765149027036095e-01 -6.886476550839227412e-03
6.889784375020977514e-01 -6.732604617471317672e-03
6.990149264650814542e-01 -6.592841016883072523e-03
7.090848663547572039e-01 -6.467403224451028984e-03
7.191871380165538730e-01 -6.357505395068468665e-03
7.293206187026060050e-01 -6.264998723394680884e-03
7.394841821965345563e-01 -6.192970122478363287e-03
7.496766989386134394e-01 -6.142702216483176755e-03
7.598970361513051053e-01 -6.110329347568778727e-03
7.701440579651563922e-01 -6.092745141695941544e-03
7.804166255450371015e-01 -6.090090159625554354e-03
7.907135972167069760e-01 -6.099303593638961268e-03
8.010338285937002034e-01 -6.111095417425105314e-03
8.113761727045106786e-01 -6.123182541833978310e-03
8.217394801200630372e-01 -6.144439986848115182e-03
8.321225990814590245e-01 -6.178509297675448958e-03
8.425243756279822138e-01 -6.221678647829229948e-03
8.529436537253458628e-01 -6.277655644892394735e-03
8.633792753941731402e-01 -6.357862102538486097e-03
8.738300808386934015e-01 -6.462896140373151563e-03
8.842949085756387495e-01 -6.584673072237291758e-03
8.947725955633289985e-01 -6.733163433309590808e-03
9.052619773309316109e-01 -6.927824506231606942e-03
9.157618881078770645e-01 -7.140037612058963527e-03
9.262711609534211021e-01 -7.320207655090461493e-03
9.367886278863364335e-01 -7.504053827302323981e-03
9.473131200147204556e-01 -7.756297078919894596e-03
9.578434676659028923e-01 -8.023103766837121759e-03
9.683785005164411430e-01 -8.254161276661845653e-03
9.789170477221889044e-01 -8.731313120931548724e-03
9.894579380484205267e-01 -9.707238354055900895e-03
9.999999999999998890e-01 -1.069966461639779327e-02
