9.999999999999998890e-01 2.436033332542993107e-05
9.894579380484205267e-01 3.948539033341454639e-03
9.789170477221889044e-01 7.042252767427394783e-03
9.683785005164411430e-01 9.938375361656684795e-03
9.578434676659028923e-01 1.272947588839623383e-02
9.473131200147204556e-01 1.540749382187666175e-02
9.367886278863364335e-01 1.799290981932834960e-02
9.262711609534211021e-01 2.050441179247174464e-02
9.157618881078770645e-01 2.294582234831613748e-02
9.052619773309316109e-01 2.533037749593159554e-02
8.947725955633289985e-01 2.769272321496207834e-02
8.842949085756387495e-01 3.005170252847416332e-02
8.738300808386934015e-01 3.239741811148522804e-02
8.633792753941731402e-01 3.472382417286519474e-02
8.529436537253458628e-01 3.703316008397241482e-02
8.425243756279822138e-01 3.932018391686958880e-02
8.321225990814590245e-01 4.157102600924583030e-02
8.217394801200630372e-01 4.378116021531936602e-02
8.113761727045106786e-01 4.595514300524296269e-02
8.010338285937002034e-01 4.809377506311237477e-02
7.907135972167069760e-01 5.019472453355857539e-02
7.804166255450371015e-01 5.225774973981352212e-02
7.701440579651563922e-01 5.428397746793746370e-02
7.598970361513051053e-01 5.627351446291217751e-02
7.496766989386134394e-01 5.822591353536019088e-02
7.394841821965345563e-01 6.014104303898144821e-02
7.293206187026060050e-01 6.201898315757182339e-02
7.191871380165538730e-01 6.386019232324191552e-02
7.090848663547572039e-01 6.566511725921969633e-02
6.990149264650814542e-01 6.743335826324695081e-02
6.889784375020977514e-01 6.916125967669903285e-02
6.789765149027036095e-01 7.083228618210324345e-02
6.690102702621547603e-01 7.243100517693985829e-02
6.590808112105230876e-01 7.395829726273611682e-02
6.491892412895989839e-01 7.541741115449862587e-02
6.393366598302444581e-01 7.680789564718686069e-02
6.295241618302156450e-01 7.812931688851793011e-02
6.197528378324663745e-01 7.938292836951806042e-02
6.100237738039482327e-01 8.056984603303274373e-02
6.003380510149177729e-01 8.169039695222393704e-02
5.906967459187653091e-01 8.274507071348122245e-02
5.811009300323815019e-01 8.373479418194595958e-02
5.715516698170692855e-01 8.466041342944011228e-02
5.620500265600203438e-01 8.552260056638553987e-02
5.525970562563653488e-01 8.632210547504229337e-02
5.431938094918128401e-01 8.705978816164107459e-02
5.338413313258880688e-01 8.773651559119534371e-02
5.245406611757882365e-01 8.835315361830002601e-02
5.152928327008634568e-01 8.891054114455379520e-02
5.060988736877365390e-01 8.940951649758430153e-02
4.969598059360780251e-01 8.985122571154734172e-02
4.878766451450451402e-01 9.023701755713189887e-02
4.788504008003974244e-01 9.056802504422113709e-02
4.698820760623064752e-01 9.084524442810938683e-02
4.609726676538650203e-01 9.106964969137505694e-02
4.521231657503131940e-01 9.124221057882200836e-02
4.433345538689928977e-01 9.136393968406578137e-02
4.346078087600411255e-01 9.143586875571237116e-02
4.259439002978354649e-01 9.145903457990897656e-02
4.173437913732044313e-01 9.143448103397218418e-02
4.088084377864137364e-01 9.136327693805984529e-02
4.003387881409395943e-01 9.124650114253322897e-02
3.919357837380436083e-01 9.108524306796195180e-02
3.836003584721576765e-01 9.088060061652367128e-02
3.753334387270930161e-01 9.063369053077638404e-02
3.671359432730831873e-01 9.034563567145312279e-02
3.590087831646743277e-01 9.001756522919948655e-02
3.509528616394713696e-01 8.965061870178765713e-02
3.429690740177547825e-01 8.924595582147346051e-02
3.350583076029753915e-01 8.880473470249480861e-02
3.272214415831418144e-01 8.832810600307902660e-02
3.194593469331089564e-01 8.781724169643853606e-02
3.117728863177794407e-01 8.727334824131607882e-02
3.041629139962280792e-01 8.669765598949201457e-02
2.966302757267624823e-01 8.609142268994719738e-02
2.891758086729252497e-01 8.545591537661802184e-02
2.818003413104546162e-01 8.479240233177094688e-02
2.745046933352085494e-01 8.410201525516013132e-02
2.672896755720651774e-01 8.338578028332263581e-02
2.601560898848094272e-01 8.264502579975810392e-02
2.531047290870154232e-01 8.188126451364778624e-02
2.461363768539343022e-01 8.109538279384312376e-02
2.392518076353984391e-01 8.028800395424386116e-02
2.324517865697500740e-01 7.946115168885013735e-02
2.257370693988056676e-01 7.861693933468807960e-02
2.191084023838638650e-01 7.775232324126357675e-02
2.125665222227673956e-01 7.686257211921640464e-02
2.061121559680280102e-01 7.594712846446288745e-02
1.997460209460230063e-01 7.500713441810213933e-02
1.934688246772731102e-01 7.404426300748866152e-02
1.872812647978095990e-01 7.306034009263986939e-02
1.811840289816407656e-01 7.205713493880680498e-02
1.751777948643248317e-01 7.103626188903165717e-02
1.692632299676588570e-01 6.999885568846232753e-02
1.634409916254914164e-01 6.894637059774534615e-02
1.577117269106679265e-01 6.788145070464163267e-02
1.520760725631161714e-01 6.680576384845525462e-02
1.465346549190801317e-01 6.571818581826759098e-02
1.410880898415101115e-01 6.461629369927221478e-02
1.357369826516168221e-01 6.349594788662639433e-02
1.304819280615971966e-01 6.235602705351190461e-02
1.253235101085391490e-01 6.120066648675041854e-02
1.202623020895129402e-01 6.003282295004118418e-02
1.152988664978553679e-01 5.885319288977976931e-02
1.104337549606562163e-01 5.766377898314002659e-02
1.056675081774507419e-01 5.646820793470866406e-02
1.010006558601274085e-01 5.526809732186043628e-02
9.643371667405697956e-02 5.406323147458057254e-02
9.196719818044885031e-02 5.285729506414735962e-02
8.760159677994161509e-02 5.165625670137386632e-02
8.333739765743386485e-02 5.045285870356044228e-02
7.917507472816209813e-02 4.923154905554478350e-02
7.511509058502996439e-02 4.798712052364222103e-02
7.115789644719716645e-02 4.672091316981963338e-02
6.730393210993146358e-02 4.543726072687596929e-02
6.355362589573076981e-02 4.414166384507955954e-02
5.990739460672012129e-02 4.283783886355341242e-02
5.636564347832906385e-02 4.152894424903084275e-02
5.292876613425423482e-02 4.021911398327807086e-02
4.959714454271368922e-02 3.891256366578639547e-02
4.637114897399441382e-02 3.761237961765376975e-02
4.325113795930202176e-02 3.632178041339908375e-02
4.023745825091396000e-02 3.504564500428700158e-02
3.733044478364233587e-02 3.378358899503259433e-02
3.453042063760936031e-02 3.251801737063057113e-02
3.183769700234129196e-02 3.123823006027613355e-02
2.925257314218321358e-02 2.995915537727387654e-02
2.677533636303963682e-02 2.868559663894879735e-02
2.440626198044326678e-02 2.739277925833777383e-02
2.214561328895736647e-02 2.606647119615147432e-02
1.999364153291383062e-02 2.471761339188664752e-02
1.795058587848985532e-02 2.335808780431197426e-02
1.601667338712764455e-02 2.199749372250522222e-02
1.419211899029970692e-02 2.064956066367086215e-02
1.247712546562085301e-02 1.933287329583974895e-02
1.087188341431266636e-02 1.805279872592153653e-02
9.376571240020115106e-03 1.679964883665561667e-02
7.991355128984078959e-03 1.554820468630002152e-02
6.716389031571567969e-03 1.426413236841050057e-02
5.551814645166519568e-03 1.297118502138775581e-02
4.497761398421062928e-03 1.172531469181895512e-02
3.554346436871580472e-03 1.045223558702661031e-02
2.721674609919344512e-03 9.021159753289402158e-03
1.999838459177394334e-03 7.536210991345884506e-03
1.388918208186096237e-03 6.180130582133494879e-03
8.889817534969424173e-04 4.800294933271219075e-03
5.000846571264760954e-04 3.179382220904793718e-03
2.222701403818971855e-04 1.597008324705351387e-03
5.556907905679420168e-05 4.799337242832556454e-04
0.000000000000000000e+00 8.248446579810142976e-05
0.000000000000000000e+00 -6.688490086999888419e-05
5.556907905679420168e-05 -3.625276328222827690e-04
2.222701403818971855e-04 -1.195128306457777937e-03
5.000846571264760954e-04 -2.388670285060151555e-03
8.889817534969424173e-04 -3.641064771707245695e-03
1.388918208186096237e-03 -4.748725245699476905e-03
1.999838459177394334e-03 -5.846656015372361792e-03
2.721674609919344512e-03 -7.019759879038718967e-03
3.554346436871580472e-03 -8.110979727355489138e-03
4.497761398421062928e-03 -9.034677320284454846e-03
5.551814645166519568e-03 -9.902341601165305304e-03
6.716389031571567969e-03 -1.077594123511795010e-02
7.991355128984078959e-03 -1.160489387478080316e-02
9.376571240020115106e-03 -1.236888149484944611e-02
1.087188341431266636e-02 -1.310106203368854687e-02
1.247712546562085301e-02 -1.382738255239725038e-02
1.419211899029970692e-02 -1.456070819543493593e-02
1.601667338712764455e-02 -1.529766725097308176e-02
1.795058587848985532e-02 -1.602048189603250128e-02
1.999364153291383062e-02 -1.671716528352421363e-02
2.214561328895736647e-02 -1.738060969481952309e-02
2.440626198044326678e-02 -1.800093499445242981e-02
2.677533636303963682e-02 -1.856869395692143862e-02
2.925257314218321358e-02 -1.909801245801578951e-02
3.183769700234129196e-02 -1.961295048892437026e-02
3.453042063760936031e-02 -2.011031904637424969e-02
3.733044478364233587e-02 -2.057752024524043058e-02
4.023745825091396000e-02 -2.102505319878131274e-02
4.325113795930202176e-02 -2.146966439915916347e-02
4.637114897399441382e-02 -2.191276214830261207e-02
4.959714454271368922e-02 -2.235107089244341150e-02
5.292876613425423482e-02 -2.278282486296188611e-02
5.636564347832906385e-02 -2.320643799833340890e-02
5.990739460672012129e-02 -2.361950895269327930e-02
6.355362589573076981e-02 -2.401964629274085453e-02
6.730393210993146358e-02 -2.440501937484464839e-02
7.115789644719716645e-02 -2.477353963355710675e-02
7.511509058502996439e-02 -2.512224454765439596e-02
7.917507472816209813e-02 -2.544868623207892019e-02
8.333739765743386485e-02 -2.575176441296200130e-02
8.760159677994161509e-02 -2.603333989338035837e-02
9.196719818044885031e-02 -2.629995241721329660e-02
9.643371667405697956e-02 -2.655434740252134856e-02
1.010006558601274085e-01 -2.679322990545486213e-02
1.056675081774507419e-01 -2.701443944450719267e-02
1.104337549606562163e-01 -2.721769705400274922e-02
1.152988664978553679e-01 -2.740165225526725035e-02
1.202623020895129402e-01 -2.756381973968031335e-02
1.253235101085391490e-01 -2.770293603160921270e-02
1.304819280615971966e-01 -2.781867576567223846e-02
1.357369826516168221e-01 -2.790860139510622367e-02
1.410880898415101115e-01 -2.796923766202331213e-02
1.465346549190801317e-01 -2.800263384847762743e-02
1.520760725631161714e-01 -2.801401896449797271e-02
1.577117269106679265e-01 -2.800690685237859981e-02
1.634409916254914164e-01 -2.798345961976768381e-02
1.692632299676588570e-01 -2.794268022128232679e-02
1.751777948643248317e-01 -2.788248796786428618e-02
1.811840289816407656e-01 -2.780227012342970788e-02
1.872812647978095990e-01 -2.770176722572001080e-02
1.934688246772731102e-01 -2.757993747121869829e-02
1.997460209460230063e-01 -2.743562065226456959e-02
2.061121559680280102e-01 -2.726808061228142704e-02
2.125665222227673956e-01 -2.707660012515226630e-02
2.191084023838638650e-01 -2.686019881420478178e-02
2.257370693988056676e-01 -2.661792016314742243e-02
2.324517865697500740e-01 -2.634900634127260513e-02
2.392518076353984391e-01 -2.605262924307904376e-02
2.461363768539343022e-01 -2.572773872893538427e-02
2.531047290870154232e-01 -2.537343540362295424e-02
2.601560898848094272e-01 -2.498914277412594281e-02
2.672896755720651774e-01 -2.457396212842122285e-02
2.745046933352085494e-01 -2.412646725396309227e-02
2.818003413104546162e-01 -2.364594572224172631e-02
2.891758086729252497e-01 -2.313259773336320477e-02
2.966302757267624823e-01 -2.258485504384714904e-02
3.041629139962280792e-01 -2.199962054430152844e-02
3.117728863177794407e-01 -2.138295246461136348e-02
3.194593469331089564e-01 -2.074886632596682073e-02
3.272214415831418144e-01 -2.010342799451509538e-02
3.350583076029753915e-01 -1.944632723929268919e-02
3.429690740177547825e-01 -1.877744446194286321e-02
3.509528616394713696e-01 -1.809685639180380265e-02
3.590087831646743277e-01 -1.740429325517793557e-02
3.671359432730831873e-01 -1.669939168353707509e-02
3.753334387270930161e-01 -1.598253249737870141e-02
3.836003584721576765e-01 -1.525415637449816821e-02
3.919357837380436083e-01 -1.451296580189298177e-02
4.003387881409395943e-01 -1.375858671198825108e-02
4.088084377864137364e-01 -1.299866771020130596e-02
4.173437913732044313e-01 -1.224186145228737047e-02
4.259439002978354649e-01 -1.149047199435876063e-02
4.346078087600411255e-01 -1.074502497484950900e-02
4.433345538689928977e-01 -1.000560794317198118e-02
4.521231657503131940e-01 -9.272344952603516974e-03
4.609726676538650203e-01 -8.545727981630802175e-03
4.698820760623064752e-01 -7.826194025983959635e-03
4.788504008003974244e-01 -7.113900165309963892e-03
4.878766451450451402e-01 -6.409097261028644764e-03
4.969598059360780251e-01 -5.712309129954157294e-03
5.060988736877365390e-01 -5.024811751337427725e-03
5.152928327008634568e-01 -4.349042519375260693e-03
5.245406611757882365e-01 -3.686476244811745257e-03
5.338413313258880688e-01 -3.037114902499490118e-03
5.431938094918128401e-01 -2.401139651803368275e-03
5.525970562563653488e-01 -1.779061908589620608e-03
5.620500265600203438e-01 -1.171303598371330624e-03
5.715516698170692855e-01 -5.781766402792606159e-04
5.811009300323815019e-01 6.931872765158705874e-08
5.906967459187653091e-01 5.631929183095113435e-04
6.003380510149177729e-01 1.110438600368810055e-03
6.100237738039482327e-01 1.640721769567160147e-03
6.197528378324663745e-01 2.153274873276935734e-03
6.295241618302156450e-01 2.647562506974470656e-03
6.393366598302444581e-01 3.123393284963906988e-03
6.491892412895989839e-01 3.580673125992088219e-03
6.590808112105230876e-01 4.018834697935017713e-03
6.690102702621547603e-01 4.437294930603109810e-03
6.789765149027036095e-01 4.836449893833349827e-03
6.889784375020977514e-01 5.216134506708706119e-03
6.990149264650814542e-01 5.572161245216568359e-03
7.090848663547572039e-01 5.900089841254308257e-03
7.191871380165538730e-01 6.198726732729521911e-03
7.293206187026060050e-01 6.467658787189327005e-03
7.394841821965345563e-01 6.706563410744427640e-03
7.496766989386134394e-01 6.915205000671067158e-03
7.598970361513051053e-01 7.093522894909541979e-03
7.701440579651563922e-01 7.241226287773611277e-03
7.804166255450371015e-01 7.357487220931002020e-03
7.907135972167069760e-01 7.441864261645900550e-03
8.010338285937002034e-01 7.494701255491367092e-03
8.113761727045106786e-01 7.515540952218623637e-03
8.217394801200630372e-01 7.502683708725982857e-03
8.321225990814590245e-01 7.456602208304251994e-03
8.425243756279822138e-01 7.380314855634367843e-03
8.529436537253458628e-01 7.269582886831868485e-03
8.633792753941731402e-01 7.112576750850611515e-03
8.738300808386934015e-01 6.901450864250222549e-03
8.842949085756387495e-01 6.632409945588917631e-03
8.947725955633289985e-01 6.304401757230498199e-03
9.052619773309316109e-01 5.918300231797537364e-03
9.157618881078770645e-01 5.474714356034787038e-03
9.262711609534211021e-01 4.973865708432913084e-03
9.367886278863364335e-01 4.414258691421412209e-03
9.473131200147204556e-01 3.794119877391797548e-03
9.578434676659028923e-01 3.116236863885797192e-03
9.683785005164411430e-01 2.374698777207447011e-03
9.789170477221889044e-01 1.500074214245866819e-03
9.894579380484205267e-01 5.116742513940943917e-04
9.999999999999998890e-01 -2.630419125685110306e-05
