9.999999999999998890e-01 2.000001129950948388e-03
9.894579380484205267e-01 4.518503339921850319e-03
9.789170477221889044e-01 6.867984198329317100e-03
9.683785005164411430e-01 9.067219947235105951e-03
9.578434676659028923e-01 1.113529674925369840e-02
9.473131200147204556e-01 1.309125911003918355e-02
9.367886278863364335e-01 1.495386520327758248e-02
9.262711609534211021e-01 1.674201928060385994e-02
9.157618881078770645e-01 1.847506022435310355e-02
9.052619773309316109e-01 2.017175432549930120e-02
8.947725955633289985e-01 2.184955313391826609e-02
8.842949085756387495e-01 2.351827017093647762e-02
8.738300808386934015e-01 2.517582864659995145e-02
8.633792753941731402e-01 2.681970452342382488e-02
8.529436537253458628e-01 2.844817791565099063e-02
8.425243756279822138e-01 3.005931537512314747e-02
8.321225990814590245e-01 3.165088893296879452e-02
8.217394801200630372e-01 3.322085868406486620e-02
8.113761727045106786e-01 3.476737208623841696e-02
8.010338285937002034e-01 3.628847587008360298e-02
7.907135972167069760e-01 3.778210591162325938e-02
7.804166255450371015e-01 3.924589951942357435e-02
7.701440579651563922e-01 4.067729994841826763e-02
7.598970361513051053e-01 4.207380576394330329e-02
7.496766989386134394e-01 4.343295990595534561e-02
7.394841821965345563e-01 4.475239141830782141e-02
7.293206187026060050e-01 4.602977451608676607e-02
7.191871380165538730e-01 4.726281230720173060e-02
7.090848663547572039e-01 4.844925657289349263e-02
6.990149264650814542e-01 4.958705558092967036e-02
6.889784375020977514e-01 5.067479656957615819e-02
6.789765149027036095e-01 5.171355151344316642e-02
6.690102702621547603e-01 5.270503283169072212e-02
6.590808112105230876e-01 5.365084251276899807e-02
6.491892412895989839e-01 5.455256407444645378e-02
6.393366598302444581e-01 5.541179890931487856e-02
6.295241618302156450e-01 5.623014399971131699e-02
6.197528378324663745e-01 5.700917744024762424e-02
6.100237738039482327e-01 5.775044929294383816e-02
6.003380510149177729e-01 5.845545985939426537e-02
5.906967459187653091e-01 5.912582019028959218e-02
5.811009300323815019e-01 5.976334010651183914e-02
5.715516698170692855e-01 6.036983966379313310e-02
5.620500265600203438e-01 6.094712571021791009e-02
5.525970562563653488e-01 6.149699881994016848e-02
5.431938094918128401e-01 6.202124874244984570e-02
5.338413313258880688e-01 6.252155876537410228e-02
5.245406611757882365e-01 6.299951169052467326e-02
5.152928327008634568e-01 6.345681689700259642e-02
5.060988736877365390e-01 6.389525472998519584e-02
4.969598059360780251e-01 6.431603753485844177e-02
4.878766451450451402e-01 6.471984359219795646e-02
4.788504008003974244e-01 6.510604781595433210e-02
4.698820760623064752e-01 6.547328223456533314e-02
4.609726676538650203e-01 6.582055515105876553e-02
4.521231657503131940e-01 6.614705693252986851e-02
4.433345538689928977e-01 6.645187033668178977e-02
4.346078087600411255e-01 6.673406978947024615e-02
4.259439002978354649e-01 6.699294693066851214e-02
4.173437913732044313e-01 6.722784638720126493e-02
4.088084377864137364e-01 6.743800128560561991e-02
4.003387881409395943e-01 6.762275439605643090e-02
3.919357837380436083e-01 6.778199574605746347e-02
3.836003584721576765e-01 6.791593706570794864e-02
3.753334387270930161e-01 6.802539279529852545e-02
3.671359432730831873e-01 6.811123620880606133e-02
3.590087831646743277e-01 6.817418233488196921e-02
3.509528616394713696e-01 6.821494777776355989e-02
3.429690740177547825e-01 6.823430841978836425e-02
3.350583076029753915e-01 6.823302959526270084e-02
3.272214415831418144e-01 6.821184301667319871e-02
3.194593469331089564e-01 6.817147397082456983e-02
3.117728863177794407e-01 6.811264372673564438e-02
3.041629139962280792e-01 6.803608670593253027e-02
2.966302757267624823e-01 6.794252197925934600e-02
2.891758086729252497e-01 6.783178665825621845e-02
2.818003413104546162e-01 6.770276030230185094e-02
2.745046933352085494e-01 6.755434629246556688e-02
2.672896755720651774e-01 6.738552371463735202e-02
2.601560898848094272e-01 6.719541479409460449e-02
2.531047290870154232e-01 6.698325941870697520e-02
2.461363768539343022e-01 6.674840223421346641e-02
2.392518076353984391e-01 6.649027043009668458e-02
2.324517865697500740e-01 6.620844297633159126e-02
2.257370693988056676e-01 6.590259166925684087e-02
2.191084023838638650e-01 6.557246713690252637e-02
2.125665222227673956e-01 6.521789049266939198e-02
2.061121559680280102e-01 6.483889755648249154e-02
1.997460209460230063e-01 6.443557128281075796e-02
1.934688246772731102e-01 6.400781970358988826e-02
1.872812647978095990e-01 6.355548754901138575e-02
1.811840289816407656e-01 6.307838592835383895e-02
1.751777948643248317e-01 6.257635864339164411e-02
1.692632299676588570e-01 6.204939148903305945e-02
1.634409916254914164e-01 6.149761651842493293e-02
1.577117269106679265e-01 6.092149310993658778e-02
1.520760725631161714e-01 6.032138625978675228e-02
1.465346549190801317e-01 5.969729508001461044e-02
1.410880898415101115e-01 5.904803450513287227e-02
1.357369826516168221e-01 5.837020783675063440e-02
1.304819280615971966e-01 5.766076486702547549e-02
1.253235101085391490e-01 5.691765268357553559e-02
1.202623020895129402e-01 5.613911774503392571e-02
1.152988664978553679e-01 5.532371123252394218e-02
1.104337549606562163e-01 5.447057808901945714e-02
1.056675081774507419e-01 5.357953062548349854e-02
1.010006558601274085e-01 5.265042129566299689e-02
9.643371667405697956e-02 5.168291249215602873e-02
9.196719818044885031e-02 5.067343271278788863e-02
8.760159677994161509e-02 4.961585784957157907e-02
8.333739765743386485e-02 4.850568414767793962e-02
7.917507472816209813e-02 4.733971675585855327e-02
7.511509058502996439e-02 4.611600759739276079e-02
7.115789644719716645e-02 4.483355260447016016e-02
6.730393210993146358e-02 4.349321602411586329e-02
6.355362589573076981e-02 4.209690318176143031e-02
5.990739460672012129e-02 4.064736716509306791e-02
5.636564347832906385e-02 3.914783316392932838e-02
5.292876613425423482e-02 3.760222122652289584e-02
4.959714454271368922e-02 3.601492026750170716e-02
4.637114897399441382e-02 3.439136568947456091e-02
4.325113795930202176e-02 3.273747577358996491e-02
4.023745825091396000e-02 3.105986793957531134e-02
3.733044478364233587e-02 2.936532748753192812e-02
3.453042063760936031e-02 2.766065878226419902e-02
3.183769700234129196e-02 2.595271891047225971e-02
2.925257314218321358e-02 2.424848899065290206e-02
2.677533636303963682e-02 2.255494409659722366e-02
2.440626198044326678e-02 2.087900264618355525e-02
2.214561328895736647e-02 1.922729383078874282e-02
1.999364153291383062e-02 1.760594988879092201e-02
1.795058587848985532e-02 1.602109020230263123e-02
1.601667338712764455e-02 1.447888916818873724e-02
1.419211899029970692e-02 1.298549246262087689e-02
1.247712546562085301e-02 1.154699925106686051e-02
1.087188341431266636e-02 1.016937817261018458e-02
9.376571240020115106e-03 8.858451581759871005e-03
7.991355128984078959e-03 7.619816286768693603e-03
6.716389031571567969e-03 6.458852401809633478e-03
5.551814645166519568e-03 5.380616298884821798e-03
4.497761398421062928e-03 4.389890951873765164e-03
3.554346436871580472e-03 3.491048258668963053e-03
2.721674609919344512e-03 2.688149760231587672e-03
1.999838459177394334e-03 1.984759907295288381e-03
1.388918208186096237e-03 1.384106042538912678e-03
8.889817534969424173e-04 8.888582033419015508e-04
5.000846571264760954e-04 5.013355541563870076e-04
2.222701403818971855e-04 2.232292981351447728e-04
5.556907905679420168e-05 5.587524823000938575e-05
0.000000000000000000e+00 -2.554703106504502522e-10
0.000000000000000000e+00 6.546738831435507057e-10
5.556907905679420168e-05 -3.771815835668518031e-05
2.222701403818971855e-04 -1.501825381844247391e-04
5.000846571264760954e-04 -3.355550953826596378e-04
8.889817534969424173e-04 -5.904772378120636120e-04
1.388918208186096237e-03 -9.107365986165421754e-04
1.999838459177394334e-03 -1.290644521653836309e-03
2.721674609919344512e-03 -1.723751839728598434e-03
3.554346436871580472e-03 -2.202446705785834555e-03
4.497761398421062928e-03 -2.718529690308664742e-03
5.551814645166519568e-03 -3.262987809278026716e-03
6.716389031571567969e-03 -3.826467622886282113e-03
7.991355128984078959e-03 -4.399220046634418242e-03
9.376571240020115106e-03 -4.971526876925084180e-03
1.087188341431266636e-02 -5.533773688458029812e-03
1.247712546562085301e-02 -6.076797530553984528e-03
1.419211899029970692e-02 -6.591989540320202130e-03
1.601667338712764455e-02 -7.071874810568014313e-03
1.795058587848985532e-02 -7.510132373714492604e-03
1.999364153291383062e-02 -7.902101127053038146e-03
2.214561328895736647e-02 -8.244651110198080238e-03
2.440626198044326678e-02 -8.537579837977210193e-03
2.677533636303963682e-02 -8.782476596906611810e-03
2.925257314218321358e-02 -8.979381528557357425e-03
3.183769700234129196e-02 -9.127742781710548176e-03
3.453042063760936031e-02 -9.229433873855641055e-03
3.733044478364233587e-02 -9.287745699580912326e-03
4.023745825091396000e-02 -9.307650219375889628e-03
4.325113795930202176e-02 -9.295813649713964913e-03
4.637114897399441382e-02 -9.264333657842382594e-03
4.959714454271368922e-02 -9.226339890825368401e-03
5.292876613425423482e-02 -9.191731173222205536e-03
5.636564347832906385e-02 -9.166723693852759855e-03
5.990739460672012129e-02 -9.147534540133343134e-03
6.355362589573076981e-02 -9.128684395839820748e-03
6.730393210993146358e-02 -9.106240426123176496e-03
7.115789644719716645e-02 -9.075531774641456412e-03
7.511509058502996439e-02 -9.029409513270402268e-03
7.917507472816209813e-02 -8.961739567531962214e-03
8.333739765743386485e-02 -8.869204876434888529e-03
8.760159677994161509e-02 -8.748907580827254560e-03
9.196719818044885031e-02 -8.598073065721974217e-03
9.643371667405697956e-02 -8.413498145489837349e-03
1.010006558601274085e-01 -8.191423895840687849e-03
1.056675081774507419e-01 -7.930537236777068094e-03
1.104337549606562163e-01 -7.632565834142745337e-03
1.152988664978553679e-01 -7.300237252683367505e-03
1.202623020895129402e-01 -6.937147505083243737e-03
1.253235101085391490e-01 -6.547524002375359337e-03
1.304819280615971966e-01 -6.136141301683032193e-03
1.357369826516168221e-01 -5.708299161206926292e-03
1.410880898415101115e-01 -5.269800207075537105e-03
1.465346549190801317e-01 -4.827904485260338906e-03
1.520760725631161714e-01 -4.390328984109831585e-03
1.577117269106679265e-01 -3.961140902934960455e-03
1.634409916254914164e-01 -3.542378441087411494e-03
1.692632299676588570e-01 -3.134948620943521242e-03
1.751777948643248317e-01 -2.739351516496901784e-03
1.811840289816407656e-01 -2.356474976780871793e-03
1.872812647978095990e-01 -1.987330427124653180e-03
1.934688246772731102e-01 -1.632863356793754070e-03
1.997460209460230063e-01 -1.293891039296213123e-03
2.061121559680280102e-01 -9.708116324384913603e-04
2.125665222227673956e-01 -6.636561270179891069e-04
2.191084023838638650e-01 -3.716108531352916612e-04
2.257370693988056676e-01 -9.371121549682967489e-05
2.324517865697500740e-01 1.709657680916089253e-04
2.392518076353984391e-01 4.234536590992476861e-04
2.461363768539343022e-01 6.650430036195981469e-04
2.531047290870154232e-01 8.971219954046468024e-04
2.601560898848094272e-01 1.121197301165884974e-03
2.672896755720651774e-01 1.338903598666362155e-03
2.745046933352085494e-01 1.552055733791525907e-03
2.818003413104546162e-01 1.762599356517532403e-03
2.891758086729252497e-01 1.972634055984182587e-03
2.966302757267624823e-01 2.184391279335908508e-03
3.041629139962280792e-01 2.400098435601329995e-03
3.117728863177794407e-01 2.619275645355256549e-03
3.194593469331089564e-01 2.838932731110108826e-03
3.272214415831418144e-01 3.055733154352663176e-03
3.350583076029753915e-01 3.266136080902639835e-03
3.429690740177547825e-01 3.466505614713238145e-03
3.509528616394713696e-01 3.653098078860593425e-03
3.590087831646743277e-01 3.821707507360442430e-03
3.671359432730831873e-01 3.967907778076958450e-03
3.753334387270930161e-01 4.087517116510698371e-03
3.836003584721576765e-01 4.176258554244198680e-03
3.919357837380436083e-01 4.228570158023404330e-03
4.003387881409395943e-01 4.239119778665040826e-03
4.088084377864137364e-01 4.206214222742994842e-03
4.173437913732044313e-01 4.130155958675555544e-03
4.259439002978354649e-01 4.014773084462827483e-03
4.346078087600411255e-01 3.864574605289185054e-03
4.433345538689928977e-01 3.683263799058414042e-03
4.521231657503131940e-01 3.474691693587438155e-03
4.609726676538650203e-01 3.243614429689214464e-03
4.698820760623064752e-01 2.994821420733017377e-03
4.788504008003974244e-01 2.732811046364833334e-03
4.878766451450451402e-01 2.462563657862381402e-03
4.969598059360780251e-01 2.190064402482910094e-03
5.060988736877365390e-01 1.919823190823332368e-03
5.152928327008634568e-01 1.653710919610044874e-03
5.245406611757882365e-01 1.392464193803481885e-03
5.338413313258880688e-01 1.135599399744702557e-03
5.431938094918128401e-01 8.828678588835097395e-04
5.525970562563653488e-01 6.343914953136543409e-04
5.620500265600203438e-01 3.901347262078349578e-04
5.715516698170692855e-01 1.498904363697759693e-04
5.811009300323815019e-01 -8.648333821598114647e-05
5.906967459187653091e-01 -3.190688121659239658e-04
6.003380510149177729e-01 -5.479524030457033536e-04
6.100237738039482327e-01 -7.731890102870563357e-04
6.197528378324663745e-01 -9.944664076018525003e-04
6.295241618302156450e-01 -1.211262532700175046e-03
6.393366598302444581e-01 -1.423102392749262673e-03
6.491892412895989839e-01 -1.629531516090035109e-03
6.590808112105230876e-01 -1.830068735978662145e-03
6.690102702621547603e-01 -2.024218437111725659e-03
6.789765149027036095e-01 -2.211466246348396149e-03
6.889784375020977514e-01 -2.391301993103790800e-03
6.990149264650814542e-01 -2.563263053091692154e-03
7.090848663547572039e-01 -2.726662882781075159e-03
7.191871380165538730e-01 -2.879936908843371262e-03
7.293206187026060050e-01 -3.021303024965666609e-03
7.394841821965345563e-01 -3.148934816273693538e-03
7.496766989386134394e-01 -3.260959115000483001e-03
7.598970361513051053e-01 -3.355406200535009618e-03
7.701440579651563922e-01 -3.430357050212261196e-03
7.804166255450371015e-01 -3.484028639671254025e-03
7.907135972167069760e-01 -3.514437080564377681e-03
8.010338285937002034e-01 -3.519252934229560523e-03
8.113761727045106786e-01 -3.498191618149092998e-03
8.217394801200630372e-01 -3.454062963380610893e-03
8.321225990814590245e-01 -3.390275600182748438e-03
8.425243756279822138e-01 -3.310672136967453185e-03
8.529436537253458628e-01 -3.219067760808686385e-03
8.633792753941731402e-01 -3.119220911935244138e-03
8.738300808386934015e-01 -3.014904462214456488e-03
8.842949085756387495e-01 -2.909922495915871852e-03
8.947725955633289985e-01 -2.808308874577709110e-03
9.052619773309316109e-01 -2.713976099846250947e-03
9.157618881078770645e-01 -2.627538733002897538e-03
9.262711609534211021e-01 -2.547487771589204610e-03
9.367886278863364335e-01 -2.471904489795330624e-03
9.473131200147204556e-01 -2.398691550826501703e-03
9.578434676659028923e-01 -2.325901278722376352e-03
9.683785005164411430e-01 -2.251635726863019087e-03
9.789170477221889044e-01 -2.173895408664080781e-03
9.894579380484205267e-01 -2.090661217965738509e-03
9.999999999999998890e-01 -2.000000368019577094e-03
