9.999999999999998890e-01 5.093940441262999604e-07
9.894579380484205267e-01 3.139096108078837186e-03
9.789170477221889044e-01 6.306888297261566134e-03
9.683785005164411430e-01 9.579579414314602984e-03
9.578434676659028923e-01 1.282486991178333376e-02
9.473131200147204556e-01 1.593794202398128232e-02
9.367886278863364335e-01 1.900534783700387476e-02
9.262711609534211021e-01 2.212912985692817858e-02
9.157618881078770645e-01 2.537270858524781625e-02
9.052619773309316109e-01 2.873055056904504426e-02
8.947725955633289985e-01 3.207769670747293717e-02
8.842949085756387495e-01 3.534401678849672518e-02
8.738300808386934015e-01 3.856808371872982172e-02
8.633792753941731402e-01 4.181760851861000827e-02
8.529436537253458628e-01 4.518543486462373721e-02
8.425243756279822138e-01 4.873905624306092144e-02
8.321225990814590245e-01 5.251109760204931282e-02
8.217394801200630372e-01 5.644254764047396122e-02
8.113761727045106786e-01 6.039717258134312539e-02
8.010338285937002034e-01 6.436789364178831241e-02
7.907135972167069760e-01 6.844131698742778047e-02
7.804166255450371015e-01 7.255081107394112383e-02
7.701440579651563922e-01 7.654469621019004133e-02
7.598970361513051053e-01 8.047075247591101155e-02
7.496766989386134394e-01 8.446409249711347988e-02
7.394841821965345563e-01 8.844767493477576070e-02
7.293206187026060050e-01 9.225384015725136833e-02
7.191871380165538730e-01 9.578352815592827696e-02
7.090848663547572039e-01 9.899863643724741979e-02
6.990149264650814542e-01 1.020377954753514671e-01
6.889784375020977514e-01 1.050376656243751095e-01
6.789765149027036095e-01 1.078760810051669905e-01
6.690102702621547603e-01 1.103970011149219832e-01
6.590808112105230876e-01 1.125728426060747939e-01
6.491892412895989839e-01 1.144400131721883263e-01
6.393366598302444581e-01 1.161388702250567839e-01
6.295241618302156450e-01 1.177865288712392072e-01
6.197528378324663745e-01 1.193969627834601394e-01
6.100237738039482327e-01 1.209415144014294730e-01
6.003380510149177729e-01 1.223366419351561846e-01
5.906967459187653091e-01 1.235281355298003397e-01
5.811009300323815019e-01 1.245234768206975040e-01
5.715516698170692855e-01 1.253547795948135035e-01
5.620500265600203438e-01 1.260802706178841825e-01
5.525970562563653488e-01 1.267410991774678697e-01
5.431938094918128401e-01 1.273547214905892677e-01
5.338413313258880688e-01 1.279220871597079034e-01
5.245406611757882365e-01 1.284290349928750574e-01
5.152928327008634568e-01 1.288657113420137446e-01
5.060988736877365390e-01 1.292268014825881384e-01
4.969598059360780251e-01 1.295105293181982031e-01
4.878766451450451402e-01 1.297175699601896826e-01
4.788504008003974244e-01 1.298485548218590024e-01
4.698820760623064752e-01 1.299043971097768591e-01
4.609726676538650203e-01 1.298889521592275498e-01
4.521231657503131940e-01 1.298078657583509876e-01
4.433345538689928977e-01 1.296688083343771891e-01
4.346078087600411255e-01 1.294798723115819228e-01
4.259439002978354649e-01 1.292466752711974864e-01
4.173437913732044313e-01 1.289725402677717736e-01
4.088084377864137364e-01 1.286541569878208446e-01
4.003387881409395943e-01 1.282862246617043900e-01
3.919357837380436083e-01 1.278632365739865162e-01
3.836003584721576765e-01 1.273809484421562777e-01
3.753334387270930161e-01 1.268392787870255833e-01
3.671359432730831873e-01 1.262404801733799098e-01
3.590087831646743277e-01 1.255907699464174077e-01
3.509528616394713696e-01 1.248967132941291580e-01
3.429690740177547825e-01 1.241642118448356424e-01
3.350583076029753915e-01 1.233971416226853079e-01
3.272214415831418144e-01 1.225958191792938523e-01
3.194593469331089564e-01 1.217591641801550190e-01
3.117728863177794407e-01 1.208845444617318021e-01
3.041629139962280792e-01 1.199696135763100580e-01
2.966302757267624823e-01 1.190126334447881018e-01
2.891758086729252497e-01 1.180137598819360339e-01
2.818003413104546162e-01 1.169751926217895283e-01
2.745046933352085494e-01 1.158996580097504947e-01
2.672896755720651774e-01 1.147902707858526883e-01
2.601560898848094272e-01 1.136501333484393472e-01
2.531047290870154232e-01 1.124820858948872432e-01
2.461363768539343022e-01 1.112861172073574823e-01
2.392518076353984391e-01 1.100603360127258429e-01
2.324517865697500740e-01 1.088026367082560314e-01
2.257370693988056676e-01 1.075108618665833043e-01
2.191084023838638650e-01 1.061832174333919299e-01
2.125665222227673956e-01 1.048184211728800247e-01
2.061121559680280102e-01 1.034173201612726273e-01
1.997460209460230063e-01 1.019816726637836346e-01
1.934688246772731102e-01 1.005137445434106241e-01
1.872812647978095990e-01 9.901592411899129420e-02
1.811840289816407656e-01 9.749044530280716325e-02
1.751777948643248317e-01 9.593938324424090835e-02
1.692632299676588570e-01 9.436440673011592395e-02
1.634409916254914164e-01 9.276693532399379882e-02
1.577117269106679265e-01 9.114793057321256275e-02
1.520760725631161714e-01 8.950860294226843650e-02
1.465346549190801317e-01 8.785092967247261353e-02
1.410880898415101115e-01 8.617611337965132290e-02
1.357369826516168221e-01 8.448361643255342113e-02
1.304819280615971966e-01 8.277235521596311429e-02
1.253235101085391490e-01 8.104068761471135141e-02
1.202623020895129402e-01 7.928724388940870671e-02
1.152988664978553679e-01 7.751113954859867317e-02
1.104337549606562163e-01 7.571263969110372805e-02
1.056675081774507419e-01 7.389339112082200789e-02
1.010006558601274085e-01 7.205691853069401409e-02
9.643371667405697956e-02 7.020848897718726112e-02
9.196719818044885031e-02 6.835290914816424812e-02
8.760159677994161509e-02 6.649450009746865620e-02
8.333739765743386485e-02 6.463702902081752688e-02
7.917507472816209813e-02 6.278319312301379462e-02
7.511509058502996439e-02 6.092856962258213355e-02
7.115789644719716645e-02 5.906497239910310504e-02
6.730393210993146358e-02 5.718760796158389031e-02
6.355362589573076981e-02 5.529332538440227124e-02
5.990739460672012129e-02 5.337862284560607185e-02
5.636564347832906385e-02 5.144169015425747310e-02
5.292876613425423482e-02 4.949079083912247962e-02
4.959714454271368922e-02 4.753720516970100923e-02
4.637114897399441382e-02 4.559036139346807348e-02
4.325113795930202176e-02 4.365986385481904208e-02
4.023745825091396000e-02 4.175789392154208995e-02
3.733044478364233587e-02 3.989221351526022613e-02
3.453042063760936031e-02 3.805526922007240048e-02
3.183769700234129196e-02 3.623329144707598815e-02
2.925257314218321358e-02 3.440418312849839733e-02
2.677533636303963682e-02 3.254985009801457385e-02
2.440626198044326678e-02 3.066339927223377115e-02
2.214561328895736647e-02 2.874234865183194002e-02
1.999364153291383062e-02 2.678972229252824661e-02
1.795058587848985532e-02 2.482095633005653584e-02
1.601667338712764455e-02 2.286883574416825535e-02
1.419211899029970692e-02 2.095952169471943655e-02
1.247712546562085301e-02 1.910927070205616779e-02
1.087188341431266636e-02 1.733683601382597292e-02
9.376571240020115106e-03 1.566220160028447550e-02
7.991355128984078959e-03 1.406691754552296184e-02
6.716389031571567969e-03 1.249984107653399033e-02
5.551814645166519568e-03 1.093133363923993150e-02
4.497761398421062928e-03 9.351046962172392119e-03
3.554346436871580472e-03 7.774854105648200571e-03
2.721674609919344512e-03 6.235716040182436894e-03
1.999838459177394334e-03 4.774196309081009566e-03
1.388918208186096237e-03 3.434846587546764793e-03
8.889817534969424173e-04 2.262997440995135039e-03
5.000846571264760954e-04 1.302691190269194199e-03
2.222701403818971855e-04 5.883877536716672872e-04
5.556907905679420168e-05 1.485969118417073635e-04
0.000000000000000000e+00 -2.620025238724743912e-09
0.000000000000000000e+00 1.883493915104654729e-09
5.556907905679420168e-05 -9.224553051487013411e-05
2.222701403818971855e-04 -3.646996929393353732e-04
5.000846571264760954e-04 -8.054593004739637584e-04
8.889817534969424173e-04 -1.394172796041271692e-03
1.388918208186096237e-03 -2.106235775226583586e-03
1.999838459177394334e-03 -2.910191397018136589e-03
2.721674609919344512e-03 -3.773641344461470086e-03
3.554346436871580472e-03 -4.664698103000703561e-03
4.497761398421062928e-03 -5.554284316913604344e-03
5.551814645166519568e-03 -6.418690567464963373e-03
6.716389031571567969e-03 -7.246314897292294513e-03
7.991355128984078959e-03 -8.044139964497619422e-03
9.376571240020115106e-03 -8.832917728891831466e-03
1.087188341431266636e-02 -9.648831628079111364e-03
1.247712546562085301e-02 -1.050663469103620476e-02
1.419211899029970692e-02 -1.139582916039424965e-02
1.601667338712764455e-02 -1.230772415487866277e-02
1.795058587848985532e-02 -1.323637698997225456e-02
1.999364153291383062e-02 -1.417186988631604846e-02
2.214561328895736647e-02 -1.510153704344777310e-02
2.440626198044326678e-02 -1.601925219913613585e-02
2.677533636303963682e-02 -1.692354077677976978e-02
2.925257314218321358e-02 -1.781469175879444103e-02
3.183769700234129196e-02 -1.869454552017837598e-02
3.453042063760936031e-02 -1.956968231481825971e-02
3.733044478364233587e-02 -2.044840631421976709e-02
4.023745825091396000e-02 -2.133567980407238135e-02
4.325113795930202176e-02 -2.223401493717745356e-02
4.637114897399441382e-02 -2.314001312646226174e-02
4.959714454271368922e-02 -2.404860516458639727e-02
5.292876613425423482e-02 -2.495586759630692014e-02
5.636564347832906385e-02 -2.585802662142816510e-02
5.990739460672012129e-02 -2.675073913536372625e-02
6.355362589573076981e-02 -2.763097982722007712e-02
6.730393210993146358e-02 -2.849996740806043372e-02
7.115789644719716645e-02 -2.935969346120917076e-02
7.511509058502996439e-02 -3.021214967342888622e-02
7.917507472816209813e-02 -3.106021364049203412e-02
8.333739765743386485e-02 -3.190853238337145598e-02
8.760159677994161509e-02 -3.275949299093304512e-02
9.196719818044885031e-02 -3.361126153615007911e-02
9.643371667405697956e-02 -3.446133232837873123e-02
1.010006558601274085e-01 -3.530681156100054507e-02
1.056675081774507419e-01 -3.614431065335536181e-02
1.104337549606562163e-01 -3.696994234526042311e-02
1.152988664978553679e-01 -3.778127858548735452e-02
1.202623020895129402e-01 -3.857746689229706732e-02
1.253235101085391490e-01 -3.935874118034998065e-02
1.304819280615971966e-01 -4.012623473660582862e-02
1.357369826516168221e-01 -4.088145271539392334e-02
1.410880898415101115e-01 -4.162608805985922727e-02
1.465346549190801317e-01 -4.236118505130107015e-02
1.520760725631161714e-01 -4.308722027480478556e-02
1.577117269106679265e-01 -4.380320605204320039e-02
1.634409916254914164e-01 -4.450744665681374834e-02
1.692632299676588570e-01 -4.519849365144855413e-02
1.751777948643248317e-01 -4.587504920830726141e-02
1.811840289816407656e-01 -4.653605948534861314e-02
1.872812647978095990e-01 -4.718081997688404472e-02
1.934688246772731102e-01 -4.780985701981090713e-02
1.997460209460230063e-01 -4.842411142965221543e-02
2.061121559680280102e-01 -4.902473586647567577e-02
2.125665222227673956e-01 -4.961283716165158786e-02
2.191084023838638650e-01 -5.018921349827200340e-02
2.257370693988056676e-01 -5.075366214269120407e-02
2.324517865697500740e-01 -5.130351263865499251e-02
2.392518076353984391e-01 -5.183560280711067836e-02
2.461363768539343022e-01 -5.234657254999292714e-02
2.531047290870154232e-01 -5.283330501724986528e-02
2.601560898848094272e-01 -5.329321721291862407e-02
2.672896755720651774e-01 -5.372619662034916477e-02
2.745046933352085494e-01 -5.413584376473452170e-02
2.818003413104546162e-01 -5.452638171306414122e-02
2.891758086729252497e-01 -5.490240999231702640e-02
2.966302757267624823e-01 -5.526796293129285220e-02
3.041629139962280792e-01 -5.562621708138323212e-02
3.117728863177794407e-01 -5.597607247375343403e-02
3.194593469331089564e-01 -5.631251506241057025e-02
3.272214415831418144e-01 -5.663016265767298330e-02
3.350583076029753915e-01 -5.692357753892113292e-02
3.429690740177547825e-01 -5.718870588181804854e-02
3.509528616394713696e-01 -5.742281641972005191e-02
3.590087831646743277e-01 -5.762710609619122598e-02
3.671359432730831873e-01 -5.780496073654566025e-02
3.753334387270930161e-01 -5.796012996286786095e-02
3.836003584721576765e-01 -5.809598598644912654e-02
3.919357837380436083e-01 -5.821260634985490900e-02
4.003387881409395943e-01 -5.830806722197121733e-02
4.088084377864137364e-01 -5.837667200301480119e-02
4.173437913732044313e-01 -5.841163978720202710e-02
4.259439002978354649e-01 -5.840662545836376035e-02
4.346078087600411255e-01 -5.835683909058851648e-02
4.433345538689928977e-01 -5.826242908794802833e-02
4.521231657503131940e-01 -5.812550141861504843e-02
4.609726676538650203e-01 -5.795070738791758408e-02
4.698820760623064752e-01 -5.774179797339211440e-02
4.788504008003974244e-01 -5.749933076371453733e-02
4.878766451450451402e-01 -5.721994661687354600e-02
4.969598059360780251e-01 -5.689350551848747217e-02
5.060988736877365390e-01 -5.650940920472304063e-02
5.152928327008634568e-01 -5.605775565481822820e-02
5.245406611757882365e-01 -5.553561812169818812e-02
5.338413313258880688e-01 -5.494987433554903572e-02
5.431938094918128401e-01 -5.431539547787708755e-02
5.525970562563653488e-01 -5.365443271674730924e-02
5.620500265600203438e-01 -5.296482620541775876e-02
5.715516698170692855e-01 -5.221741243643891056e-02
5.811009300323815019e-01 -5.133947180419613093e-02
5.906967459187653091e-01 -5.022702701938595859e-02
6.003380510149177729e-01 -4.882740275030639926e-02
6.100237738039482327e-01 -4.713312848475994382e-02
6.197528378324663745e-01 -4.522567132781478427e-02
6.295241618302156450e-01 -4.323340587021713699e-02
6.393366598302444581e-01 -4.124466163615939790e-02
6.491892412895989839e-01 -3.931977924508984340e-02
6.590808112105230876e-01 -3.746577704206442705e-02
6.690102702621547603e-01 -3.567367190627149243e-02
6.789765149027036095e-01 -3.396631204255787934e-02
6.889784375020977514e-01 -3.236552320559983598e-02
6.990149264650814542e-01 -3.083972002443196789e-02
7.090848663547572039e-01 -2.932655199659876463e-02
7.191871380165538730e-01 -2.770542535275643745e-02
7.293206187026060050e-01 -2.595440217026801291e-02
7.394841821965345563e-01 -2.439314402535151804e-02
7.496766989386134394e-01 -2.316060277204568321e-02
7.598970361513051053e-01 -2.177656996732002526e-02
7.701440579651563922e-01 -2.001832722164810854e-02
7.804166255450371015e-01 -1.840401963523383491e-02
7.907135972167069760e-01 -1.712608467711335819e-02
8.010338285937002034e-01 -1.564518360573489975e-02
8.113761727045106786e-01 -1.378646006841577516e-02
8.217394801200630372e-01 -1.201750979806504895e-02
8.321225990814590245e-01 -1.055595012793229294e-02
8.425243756279822138e-01 -9.244681808769342549e-03
8.529436537253458628e-01 -7.966335393639660534e-03
8.633792753941731402e-01 -6.672696193594240995e-03
8.738300808386934015e-01 -5.364345789277396442e-03
8.842949085756387495e-01 -4.082040156059671583e-03
8.947725955633289985e-01 -2.862999138197507443e-03
9.052619773309316109e-01 -1.744754376295399624e-03
9.157618881078770645e-01 -8.099904162836807191e-04
9.262711609534211021e-01 -1.545780923812652857e-04
9.367886278863364335e-01 2.630580865997710158e-04
9.473131200147204556e-01 5.490015397350085560e-04
9.578434676659028923e-01 7.488445429041235956e-04
9.683785005164411430e-01 8.715302124308276204e-04
9.789170477221889044e-01 8.687562050918308217e-04
9.894579380484205267e-01 6.476506734688453016e-04
9.999999999999998890e-01 5.581392729744325787e-07
