9.999999999999998890e-01 -6.529073230526167097e-11
9.894579380484205267e-01 2.197286508130165666e-03
9.789170477221889044e-01 4.342971273263930738e-03
9.683785005164411430e-01 6.438756581061255008e-03
9.578434676659028923e-01 8.486350519223393590e-03
9.473131200147204556e-01 1.048747694198996598e-02
9.367886278863364335e-01 1.244389941468245289e-02
9.262711609534211021e-01 1.435737976605789071e-02
9.157618881078770645e-01 1.622966109979026572e-02
9.052619773309316109e-01 1.806252639220874354e-02
8.947725955633289985e-01 1.985784572796397973e-02
8.842949085756387495e-01 2.161792881377309905e-02
8.738300808386934015e-01 2.334576794374611242e-02
8.633792753941731402e-01 2.504439080062464268e-02
8.529436537253458628e-01 2.671679010316958119e-02
8.425243756279822138e-01 2.836592006488788259e-02
8.321225990814590245e-01 2.999469643350788708e-02
8.217394801200630372e-01 3.160608004722779973e-02
8.113761727045106786e-01 3.320306152545301343e-02
8.010338285937002034e-01 3.478839214564299898e-02
7.907135972167069760e-01 3.636447233563822740e-02
7.804166255450371015e-01 3.793174643210728281e-02
7.701440579651563922e-01 3.948936330245039761e-02
7.598970361513051053e-01 4.103666750727362478e-02
7.496766989386134394e-01 4.257311717297472542e-02
7.394841821965345563e-01 4.409808031419695101e-02
7.293206187026060050e-01 4.561089536503700609e-02
7.191871380165538730e-01 4.711098983013213559e-02
7.090848663547572039e-01 4.859781185847504570e-02
6.990149264650814542e-01 5.007073239480790833e-02
6.889784375020977514e-01 5.152858101623114528e-02
6.789765149027036095e-01 5.296795578672711113e-02
6.690102702621547603e-01 5.438492976671761847e-02
6.590808112105230876e-01 5.577585378417108247e-02
6.491892412895989839e-01 5.713711627983496244e-02
6.393366598302444581e-01 5.846503525437215382e-02
6.295241618302156450e-01 5.975609995038241862e-02
6.197528378324663745e-01 6.100724656583012689e-02
6.100237738039482327e-01 6.221521478745765943e-02
6.003380510149177729e-01 6.337623895187355361e-02
5.906967459187653091e-01 6.448882954321963346e-02
5.811009300323815019e-01 6.555548952931436468e-02
5.715516698170692855e-01 6.657961199477623049e-02
5.620500265600203438e-01 6.756530184655501481e-02
5.525970562563653488e-01 6.851649105018510488e-02
5.431938094918128401e-01 6.943682946818029167e-02
5.338413313258880688e-01 7.032978298301521825e-02
5.245406611757882365e-01 7.119866393631288370e-02
5.152928327008634568e-01 7.204707723606668113e-02
5.060988736877365390e-01 7.287877477967708018e-02
4.969598059360780251e-01 7.369600422198820111e-02
4.878766451450451402e-01 7.449956422787742949e-02
4.788504008003974244e-01 7.528641898973646718e-02
4.698820760623064752e-01 7.605134741083631467e-02
4.609726676538650203e-01 7.679025193392753634e-02
4.521231657503131940e-01 7.749957786072567134e-02
4.433345538689928977e-01 7.817544542427087850e-02
4.346078087600411255e-01 7.881396178555863385e-02
4.259439002978354649e-01 7.941195902975306531e-02
4.173437913732044313e-01 7.996642942679967059e-02
4.088084377864137364e-01 8.047391535220625725e-02
4.003387881409395943e-01 8.093136139172527055e-02
3.919357837380436083e-01 8.133776557528127338e-02
3.836003584721576765e-01 8.169339987612962706e-02
3.753334387270930161e-01 8.200100963187263725e-02
3.671359432730831873e-01 8.226356273436788435e-02
3.590087831646743277e-01 8.248332796239564446e-02
3.509528616394713696e-01 8.266254457825418511e-02
3.429690740177547825e-01 8.280363390890729813e-02
3.350583076029753915e-01 8.290894812748253462e-02
3.272214415831418144e-01 8.298066812917680168e-02
3.194593469331089564e-01 8.302089925912091439e-02
3.117728863177794407e-01 8.303166057658374621e-02
3.041629139962280792e-01 8.301502891613884993e-02
2.966302757267624823e-01 8.297305502756692486e-02
2.891758086729252497e-01 8.290482690746685257e-02
2.818003413104546162e-01 8.280621007480228057e-02
2.745046933352085494e-01 8.267307166728393719e-02
2.672896755720651774e-01 8.250145503205646991e-02
2.601560898848094272e-01 8.228778865590380409e-02
2.531047290870154232e-01 8.202883236464326988e-02
2.461363768539343022e-01 8.172179268287955989e-02
2.392518076353984391e-01 8.136417923671941665e-02
2.324517865697500740e-01 8.095366231399364620e-02
2.257370693988056676e-01 8.048810862107293185e-02
2.191084023838638650e-01 7.996622761270207047e-02
2.125665222227673956e-01 7.938700559198028084e-02
2.061121559680280102e-01 7.874875942238404591e-02
1.997460209460230063e-01 7.805032454705101985e-02
1.934688246772731102e-01 7.729445278499406935e-02
1.872812647978095990e-01 7.648599533203764844e-02
1.811840289816407656e-01 7.563339704946611675e-02
1.751777948643248317e-01 7.474543571465322445e-02
1.692632299676588570e-01 7.382883101652376601e-02
1.634409916254914164e-01 7.289003369209556826e-02
1.577117269106679265e-01 7.193597560236722477e-02
1.520760725631161714e-01 7.097278304598855780e-02
1.465346549190801317e-01 7.000446264186500900e-02
1.410880898415101115e-01 6.903118597264271128e-02
1.357369826516168221e-01 6.804621209036677831e-02
1.304819280615971966e-01 6.704303862318983231e-02
1.253235101085391490e-01 6.601688456442721120e-02
1.202623020895129402e-01 6.496348521559848488e-02
1.152988664978553679e-01 6.387909219185965159e-02
1.104337549606562163e-01 6.276070255434015865e-02
1.056675081774507419e-01 6.160616461431512453e-02
1.010006558601274085e-01 6.041393040050067886e-02
9.643371667405697956e-02 5.918304898364106642e-02
9.196719818044885031e-02 5.791342021254248379e-02
8.760159677994161509e-02 5.660567172675009390e-02
8.333739765743386485e-02 5.526098516764938601e-02
7.917507472816209813e-02 5.388094391214158507e-02
7.511509058502996439e-02 5.246743542141958649e-02
7.115789644719716645e-02 5.102285949616174737e-02
6.730393210993146358e-02 4.955240653957109637e-02
6.355362589573076981e-02 4.806241000348478176e-02
5.990739460672012129e-02 4.655767434660150472e-02
5.636564347832906385e-02 4.504279292153651193e-02
5.292876613425423482e-02 4.352465835948490791e-02
4.959714454271368922e-02 4.200899508049667913e-02
4.637114897399441382e-02 4.049275317992298562e-02
4.325113795930202176e-02 3.896919485302059727e-02
4.023745825091396000e-02 3.742705918263238701e-02
3.733044478364233587e-02 3.585619857916667180e-02
3.453042063760936031e-02 3.425305744401978270e-02
3.183769700234129196e-02 3.261606256461071357e-02
2.925257314218321358e-02 3.094549480660258728e-02
2.677533636303963682e-02 2.924344028796192763e-02
2.440626198044326678e-02 2.751515944007024844e-02
2.214561328895736647e-02 2.576439508796852379e-02
1.999364153291383062e-02 2.399155083473800132e-02
1.795058587848985532e-02 2.219918364064708827e-02
1.601667338712764455e-02 2.039360322267856282e-02
1.419211899029970692e-02 1.858338535788459089e-02
1.247712546562085301e-02 1.677961387893842082e-02
1.087188341431266636e-02 1.499490702910263873e-02
9.376571240020115106e-03 1.324337189635658475e-02
7.991355128984078959e-03 1.153986891917003696e-02
6.716389031571567969e-03 9.899866012133690107e-03
5.551814645166519568e-03 8.338848739609135488e-03
4.497761398421062928e-03 6.872239375461514782e-03
3.554346436871580472e-03 5.514776351689442205e-03
2.721674609919344512e-03 4.280620076628054334e-03
1.999838459177394334e-03 3.182602575485208619e-03
1.388918208186096237e-03 2.232605786413369240e-03
8.889817534969424173e-04 1.440679661813767031e-03
5.000846571264760954e-04 8.156788570686196536e-04
2.222701403818971855e-04 3.641491563723839265e-04
5.556907905679420168e-05 9.130479708280318178e-05
0.000000000000000000e+00 -1.003514359853367932e-09
0.000000000000000000e+00 3.539049699297813412e-09
5.556907905679420168e-05 -9.699811932793668719e-05
2.222701403818971855e-04 -3.842694565023532967e-04
5.000846571264760954e-04 -8.519310637198463472e-04
8.889817534969424173e-04 -1.482044395492812397e-03
1.388918208186096237e-03 -2.252326086362916192e-03
1.999838459177394334e-03 -3.133160064092471633e-03
2.721674609919344512e-03 -4.091535643337198061e-03
3.554346436871580472e-03 -5.089544204957135998e-03
4.497761398421062928e-03 -6.087549910022714561e-03
5.551814645166519568e-03 -7.043935408210175164e-03
6.716389031571567969e-03 -7.917684755918617118e-03
7.991355128984078959e-03 -8.669182902461672335e-03
9.376571240020115106e-03 -9.262863393619527250e-03
1.087188341431266636e-02 -9.668673259257640554e-03
1.247712546562085301e-02 -9.864492484416424387e-03
1.419211899029970692e-02 -9.837370588241132682e-03
1.601667338712764455e-02 -9.588452944534302247e-03
1.795058587848985532e-02 -9.133002920430137797e-03
1.999364153291383062e-02 -8.505156053243000114e-03
2.214561328895736647e-02 -7.756200016584178895e-03
2.440626198044326678e-02 -6.967922531943769940e-03
2.677533636303963682e-02 -6.236422516312785207e-03
2.925257314218321358e-02 -5.599085381403062084e-03
3.183769700234129196e-02 -5.058443427859063424e-03
3.453042063760936031e-02 -4.606282351528073749e-03
3.733044478364233587e-02 -4.229073235990732024e-03
4.023745825091396000e-02 -3.910730490897429759e-03
4.325113795930202176e-02 -3.631184083471832719e-03
4.637114897399441382e-02 -3.354657680490309105e-03
4.959714454271368922e-02 -3.042666929385783470e-03
5.292876613425423482e-02 -2.667267684429576024e-03
5.636564347832906385e-02 -2.211485263784205429e-03
5.990739460672012129e-02 -1.687247953805184148e-03
6.355362589573076981e-02 -1.111616475705497513e-03
6.730393210993146358e-02 -4.978564175223762359e-04
7.115789644719716645e-02 1.376789395331516012e-04
7.511509058502996439e-02 7.694771538926857774e-04
7.917507472816209813e-02 1.378903924957412212e-03
8.333739765743386485e-02 1.964107152437175822e-03
8.760159677994161509e-02 2.526526153393444073e-03
9.196719818044885031e-02 3.069752015617328855e-03
9.643371667405697956e-02 3.598110546628197851e-03
1.010006558601274085e-01 4.116632574682444271e-03
1.056675081774507419e-01 4.628831312230616279e-03
1.104337549606562163e-01 5.136310388110145418e-03
1.152988664978553679e-01 5.640302956052843479e-03
1.202623020895129402e-01 6.141812613957472501e-03
1.253235101085391490e-01 6.642403618222696843e-03
1.304819280615971966e-01 7.144129135001935776e-03
1.357369826516168221e-01 7.649024534526165445e-03
1.410880898415101115e-01 8.159189192221215359e-03
1.465346549190801317e-01 8.677673238030295458e-03
1.520760725631161714e-01 9.207668006842986697e-03
1.577117269106679265e-01 9.748602215276592001e-03
1.634409916254914164e-01 1.029773914438541008e-02
1.692632299676588570e-01 1.085064521803204111e-02
1.751777948643248317e-01 1.140222461365659502e-02
1.811840289816407656e-01 1.194768527071785914e-02
1.872812647978095990e-01 1.248197844381141071e-02
1.934688246772731102e-01 1.299834883171834335e-02
1.997460209460230063e-01 1.349023001901331238e-02
2.061121559680280102e-01 1.395370009803283302e-02
2.125665222227673956e-01 1.438662620281926444e-02
2.191084023838638650e-01 1.479053149735904717e-02
2.257370693988056676e-01 1.516741408851264052e-02
2.324517865697500740e-01 1.551862288922706105e-02
2.392518076353984391e-01 1.584572261021702580e-02
2.461363768539343022e-01 1.615097968306764345e-02
2.531047290870154232e-01 1.643679215055791898e-02
2.601560898848094272e-01 1.670563348419066771e-02
2.672896755720651774e-01 1.696022461826737771e-02
2.745046933352085494e-01 1.720365865891370846e-02
2.818003413104546162e-01 1.743923741551704418e-02
2.891758086729252497e-01 1.767049961011104078e-02
2.966302757267624823e-01 1.790120911306595022e-02
3.041629139962280792e-01 1.813519967967824192e-02
3.117728863177794407e-01 1.837316857310542992e-02
3.194593469331089564e-01 1.861291142339115134e-02
3.272214415831418144e-01 1.885197515671065138e-02
3.350583076029753915e-01 1.908778939426027804e-02
3.429690740177547825e-01 1.931768884375014220e-02
3.509528616394713696e-01 1.953891433158340060e-02
3.590087831646743277e-01 1.974838803188014649e-02
3.671359432730831873e-01 1.994287832941377125e-02
3.753334387270930161e-01 2.011930519672091786e-02
3.836003584721576765e-01 2.027451358084657665e-02
3.919357837380436083e-01 2.040445221557887073e-02
4.003387881409395943e-01 2.050523233221488231e-02
4.088084377864137364e-01 2.057551439485382980e-02
4.173437913732044313e-01 2.061533553674387009e-02
4.259439002978354649e-01 2.062711385707810194e-02
4.346078087600411255e-01 2.061371922518678151e-02
4.433345538689928977e-01 2.057744977119035576e-02
4.521231657503131940e-01 2.052070567034292720e-02
4.609726676538650203e-01 2.044652137500504660e-02
4.698820760623064752e-01 2.035793430212126318e-02
4.788504008003974244e-01 2.025773038209491630e-02
4.878766451450451402e-01 2.014906195698656227e-02
4.969598059360780251e-01 2.003585156926151328e-02
5.060988736877365390e-01 1.992074710441785884e-02
5.152928327008634568e-01 1.980413545115378496e-02
5.245406611757882365e-01 1.968544681284641051e-02
5.338413313258880688e-01 1.956308563074235160e-02
5.431938094918128401e-01 1.943561989136844553e-02
5.525970562563653488e-01 1.930188807656113559e-02
5.620500265600203438e-01 1.916056265829159042e-02
5.715516698170692855e-01 1.901013988357133991e-02
5.811009300323815019e-01 1.884914952940766261e-02
5.906967459187653091e-01 1.867614992197195664e-02
6.003380510149177729e-01 1.848962859115912960e-02
6.100237738039482327e-01 1.828802494722897229e-02
6.197528378324663745e-01 1.806979906825531904e-02
6.295241618302156450e-01 1.783342005448253914e-02
6.393366598302444581e-01 1.757732637164293593e-02
6.491892412895989839e-01 1.729993096861082852e-02
6.590808112105230876e-01 1.699957739115787875e-02
6.690102702621547603e-01 1.667459229348441582e-02
6.789765149027036095e-01 1.632336547376626174e-02
6.889784375020977514e-01 1.594425181383935658e-02
6.990149264650814542e-01 1.553535245273111355e-02
7.090848663547572039e-01 1.509579336193311687e-02
7.191871380165538730e-01 1.462875664515304701e-02
7.293206187026060050e-01 1.413845155145108251e-02
7.394841821965345563e-01 1.362935960033722152e-02
7.496766989386134394e-01 1.310608061892635373e-02
7.598970361513051053e-01 1.257338232889514476e-02
7.701440579651563922e-01 1.203598516155737243e-02
7.804166255450371015e-01 1.149845926323487394e-02
7.907135972167069760e-01 1.096574157319811504e-02
8.010338285937002034e-01 1.044338228635197791e-02
8.113761727045106786e-01 9.933415486258877908e-03
8.217394801200630372e-01 9.432553635931950967e-03
8.321225990814590245e-01 8.936553079945529221e-03
8.425243756279822138e-01 8.440514853615237179e-03
8.529436537253458628e-01 7.939566665991831459e-03
8.633792753941731402e-01 7.428912637156084159e-03
8.738300808386934015e-01 6.903851747249885144e-03
8.842949085756387495e-01 6.359722628109437670e-03
8.947725955633289985e-01 5.791269560107762185e-03
9.052619773309316109e-01 5.193597078113244489e-03
9.157618881078770645e-01 4.570897754425810866e-03
9.262711609534211021e-01 3.933212190388021487e-03
9.367886278863364335e-01 3.291679300231889309e-03
9.473131200147204556e-01 2.657920576213600953e-03
9.578434676659028923e-01 2.043193232174197408e-03
9.683785005164411430e-01 1.458636324262474644e-03
9.789170477221889044e-01 9.156542993312424220e-04
9.894579380484205267e-01 4.257013896014605857e-04
9.999999999999998890e-01 -9.512375757217710923e-10
