9.999999999999998890e-01 -9.628530378624544422e-04
9.894579380484205267e-01 3.067606429463100998e-03
9.789170477221889044e-01 7.307461787236766565e-03
9.683785005164411430e-01 1.145767491657540861e-02
9.578434676659028923e-01 1.536771503890627631e-02
9.473131200147204556e-01 1.896600886849826584e-02
9.367886278863364335e-01 2.231287852884790424e-02
9.262711609534211021e-01 2.548223146851824605e-02
9.157618881078770645e-01 2.852819127844448063e-02
9.052619773309316109e-01 3.148516628142698781e-02
8.947725955633289985e-01 3.435546390869465005e-02
8.842949085756387495e-01 3.714251217441027347e-02
8.738300808386934015e-01 3.985713404372903668e-02
8.633792753941731402e-01 4.250839945164034545e-02
8.529436537253458628e-01 4.510208474913469934e-02
8.425243756279822138e-01 4.764172792879866475e-02
8.321225990814590245e-01 5.012855640265073687e-02
8.217394801200630372e-01 5.256277384723600371e-02
8.113761727045106786e-01 5.494375472324865284e-02
8.010338285937002034e-01 5.727129841081115419e-02
7.907135972167069760e-01 5.954561697625033317e-02
7.804166255450371015e-01 6.176748598140975599e-02
7.701440579651563922e-01 6.393786797851763737e-02
7.598970361513051053e-01 6.605589818229858079e-02
7.496766989386134394e-01 6.811956813187756976e-02
7.394841821965345563e-01 7.012604715921780252e-02
7.293206187026060050e-01 7.207214062425114365e-02
7.191871380165538730e-01 7.395478567724751706e-02
7.090848663547572039e-01 7.577116790594125295e-02
6.990149264650814542e-01 7.751950095471969726e-02
6.889784375020977514e-01 7.919875298762457660e-02
6.789765149027036095e-01 8.080969850041383462e-02
6.690102702621547603e-01 8.235347186954304621e-02
6.590808112105230876e-01 8.383075116604313259e-02
6.491892412895989839e-01 8.524219686538812846e-02
6.393366598302444581e-01 8.658871581329596889e-02
6.295241618302156450e-01 8.787122239149090797e-02
6.197528378324663745e-01 8.909053988984329264e-02
6.100237738039482327e-01 9.024751509888798151e-02
6.003380510149177729e-01 9.134307017506961002e-02
5.906967459187653091e-01 9.237812997413837046e-02
5.811009300323815019e-01 9.335360875365174282e-02
5.715516698170692855e-01 9.427043776062203617e-02
5.620500265600203438e-01 9.512957433247340444e-02
5.525970562563653488e-01 9.593198671917156639e-02
5.431938094918128401e-01 9.667865406416184526e-02
5.338413313258880688e-01 9.737055935939374629e-02
5.245406611757882365e-01 9.800869055255961859e-02
5.152928327008634568e-01 9.859406575974062614e-02
5.060988736877365390e-01 9.912772509094108786e-02
4.969598059360780251e-01 9.961065786780327891e-02
4.878766451450451402e-01 1.000437835644784612e-01
4.788504008003974244e-01 1.004276714077955851e-01
4.698820760623064752e-01 1.007626883522880351e-01
4.609726676538650203e-01 1.010492883505310080e-01
4.521231657503131940e-01 1.012879731334246913e-01
4.433345538689928977e-01 1.014792576475760238e-01
4.346078087600411255e-01 1.016236715004026486e-01
4.259439002978354649e-01 1.017217966595831552e-01
4.173437913732044313e-01 1.017742395381081161e-01
4.088084377864137364e-01 1.017816343506489501e-01
4.003387881409395943e-01 1.017446353541707760e-01
3.919357837380436083e-01 1.016639427044883220e-01
3.836003584721576765e-01 1.015402746226933689e-01
3.753334387270930161e-01 1.013743716592114957e-01
3.671359432730831873e-01 1.011669993065089646e-01
3.590087831646743277e-01 1.009189769235287887e-01
3.509528616394713696e-01 1.006311292122441386e-01
3.429690740177547825e-01 1.003042740522919335e-01
3.350583076029753915e-01 9.993928443547452078e-02
3.272214415831418144e-01 9.953713349982101777e-02
3.194593469331089564e-01 9.909867607045515225e-02
3.117728863177794407e-01 9.862456438346747789e-02
3.041629139962280792e-01 9.811525707485636849e-02
2.966302757267624823e-01 9.757098943534292523e-02
2.891758086729252497e-01 9.699211110813479864e-02
2.818003413104546162e-01 9.637911307046563569e-02
2.745046933352085494e-01 9.573250223157576955e-02
2.672896755720651774e-01 9.505280067286323020e-02
2.601560898848094272e-01 9.434063749445517622e-02
2.531047290870154232e-01 9.359672391392830082e-02
2.461363768539343022e-01 9.282176625807161963e-02
2.392518076353984391e-01 9.201648650137600471e-02
2.324517865697500740e-01 9.118179681606801423e-02
2.257370693988056676e-01 9.031865587792764494e-02
2.191084023838638650e-01 8.942758576988375785e-02
2.125665222227673956e-01 8.850887278236389821e-02
2.061121559680280102e-01 8.756258427400344380e-02
1.997460209460230063e-01 8.658876288350700334e-02
1.934688246772731102e-01 8.558774602537695675e-02
1.872812647978095990e-01 8.455997728669009672e-02
1.811840289816407656e-01 8.350595498110668924e-02
1.751777948643248317e-01 8.242625989313853707e-02
1.692632299676588570e-01 8.132170653247416947e-02
1.634409916254914164e-01 8.019315349813833926e-02
1.577117269106679265e-01 7.904144330370983795e-02
1.520760725631161714e-01 7.786757815877441702e-02
1.465346549190801317e-01 7.667293886595548391e-02
1.410880898415101115e-01 7.545854907223004115e-02
1.357369826516168221e-01 7.422462107892344174e-02
1.304819280615971966e-01 7.297097896296482478e-02
1.253235101085391490e-01 7.169697240898235957e-02
1.202623020895129402e-01 7.040232310747396305e-02
1.152988664978553679e-01 6.908733111018232342e-02
1.104337549606562163e-01 6.775240830730330788e-02
1.056675081774507419e-01 6.639806538399604940e-02
1.010006558601274085e-01 6.502521128187215005e-02
9.643371667405697956e-02 6.363513428641277836e-02
9.196719818044885031e-02 6.222900926766566226e-02
8.760159677994161509e-02 6.080795762272190458e-02
8.333739765743386485e-02 5.937380195730040250e-02
7.917507472816209813e-02 5.792872826707619327e-02
7.511509058502996439e-02 5.647360423762925324e-02
7.115789644719716645e-02 5.500826849654522066e-02
6.730393210993146358e-02 5.353050335537230808e-02
6.355362589573076981e-02 5.203738692342563948e-02
5.990739460672012129e-02 5.052802072266791150e-02
5.636564347832906385e-02 4.900241300002883271e-02
5.292876613425423482e-02 4.746097576872913837e-02
4.959714454271368922e-02 4.590459674077025654e-02
4.637114897399441382e-02 4.433568856872076303e-02
4.325113795930202176e-02 4.275687034143994120e-02
4.023745825091396000e-02 4.116994005118723710e-02
3.733044478364233587e-02 3.957682926350498953e-02
3.453042063760936031e-02 3.798045603654730956e-02
3.183769700234129196e-02 3.638363744927002735e-02
2.925257314218321358e-02 3.478844089433975884e-02
2.677533636303963682e-02 3.319351908515778826e-02
2.440626198044326678e-02 3.159061972751212727e-02
2.214561328895736647e-02 2.997455451566464688e-02
1.999364153291383062e-02 2.834708596962904129e-02
1.795058587848985532e-02 2.671086528331325857e-02
1.601667338712764455e-02 2.506895611505719282e-02
1.419211899029970692e-02 2.342955338580180943e-02
1.247712546562085301e-02 2.180681843987786542e-02
1.087188341431266636e-02 2.020509309654660787e-02
9.376571240020115106e-03 1.861768998215459353e-02
7.991355128984078959e-03 1.703222127962632573e-02
6.716389031571567969e-03 1.543330434970589110e-02
5.551814645166519568e-03 1.382857540190756199e-02
4.497761398421062928e-03 1.224104373303650309e-02
3.554346436871580472e-03 1.067173274077399051e-02
2.721674609919344512e-03 9.114314189926694260e-03
1.999838459177394334e-03 7.623141930550625216e-03
1.388918208186096237e-03 6.255389499316511837e-03
8.889817534969424173e-04 4.854917389847673501e-03
5.000846571264760954e-04 3.240075190092190065e-03
2.222701403818971855e-04 1.636894610864268740e-03
5.556907905679420168e-05 4.221448827589531234e-04
0.000000000000000000e+00 -2.266709736285939090e-05
0.000000000000000000e+00 -2.712548629104241272e-05
5.556907905679420168e-05 -1.361818524007269967e-03
2.222701403818971855e-04 -4.050820558168636426e-03
5.000846571264760954e-04 -5.499745798142417937e-03
8.889817534969424173e-04 -6.170687460187322497e-03
1.388918208186096237e-03 -6.875997173825309193e-03
1.999838459177394334e-03 -7.669678420440312859e-03
2.721674609919344512e-03 -8.485653671414345248e-03
3.554346436871580472e-03 -9.275682209333340963e-03
4.497761398421062928e-03 -1.000098204425401045e-02
5.551814645166519568e-03 -1.063612002110737170e-02
6.716389031571567969e-03 -1.116266082214759439e-02
7.991355128984078959e-03 -1.157173440520003170e-02
9.376571240020115106e-03 -1.188851628219524115e-02
1.087188341431266636e-02 -1.218168335310795825e-02
1.247712546562085301e-02 -1.249671852144608811e-02
1.419211899029970692e-02 -1.284863381576484623e-02
1.601667338712764455e-02 -1.323249766734952391e-02
1.795058587848985532e-02 -1.362580608265545265e-02
1.999364153291383062e-02 -1.400348762474743630e-02
2.214561328895736647e-02 -1.434004134117381445e-02
2.440626198044326678e-02 -1.462324147700748249e-02
2.677533636303963682e-02 -1.485065432011705572e-02
2.925257314218321358e-02 -1.502781884519147765e-02
3.183769700234129196e-02 -1.516486855865210523e-02
3.453042063760936031e-02 -1.527329524365017566e-02
3.733044478364233587e-02 -1.536377794430122262e-02
4.023745825091396000e-02 -1.543778608984078086e-02
4.325113795930202176e-02 -1.549331874598539049e-02
4.637114897399441382e-02 -1.552928117252917045e-02
4.959714454271368922e-02 -1.554486936404671053e-02
5.292876613425423482e-02 -1.553923981541062600e-02
5.636564347832906385e-02 -1.551166302729909373e-02
5.990739460672012129e-02 -1.546185353260754597e-02
6.355362589573076981e-02 -1.538970237693723479e-02
6.730393210993146358e-02 -1.529532971749876687e-02
7.115789644719716645e-02 -1.517910493661201593e-02
7.511509058502996439e-02 -1.504190373983653288e-02
7.917507472816209813e-02 -1.488479686419017997e-02
8.333739765743386485e-02 -1.470910380327474128e-02
8.760159677994161509e-02 -1.451664495227424252e-02
9.196719818044885031e-02 -1.431002774663269438e-02
9.643371667405697956e-02 -1.409120936629877467e-02
1.010006558601274085e-01 -1.386109318952911257e-02
1.056675081774507419e-01 -1.362009344458916041e-02
1.104337549606562163e-01 -1.336814145716774989e-02
1.152988664978553679e-01 -1.310537820684435154e-02
1.202623020895129402e-01 -1.283218587397888348e-02
1.253235101085391490e-01 -1.254892409093034782e-02
1.304819280615971966e-01 -1.225593415615156348e-02
1.357369826516168221e-01 -1.195369816563317950e-02
1.410880898415101115e-01 -1.164280407401067051e-02
1.465346549190801317e-01 -1.132387737592756294e-02
1.520760725631161714e-01 -1.099752506977608353e-02
1.577117269106679265e-01 -1.066401041703576510e-02
1.634409916254914164e-01 -1.032342542912061296e-02
1.692632299676588570e-01 -9.975890846937783205e-03
1.751777948643248317e-01 -9.621543063382864691e-03
1.811840289816407656e-01 -9.260534577521449887e-03
1.872812647978095990e-01 -8.893028498640643403e-03
1.934688246772731102e-01 -8.519211007559555904e-03
1.997460209460230063e-01 -8.139280799497546764e-03
2.061121559680280102e-01 -7.753458804914415900e-03
2.125665222227673956e-01 -7.361978425636581461e-03
2.191084023838638650e-01 -6.965095675785066068e-03
2.257370693988056676e-01 -6.563080884375780723e-03
2.324517865697500740e-01 -6.156230267725440290e-03
2.392518076353984391e-01 -5.744853219670754962e-03
2.461363768539343022e-01 -5.329278934553931431e-03
2.531047290870154232e-01 -4.909856246906010163e-03
2.601560898848094272e-01 -4.486965213609118985e-03
2.672896755720651774e-01 -4.060995212475355422e-03
2.745046933352085494e-01 -3.632345754352617195e-03
2.818003413104546162e-01 -3.201452576264275478e-03
2.891758086729252497e-01 -2.768796414815086811e-03
2.966302757267624823e-01 -2.334841290205091555e-03
3.041629139962280792e-01 -1.900035155367944427e-03
3.117728863177794407e-01 -1.464932402805512856e-03
3.194593469331089564e-01 -1.030168004127569306e-03
3.272214415831418144e-01 -5.961053162238317193e-04
3.350583076029753915e-01 -1.628611895641802554e-04
3.429690740177547825e-01 2.698444627025939997e-04
3.509528616394713696e-01 7.025415803837817188e-04
3.590087831646743277e-01 1.135712111176216546e-03
3.671359432730831873e-01 1.569817811132012296e-03
3.753334387270930161e-01 2.005384631343272613e-03
3.836003584721576765e-01 2.442980659246438667e-03
3.919357837380436083e-01 2.883251862874463591e-03
4.003387881409395943e-01 3.326848800563970889e-03
4.088084377864137364e-01 3.774295493243865884e-03
4.173437913732044313e-01 4.225958667648453161e-03
4.259439002978354649e-01 4.681716923179713059e-03
4.346078087600411255e-01 5.141358201127596735e-03
4.433345538689928977e-01 5.604794418575378100e-03
4.521231657503131940e-01 6.071924264642369028e-03
4.609726676538650203e-01 6.542534208226599181e-03
4.698820760623064752e-01 7.016451582526387308e-03
4.788504008003974244e-01 7.493644518954376693e-03
4.878766451450451402e-01 7.973911345361349087e-03
4.969598059360780251e-01 8.456671958294588454e-03
5.060988736877365390e-01 8.940900780530331229e-03
5.152928327008634568e-01 9.424912779968892124e-03
5.245406611757882365e-01 9.907013126706162159e-03
5.338413313258880688e-01 1.038557566068883976e-02
5.431938094918128401e-01 1.085889812972976216e-02
5.525970562563653488e-01 1.132518167821886662e-02
5.620500265600203438e-01 1.178258003738215723e-02
5.715516698170692855e-01 1.222920502700277669e-02
5.811009300323815019e-01 1.266315755121844369e-02
5.906967459187653091e-01 1.308251899868721584e-02
6.003380510149177729e-01 1.348521572456690305e-02
6.100237738039482327e-01 1.386909671149155233e-02
6.197528378324663745e-01 1.423232612709286055e-02
6.295241618302156450e-01 1.457333957980489966e-02
6.393366598302444581e-01 1.489127484009398344e-02
6.491892412895989839e-01 1.518558768301555423e-02
6.590808112105230876e-01 1.545555861799330875e-02
6.690102702621547603e-01 1.570041303264774202e-02
6.789765149027036095e-01 1.591947355722296217e-02
6.889784375020977514e-01 1.611208037981481586e-02
6.990149264650814542e-01 1.627750348283820564e-02
7.090848663547572039e-01 1.641488040721196529e-02
7.191871380165538730e-01 1.652293161368592611e-02
7.293206187026060050e-01 1.660026607943078381e-02
7.394841821965345563e-01 1.664544696770082696e-02
7.496766989386134394e-01 1.665705611585834370e-02
7.598970361513051053e-01 1.663374421083361338e-02
7.701440579651563922e-01 1.657410513398254598e-02
7.804166255450371015e-01 1.647659210351339401e-02
7.907135972167069760e-01 1.633978217208560679e-02
8.010338285937002034e-01 1.616249658403894063e-02
8.113761727045106786e-01 1.594327906960139180e-02
8.217394801200630372e-01 1.568024469846334909e-02
8.321225990814590245e-01 1.537217346036116004e-02
8.425243756279822138e-01 1.501860987681939014e-02
8.529436537253458628e-01 1.461638356841128521e-02
8.633792753941731402e-01 1.415936692894558674e-02
8.738300808386934015e-01 1.364048723726813891e-02
8.842949085756387495e-01 1.305189876568569121e-02
8.947725955633289985e-01 1.238491602757012602e-02
9.052619773309316109e-01 1.163044823046715040e-02
9.157618881078770645e-01 1.078170009882789028e-02
9.262711609534211021e-01 9.832763327053697933e-03
9.367886278863364335e-01 8.772631998524307861e-03
9.473131200147204556e-01 7.589245022457959643e-03
9.578434676659028923e-01 6.282528998468692172e-03
9.683785005164411430e-01 4.848764786773613472e-03
9.789170477221889044e-01 3.231190344685842472e-03
9.894579380484205267e-01 1.338232448740318955e-03
9.999999999999998890e-01 -9.962598641455660750e-04
