9.999999999999998890e-01 1.470962748020202991e-03
9.894579380484205267e-01 3.062062059365028028e-03
9.789170477221889044e-01 4.634156979844586931e-03
9.683785005164411430e-01 6.187081901225855753e-03
9.578434676659028923e-01 7.720680705485245474e-03
9.473131200147204556e-01 9.234803454081726842e-03
9.367886278863364335e-01 1.072931174676702501e-02
9.262711609534211021e-01 1.220407313805782316e-02
9.157618881078770645e-01 1.365896432097930650e-02
9.052619773309316109e-01 1.509386953652004301e-02
8.947725955633289985e-01 1.650868499449784088e-02
8.842949085756387495e-01 1.790331196032561578e-02
8.738300808386934015e-01 1.927765788619409393e-02
8.633792753941731402e-01 2.063164184216506603e-02
8.529436537253458628e-01 2.196519764004888770e-02
8.425243756279822138e-01 2.327825817725228535e-02
8.321225990814590245e-01 2.457075541271925082e-02
8.217394801200630372e-01 2.584264751214331718e-02
8.113761727045106786e-01 2.709391586589135481e-02
8.010338285937002034e-01 2.832451427453798465e-02
7.907135972167069760e-01 2.953438026724781312e-02
7.804166255450371015e-01 3.072353309978975711e-02
7.701440579651563922e-01 3.189203347080934309e-02
7.598970361513051053e-01 3.303980352765156780e-02
7.496766989386134394e-01 3.416672921326122103e-02
7.394841821965345563e-01 3.527303568959361951e-02
7.293206187026060050e-01 3.635891092983186551e-02
7.191871380165538730e-01 3.742326676290103765e-02
7.090848663547572039e-01 3.846470463302188031e-02
6.990149264650814542e-01 3.948284945968667109e-02
6.889784375020977514e-01 4.047769215387489461e-02
6.789765149027036095e-01 4.144935439105708330e-02
6.690102702621547603e-01 4.239798327096168384e-02
6.590808112105230876e-01 4.332369078792248224e-02
6.491892412895989839e-01 4.422657571207103816e-02
6.393366598302444581e-01 4.510672104968130314e-02
6.295241618302156450e-01 4.596425660373393285e-02
6.197528378324663745e-01 4.679943239270138028e-02
6.100237738039482327e-01 4.761239083382463183e-02
6.003380510149177729e-01 4.840301708988272583e-02
5.906967459187653091e-01 4.917101103105220306e-02
5.811009300323815019e-01 4.991581836910134046e-02
5.715516698170692855e-01 5.063726764685533288e-02
5.620500265600203438e-01 5.133576671125165275e-02
5.525970562563653488e-01 5.201161457836334101e-02
5.431938094918128401e-01 5.266492904830578914e-02
5.338413313258880688e-01 5.329591331372787039e-02
5.245406611757882365e-01 5.390486573318766655e-02
5.152928327008634568e-01 5.449203754958431567e-02
5.060988736877365390e-01 5.505763975694055040e-02
4.969598059360780251e-01 5.560193616569318598e-02
4.878766451450451402e-01 5.612522534196452001e-02
4.788504008003974244e-01 5.662775819995767568e-02
4.698820760623064752e-01 5.710976891723720805e-02
4.609726676538650203e-01 5.757160152638036987e-02
4.521231657503131940e-01 5.801357711800689265e-02
4.433345538689928977e-01 5.843546477922682836e-02
4.346078087600411255e-01 5.883689625407888951e-02
4.259439002978354649e-01 5.921806011916500023e-02
4.173437913732044313e-01 5.957933190392368517e-02
4.088084377864137364e-01 5.992103961265383971e-02
4.003387881409395943e-01 6.024351240717507050e-02
3.919357837380436083e-01 6.054713754024233785e-02
3.836003584721576765e-01 6.083228966505415530e-02
3.753334387270930161e-01 6.109925932013865468e-02
3.671359432730831873e-01 6.134838520423394059e-02
3.590087831646743277e-01 6.158017536253317104e-02
3.509528616394713696e-01 6.179502413046983333e-02
3.429690740177547825e-01 6.199302120357431944e-02
3.350583076029753915e-01 6.217458193531912730e-02
3.272214415831418144e-01 6.234076177130785934e-02
3.194593469331089564e-01 6.249102702170947210e-02
3.117728863177794407e-01 6.262233841859964067e-02
3.041629139962280792e-01 6.273290795998874569e-02
2.966302757267624823e-01 6.282285171272031232e-02
2.891758086729252497e-01 6.289272809647403206e-02
2.818003413104546162e-01 6.294342256021660809e-02
2.745046933352085494e-01 6.297547688459552429e-02
2.672896755720651774e-01 6.298913712441660262e-02
2.601560898848094272e-01 6.298518145196678464e-02
2.531047290870154232e-01 6.296472670902536484e-02
2.461363768539343022e-01 6.292791686754088676e-02
2.392518076353984391e-01 6.287446992936621126e-02
2.324517865697500740e-01 6.280612415855020558e-02
2.257370693988056676e-01 6.272496028127649836e-02
2.191084023838638650e-01 6.262723120605359628e-02
2.125665222227673956e-01 6.250721179026139107e-02
2.061121559680280102e-01 6.236346316779480675e-02
1.997460209460230063e-01 6.219614386984935461e-02
1.934688246772731102e-01 6.200520636622004755e-02
1.872812647978095990e-01 6.178934349571084395e-02
1.811840289816407656e-01 6.154228414300245975e-02
1.751777948643248317e-01 6.125867468378795588e-02
1.692632299676588570e-01 6.094072123066870267e-02
1.634409916254914164e-01 6.059178225071128188e-02
1.577117269106679265e-01 6.021390012733374153e-02
1.520760725631161714e-01 5.980834432486472479e-02
1.465346549190801317e-01 5.937512877317450977e-02
1.410880898415101115e-01 5.891629755300476640e-02
1.357369826516168221e-01 5.843810787890473674e-02
1.304819280615971966e-01 5.793865825723167745e-02
1.253235101085391490e-01 5.740194742886615270e-02
1.202623020895129402e-01 5.681641139798618984e-02
1.152988664978553679e-01 5.617860182955108916e-02
1.104337549606562163e-01 5.549050503356919156e-02
1.056675081774507419e-01 5.475958176204871741e-02
1.010006558601274085e-01 5.398964874969639643e-02
9.643371667405697956e-02 5.318091505463838631e-02
9.196719818044885031e-02 5.233827120692484403e-02
8.760159677994161509e-02 5.146972405821757801e-02
8.333739765743386485e-02 5.057164070903224368e-02
7.917507472816209813e-02 4.963333867737014515e-02
7.511509058502996439e-02 4.865604743030910867e-02
7.115789644719716645e-02 4.764667827119347526e-02
6.730393210993146358e-02 4.660051962788032409e-02
6.355362589573076981e-02 4.550806804841374398e-02
5.990739460672012129e-02 4.436630993943357915e-02
5.636564347832906385e-02 4.317611899779393719e-02
5.292876613425423482e-02 4.194498312984206584e-02
4.959714454271368922e-02 4.068210800994605941e-02
4.637114897399441382e-02 3.939431386715744332e-02
4.325113795930202176e-02 3.808758452495299845e-02
4.023745825091396000e-02 3.676728680850418346e-02
3.733044478364233587e-02 3.543211131039875755e-02
3.453042063760936031e-02 3.406083694557203445e-02
3.183769700234129196e-02 3.264015219772542498e-02
2.925257314218321358e-02 3.118631068609617474e-02
2.677533636303963682e-02 2.971790009907246746e-02
2.440626198044326678e-02 2.824877987739037380e-02
2.214561328895736647e-02 2.679643462871728748e-02
1.999364153291383062e-02 2.538528700841617344e-02
1.795058587848985532e-02 2.401321999694320045e-02
1.601667338712764455e-02 2.263821409705285559e-02
1.419211899029970692e-02 2.123280733886177482e-02
1.247712546562085301e-02 1.979241558460170455e-02
1.087188341431266636e-02 1.833048268246108628e-02
9.376571240020115106e-03 1.687702085327250773e-02
7.991355128984078959e-03 1.544540838583056443e-02
6.716389031571567969e-03 1.403528356627109508e-02
5.551814645166519568e-03 1.267120098304301556e-02
4.497761398421062928e-03 1.138704651603147412e-02
3.554346436871580472e-03 1.010747524388108318e-02
2.721674609919344512e-03 8.712673966365623579e-03
1.999838459177394334e-03 7.303687755015535882e-03
1.388918208186096237e-03 6.049186212688648610e-03
8.889817534969424173e-04 4.757340595328010506e-03
5.000846571264760954e-04 3.169236355215107950e-03
2.222701403818971855e-04 1.574326922973924093e-03
5.556907905679420168e-05 4.289536536667030520e-04
0.000000000000000000e+00 2.116450620977435365e-05
0.000000000000000000e+00 -5.280243106663818188e-05
5.556907905679420168e-05 -3.803853354574798394e-04
2.222701403818971855e-04 -1.293849507710659449e-03
5.000846571264760954e-04 -2.533306252302711201e-03
8.889817534969424173e-04 -3.690301188401012671e-03
1.388918208186096237e-03 -4.509141660174948926e-03
1.999838459177394334e-03 -5.233032608214783533e-03
2.721674609919344512e-03 -6.047447039269859131e-03
3.554346436871580472e-03 -6.817252825536647062e-03
4.497761398421062928e-03 -7.457845922192386096e-03
5.551814645166519568e-03 -8.062884685909987859e-03
6.716389031571567969e-03 -8.687354933177455010e-03
7.991355128984078959e-03 -9.294008999381295905e-03
9.376571240020115106e-03 -9.867183401514453486e-03
1.087188341431266636e-02 -1.043078737142690005e-02
1.247712546562085301e-02 -1.100407869135275503e-02
1.419211899029970692e-02 -1.159745707320350254e-02
1.601667338712764455e-02 -1.221039684130241845e-02
1.795058587848985532e-02 -1.283274723327419709e-02
1.999364153291383062e-02 -1.345929921347135613e-02
2.214561328895736647e-02 -1.408877350295957044e-02
2.440626198044326678e-02 -1.471567842091285258e-02
2.677533636303963682e-02 -1.533200185755011040e-02
2.925257314218321358e-02 -1.593367488998387316e-02
3.183769700234129196e-02 -1.651797971757887687e-02
3.453042063760936031e-02 -1.707496634446816278e-02
3.733044478364233587e-02 -1.759511842508438423e-02
4.023745825091396000e-02 -1.809383907870280167e-02
4.325113795930202176e-02 -1.859337013928110197e-02
4.637114897399441382e-02 -1.910005611849743129e-02
4.959714454271368922e-02 -1.961445478445512230e-02
5.292876613425423482e-02 -2.013465917797264623e-02
5.636564347832906385e-02 -2.065850157076309576e-02
5.990739460672012129e-02 -2.118525375985971446e-02
6.355362589573076981e-02 -2.171421632240308486e-02
6.730393210993146358e-02 -2.224383426057444796e-02
7.115789644719716645e-02 -2.277257588461496438e-02
7.511509058502996439e-02 -2.329934610918912158e-02
7.917507472816209813e-02 -2.382293716227801283e-02
8.333739765743386485e-02 -2.434178172852225971e-02
8.760159677994161509e-02 -2.485443898653722644e-02
9.196719818044885031e-02 -2.535975137986543754e-02
9.643371667405697956e-02 -2.585627255521780535e-02
1.010006558601274085e-01 -2.634211924965929041e-02
1.056675081774507419e-01 -2.681591426441069445e-02
1.104337549606562163e-01 -2.727688409836867556e-02
1.152988664978553679e-01 -2.772315088996661278e-02
1.202623020895129402e-01 -2.815180786085877407e-02
1.253235101085391490e-01 -2.856226864967150933e-02
1.304819280615971966e-01 -2.895630646999302477e-02
1.357369826516168221e-01 -2.934017087366467061e-02
1.410880898415101115e-01 -2.972260067867276215e-02
1.465346549190801317e-01 -3.010484617664478668e-02
1.520760725631161714e-01 -3.048385912306649653e-02
1.577117269106679265e-01 -3.085914263210247713e-02
1.634409916254914164e-01 -3.123134517256980630e-02
1.692632299676588570e-01 -3.159980116126814148e-02
1.751777948643248317e-01 -3.196340384090660958e-02
1.811840289816407656e-01 -3.232174470152072987e-02
1.872812647978095990e-01 -3.267458106464731643e-02
1.934688246772731102e-01 -3.302128825785691918e-02
1.997460209460230063e-01 -3.336118153494353755e-02
2.061121559680280102e-01 -3.369377449800513291e-02
2.125665222227673956e-01 -3.401859361764834194e-02
2.191084023838638650e-01 -3.433505497714010174e-02
2.257370693988056676e-01 -3.464257483693346240e-02
2.324517865697500740e-01 -3.494062712601917614e-02
2.392518076353984391e-01 -3.522867753961216736e-02
2.461363768539343022e-01 -3.550615353679109631e-02
2.531047290870154232e-01 -3.577249410185302098e-02
2.601560898848094272e-01 -3.602716810157975680e-02
2.672896755720651774e-01 -3.626962425495780518e-02
2.745046933352085494e-01 -3.649927657268553505e-02
2.818003413104546162e-01 -3.671557815242081774e-02
2.891758086729252497e-01 -3.691803351973989983e-02
2.966302757267624823e-01 -3.710607233889422207e-02
3.041629139962280792e-01 -3.727904619125066432e-02
3.117728863177794407e-01 -3.743644737408018813e-02
3.194593469331089564e-01 -3.757798679869525649e-02
3.272214415831418144e-01 -3.770467101381181491e-02
3.350583076029753915e-01 -3.781836324236498986e-02
3.429690740177547825e-01 -3.791925565159166844e-02
3.509528616394713696e-01 -3.800648119426314892e-02
3.590087831646743277e-01 -3.807960923399686393e-02
3.671359432730831873e-01 -3.813843094944435741e-02
3.753334387270930161e-01 -3.818252990836577820e-02
3.836003584721576765e-01 -3.821141250962960256e-02
3.919357837380436083e-01 -3.822470255622182483e-02
4.003387881409395943e-01 -3.822205752669542711e-02
4.088084377864137364e-01 -3.820307805381897848e-02
4.173437913732044313e-01 -3.816735738312206777e-02
4.259439002978354649e-01 -3.811453271105402774e-02
4.346078087600411255e-01 -3.804423782228735090e-02
4.433345538689928977e-01 -3.795605600790687845e-02
4.521231657503131940e-01 -3.784983471915433217e-02
4.609726676538650203e-01 -3.772619812221705837e-02
4.698820760623064752e-01 -3.758557539025977889e-02
4.788504008003974244e-01 -3.742761762783319845e-02
4.878766451450451402e-01 -3.725193489826467141e-02
4.969598059360780251e-01 -3.705827520413836756e-02
5.060988736877365390e-01 -3.684637294348726971e-02
5.152928327008634568e-01 -3.661591431468536051e-02
5.245406611757882365e-01 -3.636660526201259541e-02
5.338413313258880688e-01 -3.609818505854732462e-02
5.431938094918128401e-01 -3.581038887422093031e-02
5.525970562563653488e-01 -3.550294487517028502e-02
5.620500265600203438e-01 -3.517559498795216899e-02
5.715516698170692855e-01 -3.482809513572018845e-02
5.811009300323815019e-01 -3.446020256477400762e-02
5.906967459187653091e-01 -3.407167627506873381e-02
6.003380510149177729e-01 -3.366229015922825307e-02
6.100237738039482327e-01 -3.323182832079785154e-02
6.197528378324663745e-01 -3.278007311365641052e-02
6.295241618302156450e-01 -3.230680916460732660e-02
6.393366598302444581e-01 -3.181184935116708468e-02
6.491892412895989839e-01 -3.129501663546561951e-02
6.590808112105230876e-01 -3.075610842442744533e-02
6.690102702621547603e-01 -3.019492593171848455e-02
6.789765149027036095e-01 -2.961134880768361358e-02
6.889784375020977514e-01 -2.900525767265920221e-02
6.990149264650814542e-01 -2.837641742831730624e-02
7.090848663547572039e-01 -2.772462058084585942e-02
7.191871380165538730e-01 -2.704988239636732517e-02
7.293206187026060050e-01 -2.635277054650286832e-02
7.394841821965345563e-01 -2.563537955146224373e-02
7.496766989386134394e-01 -2.489933150628825809e-02
7.598970361513051053e-01 -2.414432097471438249e-02
7.701440579651563922e-01 -2.336998217764125682e-02
7.804166255450371015e-01 -2.257645289116997148e-02
7.907135972167069760e-01 -2.176381324374214096e-02
8.010338285937002034e-01 -2.093193075563480610e-02
8.113761727045106786e-01 -2.008073126436143302e-02
8.217394801200630372e-01 -1.921025811361858418e-02
8.321225990814590245e-01 -1.832052626943806231e-02
8.425243756279822138e-01 -1.741150470222401631e-02
8.529436537253458628e-01 -1.648319285846839427e-02
8.633792753941731402e-01 -1.553562496686200327e-02
8.738300808386934015e-01 -1.456882926610877926e-02
8.842949085756387495e-01 -1.358282840264119114e-02
8.947725955633289985e-01 -1.257766222519567795e-02
9.052619773309316109e-01 -1.155338398508349781e-02
9.157618881078770645e-01 -1.051005108500004809e-02
9.262711609534211021e-01 -9.447724736632179959e-03
9.367886278863364335e-01 -8.366478698034805414e-03
9.473131200147204556e-01 -7.266394461179414774e-03
9.578434676659028923e-01 -6.147561712109951039e-03
9.683785005164411430e-01 -5.010075666891634916e-03
9.789170477221889044e-01 -3.854043040678940824e-03
9.894579380484205267e-01 -2.679576574061968020e-03
9.999999999999998890e-01 -1.486797815435007917e-03
