9.999999999999998890e-01 9.329661937680547952e-04
9.894579380484205267e-01 3.219160399510390905e-03
9.789170477221889044e-01 5.537079332625032858e-03
9.683785005164411430e-01 7.867216726858701492e-03
9.578434676659028923e-01 1.019108972088488343e-02
9.473131200147204556e-01 1.249268625619622854e-02
9.367886278863364335e-01 1.476215067023465242e-02
9.262711609534211021e-01 1.699000234905046966e-02
9.157618881078770645e-01 1.916529857227477693e-02
9.052619773309316109e-01 2.128140878376368061e-02
8.947725955633289985e-01 2.334025468044804638e-02
8.842949085756387495e-01 2.534515528101549328e-02
8.738300808386934015e-01 2.730014339030844076e-02
8.633792753941731402e-01 2.920950637971186925e-02
8.529436537253458628e-01 3.107767986194528639e-02
8.425243756279822138e-01 3.290602199452567767e-02
8.321225990814590245e-01 3.469236419703593949e-02
8.217394801200630372e-01 3.643347834385149420e-02
8.113761727045106786e-01 3.812533325098518833e-02
8.010338285937002034e-01 3.976429921766808789e-02
7.907135972167069760e-01 4.134708974752797361e-02
7.804166255450371015e-01 4.287036432843326778e-02
7.701440579651563922e-01 4.433112011411613484e-02
7.598970361513051053e-01 4.573009429227851974e-02
7.496766989386134394e-01 4.707013699064112322e-02
7.394841821965345563e-01 4.835404109600417027e-02
7.293206187026060050e-01 4.958454537654584382e-02
7.191871380165538730e-01 5.076428968412367154e-02
7.090848663547572039e-01 5.189592016328901936e-02
6.990149264650814542e-01 5.298232132142163125e-02
6.889784375020977514e-01 5.402615811501315646e-02
6.789765149027036095e-01 5.502880822620173640e-02
6.690102702621547603e-01 5.599108540843295012e-02
6.590808112105230876e-01 5.691303449930036618e-02
6.491892412895989839e-01 5.779462717259839510e-02
6.393366598302444581e-01 5.863612245637950943e-02
6.295241618302156450e-01 5.943778990300437048e-02
6.197528378324663745e-01 6.019979704015332445e-02
6.100237738039482327e-01 6.092233827752387837e-02
6.003380510149177729e-01 6.160569357150030845e-02
5.906967459187653091e-01 6.225014566395153243e-02
5.811009300323815019e-01 6.285596491728683011e-02
5.715516698170692855e-01 6.342344701331871504e-02
5.620500265600203438e-01 6.395292575913712196e-02
5.525970562563653488e-01 6.444474189931997943e-02
5.431938094918128401e-01 6.489924217012009444e-02
5.338413313258880688e-01 6.531680094692020322e-02
5.245406611757882365e-01 6.569782026285281296e-02
5.152928327008634568e-01 6.604270054981585536e-02
5.060988736877365390e-01 6.635184496483029215e-02
4.969598059360780251e-01 6.662572721076180648e-02
4.878766451450451402e-01 6.686488346061408850e-02
4.788504008003974244e-01 6.706997315135157511e-02
4.698820760623064752e-01 6.724172775020435811e-02
4.609726676538650203e-01 6.738085980333870240e-02
4.521231657503131940e-01 6.748807453413341317e-02
4.433345538689928977e-01 6.756409710635961907e-02
4.346078087600411255e-01 6.760966084558853173e-02
4.259439002978354649e-01 6.762549703304134019e-02
4.173437913732044313e-01 6.761233850034581438e-02
4.088084377864137364e-01 6.757092875896282547e-02
4.003387881409395943e-01 6.750201393470030287e-02
3.919357837380436083e-01 6.740633821327633723e-02
3.836003584721576765e-01 6.728464896436599230e-02
3.753334387270930161e-01 6.713770512365731247e-02
3.671359432730831873e-01 6.696626319427290142e-02
3.590087831646743277e-01 6.677106735475213384e-02
3.509528616394713696e-01 6.655287211807980885e-02
3.429690740177547825e-01 6.631245867583861198e-02
3.350583076029753915e-01 6.605058601365008941e-02
3.272214415831418144e-01 6.576796715860390441e-02
3.194593469331089564e-01 6.546537170715367726e-02
3.117728863177794407e-01 6.514365680238115575e-02
3.041629139962280792e-01 6.480342742652238364e-02
2.966302757267624823e-01 6.444494686531362926e-02
2.891758086729252497e-01 6.406829317957710157e-02
2.818003413104546162e-01 6.367337304862219494e-02
2.745046933352085494e-01 6.326020435117350738e-02
2.672896755720651774e-01 6.282891605328484730e-02
2.601560898848094272e-01 6.237965186205290252e-02
2.531047290870154232e-01 6.191256982775104889e-02
2.461363768539343022e-01 6.142790019650170436e-02
2.392518076353984391e-01 6.092592412509988120e-02
2.324517865697500740e-01 6.040696052441905939e-02
2.257370693988056676e-01 5.987135629424242267e-02
2.191084023838638650e-01 5.931951724019070976e-02
2.125665222227673956e-01 5.875188247736077424e-02
2.061121559680280102e-01 5.816893088412636303e-02
1.997460209460230063e-01 5.757116768280536034e-02
1.934688246772731102e-01 5.695915499042975699e-02
1.872812647978095990e-01 5.633347865542517874e-02
1.811840289816407656e-01 5.569474864117988921e-02
1.751777948643248317e-01 5.504360238880027373e-02
1.692632299676588570e-01 5.438074996295757385e-02
1.634409916254914164e-01 5.370690629796606719e-02
1.577117269106679265e-01 5.302275643182324805e-02
1.520760725631161714e-01 5.232905339997864780e-02
1.465346549190801317e-01 5.162671731078065374e-02
1.410880898415101115e-01 5.091606288524316848e-02
1.357369826516168221e-01 5.019617123023503713e-02
1.304819280615971966e-01 4.946605319623981895e-02
1.253235101085391490e-01 4.872484407579386056e-02
1.202623020895129402e-01 4.797188340005596741e-02
1.152988664978553679e-01 4.720678375164460289e-02
1.104337549606562163e-01 4.642937123511008818e-02
1.056675081774507419e-01 4.563970205545724024e-02
1.010006558601274085e-01 4.483793714409860937e-02
9.643371667405697956e-02 4.402434936397561088e-02
9.196719818044885031e-02 4.319957640448654490e-02
8.760159677994161509e-02 4.236452158765458692e-02
8.333739765743386485e-02 4.151965618725764889e-02
7.917507472816209813e-02 4.066501585591770357e-02
7.511509058502996439e-02 3.979932334775845154e-02
7.115789644719716645e-02 3.892067231605397110e-02
6.730393210993146358e-02 3.802829311020330949e-02
6.355362589573076981e-02 3.712201244119385513e-02
5.990739460672012129e-02 3.620187414292780348e-02
5.636564347832906385e-02 3.526818637213269964e-02
5.292876613425423482e-02 3.432222539481218776e-02
4.959714454271368922e-02 3.336552712838085355e-02
4.637114897399441382e-02 3.239931390564947805e-02
4.325113795930202176e-02 3.142522489267845359e-02
4.023745825091396000e-02 3.044676700011653137e-02
3.733044478364233587e-02 2.946618620239711828e-02
3.453042063760936031e-02 2.848056094413936937e-02
3.183769700234129196e-02 2.748563484755925032e-02
2.925257314218321358e-02 2.647627001102662719e-02
2.677533636303963682e-02 2.544888841811824426e-02
2.440626198044326678e-02 2.440350060455974066e-02
2.214561328895736647e-02 2.334162816075900995e-02
1.999364153291383062e-02 2.226666636343847469e-02
1.795058587848985532e-02 2.118265791322775440e-02
1.601667338712764455e-02 2.009437438651305585e-02
1.419211899029970692e-02 1.900847556072077921e-02
1.247712546562085301e-02 1.793384894842746727e-02
1.087188341431266636e-02 1.687804842749117754e-02
9.376571240020115106e-03 1.584593442185945264e-02
7.991355128984078959e-03 1.482093763953781611e-02
6.716389031571567969e-03 1.376759904537950413e-02
5.551814645166519568e-03 1.265090314950639665e-02
4.497761398421062928e-03 1.144334976506767437e-02
3.554346436871580472e-03 1.019282773773949428e-02
2.721674609919344512e-03 8.977971382206864637e-03
1.999838459177394334e-03 7.727384105089339476e-03
1.388918208186096237e-03 6.306315914598701299e-03
8.889817534969424173e-04 4.698352924399188529e-03
5.000846571264760954e-04 2.976297229084492839e-03
2.222701403818971855e-04 1.430297430367823489e-03
5.556907905679420168e-05 3.928013655815788666e-04
0.000000000000000000e+00 1.450690411754272236e-05
0.000000000000000000e+00 -1.368771680393573965e-05
5.556907905679420168e-05 -3.061459341662372755e-04
2.222701403818971855e-04 -1.114909603273749614e-03
5.000846571264760954e-04 -2.331589385590789997e-03
8.889817534969424173e-04 -3.719508054139357336e-03
1.388918208186096237e-03 -5.069120534317851125e-03
1.999838459177394334e-03 -6.316865845045168890e-03
2.721674609919344512e-03 -7.459794006758750304e-03
3.554346436871580472e-03 -8.575995734734727372e-03
4.497761398421062928e-03 -9.701261325277080530e-03
5.551814645166519568e-03 -1.077076154683363068e-02
6.716389031571567969e-03 -1.174544651409060829e-02
7.991355128984078959e-03 -1.264516094828645708e-02
9.376571240020115106e-03 -1.350111416409304280e-02
1.087188341431266636e-02 -1.435197242426089828e-02
1.247712546562085301e-02 -1.521526322533312686e-02
1.419211899029970692e-02 -1.608408575447437330e-02
1.601667338712764455e-02 -1.695059394541026040e-02
1.795058587848985532e-02 -1.780736102851892405e-02
1.999364153291383062e-02 -1.864822012352078395e-02
2.214561328895736647e-02 -1.946811736383338709e-02
2.440626198044326678e-02 -2.026343216071357922e-02
2.677533636303963682e-02 -2.103165395310954006e-02
2.925257314218321358e-02 -2.177186852772845446e-02
3.183769700234129196e-02 -2.248456051648483472e-02
3.453042063760936031e-02 -2.317420006759582721e-02
3.733044478364233587e-02 -2.384697775460290284e-02
4.023745825091396000e-02 -2.450801811930171381e-02
4.325113795930202176e-02 -2.516099268154114652e-02
4.637114897399441382e-02 -2.580416974615408823e-02
4.959714454271368922e-02 -2.643448350099891417e-02
5.292876613425423482e-02 -2.705075309726555702e-02
5.636564347832906385e-02 -2.765220613699709284e-02
5.990739460672012129e-02 -2.823771018298843610e-02
6.355362589573076981e-02 -2.880636868184902055e-02
6.730393210993146358e-02 -2.935821366417321401e-02
7.115789644719716645e-02 -2.989351895991582478e-02
7.511509058502996439e-02 -3.041273792864810158e-02
7.917507472816209813e-02 -3.091687299833353886e-02
8.333739765743386485e-02 -3.140797927669163742e-02
8.760159677994161509e-02 -3.188752857233326937e-02
9.196719818044885031e-02 -3.235577564011715007e-02
9.643371667405697956e-02 -3.281257130476952083e-02
1.010006558601274085e-01 -3.325736546682540873e-02
1.056675081774507419e-01 -3.368984571966796709e-02
1.104337549606562163e-01 -3.411002722118727098e-02
1.152988664978553679e-01 -3.451802017144021961e-02
1.202623020895129402e-01 -3.491402301853242102e-02
1.253235101085391490e-01 -3.529843669937223621e-02
1.304819280615971966e-01 -3.567184994377443213e-02
1.357369826516168221e-01 -3.603508825282090294e-02
1.410880898415101115e-01 -3.638915406302602185e-02
1.465346549190801317e-01 -3.673515659945705142e-02
1.520760725631161714e-01 -3.707414128332784525e-02
1.577117269106679265e-01 -3.740606486224155175e-02
1.634409916254914164e-01 -3.773034904672032536e-02
1.692632299676588570e-01 -3.804655747170908320e-02
1.751777948643248317e-01 -3.835431038130489301e-02
1.811840289816407656e-01 -3.865319565265187829e-02
1.872812647978095990e-01 -3.894280179647106183e-02
1.934688246772731102e-01 -3.922277415646769488e-02
1.997460209460230063e-01 -3.949277819950066520e-02
2.061121559680280102e-01 -3.975249295016950596e-02
2.125665222227673956e-01 -4.000161367399659301e-02
2.191084023838638650e-01 -4.023987681871384059e-02
2.257370693988056676e-01 -4.046703702625170651e-02
2.324517865697500740e-01 -4.068287542164431003e-02
2.392518076353984391e-01 -4.088719619100790459e-02
2.461363768539343022e-01 -4.107984466873279561e-02
2.531047290870154232e-01 -4.126068520083392421e-02
2.601560898848094272e-01 -4.142960751550883031e-02
2.672896755720651774e-01 -4.158653656236208779e-02
2.745046933352085494e-01 -4.173144733437588599e-02
2.818003413104546162e-01 -4.186432383437305865e-02
2.891758086729252497e-01 -4.198515909982720312e-02
2.966302757267624823e-01 -4.209402368858604360e-02
3.041629139962280792e-01 -4.219106566700199512e-02
3.117728863177794407e-01 -4.227630993022608863e-02
3.194593469331089564e-01 -4.234964845000099148e-02
3.272214415831418144e-01 -4.241072891278566820e-02
3.350583076029753915e-01 -4.245901854519212176e-02
3.429690740177547825e-01 -4.249404480343085821e-02
3.509528616394713696e-01 -4.251537383034798001e-02
3.590087831646743277e-01 -4.252253685691494839e-02
3.671359432730831873e-01 -4.251504783057633019e-02
3.753334387270930161e-01 -4.249243751362290211e-02
3.836003584721576765e-01 -4.245424254941545378e-02
3.919357837380436083e-01 -4.239998781503552527e-02
4.003387881409395943e-01 -4.232919496371689849e-02
4.088084377864137364e-01 -4.224139209156298896e-02
4.173437913732044313e-01 -4.213610790148683560e-02
4.259439002978354649e-01 -4.201286515818858369e-02
4.346078087600411255e-01 -4.187118742702109625e-02
4.433345538689928977e-01 -4.171060629710016121e-02
4.521231657503131940e-01 -4.153065133305895718e-02
4.609726676538650203e-01 -4.133084155281100541e-02
4.698820760623064752e-01 -4.111070395219964396e-02
4.788504008003974244e-01 -4.086978845530132159e-02
4.878766451450451402e-01 -4.060762712692506105e-02
4.969598059360780251e-01 -4.032371214652438751e-02
5.060988736877365390e-01 -4.001764378668480615e-02
5.152928327008634568e-01 -3.968920938512884855e-02
5.245406611757882365e-01 -3.933828537509347079e-02
5.338413313258880688e-01 -3.896484720863493956e-02
5.431938094918128401e-01 -3.856886966830103819e-02
5.525970562563653488e-01 -3.815031943358161010e-02
5.620500265600203438e-01 -3.770918815181957540e-02
5.715516698170692855e-01 -3.724549336127861571e-02
5.811009300323815019e-01 -3.675926759620233575e-02
5.906967459187653091e-01 -3.625055592904100760e-02
6.003380510149177729e-01 -3.571941641896644870e-02
6.100237738039482327e-01 -3.516591924653817564e-02
6.197528378324663745e-01 -3.459016852546686893e-02
6.295241618302156450e-01 -3.399228645649491481e-02
6.393366598302444581e-01 -3.337238101853101657e-02
6.491892412895989839e-01 -3.273056614221821203e-02
6.590808112105230876e-01 -3.206704325254003396e-02
6.690102702621547603e-01 -3.138202672691465384e-02
6.789765149027036095e-01 -3.067560526562052720e-02
6.889784375020977514e-01 -2.994792656768216835e-02
6.990149264650814542e-01 -2.919959611019835519e-02
7.090848663547572039e-01 -2.843155023645542109e-02
7.191871380165538730e-01 -2.764547366855540228e-02
7.293206187026060050e-01 -2.684318986585695552e-02
7.394841821965345563e-01 -2.602641761524859126e-02
7.496766989386134394e-01 -2.519689197409264586e-02
7.598970361513051053e-01 -2.435643965853549059e-02
7.701440579651563922e-01 -2.350693164474697630e-02
7.804166255450371015e-01 -2.265028562982051089e-02
7.907135972167069760e-01 -2.178699024369676676e-02
8.010338285937002034e-01 -2.091500195999952683e-02
8.113761727045106786e-01 -2.003200446060228110e-02
8.217394801200630372e-01 -1.913565661344318949e-02
8.321225990814590245e-01 -1.822352629436809618e-02
8.425243756279822138e-01 -1.729307932718276292e-02
8.529436537253458628e-01 -1.634200587612003042e-02
8.633792753941731402e-01 -1.536830502078488821e-02
8.738300808386934015e-01 -1.437121582871309436e-02
8.842949085756387495e-01 -1.335105116134130063e-02
8.947725955633289985e-01 -1.230791496782078151e-02
9.052619773309316109e-01 -1.124175046081394604e-02
9.157618881078770645e-01 -1.015276847802683291e-02
9.262711609534211021e-01 -9.041546516465466879e-03
9.367886278863364335e-01 -7.910419469766810652e-03
9.473131200147204556e-01 -6.762582109929545122e-03
9.578434676659028923e-01 -5.600742925576917761e-03
9.683785005164411430e-01 -4.428076341511269325e-03
9.789170477221889044e-01 -3.251813310778783883e-03
9.894579380484205267e-01 -2.080881945617799045e-03
9.999999999999998890e-01 -9.252224977893438833e-04
