9.999999999999998890e-01 -6.538707031365725129e-12
9.894579380484205267e-01 3.622000352736515997e-03
9.789170477221889044e-01 7.167106750864306840e-03
9.683785005164411430e-01 1.063716754525378949e-02
9.578434676659028923e-01 1.403406227977450731e-02
9.473131200147204556e-01 1.735969109653918291e-02
9.367886278863364335e-01 2.061599282194532048e-02
9.262711609534211021e-01 2.380491995761572707e-02
9.157618881078770645e-01 2.692844136937551022e-02
9.052619773309316109e-01 2.998854645422504434e-02
8.947725955633289985e-01 3.298725907567356952e-02
8.842949085756387495e-01 3.592659777732285648e-02
8.738300808386934015e-01 3.880856754522520047e-02
8.633792753941731402e-01 4.163521290137061487e-02
8.529436537253458628e-01 4.440863037479669123e-02
8.425243756279822138e-01 4.713084837959687773e-02
8.321225990814590245e-01 4.980382178104138247e-02
8.217394801200630372e-01 5.242965712011742746e-02
8.113761727045106786e-01 5.501058174856759964e-02
8.010338285937002034e-01 5.754839162881929260e-02
7.907135972167069760e-01 6.004427655973819389e-02
7.804166255450371015e-01 6.249625173231404540e-02
7.701440579651563922e-01 6.490023892843414799e-02
7.598970361513051053e-01 6.725255958994609540e-02
7.496766989386134394e-01 6.954978028017620717e-02
7.394841821965345563e-01 7.178843441969069705e-02
7.293206187026060050e-01 7.396505524185845171e-02
7.191871380165538730e-01 7.607628457874342220e-02
7.090848663547572039e-01 7.811886492372764612e-02
6.990149264650814542e-01 8.008984224914519889e-02
6.889784375020977514e-01 8.198725211747873165e-02
6.789765149027036095e-01 8.381297952241276161e-02
6.690102702621547603e-01 8.556986019005320687e-02
6.590808112105230876e-01 8.726041121477669249e-02
6.491892412895989839e-01 8.888714015387046141e-02
6.393366598302444581e-01 9.045273439375559055e-02
6.295241618302156450e-01 9.195979157371998725e-02
6.197528378324663745e-01 9.341061201113158574e-02
6.100237738039482327e-01 9.480767125052076694e-02
6.003380510149177729e-01 9.615386749127313726e-02
5.906967459187653091e-01 9.745028338036822169e-02
5.811009300323815019e-01 9.869481564648524552e-02
5.715516698170692855e-01 9.988478214304208347e-02
5.620500265600203438e-01 1.010171215853024607e-01
5.525970562563653488e-01 1.020889444259766438e-01
5.431938094918128401e-01 1.030976111804003947e-01
5.338413313258880688e-01 1.040406720131948071e-01
5.245406611757882365e-01 1.049158473466343111e-01
5.152928327008634568e-01 1.057207248321898330e-01
5.060988736877365390e-01 1.064528534526669457e-01
4.969598059360780251e-01 1.071109007124419893e-01
4.878766451450451402e-01 1.076945564355165086e-01
4.788504008003974244e-01 1.082057866314265204e-01
4.698820760623064752e-01 1.086478578363011538e-01
4.609726676538650203e-01 1.090234171502725280e-01
4.521231657503131940e-01 1.093348308608498298e-01
4.433345538689928977e-01 1.095847781807430255e-01
4.346078087600411255e-01 1.097760046822209568e-01
4.259439002978354649e-01 1.099108690768419994e-01
4.173437913732044313e-01 1.099916871824782177e-01
4.088084377864137364e-01 1.100212144075884968e-01
4.003387881409395943e-01 1.100019572748179436e-01
3.919357837380436083e-01 1.099349705815392680e-01
3.836003584721576765e-01 1.098204990799599157e-01
3.753334387270930161e-01 1.096573262675595573e-01
3.671359432730831873e-01 1.094441722008153844e-01
3.590087831646743277e-01 1.091803487261193556e-01
3.509528616394713696e-01 1.088652410723539299e-01
3.429690740177547825e-01 1.084981866258554056e-01
3.350583076029753915e-01 1.080786472491389316e-01
3.272214415831418144e-01 1.076063247701116721e-01
3.194593469331089564e-01 1.070810009691294390e-01
3.117728863177794407e-01 1.065025439936748974e-01
3.041629139962280792e-01 1.058709378172358467e-01
2.966302757267624823e-01 1.051863591865137282e-01
2.891758086729252497e-01 1.044504067086737126e-01
2.818003413104546162e-01 1.036662119201660071e-01
2.745046933352085494e-01 1.028368936828214508e-01
2.672896755720651774e-01 1.019654853200538530e-01
2.601560898848094272e-01 1.010549763729460121e-01
2.531047290870154232e-01 1.001083105939282319e-01
2.461363768539343022e-01 9.912826276013976534e-02
2.392518076353984391e-01 9.811750596414559045e-02
2.324517865697500740e-01 9.707878715669168712e-02
2.257370693988056676e-01 9.601483871251502433e-02
2.191084023838638650e-01 9.492796845564498154e-02
2.125665222227673956e-01 9.382039165972094752e-02
2.061121559680280102e-01 9.269495282637746358e-02
1.997460209460230063e-01 9.155419452182290974e-02
1.934688246772731102e-01 9.039791800902374774e-02
1.872812647978095990e-01 8.922463752085442457e-02
1.811840289816407656e-01 8.803111081028058837e-02
1.751777948643248317e-01 8.681399435857582725e-02
1.692632299676588570e-01 8.557116107642082081e-02
1.634409916254914164e-01 8.430079960538919281e-02
1.577117269106679265e-01 8.300125673170816176e-02
1.520760725631161714e-01 8.167115484742186460e-02
1.465346549190801317e-01 8.030970012431731808e-02
1.410880898415101115e-01 7.891635812972939978e-02
1.357369826516168221e-01 7.749094182556838517e-02
1.304819280615971966e-01 7.603349683376414703e-02
1.253235101085391490e-01 7.454439163054217554e-02
1.202623020895129402e-01 7.302431332243876361e-02
1.152988664978553679e-01 7.147434952890457938e-02
1.104337549606562163e-01 6.989564551734890607e-02
1.056675081774507419e-01 6.828941105405124390e-02
1.010006558601274085e-01 6.665755887494745346e-02
9.643371667405697956e-02 6.500286628972493097e-02
9.196719818044885031e-02 6.333108325629734081e-02
8.760159677994161509e-02 6.165034143037280423e-02
8.333739765743386485e-02 5.996805592968149079e-02
7.917507472816209813e-02 5.829098997109148639e-02
7.511509058502996439e-02 5.662487695403281562e-02
7.115789644719716645e-02 5.497490074661617182e-02
6.730393210993146358e-02 5.334664345303344324e-02
6.355362589573076981e-02 5.174547403345097080e-02
5.990739460672012129e-02 5.017399849302315445e-02
5.636564347832906385e-02 4.863448194903204069e-02
5.292876613425423482e-02 4.713353076595760971e-02
4.959714454271368922e-02 4.567502203021181484e-02
4.637114897399441382e-02 4.424391211103010507e-02
4.325113795930202176e-02 4.281817632002180712e-02
4.023745825091396000e-02 4.136963058848399516e-02
3.733044478364233587e-02 3.987272179855184950e-02
3.453042063760936031e-02 3.831427749989674975e-02
3.183769700234129196e-02 3.668505003903822087e-02
2.925257314218321358e-02 3.497978370079492250e-02
2.677533636303963682e-02 3.319666018803748425e-02
2.440626198044326678e-02 3.133981554311376233e-02
2.214561328895736647e-02 2.941582862486255903e-02
1.999364153291383062e-02 2.743429379379426838e-02
1.795058587848985532e-02 2.540694298419611530e-02
1.601667338712764455e-02 2.334825254010752804e-02
1.419211899029970692e-02 2.127397303677563967e-02
1.247712546562085301e-02 1.920119858348123820e-02
1.087188341431266636e-02 1.714781165844070365e-02
9.376571240020115106e-03 1.513243826828333284e-02
7.991355128984078959e-03 1.317375778588619588e-02
6.716389031571567969e-03 1.129042975404465424e-02
5.551814645166519568e-03 9.500599184714424508e-03
4.497761398421062928e-03 7.821925795622687930e-03
3.554346436871580472e-03 6.270939106670899224e-03
2.721674609919344512e-03 4.863279053270514601e-03
1.999838459177394334e-03 3.612928976837030161e-03
1.388918208186096237e-03 2.532716655142904730e-03
8.889817534969424173e-04 1.633387815364969369e-03
5.000846571264760954e-04 9.243525082283164489e-04
2.222701403818971855e-04 4.125299777824090425e-04
5.556907905679420168e-05 1.034133807986933396e-04
0.000000000000000000e+00 -1.064263483470984470e-09
0.000000000000000000e+00 7.551361629650937320e-10
5.556907905679420168e-05 -6.419376683325508448e-05
2.222701403818971855e-04 -2.559774778935700458e-04
5.000846571264760954e-04 -5.732230944382587373e-04
8.889817534969424173e-04 -1.012029884850564575e-03
1.388918208186096237e-03 -1.567483051857987029e-03
1.999838459177394334e-03 -2.232895451168180438e-03
2.721674609919344512e-03 -3.000627272759189001e-03
3.554346436871580472e-03 -3.861552036020408744e-03
4.497761398421062928e-03 -4.805713623654991017e-03
5.551814645166519568e-03 -5.821964324001584028e-03
6.716389031571567969e-03 -6.898509623440003333e-03
7.991355128984078959e-03 -8.022730579480398180e-03
9.376571240020115106e-03 -9.181638498918964081e-03
1.087188341431266636e-02 -1.036184717381040746e-02
1.247712546562085301e-02 -1.154992240013642639e-02
1.419211899029970692e-02 -1.273242967899997774e-02
1.601667338712764455e-02 -1.389640935528315031e-02
1.795058587848985532e-02 -1.502940930621322023e-02
1.999364153291383062e-02 -1.611987220896258372e-02
2.214561328895736647e-02 -1.715709164027837477e-02
2.440626198044326678e-02 -1.813221001058902895e-02
2.677533636303963682e-02 -1.903781295441069402e-02
2.925257314218321358e-02 -1.986854759115433758e-02
3.183769700234129196e-02 -2.062072749120280601e-02
3.453042063760936031e-02 -2.129470735821764951e-02
3.733044478364233587e-02 -2.189318679666494433e-02
4.023745825091396000e-02 -2.242165190600433830e-02
4.325113795930202176e-02 -2.288827749938485145e-02
4.637114897399441382e-02 -2.330961192546346719e-02
4.959714454271368922e-02 -2.370405949092486628e-02
5.292876613425423482e-02 -2.408618978675757666e-02
5.636564347832906385e-02 -2.446609525115287648e-02
5.990739460672012129e-02 -2.484162304722880785e-02
6.355362589573076981e-02 -2.520898955953868037e-02
6.730393210993146358e-02 -2.556761949929048719e-02
7.115789644719716645e-02 -2.591690569255403198e-02
7.511509058502996439e-02 -2.625473687353269484e-02
7.917507472816209813e-02 -2.657913007916145112e-02
8.333739765743386485e-02 -2.688881723188731032e-02
8.760159677994161509e-02 -2.718239584977808626e-02
9.196719818044885031e-02 -2.745808897936995868e-02
9.643371667405697956e-02 -2.771418892847169607e-02
1.010006558601274085e-01 -2.794914426913319011e-02
1.056675081774507419e-01 -2.816157436586531199e-02
1.104337549606562163e-01 -2.835029658461954427e-02
1.152988664978553679e-01 -2.851428690511344580e-02
1.202623020895129402e-01 -2.865267334282037281e-02
1.253235101085391490e-01 -2.876463186799806809e-02
1.304819280615971966e-01 -2.884938279151741738e-02
1.357369826516168221e-01 -2.890626960120601385e-02
1.410880898415101115e-01 -2.893473392013849038e-02
1.465346549190801317e-01 -2.893432491248808941e-02
1.520760725631161714e-01 -2.890467173872823814e-02
1.577117269106679265e-01 -2.884553985087360065e-02
1.634409916254914164e-01 -2.875678624496464525e-02
1.692632299676588570e-01 -2.863842508210352744e-02
1.751777948643248317e-01 -2.849056275544405506e-02
1.811840289816407656e-01 -2.831345136800751672e-02
1.872812647978095990e-01 -2.810744236856365166e-02
1.934688246772731102e-01 -2.787311132400640754e-02
1.997460209460230063e-01 -2.761110922753825733e-02
2.061121559680280102e-01 -2.732212552697678085e-02
2.125665222227673956e-01 -2.700685248123987567e-02
2.191084023838638650e-01 -2.666596210506389647e-02
2.257370693988056676e-01 -2.630020099827978103e-02
2.324517865697500740e-01 -2.591052238616779052e-02
2.392518076353984391e-01 -2.549797628082555931e-02
2.461363768539343022e-01 -2.506375195987276330e-02
2.531047290870154232e-01 -2.460915006098229538e-02
2.601560898848094272e-01 -2.413564285089883979e-02
2.672896755720651774e-01 -2.364481923389160148e-02
2.745046933352085494e-01 -2.313842219879052794e-02
2.818003413104546162e-01 -2.261832555798638442e-02
2.891758086729252497e-01 -2.208656028093198762e-02
2.966302757267624823e-01 -2.154529845400885921e-02
3.041629139962280792e-01 -2.099679896978858679e-02
3.117728863177794407e-01 -2.044222040492834486e-02
3.194593469331089564e-01 -1.988170401629633238e-02
3.272214415831418144e-01 -1.931535657291612654e-02
3.350583076029753915e-01 -1.874328773583098379e-02
3.429690740177547825e-01 -1.816561116275697274e-02
3.509528616394713696e-01 -1.758244381533017459e-02
3.590087831646743277e-01 -1.699390964403794599e-02
3.671359432730831873e-01 -1.640013627196752408e-02
3.753334387270930161e-01 -1.580125035696273300e-02
3.836003584721576765e-01 -1.519738113408287093e-02
3.919357837380436083e-01 -1.458867657965617556e-02
4.003387881409395943e-01 -1.397528078308262790e-02
4.088084377864137364e-01 -1.335728206294879185e-02
4.173437913732044313e-01 -1.273473130882075630e-02
4.259439002978354649e-01 -1.210759691537927063e-02
4.346078087600411255e-01 -1.147584048450680030e-02
4.433345538689928977e-01 -1.083947374696607110e-02
4.521231657503131940e-01 -1.019849046383799855e-02
4.609726676538650203e-01 -9.552803425150011019e-03
4.698820760623064752e-01 -8.902366277796426586e-03
4.788504008003974244e-01 -8.247260955005155866e-03
4.878766451450451402e-01 -7.587447443263149911e-03
4.969598059360780251e-01 -6.922620034960909156e-03
5.060988736877365390e-01 -6.253120207286171767e-03
5.152928327008634568e-01 -5.580414194784630820e-03
5.245406611757882365e-01 -4.906484497887909739e-03
5.338413313258880688e-01 -4.233881931526901725e-03
5.431938094918128401e-01 -3.565146873331675147e-03
5.525970562563653488e-01 -2.902763149874429752e-03
5.620500265600203438e-01 -2.249305160133688048e-03
5.715516698170692855e-01 -1.607447578902300575e-03
5.811009300323815019e-01 -9.800009325249341933e-04
5.906967459187653091e-01 -3.698696571749793033e-04
6.003380510149177729e-01 2.202411070893389505e-04
6.100237738039482327e-01 7.879306483829074228e-04
6.197528378324663745e-01 1.332473589454091041e-03
6.295241618302156450e-01 1.854099646665495352e-03
6.393366598302444581e-01 2.352819369981275568e-03
6.491892412895989839e-01 2.828553583873643154e-03
6.590808112105230876e-01 3.281385480889230724e-03
6.690102702621547603e-01 3.711449098316044887e-03
6.789765149027036095e-01 4.118790398744460839e-03
6.889784375020977514e-01 4.503465419236224627e-03
6.990149264650814542e-01 4.865710580887929425e-03
7.090848663547572039e-01 5.205278354065452119e-03
7.191871380165538730e-01 5.519942831502784933e-03
7.293206187026060050e-01 5.806980395540425714e-03
7.394841821965345563e-01 6.063544648685213756e-03
7.496766989386134394e-01 6.286737502670940170e-03
7.598970361513051053e-01 6.473589444869779982e-03
7.701440579651563922e-01 6.621167655882624105e-03
7.804166255450371015e-01 6.726637845908556464e-03
7.907135972167069760e-01 6.786984968254136837e-03
8.010338285937002034e-01 6.798888800222260310e-03
8.113761727045106786e-01 6.760894209339502262e-03
8.217394801200630372e-01 6.674367504423801833e-03
8.321225990814590245e-01 6.541241297483993758e-03
8.425243756279822138e-01 6.363867692509151200e-03
8.529436537253458628e-01 6.144534827034662215e-03
8.633792753941731402e-01 5.885441469043043924e-03
8.738300808386934015e-01 5.588892088259339759e-03
8.842949085756387495e-01 5.257288704608812854e-03
8.947725955633289985e-01 4.893031726245642560e-03
9.052619773309316109e-01 4.498522776435266365e-03
9.157618881078770645e-01 4.076219400692316849e-03
9.262711609534211021e-01 3.628616079852919722e-03
9.367886278863364335e-01 3.158222459590396582e-03
9.473131200147204556e-01 2.667560080188138925e-03
9.578434676659028923e-01 2.159180841582918498e-03
9.683785005164411430e-01 1.635651991634772245e-03
9.789170477221889044e-01 1.099552507018138579e-03
9.894579380484205267e-01 5.534685075213372331e-04
9.999999999999998890e-01 2.265148174950420350e-11
