9.999999999999998890e-01 5.540248748851427053e-04
9.894579380484205267e-01 1.588474509704460805e-03
9.789170477221889044e-01 2.614722178613623771e-03
9.683785005164411430e-01 3.630723571129027948e-03
9.578434676659028923e-01 4.636280128998350632e-03
9.473131200147204556e-01 5.631345349182389007e-03
9.367886278863364335e-01 6.615253754077708020e-03
9.262711609534211021e-01 7.587467346131709749e-03
9.157618881078770645e-01 8.547973909055664454e-03
9.052619773309316109e-01 9.496877986514662418e-03
8.947725955633289985e-01 1.043436779410766846e-02
8.842949085756387495e-01 1.136061293199492651e-02
8.738300808386934015e-01 1.227574045034131485e-02
8.633792753941731402e-01 1.317994863995008981e-02
8.529436537253458628e-01 1.407352529356926431e-02
8.425243756279822138e-01 1.495645258299144707e-02
8.321225990814590245e-01 1.582839569605441754e-02
8.217394801200630372e-01 1.668973702468928497e-02
8.113761727045106786e-01 1.754148553968882043e-02
8.010338285937002034e-01 1.838351633630219695e-02
7.907135972167069760e-01 1.921486190294843105e-02
7.804166255450371015e-01 2.003563046989114207e-02
7.701440579651563922e-01 2.084657170584969244e-02
7.598970361513051053e-01 2.164743660556138136e-02
7.496766989386134394e-01 2.243749845038386578e-02
7.394841821965345563e-01 2.321679124092551616e-02
7.293206187026060050e-01 2.398560300563747430e-02
7.191871380165538730e-01 2.474351440130480306e-02
7.090848663547572039e-01 2.549001900585184943e-02
6.990149264650814542e-01 2.622562819732694381e-02
6.889784375020977514e-01 2.695080819215837920e-02
6.789765149027036095e-01 2.766438688782624569e-02
6.690102702621547603e-01 2.836534270602427549e-02
6.590808112105230876e-01 2.905476535775177241e-02
6.491892412895989839e-01 2.973345862498762149e-02
6.393366598302444581e-01 3.040000846006084972e-02
6.295241618302156450e-01 3.105323749381627349e-02
6.197528378324663745e-01 3.169353150695019411e-02
6.100237738039482327e-01 3.232129461611282784e-02
6.003380510149177729e-01 3.293648837775415422e-02
5.906967459187653091e-01 3.353862745446332255e-02
5.811009300323815019e-01 3.412657338825991066e-02
5.715516698170692855e-01 3.469994230702755367e-02
5.620500265600203438e-01 3.525950642326086681e-02
5.525970562563653488e-01 3.580559457614881924e-02
5.431938094918128401e-01 3.633787881346162152e-02
5.338413313258880688e-01 3.685566537102168833e-02
5.245406611757882365e-01 3.735797518031323122e-02
5.152928327008634568e-01 3.784466234017610370e-02
5.060988736877365390e-01 3.831631076752501502e-02
4.969598059360780251e-01 3.877355199074585673e-02
4.878766451450451402e-01 3.921691066812886539e-02
4.788504008003974244e-01 3.964557559965257993e-02
4.698820760623064752e-01 4.005814606274400724e-02
4.609726676538650203e-01 4.045513843329871101e-02
4.521231657503131940e-01 4.083778415211973545e-02
4.433345538689928977e-01 4.120544546710670775e-02
4.346078087600411255e-01 4.155698425031892351e-02
4.259439002978354649e-01 4.189296222460922592e-02
4.173437913732044313e-01 4.221423720665986451e-02
4.088084377864137364e-01 4.252023739380932088e-02
4.003387881409395943e-01 4.281019909055450157e-02
3.919357837380436083e-01 4.308422720357150265e-02
3.836003584721576765e-01 4.334249298008429480e-02
3.753334387270930161e-01 4.358471572827303520e-02
3.671359432730831873e-01 4.381051637143875549e-02
3.590087831646743277e-01 4.401949369802820450e-02
3.509528616394713696e-01 4.421154219749488801e-02
3.429690740177547825e-01 4.438720413603625126e-02
3.350583076029753915e-01 4.454651054029792889e-02
3.272214415831418144e-01 4.468840662896033517e-02
3.194593469331089564e-01 4.481199738391478116e-02
3.117728863177794407e-01 4.491682175210390260e-02
3.041629139962280792e-01 4.500288908046919112e-02
2.966302757267624823e-01 4.507074623425417342e-02
2.891758086729252497e-01 4.512035203592356519e-02
2.818003413104546162e-01 4.515098685981536186e-02
2.745046933352085494e-01 4.516193561476987417e-02
2.672896755720651774e-01 4.515256246447818533e-02
2.601560898848094272e-01 4.512289172274821375e-02
2.531047290870154232e-01 4.507339398905821359e-02
2.461363768539343022e-01 4.500379317955757047e-02
2.392518076353984391e-01 4.491332778608613657e-02
2.324517865697500740e-01 4.480132747998435971e-02
2.257370693988056676e-01 4.466731608398467890e-02
2.191084023838638650e-01 4.451187532365939725e-02
2.125665222227673956e-01 4.433585177283563133e-02
2.061121559680280102e-01 4.413873989746180254e-02
1.997460209460230063e-01 4.391962258099346705e-02
1.934688246772731102e-01 4.367811100701990412e-02
1.872812647978095990e-01 4.341412084924553549e-02
1.811840289816407656e-01 4.312813984746687729e-02
1.751777948643248317e-01 4.282055696700993314e-02
1.692632299676588570e-01 4.249091377115827434e-02
1.634409916254914164e-01 4.213855638280071536e-02
1.577117269106679265e-01 4.176279270616551492e-02
1.520760725631161714e-01 4.136345750331616583e-02
1.465346549190801317e-01 4.094163577296183049e-02
1.410880898415101115e-01 4.049815016883104996e-02
1.357369826516168221e-01 4.003295224055986729e-02
1.304819280615971966e-01 3.954555890406021013e-02
1.253235101085391490e-01 3.903495805902919974e-02
1.202623020895129402e-01 3.850096592155065334e-02
1.152988664978553679e-01 3.794461004715445063e-02
1.104337549606562163e-01 3.736689753137644593e-02
1.056675081774507419e-01 3.676867842441488426e-02
1.010006558601274085e-01 3.615013474676337379e-02
9.643371667405697956e-02 3.551082389027362951e-02
9.196719818044885031e-02 3.485069770734646605e-02
8.760159677994161509e-02 3.417010227426146851e-02
8.333739765743386485e-02 3.346996874566891822e-02
7.917507472816209813e-02 3.275153350877085812e-02
7.511509058502996439e-02 3.201504928191694493e-02
7.115789644719716645e-02 3.126027290122123520e-02
6.730393210993146358e-02 3.048767333701449603e-02
6.355362589573076981e-02 2.969806744565734249e-02
5.990739460672012129e-02 2.889223158721966958e-02
5.636564347832906385e-02 2.807088653918739588e-02
5.292876613425423482e-02 2.723454534041723149e-02
4.959714454271368922e-02 2.638369677317634054e-02
4.637114897399441382e-02 2.551903837381592002e-02
4.325113795930202176e-02 2.464137736334467629e-02
4.023745825091396000e-02 2.375170969471839325e-02
3.733044478364233587e-02 2.285096171984022512e-02
3.453042063760936031e-02 2.193971461479368029e-02
3.183769700234129196e-02 2.101866632660469997e-02
2.925257314218321358e-02 2.008897495318090129e-02
2.677533636303963682e-02 1.915168021830465292e-02
2.440626198044326678e-02 1.820742844245841485e-02
2.214561328895736647e-02 1.725742183118874132e-02
1.999364153291383062e-02 1.630391123318705032e-02
1.795058587848985532e-02 1.534819468110302197e-02
1.601667338712764455e-02 1.439007245791351468e-02
1.419211899029970692e-02 1.343182937281870923e-02
1.247712546562085301e-02 1.247880650142409176e-02
1.087188341431266636e-02 1.153150267060249097e-02
9.376571240020115106e-03 1.058561209894744344e-02
7.991355128984078959e-03 9.646046747062108490e-03
6.716389031571567969e-03 8.725014001760580951e-03
5.551814645166519568e-03 7.818992813022798694e-03
4.497761398421062928e-03 6.915135319333297857e-03
3.554346436871580472e-03 6.030422481287519947e-03
2.721674609919344512e-03 5.194225080458014614e-03
1.999838459177394334e-03 4.376888255452186099e-03
1.388918208186096237e-03 3.532629203676368543e-03
8.889817534969424173e-04 2.726178936169938553e-03
5.000846571264760954e-04 2.031863304343730844e-03
2.222701403818971855e-04 1.290975166621303322e-03
5.556907905679420168e-05 4.060736624367629007e-04
0.000000000000000000e+00 -6.142868887225253577e-06
0.000000000000000000e+00 -9.913095975296020562e-06
5.556907905679420168e-05 -9.831095387218846161e-04
2.222701403818971855e-04 -1.617585312916620943e-03
5.000846571264760954e-04 -2.262879882377095628e-03
8.889817534969424173e-04 -2.908408702065544069e-03
1.388918208186096237e-03 -3.506193776344443055e-03
1.999838459177394334e-03 -4.108011503715125121e-03
2.721674609919344512e-03 -4.746184611138960265e-03
3.554346436871580472e-03 -5.371129978155875402e-03
4.497761398421062928e-03 -5.954137377688084772e-03
5.551814645166519568e-03 -6.527013571539262878e-03
6.716389031571567969e-03 -7.106751777482641329e-03
7.991355128984078959e-03 -7.676350656502301494e-03
9.376571240020115106e-03 -8.225671793857990133e-03
1.087188341431266636e-02 -8.757774484924136724e-03
1.247712546562085301e-02 -9.276027780580802309e-03
1.419211899029970692e-02 -9.782948860355760237e-03
1.601667338712764455e-02 -1.027756068990658481e-02
1.795058587848985532e-02 -1.075565857364941397e-02
1.999364153291383062e-02 -1.121384010429879279e-02
2.214561328895736647e-02 -1.164961726648158780e-02
2.440626198044326678e-02 -1.206258665662267304e-02
2.677533636303963682e-02 -1.245386591272670644e-02
2.925257314218321358e-02 -1.282584499612320766e-02
3.183769700234129196e-02 -1.318118032267531076e-02
3.453042063760936031e-02 -1.351905205088948375e-02
3.733044478364233587e-02 -1.383715591684444787e-02
4.023745825091396000e-02 -1.413427349825804522e-02
4.325113795930202176e-02 -1.440968878154363746e-02
4.637114897399441382e-02 -1.466304952527028478e-02
4.959714454271368922e-02 -1.489435843359841229e-02
5.292876613425423482e-02 -1.510463921470841901e-02
5.636564347832906385e-02 -1.529537315863572881e-02
5.990739460672012129e-02 -1.546868769743895734e-02
6.355362589573076981e-02 -1.562618885677973662e-02
6.730393210993146358e-02 -1.576752892571034459e-02
7.115789644719716645e-02 -1.589217144587637062e-02
7.511509058502996439e-02 -1.599999035903554648e-02
7.917507472816209813e-02 -1.609097767767499187e-02
8.333739765743386485e-02 -1.616524429745814367e-02
8.760159677994161509e-02 -1.622318797985322636e-02
9.196719818044885031e-02 -1.626566694174292824e-02
9.643371667405697956e-02 -1.629340372653022284e-02
1.010006558601274085e-01 -1.630685301514644969e-02
1.056675081774507419e-01 -1.630614329361734782e-02
1.104337549606562163e-01 -1.629104288847710302e-02
1.152988664978553679e-01 -1.626151134954354968e-02
1.202623020895129402e-01 -1.621772775323960386e-02
1.253235101085391490e-01 -1.615992848737295151e-02
1.304819280615971966e-01 -1.608840206126260081e-02
1.357369826516168221e-01 -1.600359218593137151e-02
1.410880898415101115e-01 -1.590606736309763125e-02
1.465346549190801317e-01 -1.579654292453281511e-02
1.520760725631161714e-01 -1.567583609422092128e-02
1.577117269106679265e-01 -1.554488599401068240e-02
1.634409916254914164e-01 -1.540459807651064182e-02
1.692632299676588570e-01 -1.525521408722787381e-02
1.751777948643248317e-01 -1.509670869739311236e-02
1.811840289816407656e-01 -1.492914536712651452e-02
1.872812647978095990e-01 -1.475262332351308728e-02
1.934688246772731102e-01 -1.456726056920112401e-02
1.997460209460230063e-01 -1.437319500528257306e-02
2.061121559680280102e-01 -1.417062003805891028e-02
2.125665222227673956e-01 -1.395975505270540679e-02
2.191084023838638650e-01 -1.374085952934655727e-02
2.257370693988056676e-01 -1.351421992126053753e-02
2.324517865697500740e-01 -1.328017278674781775e-02
2.392518076353984391e-01 -1.303908397683413607e-02
2.461363768539343022e-01 -1.279136586948286317e-02
2.531047290870154232e-01 -1.253746289158654860e-02
2.601560898848094272e-01 -1.227786734769486902e-02
2.672896755720651774e-01 -1.201310717264852251e-02
2.745046933352085494e-01 -1.174375803428696387e-02
2.818003413104546162e-01 -1.147043256146335760e-02
2.891758086729252497e-01 -1.119378753384004700e-02
2.966302757267624823e-01 -1.091452521863769780e-02
3.041629139962280792e-01 -1.063338398655925068e-02
3.117728863177794407e-01 -1.035089938304802927e-02
3.194593469331089564e-01 -1.006741919367347068e-02
3.272214415831418144e-01 -9.783295390347673468e-03
3.350583076029753915e-01 -9.498890266843520655e-03
3.429690740177547825e-01 -9.214585842099283497e-03
3.509528616394713696e-01 -8.930778642485745489e-03
3.590087831646743277e-01 -8.647882152253053012e-03
3.671359432730831873e-01 -8.366321629120839973e-03
3.753334387270930161e-01 -8.086542143124328744e-03
3.836003584721576765e-01 -7.809000773837507063e-03
3.919357837380436083e-01 -7.534173018867203718e-03
4.003387881409395943e-01 -7.262545427913216604e-03
4.088084377864137364e-01 -6.994625052342579898e-03
4.173437913732044313e-01 -6.730929540821554286e-03
4.259439002978354649e-01 -6.471993744108252115e-03
4.346078087600411255e-01 -6.218363700927424798e-03
4.433345538689928977e-01 -5.970608345137010629e-03
4.521231657503131940e-01 -5.729208225671807153e-03
4.609726676538650203e-01 -5.494379957481113248e-03
4.698820760623064752e-01 -5.266290225564300605e-03
4.788504008003974244e-01 -5.045097265608229978e-03
4.878766451450451402e-01 -4.830956537909952657e-03
4.969598059360780251e-01 -4.624020392103485484e-03
5.060988736877365390e-01 -4.424437808226386673e-03
5.152928327008634568e-01 -4.232352742987981024e-03
5.245406611757882365e-01 -4.047905380696837849e-03
5.338413313258880688e-01 -3.871231235724488257e-03
5.431938094918128401e-01 -3.702462605702697748e-03
5.525970562563653488e-01 -3.541728168351569294e-03
5.620500265600203438e-01 -3.389150541987177856e-03
5.715516698170692855e-01 -3.244846585077860741e-03
5.811009300323815019e-01 -3.108933108698331942e-03
5.906967459187653091e-01 -2.981509215690294860e-03
6.003380510149177729e-01 -2.862441640893245449e-03
6.100237738039482327e-01 -2.751432443790145527e-03
6.197528378324663745e-01 -2.648158042270711519e-03
6.295241618302156450e-01 -2.552279684091496303e-03
6.393366598302444581e-01 -2.463441490147307966e-03
6.491892412895989839e-01 -2.381276890587226240e-03
6.590808112105230876e-01 -2.305403590805896533e-03
6.690102702621547603e-01 -2.235428729464571454e-03
6.789765149027036095e-01 -2.170936785424377059e-03
6.889784375020977514e-01 -2.111503550003190812e-03
6.990149264650814542e-01 -2.056700397911011714e-03
7.090848663547572039e-01 -2.006086340050308465e-03
7.191871380165538730e-01 -1.959179235631899538e-03
7.293206187026060050e-01 -1.915512350005942055e-03
7.394841821965345563e-01 -1.874695091542953346e-03
7.496766989386134394e-01 -1.836383078172642647e-03
7.598970361513051053e-01 -1.800312097678387390e-03
7.701440579651563922e-01 -1.766213559050238378e-03
7.804166255450371015e-01 -1.733783429974195163e-03
7.907135972167069760e-01 -1.702719945472564063e-03
8.010338285937002034e-01 -1.672732973799737803e-03
8.113761727045106786e-01 -1.643518801617719315e-03
8.217394801200630372e-01 -1.614752243051028636e-03
8.321225990814590245e-01 -1.586121413965779639e-03
8.425243756279822138e-01 -1.557331638681655429e-03
8.529436537253458628e-01 -1.528049483120168511e-03
8.633792753941731402e-01 -1.497905382257245285e-03
8.738300808386934015e-01 -1.466638173771999754e-03
8.842949085756387495e-01 -1.434101618918826471e-03
8.947725955633289985e-01 -1.400395267413990933e-03
9.052619773309316109e-01 -1.365795141578783145e-03
9.157618881078770645e-01 -1.330524460951455637e-03
9.262711609534211021e-01 -1.294773814585159890e-03
9.367886278863364335e-01 -1.258764003440640891e-03
9.473131200147204556e-01 -1.222729995657653420e-03
9.578434676659028923e-01 -1.186891585116805732e-03
9.683785005164411430e-01 -1.151463590842318353e-03
9.789170477221889044e-01 -1.116671431935000857e-03
9.894579380484205267e-01 -1.082742505396353493e-03
9.999999999999998890e-01 -1.049894857187484839e-03
