9.999999999999998890e-01 2.400000387577748764e-03
9.894579380484205267e-01 3.193031254724943216e-03
9.789170477221889044e-01 4.088554308410904774e-03
9.683785005164411430e-01 5.086292839309222887e-03
9.578434676659028923e-01 6.186012006507938567e-03
9.473131200147204556e-01 7.387424848383611700e-03
9.367886278863364335e-01 8.690079160708007525e-03
9.262711609534211021e-01 1.009355076505611716e-02
9.157618881078770645e-01 1.159753992716999922e-02
9.052619773309316109e-01 1.320152179165288812e-02
8.947725955633289985e-01 1.490447536657711798e-02
8.842949085756387495e-01 1.670293243114901252e-02
8.738300808386934015e-01 1.858962833040705628e-02
8.633792753941731402e-01 2.055715604272198224e-02
8.529436537253458628e-01 2.259836800777360183e-02
8.425243756279822138e-01 2.470610963408169033e-02
8.321225990814590245e-01 2.687319757711833720e-02
8.217394801200630372e-01 2.909243796032802074e-02
8.113761727045106786e-01 3.135664812688498948e-02
8.010338285937002034e-01 3.365896033529703485e-02
7.907135972167069760e-01 3.599293662678311467e-02
7.804166255450371015e-01 3.835433809465936539e-02
7.701440579651563922e-01 4.074038321029547355e-02
7.598970361513051053e-01 4.314808689730854213e-02
7.496766989386134394e-01 4.557435160599010437e-02
7.394841821965345563e-01 4.801622746269490483e-02
7.293206187026060050e-01 5.047083576053462695e-02
7.191871380165538730e-01 5.293530021295284743e-02
7.090848663547572039e-01 5.540674917671599420e-02
6.990149264650814542e-01 5.788233129574357760e-02
6.889784375020977514e-01 6.035895083636188402e-02
6.789765149027036095e-01 6.283242656880116961e-02
6.690102702621547603e-01 6.529835193737516807e-02
6.590808112105230876e-01 6.775256250607775144e-02
6.491892412895989839e-01 7.019094266876421684e-02
6.393366598302444581e-01 7.260936248369515011e-02
6.295241618302156450e-01 7.500382369988449482e-02
6.197528378324663745e-01 7.737065450750245377e-02
6.100237738039482327e-01 7.970609486665897192e-02
6.003380510149177729e-01 8.200612656717179427e-02
5.906967459187653091e-01 8.426829010608447024e-02
5.811009300323815019e-01 8.649283872600704859e-02
5.715516698170692855e-01 8.868047971992978895e-02
5.620500265600203438e-01 9.083219502765746411e-02
5.525970562563653488e-01 9.294906330085757340e-02
5.431938094918128401e-01 9.503223777195046740e-02
5.338413313258880688e-01 9.708248033908099817e-02
5.245406611757882365e-01 9.910020240212859266e-02
5.152928327008634568e-01 1.010867380718020458e-01
5.060988736877365390e-01 1.030440007849360851e-01
4.969598059360780251e-01 1.049708112523060899e-01
4.878766451450451402e-01 1.068631479201851697e-01
4.788504008003974244e-01 1.087106478779914370e-01
4.698820760623064752e-01 1.104994022529782460e-01
4.609726676538650203e-01 1.122178937100357654e-01
4.521231657503131940e-01 1.138557723600760879e-01
4.433345538689928977e-01 1.154021353974614417e-01
4.346078087600411255e-01 1.168461717597784749e-01
4.259439002978354649e-01 1.181789573414972067e-01
4.173437913732044313e-01 1.193919628655425030e-01
4.088084377864137364e-01 1.204753852976513107e-01
4.003387881409395943e-01 1.214207237211123863e-01
3.919357837380436083e-01 1.222259193411561196e-01
3.836003584721576765e-01 1.228924489924931862e-01
3.753334387270930161e-01 1.234280873356833064e-01
3.671359432730831873e-01 1.238410913981531219e-01
3.590087831646743277e-01 1.241377170998199109e-01
3.509528616394713696e-01 1.243241752150684581e-01
3.429690740177547825e-01 1.244072828226807231e-01
3.350583076029753915e-01 1.243935939858625828e-01
3.272214415831418144e-01 1.242890361946177996e-01
3.194593469331089564e-01 1.240994891154749008e-01
3.117728863177794407e-01 1.238308545717358711e-01
3.041629139962280792e-01 1.234887768620657605e-01
2.966302757267624823e-01 1.230784516981544841e-01
2.891758086729252497e-01 1.226020053858218883e-01
2.818003413104546162e-01 1.220582596373918083e-01
2.745046933352085494e-01 1.214461080441787688e-01
2.672896755720651774e-01 1.207646793793313994e-01
2.601560898848094272e-01 1.200133456144850536e-01
2.531047290870154232e-01 1.191916814778317818e-01
2.461363768539343022e-01 1.182995095025703020e-01
2.392518076353984391e-01 1.173368373156348093e-01
2.324517865697500740e-01 1.163039239674398401e-01
2.257370693988056676e-01 1.152011961629846037e-01
2.191084023838638650e-01 1.140293198956629783e-01
2.125665222227673956e-01 1.127891109684858173e-01
2.061121559680280102e-01 1.114816377538948994e-01
1.997460209460230063e-01 1.101081041348165312e-01
1.934688246772731102e-01 1.086699138211223159e-01
1.872812647978095990e-01 1.071685943809709690e-01
1.811840289816407656e-01 1.056059266575691408e-01
1.751777948643248317e-01 1.039837931208022065e-01
1.692632299676588570e-01 1.023041989676305441e-01
1.634409916254914164e-01 1.005692945921862758e-01
1.577117269106679265e-01 9.878156660288978097e-02
1.520760725631161714e-01 9.694347182093282500e-02
1.465346549190801317e-01 9.505725569266668118e-02
1.410880898415101115e-01 9.312479964886134776e-02
1.357369826516168221e-01 9.114733282206927134e-02
1.304819280615971966e-01 8.912617538989429933e-02
1.253235101085391490e-01 8.706293134309779636e-02
1.202623020895129402e-01 8.495965055298872193e-02
1.152988664978553679e-01 8.281895155007716613e-02
1.104337549606562163e-01 8.064312168540260783e-02
1.056675081774507419e-01 7.843408860972081453e-02
1.010006558601274085e-01 7.619544244477584327e-02
9.643371667405697956e-02 7.393286633649799600e-02
9.196719818044885031e-02 7.165940898591276198e-02
8.760159677994161509e-02 6.939400840500314915e-02
8.333739765743386485e-02 6.715364874515498961e-02
7.917507472816209813e-02 6.495336336058200877e-02
7.511509058502996439e-02 6.280346596724961650e-02
7.115789644719716645e-02 6.070841817912896871e-02
6.730393210993146358e-02 5.864711475043324351e-02
6.355362589573076981e-02 5.658761117070588292e-02
5.990739460672012129e-02 5.450946644626204762e-02
5.636564347832906385e-02 5.239676417172772771e-02
5.292876613425423482e-02 5.023232587729416915e-02
4.959714454271368922e-02 4.800385656937033313e-02
4.637114897399441382e-02 4.572297297819852280e-02
4.325113795930202176e-02 4.341039374988048261e-02
4.023745825091396000e-02 4.109565781948430058e-02
3.733044478364233587e-02 3.880724391815134483e-02
3.453042063760936031e-02 3.656416867169690055e-02
3.183769700234129196e-02 3.438311961584272769e-02
2.925257314218321358e-02 3.227942655581357567e-02
2.677533636303963682e-02 3.026560486538551475e-02
2.440626198044326678e-02 2.834851155250924654e-02
2.214561328895736647e-02 2.651928334418319003e-02
1.999364153291383062e-02 2.474274017406324216e-02
1.795058587848985532e-02 2.298935174261241415e-02
1.601667338712764455e-02 2.124211261490787164e-02
1.419211899029970692e-02 1.949119634882952312e-02
1.247712546562085301e-02 1.773469322090014816e-02
1.087188341431266636e-02 1.597644015831511943e-02
9.376571240020115106e-03 1.422599334810011745e-02
7.991355128984078959e-03 1.249658773098980859e-02
6.716389031571567969e-03 1.080462680815056503e-02
5.551814645166519568e-03 9.168562611234753676e-03
4.497761398421062928e-03 7.608325693848070129e-03
3.554346436871580472e-03 6.144142070305129780e-03
2.721674609919344512e-03 4.796269462615076161e-03
1.999838459177394334e-03 3.583777809894648104e-03
1.388918208186096237e-03 2.524772941765862557e-03
8.889817534969424173e-04 1.634922756466461978e-03
5.000846571264760954e-04 9.282299895825253319e-04
2.222701403818971855e-04 4.151902703826798016e-04
5.556907905679420168e-05 1.042339193535742157e-04
0.000000000000000000e+00 -1.650725577233439541e-09
0.000000000000000000e+00 2.537962558762486540e-09
5.556907905679420168e-05 -7.475472597441699832e-05
2.222701403818971855e-04 -2.963289298172956947e-04
5.000846571264760954e-04 -6.575715668331319963e-04
8.889817534969424173e-04 -1.145491100506137267e-03
1.388918208186096237e-03 -1.743915447288481605e-03
1.999838459177394334e-03 -2.431272782775636791e-03
2.721674609919344512e-03 -3.183434248419677801e-03
3.554346436871580472e-03 -3.972532797793517853e-03
4.497761398421062928e-03 -4.769231025556997135e-03
5.551814645166519568e-03 -5.542385824893305071e-03
6.716389031571567969e-03 -6.260937695622282272e-03
7.991355128984078959e-03 -6.894334118718146651e-03
9.376571240020115106e-03 -7.414339566364515875e-03
1.087188341431266636e-02 -7.795923810714314867e-03
1.247712546562085301e-02 -8.019029456738062736e-03
1.419211899029970692e-02 -8.069368368910036574e-03
1.601667338712764455e-02 -7.941522252891415612e-03
1.795058587848985532e-02 -7.638991312183843370e-03
1.999364153291383062e-02 -7.177703621199784875e-03
2.214561328895736647e-02 -6.584818619011002273e-03
2.440626198044326678e-02 -5.906641444003721611e-03
2.677533636303963682e-02 -5.198661528065653091e-03
2.925257314218321358e-02 -4.481571467317296137e-03
3.183769700234129196e-02 -3.755800220398343350e-03
3.453042063760936031e-02 -3.018567357400932412e-03
3.733044478364233587e-02 -2.265632678714419798e-03
4.023745825091396000e-02 -1.492465708796722815e-03
4.325113795930202176e-02 -6.936509200088645296e-04
4.637114897399441382e-02 1.402975449244950150e-04
4.959714454271368922e-02 1.019444925014822978e-03
5.292876613425423482e-02 1.950595080928436975e-03
5.636564347832906385e-02 2.937417988936842032e-03
5.990739460672012129e-02 3.975566671071256546e-03
6.355362589573076981e-02 5.059105549876083407e-03
6.730393210993146358e-02 6.182666535391827083e-03
7.115789644719716645e-02 7.339805542072554839e-03
7.511509058502996439e-02 8.521215839966794423e-03
7.917507472816209813e-02 9.719018311663461807e-03
8.333739765743386485e-02 1.092910685090978974e-02
8.760159677994161509e-02 1.214791042763060415e-02
9.196719818044885031e-02 1.337198088609671542e-02
9.643371667405697956e-02 1.459742629800549890e-02
1.010006558601274085e-01 1.581973529804357390e-02
1.056675081774507419e-01 1.703545417957968641e-02
1.104337549606562163e-01 1.824247212175995544e-02
1.152988664978553679e-01 1.943894091767235655e-02
1.202623020895129402e-01 2.062319797354758219e-02
1.253235101085391490e-01 2.179357768478459162e-02
1.304819280615971966e-01 2.294840923247646464e-02
1.357369826516168221e-01 2.408608344713100355e-02
1.410880898415101115e-01 2.520504628102509387e-02
1.465346549190801317e-01 2.630385518231488640e-02
1.520760725631161714e-01 2.738109191242769219e-02
1.577117269106679265e-01 2.843496931923562149e-02
1.634409916254914164e-01 2.946348973720985462e-02
1.692632299676588570e-01 3.046450221848090098e-02
1.751777948643248317e-01 3.143580427372443670e-02
1.811840289816407656e-01 3.237526773151540999e-02
1.872812647978095990e-01 3.328076947796661245e-02
1.934688246772731102e-01 3.415008683382075860e-02
1.997460209460230063e-01 3.498102950222741619e-02
2.061121559680280102e-01 3.577164369803061128e-02
2.125665222227673956e-01 3.652013411809412746e-02
2.191084023838638650e-01 3.722502766183775208e-02
2.257370693988056676e-01 3.788491654314277840e-02
2.324517865697500740e-01 3.849839744636054939e-02
2.392518076353984391e-01 3.906411619840298444e-02
2.461363768539343022e-01 3.958082475953053625e-02
2.531047290870154232e-01 4.004732294718455626e-02
2.601560898848094272e-01 4.046247340094481088e-02
2.672896755720651774e-01 4.082520083971184072e-02
2.745046933352085494e-01 4.113451650036410723e-02
2.818003413104546162e-01 4.138949581797184141e-02
2.891758086729252497e-01 4.158929034563876859e-02
2.966302757267624823e-01 4.173312596032428823e-02
3.041629139962280792e-01 4.182031555424876867e-02
3.117728863177794407e-01 4.185040228365968784e-02
3.194593469331089564e-01 4.182314428645313859e-02
3.272214415831418144e-01 4.173841210376551258e-02
3.350583076029753915e-01 4.159616738598593405e-02
3.429690740177547825e-01 4.139649172349942063e-02
3.509528616394713696e-01 4.113955606598924952e-02
3.590087831646743277e-01 4.082564978756303420e-02
3.671359432730831873e-01 4.045514559275967953e-02
3.753334387270930161e-01 4.002856211072105402e-02
3.836003584721576765e-01 3.954650173258808521e-02
3.919357837380436083e-01 3.900967344824148725e-02
4.003387881409395943e-01 3.841887746304256668e-02
4.088084377864137364e-01 3.777517059564059615e-02
4.173437913732044313e-01 3.707975319900069094e-02
4.259439002978354649e-01 3.633408610722272530e-02
4.346078087600411255e-01 3.553973316435950214e-02
4.433345538689928977e-01 3.469837920735172054e-02
4.521231657503131940e-01 3.381179924972627787e-02
4.609726676538650203e-01 3.288195041297675703e-02
4.698820760623064752e-01 3.191087188584155326e-02
4.788504008003974244e-01 3.090072136918414064e-02
4.878766451450451402e-01 2.985377360164751318e-02
4.969598059360780251e-01 2.877249888425747332e-02
5.060988736877365390e-01 2.765934059251322005e-02
5.152928327008634568e-01 2.651666058262901887e-02
5.245406611757882365e-01 2.534681980869469414e-02
5.338413313258880688e-01 2.415219199246494350e-02
5.431938094918128401e-01 2.293526007989394461e-02
5.525970562563653488e-01 2.169863673248370595e-02
5.620500265600203438e-01 2.044501475385126360e-02
5.715516698170692855e-01 1.917716450144171109e-02
5.811009300323815019e-01 1.789795624611141556e-02
5.906967459187653091e-01 1.661034773055933625e-02
6.003380510149177729e-01 1.531739117177232518e-02
6.100237738039482327e-01 1.402221666471750207e-02
6.197528378324663745e-01 1.272809447873937683e-02
6.295241618302156450e-01 1.143838592791160749e-02
6.393366598302444581e-01 1.015653102505618792e-02
6.491892412895989839e-01 8.886024180397383843e-03
6.590808112105230876e-01 7.630468253904393663e-03
6.690102702621547603e-01 6.393519764249662105e-03
6.789765149027036095e-01 5.178886018231327638e-03
6.889784375020977514e-01 3.990325057053538405e-03
6.990149264650814542e-01 2.831745526445541335e-03
7.090848663547572039e-01 1.706827422335874559e-03
7.191871380165538730e-01 6.182480972352672084e-04
7.293206187026060050e-01 -4.315477405252697465e-04
7.394841821965345563e-01 -1.440117798935134936e-03
7.496766989386134394e-01 -2.405034306118921349e-03
7.598970361513051053e-01 -3.323904620381665665e-03
7.701440579651563922e-01 -4.194269935536847245e-03
7.804166255450371015e-01 -5.013522507737086173e-03
7.907135972167069760e-01 -5.779211358971672943e-03
8.010338285937002034e-01 -6.489161863622410799e-03
8.113761727045106786e-01 -7.139450952956504816e-03
8.217394801200630372e-01 -7.723513676495948228e-03
8.321225990814590245e-01 -8.234312222435509823e-03
8.425243756279822138e-01 -8.664483587922587951e-03
8.529436537253458628e-01 -9.006624797818597178e-03
8.633792753941731402e-01 -9.253319797958891105e-03
8.738300808386934015e-01 -9.397293015100064567e-03
8.842949085756387495e-01 -9.431357998236142640e-03
8.947725955633289985e-01 -9.347808184483035604e-03
9.052619773309316109e-01 -9.139235945429697097e-03
9.157618881078770645e-01 -8.806018592976225939e-03
9.262711609534211021e-01 -8.353548052397680515e-03
9.367886278863364335e-01 -7.788201702829081197e-03
9.473131200147204556e-01 -7.116800225162273758e-03
9.578434676659028923e-01 -6.345898418291483906e-03
9.683785005164411430e-01 -5.481980116664648441e-03
9.789170477221889044e-01 -4.531815591558806949e-03
9.894579380484205267e-01 -3.502252104159904629e-03
9.999999999999998890e-01 -2.399999209595711329e-03
