9.999999999999998890e-01 -3.330533122029470400e-03
9.894579380484205267e-01 -8.990679215211160643e-04
9.789170477221889044e-01 1.972564080395918656e-03
9.683785005164411430e-01 4.665579680708854295e-03
9.578434676659028923e-01 7.117312136086960915e-03
9.473131200147204556e-01 9.389591109317982701e-03
9.367886278863364335e-01 1.157173570288904003e-02
9.262711609534211021e-01 1.373153456671609429e-02
9.157618881078770645e-01 1.587751818790975045e-02
9.052619773309316109e-01 1.801301277746865728e-02
8.947725955633289985e-01 2.014686163984201125e-02
8.842949085756387495e-01 2.228436307667245111e-02
8.738300808386934015e-01 2.442423473573583637e-02
8.633792753941731402e-01 2.656574744004123675e-02
8.529436537253458628e-01 2.870966495941051216e-02
8.425243756279822138e-01 3.085603422129700943e-02
8.321225990814590245e-01 3.300398973464183094e-02
8.217394801200630372e-01 3.515291088260692753e-02
8.113761727045106786e-01 3.730241808901155198e-02
8.010338285937002034e-01 3.945152694290441492e-02
7.907135972167069760e-01 4.159875314013081193e-02
7.804166255450371015e-01 4.374252487608942808e-02
7.701440579651563922e-01 4.588120505323500797e-02
7.598970361513051053e-01 4.801300267561033064e-02
7.496766989386134394e-01 5.013608586463175198e-02
7.394841821965345563e-01 5.224898485421849981e-02
7.293206187026060050e-01 5.435033617966095881e-02
7.191871380165538730e-01 5.643835224937553130e-02
7.090848663547572039e-01 5.851105616444152863e-02
6.990149264650814542e-01 6.056635943504946884e-02
6.889784375020977514e-01 6.260212065288797700e-02
6.789765149027036095e-01 6.461612709759470552e-02
6.690102702621547603e-01 6.660623260923589917e-02
6.590808112105230876e-01 6.857059571161680522e-02
6.491892412895989839e-01 7.050646860042900088e-02
6.393366598302444581e-01 7.240824103462101258e-02
6.295241618302156450e-01 7.426967535386581887e-02
6.197528378324663745e-01 7.608428739647116190e-02
6.100237738039482327e-01 7.784671780166953214e-02
6.003380510149177729e-01 7.955396993054884847e-02
5.906967459187653091e-01 8.120341174502127002e-02
5.811009300323815019e-01 8.279258468306752161e-02
5.715516698170692855e-01 8.432100995564893731e-02
5.620500265600203438e-01 8.579101735411458207e-02
5.525970562563653488e-01 8.720502528473682291e-02
5.431938094918128401e-01 8.856518784983584414e-02
5.338413313258880688e-01 8.987103091590786796e-02
5.245406611757882365e-01 9.111942738616547743e-02
5.152928327008634568e-01 9.230732330664116747e-02
5.060988736877365390e-01 9.343192681304000879e-02
4.969598059360780251e-01 9.449177395169872096e-02
4.878766451450451402e-01 9.548636348624552073e-02
4.788504008003974244e-01 9.641527450923148557e-02
4.698820760623064752e-01 9.727830101713752509e-02
4.609726676538650203e-01 9.807677869387991521e-02
4.521231657503131940e-01 9.881287783966112570e-02
4.433345538689928977e-01 9.948911065029016065e-02
4.346078087600411255e-01 1.001077014229959788e-01
4.259439002978354649e-01 1.006684212155061070e-01
4.173437913732044313e-01 1.011700247632885408e-01
4.088084377864137364e-01 1.016105698893896986e-01
4.003387881409395943e-01 1.019884857722739846e-01
3.919357837380436083e-01 1.023044122067290063e-01
3.836003584721576765e-01 1.025598109287970405e-01
3.753334387270930161e-01 1.027570638704980721e-01
3.671359432730831873e-01 1.028984182743283016e-01
3.590087831646743277e-01 1.029852896289960851e-01
3.509528616394713696e-01 1.030188481192067101e-01
3.429690740177547825e-01 1.030000219704364228e-01
3.350583076029753915e-01 1.029296610005518836e-01
3.272214415831418144e-01 1.028085245137648346e-01
3.194593469331089564e-01 1.026370389049969800e-01
3.117728863177794407e-01 1.024151408145451414e-01
3.041629139962280792e-01 1.021429727541807303e-01
2.966302757267624823e-01 1.018210212025165845e-01
2.891758086729252497e-01 1.014504438131304948e-01
2.818003413104546162e-01 1.010331097848888721e-01
2.745046933352085494e-01 1.005710043937174114e-01
2.672896755720651774e-01 1.000661259574729400e-01
2.601560898848094272e-01 9.951955573654805431e-02
2.531047290870154232e-01 9.893165065940767722e-02
2.461363768539343022e-01 9.830261425903163985e-02
2.392518076353984391e-01 9.763259750758421229e-02
2.324517865697500740e-01 9.692208250844053241e-02
2.257370693988056676e-01 9.617176319992470912e-02
2.191084023838638650e-01 9.538255952535744375e-02
2.125665222227673956e-01 9.455548604186959916e-02
2.061121559680280102e-01 9.369150809726985163e-02
1.997460209460230063e-01 9.279147937965678827e-02
1.934688246772731102e-01 9.185578469163305226e-02
1.872812647978095990e-01 9.088474361013831881e-02
1.811840289816407656e-01 8.987901937259912266e-02
1.751777948643248317e-01 8.883921373980928349e-02
1.692632299676588570e-01 8.776541208762611568e-02
1.634409916254914164e-01 8.665765810838911565e-02
1.577117269106679265e-01 8.551619043731353842e-02
1.520760725631161714e-01 8.434139311574131992e-02
1.465346549190801317e-01 8.313391249494918311e-02
1.410880898415101115e-01 8.189456501078343220e-02
1.357369826516168221e-01 8.062442751722680157e-02
1.304819280615971966e-01 7.932464474139476474e-02
1.253235101085391490e-01 7.799641053278735803e-02
1.202623020895129402e-01 7.664035132398477890e-02
1.152988664978553679e-01 7.525631842048692566e-02
1.104337549606562163e-01 7.384462204976301181e-02
1.056675081774507419e-01 7.240614456928810838e-02
1.010006558601274085e-01 7.094113331520565668e-02
9.643371667405697956e-02 6.944918720312573401e-02
9.196719818044885031e-02 6.793003390238046280e-02
8.760159677994161509e-02 6.638359444585942293e-02
8.333739765743386485e-02 6.481061968980626753e-02
7.917507472816209813e-02 6.321249659607786064e-02
7.511509058502996439e-02 6.159122554455440102e-02
7.115789644719716645e-02 5.994920700661757196e-02
6.730393210993146358e-02 5.828922901623421332e-02
6.355362589573076981e-02 5.661382390472808473e-02
5.990739460672012129e-02 5.492255142535983764e-02
5.636564347832906385e-02 5.321405678679051732e-02
5.292876613425423482e-02 5.148865703723447956e-02
4.959714454271368922e-02 4.974707125201992958e-02
4.637114897399441382e-02 4.798926206522060450e-02
4.325113795930202176e-02 4.621494701766042101e-02
4.023745825091396000e-02 4.442372412816033428e-02
3.733044478364233587e-02 4.261609605503693943e-02
3.453042063760936031e-02 4.079541100749310700e-02
3.183769700234129196e-02 3.896564343591576995e-02
2.925257314218321358e-02 3.713099326406456291e-02
2.677533636303963682e-02 3.529727155391279569e-02
2.440626198044326678e-02 3.347350967525779264e-02
2.214561328895736647e-02 3.166035304036712156e-02
1.999364153291383062e-02 2.984296647813018330e-02
1.795058587848985532e-02 2.800676461641725054e-02
1.601667338712764455e-02 2.614019206923660216e-02
1.419211899029970692e-02 2.424337603943257577e-02
1.247712546562085301e-02 2.233109903811594105e-02
1.087188341431266636e-02 2.042814848771074693e-02
9.376571240020115106e-03 1.856833591790451807e-02
7.991355128984078959e-03 1.677546609253977722e-02
6.716389031571567969e-03 1.506017151226156196e-02
5.551814645166519568e-03 1.337702453895328603e-02
4.497761398421062928e-03 1.164462808020701526e-02
3.554346436871580472e-03 9.845688868730091345e-03
2.721674609919344512e-03 8.007192732271278118e-03
1.999838459177394334e-03 6.185833144409072330e-03
1.388918208186096237e-03 4.454679426988472808e-03
8.889817534969424173e-04 2.894247203654113504e-03
5.000846571264760954e-04 1.585754946382927954e-03
2.222701403818971855e-04 5.954692900313564080e-04
5.556907905679420168e-05 -2.065071136036120792e-05
0.000000000000000000e+00 -2.300611752609495165e-04
0.000000000000000000e+00 -2.889278949565043790e-04
5.556907905679420168e-05 -6.726046153214682542e-03
2.222701403818971855e-04 -7.231429468986792265e-03
5.000846571264760954e-04 -7.725218612829657522e-03
8.889817534969424173e-04 -8.663675283759702389e-03
1.388918208186096237e-03 -9.563178420036733129e-03
1.999838459177394334e-03 -1.044067723224846068e-02
2.721674609919344512e-03 -1.135320871280306836e-02
3.554346436871580472e-03 -1.225763186933228124e-02
4.497761398421062928e-03 -1.313094056459677972e-02
5.551814645166519568e-03 -1.401382526850479711e-02
6.716389031571567969e-03 -1.492086522861534037e-02
7.991355128984078959e-03 -1.581464681554725984e-02
9.376571240020115106e-03 -1.668433946135340282e-02
1.087188341431266636e-02 -1.756022426741373280e-02
1.247712546562085301e-02 -1.845739621504511110e-02
1.419211899029970692e-02 -1.937063315076751821e-02
1.601667338712764455e-02 -2.029476099157644445e-02
1.795058587848985532e-02 -2.122563421160761007e-02
1.999364153291383062e-02 -2.215835354762259526e-02
2.214561328895736647e-02 -2.308754280895476338e-02
2.440626198044326678e-02 -2.400981224772586950e-02
2.677533636303963682e-02 -2.492322711032178562e-02
2.925257314218321358e-02 -2.582686786480895696e-02
3.183769700234129196e-02 -2.672066879685561572e-02
3.453042063760936031e-02 -2.760687912862023335e-02
3.733044478364233587e-02 -2.848826542856651781e-02
4.023745825091396000e-02 -2.936387948642981902e-02
4.325113795930202176e-02 -3.023139901258018250e-02
4.637114897399441382e-02 -3.108901322330385325e-02
4.959714454271368922e-02 -3.193523669600788900e-02
5.292876613425423482e-02 -3.276926107747163419e-02
5.636564347832906385e-02 -3.359059194770638163e-02
5.990739460672012129e-02 -3.439920153026947147e-02
6.355362589573076981e-02 -3.519563759886043530e-02
6.730393210993146358e-02 -3.598183266431708577e-02
7.115789644719716645e-02 -3.675950069550769361e-02
7.511509058502996439e-02 -3.752920142356649946e-02
7.917507472816209813e-02 -3.829063462718156063e-02
8.333739765743386485e-02 -3.904210636687412139e-02
8.760159677994161509e-02 -3.978207112262543282e-02
9.196719818044885031e-02 -4.050952582394343193e-02
9.643371667405697956e-02 -4.122360333733086912e-02
1.010006558601274085e-01 -4.192356277505339401e-02
1.056675081774507419e-01 -4.260890707607097039e-02
1.104337549606562163e-01 -4.327942954894943572e-02
1.152988664978553679e-01 -4.393511970306587106e-02
1.202623020895129402e-01 -4.457615744394407414e-02
1.253235101085391490e-01 -4.520287215571371087e-02
1.304819280615971966e-01 -4.581575087339999353e-02
1.357369826516168221e-01 -4.641578109293915261e-02
1.410880898415101115e-01 -4.700424896861900986e-02
1.465346549190801317e-01 -4.758179554206838635e-02
1.520760725631161714e-01 -4.814856919267935381e-02
1.577117269106679265e-01 -4.870389443955897013e-02
1.634409916254914164e-01 -4.924672140121581082e-02
1.692632299676588570e-01 -4.977629781250464402e-02
1.751777948643248317e-01 -5.029198229231145872e-02
1.811840289816407656e-01 -5.079303552765881968e-02
1.872812647978095990e-01 -5.127870680543712006e-02
1.934688246772731102e-01 -5.174835473448507334e-02
1.997460209460230063e-01 -5.220137123551948921e-02
2.061121559680280102e-01 -5.263715353001285902e-02
2.125665222227673956e-01 -5.305512118563235346e-02
2.191084023838638650e-01 -5.345476061490957859e-02
2.257370693988056676e-01 -5.383558507593014936e-02
2.324517865697500740e-01 -5.419714374515164496e-02
2.392518076353984391e-01 -5.453901902837389459e-02
2.461363768539343022e-01 -5.486085343757345772e-02
2.531047290870154232e-01 -5.516231901600997939e-02
2.601560898848094272e-01 -5.544312803404906342e-02
2.672896755720651774e-01 -5.570304066577686647e-02
2.745046933352085494e-01 -5.594188447945210724e-02
2.818003413104546162e-01 -5.615950930704395605e-02
2.891758086729252497e-01 -5.635578992873541138e-02
2.966302757267624823e-01 -5.653069783975837176e-02
3.041629139962280792e-01 -5.668429299689758255e-02
3.117728863177794407e-01 -5.681633777026127985e-02
3.194593469331089564e-01 -5.692631095046342404e-02
3.272214415831418144e-01 -5.701359991169792363e-02
3.350583076029753915e-01 -5.707753303773774323e-02
3.429690740177547825e-01 -5.711748260954875589e-02
3.509528616394713696e-01 -5.713284971585939204e-02
3.590087831646743277e-01 -5.712302737222377941e-02
3.671359432730831873e-01 -5.708740678841048299e-02
3.753334387270930161e-01 -5.702540108464780599e-02
3.836003584721576765e-01 -5.693643478103980332e-02
3.919357837380436083e-01 -5.681994072548421371e-02
4.003387881409395943e-01 -5.667535799111857869e-02
4.088084377864137364e-01 -5.650214119142961400e-02
4.173437913732044313e-01 -5.629975396137093524e-02
4.259439002978354649e-01 -5.606767708115181770e-02
4.346078087600411255e-01 -5.580539874203178929e-02
4.433345538689928977e-01 -5.551241726595018688e-02
4.521231657503131940e-01 -5.518824331540823913e-02
4.609726676538650203e-01 -5.483241632573589153e-02
4.698820760623064752e-01 -5.444447750608676778e-02
4.788504008003974244e-01 -5.402396067119980688e-02
4.878766451450451402e-01 -5.357043702113652855e-02
4.969598059360780251e-01 -5.308355873873057962e-02
5.060988736877365390e-01 -5.256337890747997399e-02
5.152928327008634568e-01 -5.201059498370314005e-02
5.245406611757882365e-01 -5.142597608847911117e-02
5.338413313258880688e-01 -5.081030949830443039e-02
5.431938094918128401e-01 -5.016444125926240033e-02
5.525970562563653488e-01 -4.948928633545994493e-02
5.620500265600203438e-01 -4.878580470884234799e-02
5.715516698170692855e-01 -4.805499993033400530e-02
5.811009300323815019e-01 -4.729792808429685719e-02
5.906967459187653091e-01 -4.651569173874161439e-02
6.003380510149177729e-01 -4.570945080126621179e-02
6.100237738039482327e-01 -4.488040826254477422e-02
6.197528378324663745e-01 -4.402980775733671831e-02
6.295241618302156450e-01 -4.315892597467035213e-02
6.393366598302444581e-01 -4.226911935711114704e-02
6.491892412895989839e-01 -4.136178292740282786e-02
6.590808112105230876e-01 -4.043830836290762676e-02
6.690102702621547603e-01 -3.950011746757779718e-02
6.789765149027036095e-01 -3.854880506978607124e-02
6.889784375020977514e-01 -3.758591926655874965e-02
6.990149264650814542e-01 -3.661253324341116194e-02
7.090848663547572039e-01 -3.562951884876676412e-02
7.191871380165538730e-01 -3.463749668175845897e-02
7.293206187026060050e-01 -3.363705716731451439e-02
7.394841821965345563e-01 -3.262887598409034556e-02
7.496766989386134394e-01 -3.161365405058491618e-02
7.598970361513051053e-01 -3.059211496720339388e-02
7.701440579651563922e-01 -2.956495773186792672e-02
7.804166255450371015e-01 -2.853282317667832010e-02
7.907135972167069760e-01 -2.749644221055170049e-02
8.010338285937002034e-01 -2.645671400212212809e-02
8.113761727045106786e-01 -2.541436094513708013e-02
8.217394801200630372e-01 -2.436982997123031403e-02
8.321225990814590245e-01 -2.332397403454255710e-02
8.425243756279822138e-01 -2.227814592859331602e-02
8.529436537253458628e-01 -2.123283878130332453e-02
8.633792753941731402e-01 -2.018758437235151915e-02
8.738300808386934015e-01 -1.914146666406929542e-02
8.842949085756387495e-01 -1.809300464185821869e-02
8.947725955633289985e-01 -1.703773202379690183e-02
9.052619773309316109e-01 -1.596953612793894708e-02
9.157618881078770645e-01 -1.488878896256492883e-02
9.262711609534211021e-01 -1.379783252624886859e-02
9.367886278863364335e-01 -1.267972292363911922e-02
9.473131200147204556e-01 -1.150268642854908839e-02
9.578434676659028923e-01 -1.020144397818081861e-02
9.683785005164411430e-01 -8.697057363133847002e-03
9.789170477221889044e-01 -6.917041987063144402e-03
9.894579380484205267e-01 -4.913142645451953720e-03
9.999999999999998890e-01 -3.329549958145861487e-03
