9.999999999999998890e-01 -2.659490072069966116e-09
9.894579380484205267e-01 2.148493002686184625e-03
9.789170477221889044e-01 4.389513027870611470e-03
9.683785005164411430e-01 6.693078725227245319e-03
9.578434676659028923e-01 9.027973629731136929e-03
9.473131200147204556e-01 1.136476456147476888e-02
9.367886278863364335e-01 1.367960067864918902e-02
9.262711609534211021e-01 1.595621680932524100e-02
9.157618881078770645e-01 1.819346244738558396e-02
9.052619773309316109e-01 2.039910166269398931e-02
8.947725955633289985e-01 2.259359908057890359e-02
8.842949085756387495e-01 2.478347493455986331e-02
8.738300808386934015e-01 2.695110807293929142e-02
8.633792753941731402e-01 2.908753409060127817e-02
8.529436537253458628e-01 3.119818699726622721e-02
8.425243756279822138e-01 3.328805348576955453e-02
8.321225990814590245e-01 3.536025950900255344e-02
8.217394801200630372e-01 3.741312449194399842e-02
8.113761727045106786e-01 3.944032382543009169e-02
8.010338285937002034e-01 4.143282835382537665e-02
7.907135972167069760e-01 4.338021877771989360e-02
7.804166255450371015e-01 4.527990172492530468e-02
7.701440579651563922e-01 4.713452572862846662e-02
7.598970361513051053e-01 4.894601371233450737e-02
7.496766989386134394e-01 5.071567256304979066e-02
7.394841821965345563e-01 5.244363938197599273e-02
7.293206187026060050e-01 5.412925653083854732e-02
7.191871380165538730e-01 5.577030989121516125e-02
7.090848663547572039e-01 5.736415026696209396e-02
6.990149264650814542e-01 5.890907001935454662e-02
6.889784375020977514e-01 6.040413999838767367e-02
6.789765149027036095e-01 6.185046126496708541e-02
6.690102702621547603e-01 6.324982231223104379e-02
6.590808112105230876e-01 6.460450532968020632e-02
6.491892412895989839e-01 6.591633148380060536e-02
6.393366598302444581e-01 6.718544276304320995e-02
6.295241618302156450e-01 6.841102885542565959e-02
6.197528378324663745e-01 6.959070724441020206e-02
6.100237738039482327e-01 7.072205220967844874e-02
6.003380510149177729e-01 7.180303729736101093e-02
5.906967459187653091e-01 7.283243017671524322e-02
5.811009300323815019e-01 7.381027499601230946e-02
5.715516698170692855e-01 7.473703354889336958e-02
5.620500265600203438e-01 7.561358292355822852e-02
5.525970562563653488e-01 7.644066263928719906e-02
5.431938094918128401e-01 7.721880046208826065e-02
5.338413313258880688e-01 7.794834610465199709e-02
5.245406611757882365e-01 7.862947664174155249e-02
5.152928327008634568e-01 7.926229169231865934e-02
5.060988736877365390e-01 7.984685595237936417e-02
4.969598059360780251e-01 8.038357477932281392e-02
4.878766451450451402e-01 8.087315927270488647e-02
4.788504008003974244e-01 8.131694747193554673e-02
4.698820760623064752e-01 8.171663791290241508e-02
4.609726676538650203e-01 8.207378103193627150e-02
4.521231657503131940e-01 8.238984393149710594e-02
4.433345538689928977e-01 8.266625808949633336e-02
4.346078087600411255e-01 8.290439701192778288e-02
4.259439002978354649e-01 8.310538884811098648e-02
4.173437913732044313e-01 8.327031097252640679e-02
4.088084377864137364e-01 8.340040873842083369e-02
4.003387881409395943e-01 8.349686677107708010e-02
3.919357837380436083e-01 8.356044718757416057e-02
3.836003584721576765e-01 8.359168807455268080e-02
3.753334387270930161e-01 8.359073914305682751e-02
3.671359432730831873e-01 8.355760172116984130e-02
3.590087831646743277e-01 8.349208867181066862e-02
3.509528616394713696e-01 8.339387952707491558e-02
3.429690740177547825e-01 8.326242392150998151e-02
3.350583076029753915e-01 8.309662310700977050e-02
3.272214415831418144e-01 8.289445046641460979e-02
3.194593469331089564e-01 8.265487834124916888e-02
3.117728863177794407e-01 8.237857232682276043e-02
3.041629139962280792e-01 8.206665756676344292e-02
2.966302757267624823e-01 8.172070933185680841e-02
2.891758086729252497e-01 8.134344215338809581e-02
2.818003413104546162e-01 8.093875822632347339e-02
2.745046933352085494e-01 8.051016658149921790e-02
2.672896755720651774e-01 8.006073451043622946e-02
2.601560898848094272e-01 7.959314413941377675e-02
2.531047290870154232e-01 7.910968705307284965e-02
2.461363768539343022e-01 7.861141892926126751e-02
2.392518076353984391e-01 7.809843350587646060e-02
2.324517865697500740e-01 7.756930544367032776e-02
2.257370693988056676e-01 7.702183815435492686e-02
2.191084023838638650e-01 7.645423218576227753e-02
2.125665222227673956e-01 7.586486048740524735e-02
2.061121559680280102e-01 7.525201434059945738e-02
1.997460209460230063e-01 7.461394939111458402e-02
1.934688246772731102e-01 7.394890026363741542e-02
1.872812647978095990e-01 7.325505228263969049e-02
1.811840289816407656e-01 7.253041324726691719e-02
1.751777948643248317e-01 7.177311790981279194e-02
1.692632299676588570e-01 7.098189382213845877e-02
1.634409916254914164e-01 7.015563657250957486e-02
1.577117269106679265e-01 6.929335949229888103e-02
1.520760725631161714e-01 6.839437362730749204e-02
1.465346549190801317e-01 6.745864478740921932e-02
1.410880898415101115e-01 6.648670370136403052e-02
1.357369826516168221e-01 6.548000596221345559e-02
1.304819280615971966e-01 6.444017031746329671e-02
1.253235101085391490e-01 6.336890447097533186e-02
1.202623020895129402e-01 6.226780150684927545e-02
1.152988664978553679e-01 6.113828736797966706e-02
1.104337549606562163e-01 5.998186790230507909e-02
1.056675081774507419e-01 5.880015833157797162e-02
1.010006558601274085e-01 5.759481981721852745e-02
9.643371667405697956e-02 5.636749564690641395e-02
9.196719818044885031e-02 5.511887204716140604e-02
8.760159677994161509e-02 5.384889024047011946e-02
8.333739765743386485e-02 5.255812409185912915e-02
7.917507472816209813e-02 5.124761451941037965e-02
7.511509058502996439e-02 4.991849191645396366e-02
7.115789644719716645e-02 4.857189899325711074e-02
6.730393210993146358e-02 4.720869249868181461e-02
6.355362589573076981e-02 4.582963695509029850e-02
5.990739460672012129e-02 4.443582299969998928e-02
5.636564347832906385e-02 4.302869579727647276e-02
5.292876613425423482e-02 4.161090654888105478e-02
4.959714454271368922e-02 4.018503571209799952e-02
4.637114897399441382e-02 3.875150067723370784e-02
4.325113795930202176e-02 3.731012511673167248e-02
4.023745825091396000e-02 3.586078485421168027e-02
3.733044478364233587e-02 3.440353877816865191e-02
3.453042063760936031e-02 3.293896812220357267e-02
3.183769700234129196e-02 3.146793725739177594e-02
2.925257314218321358e-02 2.999177902877432980e-02
2.677533636303963682e-02 2.851246859549611337e-02
2.440626198044326678e-02 2.703317402876620826e-02
2.214561328895736647e-02 2.555659892847567810e-02
1.999364153291383062e-02 2.408436697826905198e-02
1.795058587848985532e-02 2.261830355546264743e-02
1.601667338712764455e-02 2.116080693502139440e-02
1.419211899029970692e-02 1.971824783537226913e-02
1.247712546562085301e-02 1.830136524693641228e-02
1.087188341431266636e-02 1.690761010285753846e-02
9.376571240020115106e-03 1.552089689420483275e-02
7.991355128984078959e-03 1.413886684472000221e-02
6.716389031571567969e-03 1.277244084619493653e-02
5.551814645166519568e-03 1.143994286657843730e-02
4.497761398421062928e-03 1.015845160772981329e-02
3.554346436871580472e-03 8.872417257189877532e-03
2.721674609919344512e-03 7.491179434824832978e-03
1.999838459177394334e-03 6.020060252515610673e-03
1.388918208186096237e-03 4.520134561487797534e-03
8.889817534969424173e-04 3.086487108347097958e-03
5.000846571264760954e-04 1.827358340195322714e-03
2.222701403818971855e-04 8.412026902998041757e-04
5.556907905679420168e-05 2.152780646504058050e-04
0.000000000000000000e+00 -2.243049953474630571e-08
0.000000000000000000e+00 1.765514031460341214e-08
5.556907905679420168e-05 -1.067929613370558080e-04
2.222701403818971855e-04 -4.147418823712344473e-04
5.000846571264760954e-04 -8.935693135982554188e-04
8.889817534969424173e-04 -1.490087514038626951e-03
1.388918208186096237e-03 -2.145428863371497998e-03
1.999838459177394334e-03 -2.798143959943731173e-03
2.721674609919344512e-03 -3.397005154364753435e-03
3.554346436871580472e-03 -3.915270809691859775e-03
4.497761398421062928e-03 -4.367068187711953611e-03
5.551814645166519568e-03 -4.836806738784801482e-03
6.716389031571567969e-03 -5.370869838354668142e-03
7.991355128984078959e-03 -5.942844772840178216e-03
9.376571240020115106e-03 -6.521913356584856103e-03
1.087188341431266636e-02 -7.080731503439574581e-03
1.247712546562085301e-02 -7.612976585995735040e-03
1.419211899029970692e-02 -8.134851792958124744e-03
1.601667338712764455e-02 -8.644295554117848585e-03
1.795058587848985532e-02 -9.121372950782843936e-03
1.999364153291383062e-02 -9.556173123146003215e-03
2.214561328895736647e-02 -9.948399109174414431e-03
2.440626198044326678e-02 -1.031020553975862085e-02
2.677533636303963682e-02 -1.066056153853472618e-02
2.925257314218321358e-02 -1.100450335160755612e-02
3.183769700234129196e-02 -1.133894354865349827e-02
3.453042063760936031e-02 -1.165969564163122849e-02
3.733044478364233587e-02 -1.196241343108528539e-02
4.023745825091396000e-02 -1.224479590614733701e-02
4.325113795930202176e-02 -1.250620128599280387e-02
4.637114897399441382e-02 -1.275045698855275036e-02
4.959714454271368922e-02 -1.298250059552705921e-02
5.292876613425423482e-02 -1.320574095374467925e-02
5.636564347832906385e-02 -1.342242056736769537e-02
5.990739460672012129e-02 -1.363210193437137258e-02
6.355362589573076981e-02 -1.383404441450134838e-02
6.730393210993146358e-02 -1.402836787898459336e-02
7.115789644719716645e-02 -1.421532368752391126e-02
7.511509058502996439e-02 -1.439510082712580630e-02
7.917507472816209813e-02 -1.456792698163414043e-02
8.333739765743386485e-02 -1.473412757464430400e-02
8.760159677994161509e-02 -1.489404918587792712e-02
9.196719818044885031e-02 -1.504805876827355719e-02
9.643371667405697956e-02 -1.519674505928217574e-02
1.010006558601274085e-01 -1.534100105509615848e-02
1.056675081774507419e-01 -1.548139129970615979e-02
1.104337549606562163e-01 -1.561805896613141335e-02
1.152988664978553679e-01 -1.575120860076167223e-02
1.202623020895129402e-01 -1.588112638565569029e-02
1.253235101085391490e-01 -1.600798678671901815e-02
1.304819280615971966e-01 -1.613181141289205672e-02
1.357369826516168221e-01 -1.625188697698926044e-02
1.410880898415101115e-01 -1.636695999007459906e-02
1.465346549190801317e-01 -1.647565080038973159e-02
1.520760725631161714e-01 -1.657661423537023018e-02
1.577117269106679265e-01 -1.666940041983522650e-02
1.634409916254914164e-01 -1.675409951093932703e-02
1.692632299676588570e-01 -1.683138165587733798e-02
1.751777948643248317e-01 -1.690206087534754445e-02
1.811840289816407656e-01 -1.696637367756503173e-02
1.872812647978095990e-01 -1.702424893131672390e-02
1.934688246772731102e-01 -1.707513297271691377e-02
1.997460209460230063e-01 -1.711840706006990259e-02
2.061121559680280102e-01 -1.715374394729719809e-02
2.125665222227673956e-01 -1.718093626422124293e-02
2.191084023838638650e-01 -1.719993462573805171e-02
2.257370693988056676e-01 -1.721078743745833514e-02
2.324517865697500740e-01 -1.721371917271351595e-02
2.392518076353984391e-01 -1.720924485741012061e-02
2.461363768539343022e-01 -1.719844881517556753e-02
2.531047290870154232e-01 -1.718218039788110829e-02
2.601560898848094272e-01 -1.716072014300197221e-02
2.672896755720651774e-01 -1.713416650578232850e-02
2.745046933352085494e-01 -1.710241892902188837e-02
2.818003413104546162e-01 -1.706488490011861398e-02
2.891758086729252497e-01 -1.702034479815049683e-02
2.966302757267624823e-01 -1.696719435748685750e-02
3.041629139962280792e-01 -1.690349510998696153e-02
3.117728863177794407e-01 -1.682808769877532779e-02
3.194593469331089564e-01 -1.674051941294274828e-02
3.272214415831418144e-01 -1.663996392031696914e-02
3.350583076029753915e-01 -1.652515296862151761e-02
3.429690740177547825e-01 -1.639326042925202953e-02
3.509528616394713696e-01 -1.624061087870692574e-02
3.590087831646743277e-01 -1.606503535230975610e-02
3.671359432730831873e-01 -1.586525915343236712e-02
3.753334387270930161e-01 -1.564046580620645846e-02
3.836003584721576765e-01 -1.539055261973134095e-02
3.919357837380436083e-01 -1.511855175028541283e-02
4.003387881409395943e-01 -1.482826732222206241e-02
4.088084377864137364e-01 -1.452137001656432502e-02
4.173437913732044313e-01 -1.419844792569077176e-02
4.259439002978354649e-01 -1.385838807165216957e-02
4.346078087600411255e-01 -1.349970127857928227e-02
4.433345538689928977e-01 -1.312112429925494164e-02
4.521231657503131940e-01 -1.272168194354326119e-02
4.609726676538650203e-01 -1.230107867039000567e-02
4.698820760623064752e-01 -1.185950669109448082e-02
4.788504008003974244e-01 -1.139802364766584128e-02
4.878766451450451402e-01 -1.091777494826577481e-02
4.969598059360780251e-01 -1.041983111853976920e-02
5.060988736877365390e-01 -9.904999627694201572e-03
5.152928327008634568e-01 -9.373665100393405170e-03
5.245406611757882365e-01 -8.825977866253590168e-03
5.338413313258880688e-01 -8.261818766596788419e-03
5.431938094918128401e-01 -7.681063387668858947e-03
5.525970562563653488e-01 -7.083644622794778474e-03
5.620500265600203438e-01 -6.470397979886410855e-03
5.715516698170692855e-01 -5.843057032030891419e-03
5.811009300323815019e-01 -5.203586715244613164e-03
5.906967459187653091e-01 -4.554119596912339571e-03
6.003380510149177729e-01 -3.896879846835867283e-03
6.100237738039482327e-01 -3.234180155951994502e-03
6.197528378324663745e-01 -2.568620858133604731e-03
6.295241618302156450e-01 -1.902997442016356048e-03
6.393366598302444581e-01 -1.240328478565506194e-03
6.491892412895989839e-01 -5.836597987299585195e-04
6.590808112105230876e-01 6.450764876244580799e-05
6.690102702621547603e-01 7.019687234988924952e-04
6.789765149027036095e-01 1.326912205647595060e-03
6.889784375020977514e-01 1.937668562145304944e-03
6.990149264650814542e-01 2.532603563990824119e-03
7.090848663547572039e-01 3.109748806306041752e-03
7.191871380165538730e-01 3.665862816091736923e-03
7.293206187026060050e-01 4.197576358279763234e-03
7.394841821965345563e-01 4.702027381669040239e-03
7.496766989386134394e-01 5.175884972175008418e-03
7.598970361513051053e-01 5.614390947138713298e-03
7.701440579651563922e-01 6.012974129980520194e-03
7.804166255450371015e-01 6.367905438151470927e-03
7.907135972167069760e-01 6.673816766655289549e-03
8.010338285937002034e-01 6.922385867488806133e-03
8.113761727045106786e-01 7.111658634582523550e-03
8.217394801200630372e-01 7.249242832685074897e-03
8.321225990814590245e-01 7.331906029270730818e-03
8.425243756279822138e-01 7.342129860656937401e-03
8.529436537253458628e-01 7.267198736709438132e-03
8.633792753941731402e-01 7.101776512100659369e-03
8.738300808386934015e-01 6.866448873779454863e-03
8.842949085756387495e-01 6.600050554680022934e-03
8.947725955633289985e-01 6.277300021673546185e-03
9.052619773309316109e-01 5.833233589939816784e-03
9.157618881078770645e-01 5.302387579341200433e-03
9.262711609534211021e-01 4.773838395737236250e-03
9.367886278863364335e-01 4.257397770344128335e-03
9.473131200147204556e-01 3.719386142054347758e-03
9.578434676659028923e-01 3.118114506240993091e-03
9.683785005164411430e-01 2.418558850012994792e-03
9.789170477221889044e-01 1.645153803609063735e-03
9.894579380484205267e-01 8.371676944336419813e-04
9.999999999999998890e-01 -1.294292107549016579e-07
