9.999999999999998890e-01 6.999999826854740731e-03
9.894579380484205267e-01 7.091305655356156500e-03
9.789170477221889044e-01 7.326136575170288587e-03
9.683785005164411430e-01 7.683015413049550796e-03
9.578434676659028923e-01 8.146171487451121795e-03
9.473131200147204556e-01 8.701239079244091693e-03
9.367886278863364335e-01 9.334488891423001547e-03
9.262711609534211021e-01 1.003361844224393007e-02
9.157618881078770645e-01 1.078931797449225218e-02
9.052619773309316109e-01 1.159306163066617379e-02
8.947725955633289985e-01 1.243703179616664246e-02
8.842949085756387495e-01 1.331371970337013461e-02
8.738300808386934015e-01 1.421605518212585087e-02
8.633792753941731402e-01 1.514001954723914224e-02
8.529436537253458628e-01 1.608544542433463023e-02
8.425243756279822138e-01 1.704728749424595791e-02
8.321225990814590245e-01 1.801467181410938007e-02
8.217394801200630372e-01 1.897598909706892795e-02
8.113761727045106786e-01 1.991965357692008012e-02
8.010338285937002034e-01 2.084087899752366455e-02
7.907135972167069760e-01 2.174054358863839256e-02
7.804166255450371015e-01 2.262213886844216884e-02
7.701440579651563922e-01 2.349045899691451500e-02
7.598970361513051053e-01 2.434680252136906323e-02
7.496766989386134394e-01 2.519037502450606827e-02
7.394841821965345563e-01 2.601963865543700447e-02
7.293206187026060050e-01 2.683280552259743185e-02
7.191871380165538730e-01 2.762867783889738291e-02
7.090848663547572039e-01 2.840626116214525418e-02
6.990149264650814542e-01 2.916439912126703518e-02
6.889784375020977514e-01 2.990202817015339548e-02
6.789765149027036095e-01 3.061871641342097869e-02
6.690102702621547603e-01 3.131416390172461067e-02
6.590808112105230876e-01 3.198793280000079842e-02
6.491892412895989839e-01 3.263965479396663955e-02
6.393366598302444581e-01 3.326925624364522605e-02
6.295241618302156450e-01 3.387681552486019460e-02
6.197528378324663745e-01 3.446265012769981345e-02
6.100237738039482327e-01 3.502708288441801904e-02
6.003380510149177729e-01 3.557037564903890725e-02
5.906967459187653091e-01 3.609284461889675222e-02
5.811009300323815019e-01 3.659491122929885154e-02
5.715516698170692855e-01 3.707701006506940872e-02
5.620500265600203438e-01 3.753957974186945823e-02
5.525970562563653488e-01 3.798305465250906982e-02
5.431938094918128401e-01 3.840786180359934132e-02
5.338413313258880688e-01 3.881438256101831658e-02
5.245406611757882365e-01 3.920295270674296895e-02
5.152928327008634568e-01 3.957391491300772668e-02
5.060988736877365390e-01 3.992761862796851552e-02
4.969598059360780251e-01 4.026440108667591472e-02
4.878766451450451402e-01 4.058458497399090870e-02
4.788504008003974244e-01 4.088843328803160732e-02
4.698820760623064752e-01 4.117617940115749636e-02
4.609726676538650203e-01 4.144811290967890388e-02
4.521231657503131940e-01 4.170453410422218787e-02
4.433345538689928977e-01 4.194561616356491662e-02
4.346078087600411255e-01 4.217146376315179801e-02
4.259439002978354649e-01 4.238210007459335821e-02
4.173437913732044313e-01 4.257751666556239267e-02
4.088084377864137364e-01 4.275769169569637596e-02
4.003387881409395943e-01 4.292265593905179172e-02
3.919357837380436083e-01 4.307265763639524236e-02
3.836003584721576765e-01 4.320805819481678134e-02
3.753334387270930161e-01 4.332941205277233282e-02
3.671359432730831873e-01 4.343731120310193733e-02
3.590087831646743277e-01 4.353234556363796970e-02
3.509528616394713696e-01 4.361501501370197015e-02
3.429690740177547825e-01 4.368562091412411807e-02
3.350583076029753915e-01 4.374419146793789154e-02
3.272214415831418144e-01 4.379030532481318488e-02
3.194593469331089564e-01 4.382359729719553093e-02
3.117728863177794407e-01 4.384386134835267096e-02
3.041629139962280792e-01 4.385088590947848475e-02
2.966302757267624823e-01 4.384445026785967897e-02
2.891758086729252497e-01 4.382474769389706898e-02
2.818003413104546162e-01 4.379241979923578082e-02
2.745046933352085494e-01 4.374805135570944414e-02
2.672896755720651774e-01 4.369216191984052339e-02
2.601560898848094272e-01 4.362538860770306254e-02
2.531047290870154232e-01 4.354842550873241208e-02
2.461363768539343022e-01 4.346154104021304754e-02
2.392518076353984391e-01 4.336467055078044308e-02
2.324517865697500740e-01 4.325724036782205295e-02
2.257370693988056676e-01 4.313843692831538512e-02
2.191084023838638650e-01 4.300771951238366309e-02
2.125665222227673956e-01 4.286467220446010112e-02
2.061121559680280102e-01 4.270887062950809443e-02
1.997460209460230063e-01 4.253994980361385653e-02
1.934688246772731102e-01 4.235786267882000328e-02
1.872812647978095990e-01 4.216276603680849111e-02
1.811840289816407656e-01 4.195524733169865572e-02
1.751777948643248317e-01 4.173580998508394369e-02
1.692632299676588570e-01 4.150428605012551619e-02
1.634409916254914164e-01 4.126010545026311677e-02
1.577117269106679265e-01 4.100196768418359200e-02
1.520760725631161714e-01 4.072873338520637682e-02
1.465346549190801317e-01 4.043994569438836423e-02
1.410880898415101115e-01 4.013556170427402120e-02
1.357369826516168221e-01 3.981616006281278597e-02
1.304819280615971966e-01 3.948249412442485923e-02
1.253235101085391490e-01 3.913546959516960022e-02
1.202623020895129402e-01 3.877527637950866496e-02
1.152988664978553679e-01 3.840109306987318089e-02
1.104337549606562163e-01 3.801200346282095077e-02
1.056675081774507419e-01 3.760708196499128186e-02
1.010006558601274085e-01 3.718573310413439414e-02
9.643371667405697956e-02 3.674770109563445242e-02
9.196719818044885031e-02 3.629297514589212986e-02
8.760159677994161509e-02 3.582170816914508754e-02
8.333739765743386485e-02 3.533369253167666785e-02
7.917507472816209813e-02 3.482849172954485817e-02
7.511509058502996439e-02 3.430594489481736398e-02
7.115789644719716645e-02 3.376606063044347572e-02
6.730393210993146358e-02 3.320888543660178993e-02
6.355362589573076981e-02 3.263445403979931686e-02
5.990739460672012129e-02 3.204260454741667680e-02
5.636564347832906385e-02 3.143315872723914661e-02
5.292876613425423482e-02 3.080629067907112231e-02
4.959714454271368922e-02 3.016219744145130430e-02
4.637114897399441382e-02 2.950063964505883485e-02
4.325113795930202176e-02 2.882139065661942778e-02
4.023745825091396000e-02 2.812472459114948031e-02
3.733044478364233587e-02 2.741074684882931906e-02
3.453042063760936031e-02 2.667869610606129344e-02
3.183769700234129196e-02 2.592830315685145520e-02
2.925257314218321358e-02 2.516095204987651643e-02
2.677533636303963682e-02 2.437693686248704542e-02
2.440626198044326678e-02 2.357374451477215610e-02
2.214561328895736647e-02 2.275129307941992779e-02
1.999364153291383062e-02 2.191432450180762562e-02
1.795058587848985532e-02 2.106317792636258623e-02
1.601667338712764455e-02 2.019115044724589109e-02
1.419211899029970692e-02 1.929859819401453028e-02
1.247712546562085301e-02 1.839507900957797204e-02
1.087188341431266636e-02 1.748239713700780462e-02
9.376571240020115106e-03 1.655399372130535174e-02
7.991355128984078959e-03 1.561084892548284149e-02
6.716389031571567969e-03 1.465918271692060945e-02
5.551814645166519568e-03 1.367921813151416754e-02
4.497761398421062928e-03 1.263789179810946746e-02
3.554346436871580472e-03 1.157343616549256875e-02
2.721674609919344512e-03 1.055196932022911191e-02
1.999838459177394334e-03 9.484223179416178054e-03
1.388918208186096237e-03 8.243963771659904363e-03
8.889817534969424173e-04 7.035515781244976695e-03
5.000846571264760954e-04 6.048471882027708392e-03
2.222701403818971855e-04 4.518204938823012010e-03
5.556907905679420168e-05 1.851742873956602805e-03
0.000000000000000000e+00 -5.267538329699353161e-06
0.000000000000000000e+00 1.508638853408424950e-06
5.556907905679420168e-05 -1.049447451530105199e-03
2.222701403818971855e-04 -2.899954440312647614e-03
5.000846571264760954e-04 -4.168013003594974071e-03
8.889817534969424173e-04 -5.065984494192171499e-03
1.388918208186096237e-03 -5.979637816561614652e-03
1.999838459177394334e-03 -6.874004027026387603e-03
2.721674609919344512e-03 -7.688145311995067330e-03
3.554346436871580472e-03 -8.462862064873824877e-03
4.497761398421062928e-03 -9.228174030102617026e-03
5.551814645166519568e-03 -9.967373805338283765e-03
6.716389031571567969e-03 -1.067038702058740150e-02
7.991355128984078959e-03 -1.134588842653331923e-02
9.376571240020115106e-03 -1.200221426439337415e-02
1.087188341431266636e-02 -1.264494087089028905e-02
1.247712546562085301e-02 -1.327713928004005395e-02
1.419211899029970692e-02 -1.389917922198684493e-02
1.601667338712764455e-02 -1.450938996400736800e-02
1.795058587848985532e-02 -1.510459121325620664e-02
1.999364153291383062e-02 -1.568626795332914506e-02
2.214561328895736647e-02 -1.625932643982925391e-02
2.440626198044326678e-02 -1.682410255398363030e-02
2.677533636303963682e-02 -1.737805003383617597e-02
2.925257314218321358e-02 -1.792129412523696744e-02
3.183769700234129196e-02 -1.845531594015918653e-02
3.453042063760936031e-02 -1.898007933253318541e-02
3.733044478364233587e-02 -1.949496433190008385e-02
4.023745825091396000e-02 -2.000028007768365340e-02
4.325113795930202176e-02 -2.049662318743810177e-02
4.637114897399441382e-02 -2.098416096970402017e-02
4.959714454271368922e-02 -2.146296190993696174e-02
5.292876613425423482e-02 -2.193327670957075787e-02
5.636564347832906385e-02 -2.239525309554897536e-02
5.990739460672012129e-02 -2.284849702503281149e-02
6.355362589573076981e-02 -2.329264384011253339e-02
6.730393210993146358e-02 -2.372776894163439176e-02
7.115789644719716645e-02 -2.415392671448583078e-02
7.511509058502996439e-02 -2.457092440766860120e-02
7.917507472816209813e-02 -2.497854308342844012e-02
8.333739765743386485e-02 -2.537658970953709722e-02
8.760159677994161509e-02 -2.576519286248331320e-02
9.196719818044885031e-02 -2.614501066315122121e-02
9.643371667405697956e-02 -2.651611964321722720e-02
1.010006558601274085e-01 -2.687770245793789231e-02
1.056675081774507419e-01 -2.722930999416959749e-02
1.104337549606562163e-01 -2.757103212847800133e-02
1.152988664978553679e-01 -2.790325428227278040e-02
1.202623020895129402e-01 -2.822662778765167024e-02
1.253235101085391490e-01 -2.854176776686093847e-02
1.304819280615971966e-01 -2.884919210071072715e-02
1.357369826516168221e-01 -2.914865476862832025e-02
1.410880898415101115e-01 -2.943936694878364346e-02
1.465346549190801317e-01 -2.972062565711885637e-02
1.520760725631161714e-01 -2.999183811253341297e-02
1.577117269106679265e-01 -3.025284675325264766e-02
1.634409916254914164e-01 -3.050378075862846330e-02
1.692632299676588570e-01 -3.074522489259370883e-02
1.751777948643248317e-01 -3.097786811591591444e-02
1.811840289816407656e-01 -3.120189286698482958e-02
1.872812647978095990e-01 -3.141720111021290701e-02
1.934688246772731102e-01 -3.162322165772505494e-02
1.997460209460230063e-01 -3.181932432507803693e-02
2.061121559680280102e-01 -3.200518332478535788e-02
2.125665222227673956e-01 -3.218062660892568455e-02
2.191084023838638650e-01 -3.234573749755807748e-02
2.257370693988056676e-01 -3.250063622385596096e-02
2.324517865697500740e-01 -3.264540787222338508e-02
2.392518076353984391e-01 -3.278022751346324620e-02
2.461363768539343022e-01 -3.290547682262998791e-02
2.531047290870154232e-01 -3.302132627445245050e-02
2.601560898848094272e-01 -3.312750638669709896e-02
2.672896755720651774e-01 -3.322346009178429871e-02
2.745046933352085494e-01 -3.330826234185864376e-02
2.818003413104546162e-01 -3.338101775544431021e-02
2.891758086729252497e-01 -3.344090679568181151e-02
2.966302757267624823e-01 -3.348703956411196170e-02
3.041629139962280792e-01 -3.351846786229002728e-02
3.117728863177794407e-01 -3.353471440326481756e-02
3.194593469331089564e-01 -3.353573697096384754e-02
3.272214415831418144e-01 -3.352148846277804711e-02
3.350583076029753915e-01 -3.349191546684984061e-02
3.429690740177547825e-01 -3.344708273568010315e-02
3.509528616394713696e-01 -3.338709712174525029e-02
3.590087831646743277e-01 -3.331173511306480262e-02
3.671359432730831873e-01 -3.322057439856720279e-02
3.753334387270930161e-01 -3.311306152050284834e-02
3.836003584721576765e-01 -3.298857950427128843e-02
3.919357837380436083e-01 -3.284648457198662691e-02
4.003387881409395943e-01 -3.268617002322431880e-02
4.088084377864137364e-01 -3.250726772568784256e-02
4.173437913732044313e-01 -3.230954902679582241e-02
4.259439002978354649e-01 -3.209305242418879212e-02
4.346078087600411255e-01 -3.185787334532252241e-02
4.433345538689928977e-01 -3.160406442083339706e-02
4.521231657503131940e-01 -3.133168578212863070e-02
4.609726676538650203e-01 -3.104084466606971474e-02
4.698820760623064752e-01 -3.073165305634865258e-02
4.788504008003974244e-01 -3.040421482371114328e-02
4.878766451450451402e-01 -3.005865349318196864e-02
4.969598059360780251e-01 -2.969513351085264000e-02
5.060988736877365390e-01 -2.931382977650313568e-02
5.152928327008634568e-01 -2.891492685191624640e-02
5.245406611757882365e-01 -2.849862283266185736e-02
5.338413313258880688e-01 -2.806513404065663977e-02
5.431938094918128401e-01 -2.761470063237721553e-02
5.525970562563653488e-01 -2.714758828613322156e-02
5.620500265600203438e-01 -2.666404741521207628e-02
5.715516698170692855e-01 -2.616431342852698280e-02
5.811009300323815019e-01 -2.564864557809061821e-02
5.906967459187653091e-01 -2.511732350384032059e-02
6.003380510149177729e-01 -2.457062782136139670e-02
6.100237738039482327e-01 -2.400885072151002358e-02
6.197528378324663745e-01 -2.343240077501396179e-02
6.295241618302156450e-01 -2.284174272143394552e-02
6.393366598302444581e-01 -2.223724117332083125e-02
6.491892412895989839e-01 -2.161927017976827958e-02
6.590808112105230876e-01 -2.098859947286816491e-02
6.690102702621547603e-01 -2.034619841699948639e-02
6.789765149027036095e-01 -1.969323981634075321e-02
6.889784375020977514e-01 -1.903100696501924122e-02
6.990149264650814542e-01 -1.836096939751202112e-02
7.090848663547572039e-01 -1.768450621642978643e-02
7.191871380165538730e-01 -1.700246864180409573e-02
7.293206187026060050e-01 -1.631610611846137995e-02
7.394841821965345563e-01 -1.562825565081726875e-02
7.496766989386134394e-01 -1.494188983504250896e-02
7.598970361513051053e-01 -1.425955648580964560e-02
7.701440579651563922e-01 -1.358299747573979074e-02
7.804166255450371015e-01 -1.291242546463904593e-02
7.907135972167069760e-01 -1.225046369915509109e-02
8.010338285937002034e-01 -1.160424589421373172e-02
8.113761727045106786e-01 -1.097690289793035352e-02
8.217394801200630372e-01 -1.036491800945062158e-02
8.321225990814590245e-01 -9.763151073666452573e-03
8.425243756279822138e-01 -9.165175475515315723e-03
8.529436537253458628e-01 -8.566291418164555249e-03
8.633792753941731402e-01 -7.963845572864119635e-03
8.738300808386934015e-01 -7.357897624131641730e-03
8.842949085756387495e-01 -6.750705075683926214e-03
8.947725955633289985e-01 -6.142722836424698366e-03
9.052619773309316109e-01 -5.533066040635579649e-03
9.157618881078770645e-01 -4.921616252070302316e-03
9.262711609534211021e-01 -4.308774978179845741e-03
9.367886278863364335e-01 -3.695089144101491516e-03
9.473131200147204556e-01 -3.081040015785368839e-03
9.578434676659028923e-01 -2.466103658742592897e-03
9.683785005164411430e-01 -1.849611711025364591e-03
9.789170477221889044e-01 -1.232671534528275445e-03
9.894579380484205267e-01 -6.165379594954930502e-04
9.999999999999998890e-01 -1.067348424885841998e-08
