#  nplx                                            
#  alpha =  17.7500
#  Mach  =   0.0000
#  Reyn  =  8000000
#  Ncrit =   9.0000
#
#    x           cf
   0.660202E-01  0.526524E-04
   0.549847E-01  0.377858E-03
   0.453829E-01  0.772584E-03
   0.372956E-01  0.142848E-02
   0.306121E-01  0.218219E-02
   0.250776E-01  0.331696E-02
   0.204428E-01  0.473624E-02
   0.165288E-01  0.650589E-02
   0.131949E-01  0.893972E-02
   0.103454E-01  0.120029E-01
   0.790888E-02  0.153329E-01
   0.580896E-02  0.150721E-01
   0.393115E-02  0.377403E-01
   0.242996E-02  0.432001E-01
   0.138466E-02  0.214583E-01
   0.664648E-03  0.321488E-01
   0.212382E-03  0.349467E-01
   0.117708E-04  0.327884E-01
   0.565188E-04  0.183240E-01
   0.317970E-03  0.477712E-02
   0.755058E-03 -0.131712E-03
   0.130831E-02  0.130444E-01
   0.198590E-02  0.339536E-01
   0.291395E-02  0.354824E-01
   0.423739E-02  0.805230E-02
   0.591431E-02  0.490353E-02
   0.791212E-02  0.442488E-01
   0.103153E-01  0.550908E-01
   0.131861E-01  0.462102E-01
   0.165943E-01  0.358646E-01
   0.206617E-01  0.265137E-01
   0.255752E-01  0.190821E-01
   0.315162E-01  0.157744E-01
   0.386292E-01  0.139084E-01
   0.470258E-01  0.119636E-01
   0.569498E-01  0.990350E-02
   0.686267E-01  0.828472E-02
   0.818681E-01  0.726822E-02
   0.960868E-01  0.668393E-02
   0.110767      0.638930E-02
   0.125637      0.613543E-02
   0.140644      0.588113E-02
   0.155765      0.564598E-02
   0.170952      0.542755E-02
   0.186175      0.521257E-02
   0.201440      0.499213E-02
   0.216772      0.477091E-02
   0.232186      0.454947E-02
   0.247692      0.433069E-02
   0.263305      0.412229E-02
   0.279057      0.392770E-02
   0.294967      0.375368E-02
   0.310984      0.361077E-02
   0.326979      0.351253E-02
   0.342843      0.343161E-02
   0.358597      0.334255E-02
   0.374374      0.322700E-02
   0.390307      0.310886E-02
   0.406411      0.300877E-02
   0.422570      0.294239E-02
   0.438643      0.289133E-02
   0.454568      0.284271E-02
   0.470358      0.278758E-02
   0.486068      0.272482E-02
   0.501767      0.265175E-02
   0.517536      0.256453E-02
   0.533429      0.247370E-02
   0.549421      0.238961E-02
   0.565403      0.232245E-02
   0.581255      0.226091E-02
   0.596938      0.219357E-02
   0.612498      0.211150E-02
   0.628014      0.201630E-02
   0.643544      0.191040E-02
   0.659119      0.179451E-02
   0.674750      0.167208E-02
   0.690441      0.154645E-02
   0.706192      0.142010E-02
   0.722000      0.129445E-02
   0.737860      0.117071E-02
   0.753764      0.105003E-02
   0.769713      0.933397E-03
   0.785716      0.821690E-03
   0.801781      0.715487E-03
   0.817844      0.615614E-03
   0.833762      0.522897E-03
   0.849459      0.434674E-03
   0.865045      0.349193E-03
   0.880687      0.268989E-03
   0.896346      0.197016E-03
   0.911823      0.136169E-03
   0.927022      0.806546E-04
   0.941901      0.284117E-04
   0.956254      0.134835E-05
   0.969615      0.436453E-06
   0.981554     -0.122247E-06
   0.992001     -0.457681E-06
    1.00000     -0.676299E-06
    1.00010       0.00000    
    1.00824       0.00000    
    1.01756       0.00000    
    1.02820       0.00000    
    1.04035       0.00000    
    1.05422       0.00000    
    1.07005       0.00000    
    1.08810       0.00000    
    1.10869       0.00000    
    1.13218       0.00000    
    1.15896       0.00000    
    1.18949       0.00000    
    1.22430       0.00000    
    1.26398       0.00000    
    1.30920       0.00000    
    1.36074       0.00000    
    1.41947       0.00000    
    1.48639       0.00000    
    1.56263       0.00000    
    1.64948       0.00000    
    1.74842       0.00000    
    1.86112       0.00000    
    1.98949       0.00000    

   0.785577E-01  0.165114E-03
   0.926308E-01  0.280320E-03
   0.107465      0.419761E-03
   0.122307      0.456580E-03
   0.137271      0.517641E-03
   0.152613      0.526716E-03
   0.168291      0.551826E-03
   0.184137      0.564055E-03
   0.200054      0.599464E-03
   0.215980      0.627028E-03
   0.231804      0.653667E-03
   0.247390      0.677299E-03
   0.262727      0.689823E-03
   0.277956      0.676377E-03
   0.293276      0.661263E-03
   0.308765      0.659962E-03
   0.324336      0.680113E-03
   0.339822      0.696375E-03
   0.355136      0.701031E-03
   0.370290      0.694214E-03
   0.385343      0.682177E-03
   0.400346      0.665530E-03
   0.415336      0.636644E-03
   0.430347      0.602966E-03
   0.445413      0.570238E-03
   0.460574      0.533612E-03
   0.475874      0.495725E-03
   0.491331      0.464179E-03
   0.506925      0.443603E-03
   0.522600      0.433874E-03
   0.538307      0.422634E-03
   0.554035      0.407760E-03
   0.569808      0.388950E-03
   0.585653      0.370638E-03
   0.601575      0.354212E-03
   0.617558      0.340407E-03
   0.633585      0.329164E-03
   0.649652      0.322081E-03
   0.665765      0.319748E-03
   0.681900      0.315009E-03
   0.697978      0.300748E-03
   0.713892      0.278569E-03
   0.729624      0.264988E-03
   0.745273      0.272527E-03
   0.760987      0.294742E-03
   0.776802      0.312686E-03
   0.792594      0.313878E-03
   0.808234      0.312455E-03
   0.823785      0.325597E-03
   0.839421      0.352855E-03
   0.855078      0.362735E-03
   0.870348      0.335721E-03
   0.884926      0.358517E-03
   0.898848      0.534149E-03
   0.912397      0.348743E-03
   0.926204      0.424064E-03
   0.940666      0.585173E-03
   0.955237      0.675716E-03
   0.968925      0.802102E-03
   0.981141      0.101811E-02
   0.991821      0.158418E-02
    1.00000      0.140727E-02
    1.00010       0.00000    
    1.00824       0.00000    
    1.01756       0.00000    
    1.02820       0.00000    
    1.04035       0.00000    
    1.05422       0.00000    
    1.07005       0.00000    
    1.08810       0.00000    
    1.10869       0.00000    
    1.13218       0.00000    
    1.15896       0.00000    
    1.18949       0.00000    
    1.22430       0.00000    
    1.26398       0.00000    
    1.30920       0.00000    
    1.36074       0.00000    
    1.41947       0.00000    
    1.48639       0.00000    
    1.56263       0.00000    
    1.64948       0.00000    
    1.74842       0.00000    
    1.86112       0.00000    
    1.98949       0.00000    

